# t frame_uz frame_z ub_dans_repere
160.006 -0.00646598 -2.37259e-05 -1.31139
160.03 -0.0370334 -0.000636629 -1.19223
160.067 -0.074212 -0.00283899 -0.898969
160.111 -0.104275 -0.0069614 -0.531771
160.159 -0.117319 -0.0125057 -0.0875344
160.211 -0.107275 -0.01834 0.379205
160.264 -0.0721208 -0.0230414 0.846
160.319 -0.0119602 -0.0251029 1.27034
160.374 0.0693667 -0.0231604 1.6138
160.429 0.168228 -0.0161047 1.89297
160.485 0.281907 -0.00292504 2.11538
160.541 0.406059 0.0169849 2.27822
160.597 0.537445 0.0440996 2.38966
160.653 0.67429 0.0787571 2.47826
160.709 0.815262 0.121221 2.54075
160.765 0.958123 0.171651 2.5574
160.821 1.10237 0.230119 2.58887
160.877 1.24767 0.296703 2.60024
160.933 1.39395 0.371451 2.61831
160.989 1.54149 0.454425 2.65047
161.045 1.69197 0.546018 2.70162
161.101 1.84592 0.646242 2.77085
161.157 2.00444 0.755268 2.8544
161.213 2.16862 0.873384 2.96677
161.27 2.33905 1.00093 3.08103
161.326 2.51575 1.13827 3.18866
161.382 2.69894 1.28575 3.30262
161.438 2.88778 1.44372 3.39582
161.494 3.08131 1.61246 3.47534
161.551 3.27842 1.7922 3.52502
161.607 3.47735 1.98308 3.54817
161.663 3.67627 2.18515 3.53026
161.719 3.87259 2.39831 3.46237
161.775 4.06356 2.62234 3.35505
161.831 4.24732 2.85686 3.20903
161.888 4.42181 3.1014 3.03314
161.944 4.58526 3.35538 2.82726
162 4.73687 3.61814 2.61371
162.056 4.87641 3.88902 2.39454
162.112 5.00421 4.16733 2.19526
162.169 5.12096 4.45245 2.00269
162.225 5.22718 4.74378 1.81697
162.281 5.32331 5.04072 1.64291
162.337 5.40991 5.34274 1.47941
162.393 5.48783 5.64934 1.32484
162.449 5.55799 5.96004 1.20097
162.506 5.62193 6.27447 1.09389
162.562 5.68043 6.5923 1.00608
162.618 5.73418 6.91326 0.92548
162.674 5.78414 7.2371 0.868159
162.73 5.83118 7.56365 0.814636
162.787 5.87537 7.89275 0.7685
162.843 5.91696 8.22424 0.722591
162.899 5.95612 8.55798 0.679882
162.955 5.99284 8.89384 0.635978
163.011 6.02702 9.23168 0.588843
163.067 6.05836 9.57135 0.534921
163.124 6.08628 9.91266 0.472377
163.18 6.11048 10.2554 0.399759
163.236 6.12983 10.5994 0.308338
163.292 6.144 10.9443 0.214865
163.348 6.15281 11.2897 0.119388
163.404 6.15653 11.6356 0.0302612
163.461 6.15512 11.9814 -0.0610344
163.517 6.14868 12.327 -0.148444
163.573 6.13795 12.6721 -0.218597
163.629 6.1235 13.0165 -0.282436
163.685 6.10574 13.3599 -0.341333
163.742 6.08522 13.7022 -0.381854
163.798 6.06229 14.0433 -0.422384
163.854 6.03739 14.3831 -0.455295
163.91 6.01109 14.7214 -0.476109
163.966 5.9838 15.0582 -0.489558
164.022 5.95597 15.3934 -0.496321
164.079 5.9281 15.7271 -0.49497
164.135 5.90046 16.0592 -0.485709
164.191 5.87375 16.3897 -0.468232
164.247 5.84798 16.7189 -0.453046
164.303 5.82329 17.0466 -0.430299
164.36 5.79965 17.3729 -0.413273
164.416 5.77709 17.698 -0.396015
164.472 5.75521 18.0218 -0.382493
164.528 5.73426 18.3444 -0.36758
164.584 5.71403 18.6659 -0.357199
164.64 5.69404 18.9862 -0.355289
164.697 5.67406 19.3054 -0.35845
164.753 5.65408 19.6235 -0.35669
164.809 5.63392 19.9405 -0.360322
164.865 5.61358 20.2563 -0.363041
164.921 5.59309 20.571 -0.367144
164.978 5.5726 20.8845 -0.362548
165.034 5.55238 21.1969 -0.358016
165.09 5.53243 21.5082 -0.351192
165.146 5.51288 21.8183 -0.343629
165.202 5.49414 22.1274 -0.326867
165.258 5.47643 22.4354 -0.306297
165.315 5.45978 22.7425 -0.288053
165.371 5.44442 23.0487 -0.264362
165.427 5.43044 23.3541 -0.237931
165.483 5.4177 23.6588 -0.218962
165.539 5.40595 23.9627 -0.203534
165.596 5.39551 24.2661 -0.177301
165.652 5.3863 24.5689 -0.155436
165.708 5.37794 24.8712 -0.145344
165.764 5.37021 25.1731 -0.13154
165.82 5.3627 25.4745 -0.131001
165.876 5.35519 25.7755 -0.136146
165.933 5.34758 26.0761 -0.136844
165.989 5.33961 26.3763 -0.145336
166.045 5.33105 26.676 -0.158178
166.101 5.32171 26.9752 -0.170929
166.157 5.31141 27.2738 -0.190304
166.213 5.30013 27.5718 -0.209655
166.27 5.28781 27.8692 -0.224672
166.326 5.27472 28.1658 -0.23651
166.382 5.26103 28.4617 -0.247312
166.438 5.24692 28.7568 -0.251275
166.494 5.23258 29.051 -0.254131
166.551 5.21852 29.3445 -0.24709
166.607 5.20495 29.6373 -0.238637
166.663 5.19165 29.9292 -0.236158
166.719 5.17857 30.2204 -0.230007
166.775 5.16582 30.5109 -0.224011
166.831 5.15335 30.8007 -0.220391
166.888 5.14125 31.0898 -0.213773
166.944 5.12931 31.3783 -0.211391
167 5.11731 31.666 -0.215237
167.056 5.10531 31.9531 -0.214381
167.112 5.09329 32.2395 -0.214779
167.169 5.08098 32.5253 -0.220158
167.225 5.06835 32.8103 -0.228596
167.281 5.0551 33.0946 -0.242233
167.337 5.04099 33.3781 -0.256522
167.393 5.02666 33.6608 -0.256846
167.449 5.01199 33.9427 -0.265273
167.506 4.99636 34.2238 -0.288078
167.562 4.97927 34.5039 -0.312742
167.618 4.96108 34.783 -0.331695
167.674 4.94158 35.0611 -0.354172
167.73 4.92116 35.338 -0.369657
167.787 4.89992 35.6138 -0.383467
167.843 4.8778 35.8883 -0.400348
167.899 4.85473 36.1616 -0.417247
167.955 4.83087 36.4335 -0.431844
168.011 4.80616 36.7041 -0.445334
168.067 4.78085 36.9732 -0.453899
168.124 4.75558 37.241 -0.448938
168.18 4.73046 37.5073 -0.445712
168.236 4.70581 37.7722 -0.43239
168.292 4.68234 38.0358 -0.404733
168.348 4.6607 38.2981 -0.373654
168.404 4.64118 38.5593 -0.324317
168.461 4.62472 38.8194 -0.270068
168.517 4.61172 39.0788 -0.20485
168.573 4.60261 39.3376 -0.13329
168.629 4.59825 39.596 -0.0401409
168.685 4.59938 39.8543 0.0631655
168.742 4.6067 40.1129 0.177206
168.798 4.62084 40.3722 0.302006
168.854 4.64233 40.6324 0.437112
168.91 4.67155 40.8942 0.575453
168.966 4.70908 41.1579 0.731101
169.022 4.75536 41.4239 0.885928
169.079 4.81025 41.6929 1.04024
169.135 4.87399 41.9653 1.19987
169.191 4.94661 42.2415 1.35465
169.247 5.02836 42.5221 1.52061
169.303 5.11931 42.8076 1.68167
169.36 5.21936 43.0985 1.84897
169.416 5.32879 43.3954 2.0113
169.472 5.44686 43.6987 2.16242
169.528 5.5736 44.009 2.31619
169.584 5.7083 44.3266 2.4508
169.64 5.85064 44.6521 2.59024
169.697 6.00028 44.9858 2.71091
169.753 6.15659 45.3281 2.82817
169.809 6.31854 45.6794 2.92103
169.865 6.48564 46.04 3.01015
169.921 6.65745 46.4101 3.08634
169.978 6.83304 46.79 3.15136
170.034 7.01187 47.1799 3.20336
170.09 7.19214 47.5799 3.21281
170.146 7.37281 47.9901 3.21271
170.202 7.55266 48.4103 3.19264
170.258 7.73107 48.8407 3.15756
170.315 7.90623 49.2809 3.0879
170.371 8.07688 49.7309 3.00207
170.427 8.24207 50.1902 2.90216
170.483 8.40141 50.6587 2.79263
170.539 8.55409 51.1358 2.66523
170.596 8.69883 51.6213 2.52025
170.652 8.83456 52.1146 2.34689
170.708 8.96032 52.6152 2.16448
170.764 9.07526 53.1225 1.96476
170.82 9.17844 53.6359 1.75029
170.876 9.26946 54.1547 1.53721
170.933 9.34839 54.6782 1.31788
170.989 9.41474 55.2056 1.08553
171.045 9.46745 55.7364 0.839472
171.101 9.50638 56.2697 0.594114
171.157 9.53182 56.8046 0.357309
171.213 9.54369 57.3406 0.114515
171.27 9.54211 57.8768 -0.122506
171.326 9.52781 58.4124 -0.33902
171.382 9.50132 58.9468 -0.558041
171.438 9.4629 59.4794 -0.766549
171.494 9.41312 60.0094 -0.967358
171.551 9.35211 60.5362 -1.16577
171.607 9.28032 61.0592 -1.3553
171.663 9.1982 61.5779 -1.53077
171.719 9.10617 62.0916 -1.7078
171.775 9.00498 62.5998 -1.86423
171.831 8.8951 63.102 -2.01381
171.888 8.77743 63.5978 -2.14994
171.944 8.65232 64.0867 -2.27392
172 8.52102 64.5684 -2.37632
172.056 8.38476 65.0425 -2.45335
172.112 8.24488 65.5089 -2.51514
172.169 8.10113 65.9673 -2.58448
172.225 7.95473 66.4175 -2.61473
172.281 7.80743 66.8594 -2.62486
172.337 7.66038 67.2931 -2.61405
172.393 7.51434 67.7185 -2.58513
172.449 7.37077 68.1358 -2.53169
172.506 7.23105 68.5451 -2.45437
172.562 7.09614 68.9468 -2.36211
172.618 6.96786 69.3411 -2.23343
172.674 6.84677 69.7284 -2.1
172.73 6.73392 70.1093 -1.94687
172.787 6.63013 70.484 -1.778
172.843 6.53587 70.8533 -1.60719
172.899 6.45161 71.2176 -1.42237
172.955 6.3779 71.5775 -1.23712
173.011 6.31414 71.9336 -1.05631
173.067 6.26073 72.2865 -0.877906
173.124 6.21764 72.6367 -0.692447
173.18 6.18502 72.9849 -0.507351
173.236 6.16288 73.3315 -0.316089
173.292 6.15156 73.6773 -0.126517
173.348 6.15073 74.0229 0.0584743
173.404 6.16048 74.3687 0.247524
173.461 6.18066 74.7154 0.430877
173.517 6.2113 75.0636 0.621917
173.573 6.25254 75.4139 0.809969
173.629 6.30384 75.7669 0.984434
173.685 6.36527 76.1231 1.16421
173.742 6.43655 76.483 1.34126
173.798 6.51778 76.8473 1.5138
173.854 6.60836 77.2165 1.68311
173.91 6.70845 77.5911 1.84411
173.966 6.81698 77.9716 1.98252
174.022 6.93272 78.3584 2.1099
174.079 7.05495 78.752 2.22449
174.135 7.18317 79.1526 2.31864
174.191 7.31634 79.5607 2.40747
174.247 7.45411 79.9763 2.48044
174.303 7.59517 80.3998 2.52971
174.36 7.73891 80.8313 2.57743
174.416 7.88495 81.271 2.60546
174.472 8.03246 81.719 2.63515
174.528 8.18087 82.1752 2.64843
174.584 8.33009 82.6399 2.65643
174.64 8.47885 83.1129 2.641
174.697 8.6262 83.5942 2.61504
174.753 8.77218 84.0837 2.58628
174.809 8.91657 84.5814 2.55937
174.865 9.05929 85.0872 2.52794
174.921 9.20037 85.6009 2.50133
174.978 9.34006 86.1225 2.47952
175.034 9.47835 86.6519 2.44822
175.09 9.61503 87.189 2.42318
175.146 9.74999 87.7337 2.39084
175.202 9.88348 88.2859 2.3642
175.258 10.0149 88.8456 2.32251
175.315 10.144 89.4126 2.28186
175.371 10.2708 89.9868 2.24195
175.427 10.3953 90.568 2.1961
175.483 10.5165 91.1561 2.13019
175.539 10.6345 91.7509 2.08274
175.596 10.7494 92.3523 2.01927
175.652 10.8603 92.9599 1.94512
175.708 10.967 93.5737 1.86585
175.764 11.0691 94.1933 1.78292
175.82 11.1663 94.8184 1.69248
175.876 11.2584 95.4489 1.60256
175.933 11.3455 96.0843 1.51599
175.989 11.4276 96.7245 1.42471
176.045 11.5045 97.3691 1.32896
176.101 11.5759 98.0179 1.23215
176.157 11.6416 98.6705 1.12862
176.213 11.7016 99.3265 1.02257
176.27 11.755 99.9857 0.907229
176.326 11.8019 100.648 0.790497
176.382 11.8426 101.312 0.678862
176.438 11.8761 101.979 0.540025
176.494 11.9022 102.647 0.414347
176.551 11.9209 103.316 0.275914
176.607 11.932 103.986 0.146398
176.663 11.9358 104.657 0.0121527
176.719 11.932 105.327 -0.118877
176.775 11.9207 105.997 -0.257235
176.831 11.9016 106.666 -0.389698
176.888 11.8747 107.334 -0.543184
176.944 11.8389 108 -0.700329
177 11.7945 108.664 -0.852675
177.056 11.7407 109.324 -1.02669
177.112 11.6769 109.982 -1.21166
177.169 11.6019 110.635 -1.41939
177.225 11.5154 111.284 -1.62358
177.281 11.4165 111.928 -1.84698
177.337 11.3058 112.566 -2.05253
177.393 11.1835 113.197 -2.25338
177.449 11.0503 113.821 -2.44736
177.506 10.9079 114.437 -2.59191
177.562 10.7578 115.044 -2.71593
177.618 10.602 115.644 -2.80299
177.674 10.443 116.234 -2.84197
177.73 10.2831 116.815 -2.84418
177.787 10.1244 117.388 -2.80815
177.843 9.96957 117.951 -2.71709
177.899 9.82035 118.506 -2.61106
177.955 9.67863 119.053 -2.46426
178.011 9.54577 119.592 -2.29817
178.067 9.4226 120.124 -2.12009
178.124 9.30963 120.65 -1.93437
178.18 9.20728 121.169 -1.74749
178.236 9.1155 121.683 -1.55643
178.292 9.03417 122.193 -1.37801
178.348 8.96228 122.698 -1.21427
178.404 8.89926 123.199 -1.06081
178.461 8.8439 123.697 -0.939163
178.517 8.795 124.192 -0.828338
178.573 8.7514 124.685 -0.745523
178.629 8.71157 125.175 -0.684145
178.685 8.67466 125.663 -0.642452
178.742 8.63948 126.15 -0.615375
178.798 8.60573 126.634 -0.589112
178.854 8.57364 127.116 -0.559367
178.91 8.54355 127.597 -0.522283
178.966 8.51546 128.076 -0.483852
179.022 8.48983 128.553 -0.43249
179.079 8.46748 129.03 -0.369982
179.135 8.44954 129.505 -0.283626
179.191 8.43719 129.979 -0.178147
179.247 8.43114 130.453 -0.0589414
179.303 8.43233 130.926 0.0781893
179.36 8.44156 131.4 0.220088
179.416 8.45891 131.875 0.370367
179.472 8.48503 132.351 0.530968
179.528 8.51978 132.829 0.67552
179.584 8.5627 133.309 0.820467
179.64 8.61335 133.792 0.951531
179.697 8.6705 134.278 1.06191
179.753 8.73384 134.767 1.16713
179.809 8.8023 135.26 1.25346
179.865 8.87535 135.757 1.3282
179.921 8.95213 136.258 1.39
179.978 9.03148 136.763 1.42769
180.034 9.11272 137.274 1.45648
180.09 9.19496 137.788 1.46447
180.146 9.27665 138.308 1.44906
180.202 9.35717 138.832 1.42111
180.258 9.43547 139.36 1.36796
180.315 9.51075 139.893 1.31681
180.371 9.58227 140.429 1.24305
180.427 9.64903 140.97 1.1495
180.483 9.71036 141.514 1.05333
180.539 9.76622 142.061 0.954907
180.596 9.81624 142.612 0.848826
180.652 9.86021 143.165 0.736458
180.708 9.89769 143.72 0.626814
180.764 9.92926 144.277 0.520973
180.82 9.9548 144.836 0.411012
180.876 9.97432 145.396 0.305446
180.933 9.98804 145.957 0.201575
180.989 9.99559 146.518 0.0916815
181.045 9.99724 147.08 -0.0141252
181.101 9.99292 147.641 -0.119791
181.157 9.98261 148.202 -0.227138
181.213 9.96621 148.763 -0.334544
181.27 9.94387 149.322 -0.438873
181.326 9.91557 149.88 -0.543775
181.382 9.88179 150.435 -0.6276
181.438 9.84269 150.989 -0.729176
181.494 9.79856 151.541 -0.823815
181.551 9.74909 152.09 -0.918795
181.607 9.69452 152.636 -1.00865
181.663 9.63485 153.178 -1.09577
181.719 9.57054 153.717 -1.17744
181.775 9.50204 154.253 -1.24391
181.831 9.43071 154.784 -1.29254
181.888 9.35629 155.311 -1.34103
181.944 9.27985 155.835 -1.36462
182 9.20212 156.353 -1.39996
182.056 9.1235 156.868 -1.39559
182.112 9.04516 157.377 -1.39625
182.169 8.96794 157.883 -1.36313
182.225 8.89243 158.384 -1.33879
182.281 8.8187 158.881 -1.29103
182.337 8.74741 159.374 -1.24615
182.393 8.67932 159.864 -1.19546
182.449 8.61344 160.349 -1.15073
182.506 8.55038 160.831 -1.1026
182.562 8.48938 161.309 -1.07359
182.618 8.43043 161.784 -1.0341
182.674 8.37308 162.256 -1.00807
182.73 8.31605 162.724 -1.02104
182.787 8.25886 163.189 -1.01534
182.843 8.2014 163.651 -1.02797
182.899 8.14313 164.11 -1.04496
182.955 8.08367 164.566 -1.06998
183.011 8.02254 165.018 -1.0953
183.067 7.96041 165.466 -1.12068
183.124 7.89653 165.911 -1.14513
183.18 7.83106 166.353 -1.17966
183.236 7.76377 166.79 -1.2074
183.292 7.6963 167.224 -1.20246
183.348 7.62912 167.654 -1.1934
183.404 7.56235 168.081 -1.1832
183.461 7.49689 168.503 -1.14978
183.517 7.43392 168.923 -1.10085
183.573 7.37387 169.338 -1.04995
183.629 7.31677 169.75 -0.990953
183.685 7.26331 170.16 -0.92067
183.742 7.21444 170.566 -0.837145
183.798 7.17071 170.97 -0.738734
183.854 7.13256 171.371 -0.640455
183.91 7.10019 171.771 -0.533147
183.966 7.07412 172.169 -0.415366
184.022 7.05436 172.566 -0.305182
184.079 7.04109 172.962 -0.191437
184.135 7.03402 173.357 -0.0806628
184.191 7.03377 173.752 0.0447041
184.247 7.04014 174.147 0.157379
184.303 7.05304 174.543 0.276808
184.36 7.07278 174.94 0.401117
184.416 7.09934 175.338 0.521923
184.472 7.13298 175.738 0.650353
184.528 7.17371 176.14 0.77264
184.584 7.22106 176.545 0.890777
184.64 7.27474 176.952 0.996984
184.697 7.33421 177.363 1.09917
184.753 7.39956 177.777 1.20321
184.809 7.47014 178.195 1.29197
184.865 7.54565 178.617 1.37861
184.921 7.62519 179.044 1.43874
184.978 7.70787 179.475 1.49161
185.034 7.79297 179.911 1.53281
185.09 7.8799 180.352 1.54989
185.146 7.96679 180.797 1.54325
185.202 8.05338 181.248 1.53321
185.258 8.13813 181.703 1.49824
185.315 8.22076 182.163 1.44909
185.371 8.30008 182.628 1.38376
185.427 8.37484 183.097 1.29077
185.483 8.44437 183.569 1.20092
185.539 8.50805 184.046 1.08489
185.596 8.56509 184.526 0.964595
185.652 8.61502 185.009 0.840462
185.708 8.65865 185.494 0.730432
185.764 8.69531 185.982 0.605269
185.82 8.72577 186.472 0.499809
185.876 8.75065 186.963 0.412372
185.933 8.77161 187.455 0.34034
185.989 8.78966 187.948 0.31945
186.045 8.80718 188.443 0.307065
186.101 8.82476 188.938 0.32432
186.157 8.84413 189.435 0.363264
186.213 8.8666 189.932 0.427696
186.27 8.89228 190.431 0.479578
186.326 8.9214 190.932 0.553862
186.382 8.95551 191.434 0.643652
186.438 8.99474 191.939 0.733274
186.494 9.03915 192.445 0.828908
186.551 9.08851 192.955 0.907956
186.607 9.14245 193.467 0.991337
186.663 9.20061 193.983 1.06788
186.719 9.26267 194.502 1.133
186.775 9.32813 195.024 1.19013
186.831 9.39665 195.551 1.23663
186.888 9.46722 196.081 1.26695
186.944 9.53913 196.615 1.2877
187 9.61189 197.154 1.29916
187.056 9.68454 197.696 1.28608
187.112 9.75621 198.242 1.26905
187.169 9.82746 198.793 1.26664
187.225 9.89788 199.347 1.24544
187.281 9.96685 199.906 1.21405
187.337 10.0342 200.468 1.18857
187.393 10.0995 201.034 1.14852
187.449 10.1629 201.603 1.11646
187.506 10.2245 202.177 1.08797
187.562 10.2838 202.753 1.03592
187.618 10.3406 203.333 0.991757
187.674 10.3944 203.915 0.932698
187.73 10.4441 204.501 0.861995
187.787 10.4896 205.089 0.76628
187.843 10.5292 205.68 0.667013
187.899 10.5631 206.273 0.55659
187.955 10.5903 206.867 0.43553
188.011 10.6105 207.463 0.296622
188.067 10.6233 208.059 0.173326
188.124 10.6283 208.656 0.0331401
188.18 10.6257 209.253 -0.103046
188.236 10.615 209.85 -0.246218
188.292 10.5965 210.446 -0.389419
188.348 10.5698 211.04 -0.528821
188.404 10.5355 211.633 -0.661088
188.461 10.4942 212.223 -0.787327
188.517 10.446 212.811 -0.904297
188.573 10.3916 213.396 -1.01273
188.629 10.331 213.978 -1.12163
188.685 10.2651 214.556 -1.20558
188.742 10.1948 215.131 -1.28063
188.798 10.1205 215.701 -1.35001
188.854 10.0428 216.267 -1.40745
188.91 9.96216 216.828 -1.45338
188.966 9.87936 217.385 -1.48988
189.022 9.79453 217.938 -1.52137
189.079 9.70828 218.485 -1.54482
189.135 9.62075 219.027 -1.56268
189.191 9.5326 219.565 -1.57051
189.247 9.4446 220.097 -1.56503
189.303 9.35705 220.625 -1.55566
189.36 9.27014 221.148 -1.53293
189.416 9.18509 221.666 -1.50178
189.472 9.1022 222.179 -1.45765
189.528 9.02214 222.688 -1.4041
189.584 8.9449 223.192 -1.35235
189.64 8.87125 223.692 -1.28083
189.697 8.80192 224.188 -1.20502
189.753 8.73704 224.68 -1.12332
189.809 8.67696 225.169 -1.03372
189.865 8.62207 225.655 -0.935555
189.921 8.57296 226.137 -0.837517
189.978 8.52975 226.617 -0.724047
190.034 8.49278 227.095 -0.613992
190.09 8.46249 227.571 -0.487624
190.146 8.4396 228.046 -0.351536
190.202 8.42498 228.52 -0.19653
190.258 8.41917 228.993 -0.0312314
190.315 8.42316 229.466 0.133577
190.371 8.437 229.939 0.32042
190.427 8.46192 230.414 0.522108
190.483 8.49713 230.891 0.705974
190.539 8.54333 231.37 0.899943
190.596 8.60047 231.851 1.09326
190.652 8.66835 232.337 1.28058
190.708 8.74626 232.826 1.45913
190.764 8.83409 233.321 1.62908
190.82 8.93055 233.82 1.77492
190.876 9.03462 234.325 1.90021
190.933 9.14478 234.837 1.99462
190.989 9.25918 235.354 2.06123
191.045 9.37671 235.878 2.10972
191.101 9.49602 236.409 2.13258
191.157 9.6159 236.947 2.13074
191.213 9.73514 237.491 2.11313
191.27 9.85259 238.042 2.07357
191.326 9.9676 238.599 2.02844
191.382 10.08 239.163 1.98243
191.438 10.1894 239.733 1.92267
191.494 10.2956 240.309 1.86686
191.551 10.3987 240.891 1.81601
191.607 10.4993 241.479 1.77881
191.663 10.5986 242.072 1.75655
191.719 10.6963 242.67 1.73064
191.775 10.793 243.275 1.71277
191.831 10.8885 243.884 1.68959
191.888 10.9822 244.499 1.65528
191.944 11.0738 245.119 1.61317
192 11.1629 245.744 1.56747
192.056 11.2494 246.374 1.51839
192.112 11.3327 247.009 1.46158
192.169 11.413 247.649 1.3995
192.225 11.4887 248.292 1.31228
192.281 11.559 248.94 1.21067
192.337 11.6232 249.592 1.09718
192.393 11.6805 250.247 0.964517
192.449 11.7303 250.905 0.834141
192.506 11.7725 251.565 0.698956
192.562 11.8076 252.228 0.573606
192.618 11.8353 252.892 0.443342
192.674 11.8561 253.558 0.3264
192.73 11.8704 254.224 0.212167
192.787 11.8792 254.891 0.116149
192.843 11.8831 255.559 0.0335296
192.899 11.8827 256.226 -0.0343753
192.955 11.8791 256.894 -0.0820548
193.011 11.8733 257.561 -0.117795
193.067 11.8656 258.228 -0.144278
193.124 11.8564 258.894 -0.175937
193.18 11.8459 259.56 -0.196411
193.236 11.8344 260.225 -0.210141
193.292 11.8219 260.89 -0.226818
193.348 11.8081 261.553 -0.255451
193.404 11.7929 262.216 -0.280877
193.461 11.776 262.878 -0.313981
193.517 11.757 263.539 -0.355978
193.573 11.7356 264.199 -0.397647
193.629 11.7117 264.857 -0.445153
193.685 11.685 265.514 -0.492614
193.742 11.6558 266.17 -0.540318
193.798 11.6241 266.824 -0.577595
193.854 11.5902 267.476 -0.618806
193.91 11.5542 268.125 -0.656279
193.966 11.5161 268.773 -0.691353
194.022 11.4764 269.419 -0.714102
194.079 11.436 270.062 -0.723695
194.135 11.395 270.703 -0.730979
194.191 11.354 271.342 -0.72647
194.247 11.3136 271.979 -0.710322
194.303 11.2745 272.613 -0.686586
194.36 11.2368 273.245 -0.656536
194.416 11.2011 273.875 -0.622201
194.472 11.1675 274.503 -0.578517
194.528 11.1365 275.13 -0.533245
194.584 11.1081 275.754 -0.487722
194.64 11.0825 276.377 -0.438237
194.697 11.0595 276.999 -0.391821
194.753 11.0392 277.62 -0.34127
194.809 11.0214 278.239 -0.300246
194.865 11.006 278.858 -0.258596
194.921 10.9928 279.476 -0.218598
194.978 10.9818 280.093 -0.181677
195.034 10.9727 280.71 -0.147889
195.09 10.9655 281.326 -0.116634
195.146 10.9601 281.942 -0.085743
195.202 10.9567 282.557 -0.0442411
195.258 10.9556 283.173 -0.00810538
195.315 10.9566 283.788 0.0330686
195.371 10.9597 284.404 0.0689061
195.427 10.9649 285.02 0.107629
195.483 10.9723 285.636 0.148767
195.539 10.9821 286.253 0.192055
195.596 10.9945 286.87 0.24025
195.652 11.0096 287.489 0.289606
195.708 11.0278 288.108 0.343897
195.764 11.0491 288.728 0.407213
195.82 11.0743 289.349 0.476968
195.876 11.1034 289.973 0.545854
195.933 11.1366 290.597 0.619
195.989 11.174 291.224 0.703171
196.045 11.2168 291.854 0.798587
196.101 11.2646 292.485 0.887383
196.157 11.3174 293.12 0.97681
196.213 11.3755 293.758 1.07213
196.27 11.4389 294.399 1.16785
196.326 11.508 295.044 1.27053
196.382 11.5827 295.693 1.36762
196.438 11.6625 296.346 1.45383
196.494 11.747 297.004 1.53544
196.551 11.8358 297.667 1.61161
196.607 11.9283 298.335 1.66763
196.663 12.0235 299.008 1.70776
196.719 12.1203 299.687 1.73088
196.775 12.2176 300.371 1.73076
196.831 12.3143 301.061 1.71173
196.888 12.4093 301.756 1.6718
196.944 12.5012 302.456 1.60982
197 12.5888 303.162 1.52551
197.056 12.6714 303.872 1.43329
197.112 12.7483 304.586 1.32684
197.169 12.8188 305.305 1.1943
197.225 12.8829 306.027 1.09443
197.281 12.9401 306.753 0.965871
197.337 12.99 307.481 0.835422
197.393 13.0329 308.213 0.712749
197.449 13.0687 308.946 0.58535
197.506 13.0982 309.681 0.478156
197.562 13.1216 310.418 0.376646
197.618 13.1396 311.156 0.284592
197.674 13.1525 311.894 0.196898
197.73 13.1611 312.634 0.12589
197.787 13.1662 313.373 0.0668306
197.843 13.1685 314.113 0.0225703
197.899 13.1691 314.853 -0.0017668
197.955 13.1685 315.593 -0.00914405
198.011 13.168 316.332 -0.00443623
198.067 13.1684 317.072 0.0171157
198.124 13.1703 317.812 0.0471495
198.18 13.1739 318.552 0.0795057
198.236 13.1795 319.292 0.111362
198.292 13.187 320.033 0.153509
198.348 13.1968 320.774 0.187716
198.404 13.2085 321.516 0.221515
198.461 13.2226 322.259 0.272446
198.517 13.2395 323.002 0.316127
198.573 13.2587 323.746 0.357174
198.629 13.2802 324.492 0.403417
198.685 13.3042 325.239 0.444528
198.742 13.3306 325.987 0.484792
198.798 13.3591 326.737 0.520472
198.854 13.3896 327.489 0.557237
198.91 13.4222 328.242 0.592489
198.966 13.4563 328.997 0.613168
199.022 13.4912 329.754 0.630601
199.079 13.5271 330.513 0.643314
199.135 13.5633 331.274 0.641601
199.191 13.5996 332.038 0.653485
199.247 13.6361 332.803 0.642938
199.303 13.6724 333.57 0.649033
199.36 13.7087 334.34 0.640123
199.416 13.7448 335.111 0.647747
199.472 13.7816 335.884 0.657683
199.528 13.8181 336.66 0.642627
199.584 13.854 337.437 0.636362
199.64 13.8899 338.217 0.642659
199.697 13.926 338.998 0.643852
199.753 13.9617 339.782 0.626831
199.809 13.9966 340.568 0.619251
199.865 14.0311 341.355 0.610367
199.921 14.0649 342.144 0.59486
199.978 14.0976 342.936 0.568612
200.034 14.1282 343.729 0.528655
200.09 14.156 344.523 0.47229
200.146 14.1805 345.32 0.409185
200.202 14.201 346.117 0.334277
200.258 14.2169 346.915 0.246847
200.315 14.228 347.714 0.159618
200.371 14.2332 348.514 0.046016
200.427 14.2313 349.313 -0.0925394
200.483 14.2213 350.113 -0.239158
200.539 14.2025 350.911 -0.39948
200.596 14.1741 351.708 -0.579889
200.652 14.1361 352.503 -0.747864
200.708 14.0881 353.296 -0.925648
200.764 14.0297 354.085 -1.11011
200.82 13.9613 354.871 -1.28706
200.876 13.8834 355.653 -1.45107
200.933 13.7966 356.43 -1.60525
200.989 13.7016 357.202 -1.74698
201.045 13.599 357.968 -1.87936
201.101 13.4891 358.729 -2.00613
201.157 13.3731 359.482 -2.10544
201.213 13.2516 360.23 -2.20144
201.27 13.1245 360.97 -2.3035
201.326 12.9915 361.703 -2.40953
201.382 12.8527 362.428 -2.51285
201.438 12.708 363.145 -2.62066
201.494 12.5567 363.854 -2.74027
201.551 12.3988 364.554 -2.85733
201.607 12.234 365.245 -2.98832
201.663 12.0621 365.927 -3.10825
201.719 11.8821 366.598 -3.26537
201.775 11.6939 367.26 -3.41093
201.831 11.4973 367.91 -3.55822
201.888 11.2928 368.549 -3.69459
201.944 11.0806 369.176 -3.8331
202 10.861 369.792 -3.95378
202.056 10.6354 370.394 -4.05311
202.112 10.4047 370.984 -4.15044
202.169 10.1701 371.561 -4.21046
202.225 9.93282 372.124 -4.23672
202.281 9.69447 372.674 -4.24927
202.337 9.45632 373.21 -4.22767
202.393 9.21936 373.734 -4.21687
202.449 8.98538 374.244 -4.14054
202.506 8.7551 374.741 -4.05993
202.562 8.53071 375.225 -3.94995
202.618 8.31272 375.697 -3.83157
202.674 8.102 376.157 -3.69452
202.73 7.89915 376.605 -3.55272
202.787 7.7046 377.042 -3.40535
202.843 7.51894 377.469 -3.2372
202.899 7.34282 377.885 -3.06749
202.955 7.17624 378.292 -2.89628
203.011 7.01897 378.69 -2.73189
203.067 6.87115 379.079 -2.56252
203.124 6.73309 379.461 -2.3907
203.18 6.6048 379.834 -2.20931
203.236 6.48662 380.201 -2.03558
203.292 6.37828 380.562 -1.85695
203.348 6.28082 380.917 -1.65614
203.404 6.19422 381.267 -1.46754
203.461 6.11806 381.612 -1.28185
203.517 6.05298 381.954 -1.0704
203.573 5.99995 382.292 -0.863414
203.629 5.95817 382.628 -0.658565
203.685 5.9284 382.961 -0.437988
203.742 5.91182 383.294 -0.19496
203.798 5.90878 383.626 0.041002
203.854 5.919 383.958 0.280594
203.91 5.94329 384.291 0.535157
203.966 5.98227 384.626 0.800534
204.022 6.03605 384.964 1.06349
204.079 6.10558 385.306 1.35992
204.135 6.19171 385.651 1.65187
204.191 6.29433 386.003 1.94184
204.247 6.41294 386.36 2.22728
204.303 6.54772 386.725 2.5141
204.36 6.69799 387.098 2.77884
204.416 6.86264 387.48 3.02603
204.472 7.04054 387.871 3.2547
204.528 7.22991 388.273 3.44603
204.584 7.4282 388.686 3.57223
204.64 7.63212 389.11 3.66043
204.697 7.83995 389.546 3.71529
204.753 8.04843 389.993 3.70348
204.809 8.25487 390.452 3.65569
204.865 8.45788 390.923 3.57749
204.921 8.65448 391.405 3.44314
204.978 8.84234 391.897 3.27029
205.034 9.01979 392.4 3.07733
205.09 9.18499 392.913 2.84151
205.146 9.33581 393.434 2.57757
205.202 9.4711 393.963 2.29389
205.258 9.58992 394.499 1.99392
205.315 9.69145 395.041 1.68188
205.371 9.77547 395.589 1.37187
205.427 9.84205 396.14 1.05907
205.483 9.89103 396.695 0.748872
205.539 9.92315 397.252 0.456595
205.595 9.93901 397.801 0.174755
205.649 9.93964 398.346 -0.0954031
205.704 9.92624 398.89 -0.340564
205.759 9.89939 399.433 -0.592589
205.814 9.85923 399.974 -0.823774
205.869 9.80747 400.512 -1.02443
205.923 9.74456 401.047 -1.23531
205.978 9.66917 401.579 -1.47598
206.034 9.57875 402.114 -1.72706
206.09 9.4725 402.648 -2.00187
206.146 9.35009 403.176 -2.29837
206.202 9.21026 403.697 -2.61967
206.258 9.05196 404.209 -2.94659
206.315 8.87487 404.712 -3.29127
206.371 8.67891 405.204 -3.61464
206.427 8.46542 405.684 -3.92163
206.483 8.2353 406.152 -4.20598
206.539 7.99053 406.607 -4.45455
206.596 7.73331 407.047 -4.65732
206.652 7.46598 407.472 -4.81989
206.708 7.19136 407.883 -4.92333
206.764 6.91282 408.277 -4.97552
206.82 6.63307 408.656 -4.97761
206.876 6.35458 409.019 -4.93727
206.933 6.07981 409.367 -4.8519
206.989 5.81151 409.7 -4.71962
207.045 5.55213 410.017 -4.54249
207.101 5.30369 410.321 -4.33855
207.157 5.0677 410.611 -4.10712
207.213 4.84548 410.888 -3.85385
207.27 4.63767 411.153 -3.5957
207.326 4.44485 411.407 -3.32088
207.382 4.26772 411.651 -3.04097
207.438 4.10629 411.885 -2.76295
207.494 3.96016 412.111 -2.49292
207.551 3.82935 412.329 -2.2153
207.607 3.71405 412.54 -1.9462
207.663 3.61358 412.745 -1.68072
207.719 3.52792 412.945 -1.42145
207.775 3.45666 413.141 -1.16683
207.831 3.39945 413.333 -0.919671
207.888 3.35618 413.522 -0.671366
207.944 3.32638 413.71 -0.436885
208 3.30966 413.896 -0.207149
208.056 3.30535 414.082 0.00776921
208.112 3.31281 414.268 0.216932
208.169 3.33166 414.455 0.41143
208.225 3.36106 414.643 0.598287
208.281 3.40068 414.833 0.773099
208.337 3.44963 415.025 0.935975
208.393 3.50749 415.221 1.09462
208.449 3.57431 415.42 1.25211
208.506 3.64983 415.624 1.40632
208.562 3.73364 415.832 1.54934
208.618 3.8255 416.044 1.69341
208.674 3.92522 416.263 1.83407
208.73 4.0328 416.487 1.97004
208.787 4.14756 416.717 2.09277
208.843 4.26904 416.954 2.20729
208.899 4.39676 417.198 2.31923
208.955 4.52996 417.45 2.40322
209.011 4.66774 417.709 2.4844
209.067 4.80966 417.976 2.55052
209.124 4.95478 418.251 2.59999
209.18 5.10198 418.534 2.63173
209.236 5.25071 418.826 2.65617
209.292 5.39974 419.126 2.64545
209.348 5.54794 419.434 2.62838
209.404 5.69449 419.751 2.59261
209.461 5.8386 420.076 2.54311
209.517 5.97936 420.408 2.47996
209.573 6.11628 420.749 2.40505
209.629 6.24838 421.097 2.31493
209.685 6.37536 421.452 2.22115
209.742 6.4968 421.815 2.12215
209.798 6.61288 422.184 2.02619
209.854 6.72321 422.559 1.92376
209.91 6.8282 422.94 1.83011
209.966 6.92779 423.327 1.73729
210.022 7.02264 423.72 1.65823
210.079 7.1139 424.117 1.60301
210.135 7.20252 424.52 1.56263
210.191 7.28966 424.927 1.54638
210.247 7.37684 425.34 1.55656
210.303 7.46618 425.757 1.61297
210.36 7.55918 426.18 1.68511
210.416 7.65664 426.608 1.77395
210.472 7.76085 427.041 1.91336
210.528 7.8732 427.481 2.05973
210.584 7.9943 427.928 2.21999
210.64 8.12449 428.381 2.381
210.697 8.26352 428.842 2.54186
210.753 8.41098 429.311 2.67948
210.809 8.56527 429.789 2.79274
210.865 8.726 430.276 2.90246
210.921 8.89177 430.771 2.97745
210.978 9.05998 431.277 3.00377
211.034 9.22868 431.791 3.00428
211.09 9.39744 432.315 2.99496
211.146 9.56396 432.849 2.94496
211.202 9.72764 433.392 2.88995
211.258 9.88862 433.944 2.84702
211.315 10.0464 434.505 2.77955
211.371 10.2 435.074 2.7049
211.427 10.3496 435.652 2.63383
211.483 10.4956 436.239 2.57907
211.539 10.6385 436.833 2.51835
211.596 10.7782 437.436 2.46135
211.652 10.9149 438.046 2.4174
211.708 11.0488 438.663 2.36307
211.764 11.1796 439.289 2.30487
211.82 11.3075 439.921 2.26112
211.876 11.4334 440.56 2.22962
211.933 11.5572 441.207 2.19153
211.989 11.6791 441.86 2.15181
212.045 11.7985 442.52 2.10706
212.101 11.9153 443.187 2.06298
212.157 12.0295 443.861 2.01178
212.213 12.1407 444.54 1.95309
212.27 12.2485 445.226 1.88804
212.326 12.3521 445.917 1.81694
212.382 12.4514 446.615 1.73122
212.438 12.5458 447.317 1.64184
212.494 12.6348 448.025 1.54447
212.551 12.7176 448.738 1.42717
212.607 12.7937 449.455 1.30692
212.663 12.8631 450.176 1.1885
212.719 12.9257 450.901 1.06436
212.775 12.9814 451.629 0.943195
212.831 13.0304 452.36 0.825511
212.888 13.0726 453.093 0.699923
212.944 13.108 453.829 0.588859
213 13.1372 454.567 0.470594
213.056 13.16 455.305 0.362817
213.112 13.1768 456.045 0.258423
213.169 13.1879 456.786 0.156685
213.225 13.1931 457.527 0.0493599
213.281 13.1923 458.268 -0.0555189
213.337 13.1858 459.009 -0.156502
213.393 13.1734 459.75 -0.263409
213.449 13.1551 460.489 -0.367766
213.506 13.1305 461.227 -0.484165
213.562 13.0989 461.964 -0.616291
213.618 13.0594 462.699 -0.76301
213.674 13.0114 463.431 -0.918746
213.73 12.9542 464.16 -1.07997
213.787 12.8886 464.885 -1.22655
213.843 12.8145 465.607 -1.37864
213.899 12.7325 466.324 -1.51056
213.955 12.6436 467.036 -1.62884
214.011 12.5488 467.744 -1.72336
214.067 12.4491 468.445 -1.80601
214.124 12.3454 469.141 -1.86693
214.18 12.2389 469.831 -1.91332
214.236 12.1305 470.515 -1.94545
214.292 12.0205 471.193 -1.95997
214.348 11.9103 471.864 -1.95966
214.404 11.8006 472.53 -1.94834
214.461 11.6916 473.189 -1.92804
214.517 11.5846 473.842 -1.89144
214.573 11.4795 474.49 -1.85336
214.629 11.377 475.131 -1.80638
214.685 11.2771 475.767 -1.76264
214.742 11.1797 476.397 -1.713
214.798 11.0854 477.022 -1.65621
214.854 10.9941 477.642 -1.60447
214.91 10.9064 478.256 -1.53375
214.966 10.8224 478.866 -1.46769
215.022 10.7425 479.472 -1.38548
215.079 10.6678 480.072 -1.2906
215.135 10.5984 480.669 -1.19206
215.191 10.5348 481.263 -1.09237
215.247 10.4776 481.853 -0.967392
215.303 10.4267 482.439 -0.869978
215.36 10.3814 483.024 -0.762425
215.416 10.3423 483.606 -0.656901
215.472 10.3086 484.185 -0.561016
215.528 10.2805 484.764 -0.461552
215.584 10.2575 485.34 -0.372361
215.64 10.2399 485.916 -0.271714
215.697 10.2282 486.491 -0.162014
215.753 10.223 487.065 -0.0489423
215.809 10.2245 487.64 0.082494
215.865 10.2333 488.214 0.206618
215.921 10.2486 488.79 0.325589
215.978 10.2715 489.366 0.463813
216.034 10.3023 489.944 0.599602
216.09 10.3403 490.524 0.728055
216.146 10.3859 491.107 0.868735
216.202 10.4395 491.692 1.01149
216.258 10.5007 492.28 1.13632
216.315 10.5681 492.873 1.24102
216.371 10.6407 493.469 1.32216
216.427 10.7171 494.069 1.37779
216.483 10.7955 494.674 1.40373
216.539 10.8743 495.283 1.3978
216.596 10.9519 495.896 1.3625
216.652 11.0264 496.514 1.30185
216.708 11.0966 497.136 1.20752
216.764 11.1603 497.762 1.08246
216.82 11.2162 498.391 0.934695
216.876 11.2633 499.022 0.774725
216.933 11.3013 499.656 0.605389
216.989 11.3292 500.292 0.423235
217.045 11.3462 500.929 0.222417
217.101 11.3522 501.567 0.0265547
217.157 11.3469 502.205 -0.172726
217.213 11.3307 502.842 -0.367898
217.27 11.3037 503.477 -0.55647
217.326 11.266 504.111 -0.748233
217.382 11.2176 504.743 -0.937432
217.438 11.1586 505.371 -1.12554
217.494 11.0892 505.995 -1.3029
217.551 11.0098 506.616 -1.48623
217.607 10.9203 507.231 -1.66849
217.663 10.8208 507.842 -1.83864
217.719 10.712 508.446 -1.99916
217.775 10.5945 509.044 -2.1499
217.831 10.469 509.635 -2.28674
217.888 10.3363 510.218 -2.40842
217.944 10.1975 510.794 -2.51654
218 10.0528 511.363 -2.60603
218.056 9.90418 511.922 -2.66944
218.112 9.75255 512.474 -2.71554
218.169 9.59928 513.016 -2.73752
218.225 9.44488 513.55 -2.75396
218.281 9.29024 514.076 -2.74634
218.337 9.13669 514.593 -2.72044
218.393 8.98541 515.101 -2.67101
218.449 8.8378 515.601 -2.59651
218.506 8.69513 516.092 -2.49471
218.562 8.55897 516.576 -2.37811
218.618 8.43005 517.053 -2.2358
218.674 8.30917 517.522 -2.09584
218.73 8.19754 517.985 -1.91629
218.787 8.09602 518.442 -1.73026
218.843 8.00513 518.894 -1.54158
218.899 7.92577 519.341 -1.3261
218.955 7.85807 519.784 -1.1202
219.011 7.80235 520.223 -0.904124
219.067 7.759 520.66 -0.686592
219.124 7.72862 521.095 -0.44655
219.18 7.71029 521.528 -0.242462
219.236 7.70364 521.961 -0.0307881
219.292 7.70899 522.394 0.174155
219.348 7.7251 522.828 0.356188
219.404 7.75199 523.263 0.554832
219.461 7.78853 523.699 0.714401
219.517 7.83298 524.138 0.846454
219.573 7.88471 524.58 0.969668
219.629 7.94249 525.025 1.06608
219.685 8.00528 525.473 1.14767
219.742 8.0725 525.925 1.22703
219.798 8.1431 526.381 1.27299
219.854 8.21588 526.841 1.31187
219.91 8.29036 527.305 1.32641
219.966 8.36487 527.773 1.3233
220.022 8.43852 528.246 1.30097
220.079 8.51042 528.722 1.26544
220.135 8.58033 529.203 1.22521
220.191 8.64784 529.687 1.18398
220.247 8.71299 530.175 1.14251
220.303 8.77517 530.667 1.0876
220.36 8.83412 531.162 1.02947
220.416 8.89037 531.66 0.979333
220.472 8.94337 532.161 0.914393
220.528 8.99276 532.665 0.853557
220.584 9.03906 533.172 0.800541
220.64 9.08165 533.681 0.72572
220.697 9.11976 534.193 0.643159
220.753 9.15351 534.706 0.570687
220.809 9.18231 535.222 0.478682
220.865 9.20632 535.738 0.395828
220.921 9.22567 536.256 0.311097
220.978 9.24036 536.775 0.226198
221.034 9.24997 537.295 0.137812
221.09 9.25508 537.814 0.0570235
221.146 9.25538 538.334 -0.0286263
221.202 9.25154 538.854 -0.0953373
221.258 9.24406 539.374 -0.15391
221.315 9.23391 539.893 -0.19318
221.371 9.22214 540.411 -0.216448
221.427 9.20983 540.929 -0.216676
221.483 9.19801 541.446 -0.204295
221.539 9.18814 541.962 -0.152749
221.596 9.18158 542.478 -0.0929588
221.652 9.17899 542.994 -0.0111859
221.708 9.18164 543.51 0.0870759
221.764 9.19008 544.026 0.195535
221.82 9.20515 544.542 0.317278
221.876 9.22737 545.06 0.449245
221.933 9.25751 545.58 0.594447
221.989 9.29599 546.101 0.743511
222.045 9.34219 546.625 0.877576
222.101 9.39586 547.151 1.00577
222.157 9.45651 547.681 1.12529
222.213 9.52312 548.215 1.22386
222.27 9.59472 548.752 1.3053
222.326 9.66994 549.294 1.36201
222.382 9.74793 549.84 1.40163
222.438 9.82718 550.39 1.41482
222.494 9.90613 550.945 1.39671
222.551 9.98341 551.504 1.35876
222.607 10.0577 552.067 1.29435
222.663 10.1272 552.635 1.20057
222.719 10.1911 553.206 1.09543
222.775 10.2486 553.78 0.973494
222.831 10.2991 554.358 0.849694
222.888 10.3423 554.938 0.712056
222.944 10.3774 555.52 0.564904
223 10.4041 556.104 0.414196
223.056 10.422 556.689 0.255046
223.112 10.4308 557.275 0.0894613
223.169 10.4303 557.861 -0.0753504
223.225 10.4205 558.447 -0.239363
223.281 10.402 559.032 -0.384092
223.337 10.376 559.615 -0.517475
223.393 10.3427 560.197 -0.640858
223.449 10.3032 560.777 -0.744911
223.506 10.2584 561.354 -0.830524
223.562 10.2095 561.929 -0.892948
223.618 10.1579 562.501 -0.931163
223.674 10.1047 563.069 -0.955462
223.73 10.0509 563.635 -0.956156
223.787 9.99732 564.198 -0.948894
223.843 9.9447 564.758 -0.928656
223.899 9.89339 565.315 -0.902113
223.955 9.84352 565.869 -0.877693
224.011 9.79532 566.42 -0.844474
224.067 9.74879 566.969 -0.813515
224.124 9.70428 567.515 -0.779196
224.18 9.6622 568.059 -0.729471
224.236 9.62269 568.601 -0.681834
224.292 9.58629 569.14 -0.625535
224.348 9.55334 569.677 -0.562068
224.404 9.52496 570.213 -0.470812
224.461 9.50106 570.747 -0.393849
224.517 9.48189 571.28 -0.310151
224.573 9.46695 571.813 -0.242196
224.629 9.45624 572.344 -0.155711
224.685 9.44975 572.875 -0.0942798
224.742 9.44722 573.406 -0.024677
224.798 9.44693 573.937 0.00492957
224.854 9.44727 574.467 0.000946498
224.91 9.4459 574.998 -0.0427296
224.966 9.44098 575.529 -0.123232
225.022 9.43077 576.059 -0.218035
225.079 9.415 576.588 -0.324613
225.135 9.3923 577.116 -0.454116
225.191 9.36234 577.643 -0.585674
225.247 9.3262 578.168 -0.683477
225.303 9.28466 578.69 -0.778072
225.36 9.23796 579.21 -0.865687
225.416 9.18723 579.728 -0.926437
225.472 9.1329 580.242 -0.992064
225.528 9.07494 580.753 -1.05905
225.584 9.01352 581.261 -1.1179
225.64 8.94849 581.765 -1.18546
225.697 8.87963 582.265 -1.25098
225.753 8.80709 582.762 -1.31853
225.809 8.73106 583.254 -1.37976
225.865 8.65133 583.742 -1.44495
225.921 8.56803 584.225 -1.51463
225.978 8.48076 584.704 -1.57784
226.034 8.39029 585.177 -1.62834
226.09 8.29753 585.645 -1.66119
226.146 8.20394 586.108 -1.66709
226.202 8.11041 586.566 -1.65581
226.258 8.01822 587.018 -1.62801
226.315 7.92823 587.466 -1.58115
226.371 7.8418 587.908 -1.51107
226.427 7.75936 588.346 -1.4343
226.483 7.68156 588.779 -1.34677
226.539 7.61015 589.209 -1.21952
226.596 7.54662 589.634 -1.06919
226.652 7.49277 590.056 -0.88279
226.708 7.45017 590.475 -0.666968
226.764 7.42139 590.893 -0.40942
226.82 7.40716 591.309 -0.144572
226.876 7.40886 591.725 0.151723
226.933 7.42777 592.142 0.458787
226.989 7.46381 592.561 0.76348
227.045 7.51669 592.982 1.05688
227.101 7.58539 593.406 1.32512
227.157 7.66787 593.835 1.56562
227.213 7.76316 594.269 1.78028
227.27 7.87007 594.709 1.97608
227.326 7.98688 595.155 2.14365
227.382 8.11173 595.608 2.27286
227.438 8.24308 596.068 2.37467
227.494 8.37968 596.535 2.46297
227.551 8.52023 597.011 2.5217
227.607 8.66276 597.494 2.54347
227.663 8.80652 597.986 2.56026
227.719 8.94999 598.485 2.5504
227.775 9.09212 598.993 2.51557
227.831 9.23163 599.509 2.45466
227.888 9.36724 600.032 2.38263
227.944 9.49799 600.562 2.28638
228 9.62293 601.1 2.17878
228.056 9.74153 601.645 2.06206
228.112 9.85351 602.196 1.95184
228.169 9.9594 602.753 1.83819
228.225 10.0592 603.316 1.73003
228.281 10.1524 603.884 1.61263
228.337 10.2392 604.458 1.49747
228.393 10.3189 605.036 1.3673
228.449 10.3911 605.618 1.22199
228.506 10.454 606.204 1.04905
228.562 10.5065 606.793 0.854525
228.618 10.5476 607.385 0.646764
228.674 10.5763 607.978 0.418025
228.73 10.5915 608.573 0.168127
228.787 10.592 609.168 -0.0972128
228.843 10.5772 609.763 -0.376563
228.899 10.5467 610.356 -0.658302
228.955 10.4998 610.947 -0.947388
229.011 10.4374 611.535 -1.21959
229.067 10.3595 612.119 -1.5026
229.124 10.266 612.698 -1.76599
229.18 10.1582 613.271 -2.01931
229.236 10.0369 613.837 -2.24649
229.292 9.90367 614.397 -2.4525
229.348 9.75969 614.948 -2.63153
229.404 9.60617 615.492 -2.79716
229.461 9.44441 616.026 -2.92954
229.517 9.27635 616.551 -3.02415
229.573 9.1045 617.066 -3.0799
229.629 8.9306 617.572 -3.10578
229.685 8.75603 618.068 -3.10269
229.742 8.583 618.554 -3.06248
229.798 8.41389 619.03 -2.9761
229.854 8.24978 619.497 -2.87415
229.91 8.09321 619.955 -2.72807
229.966 7.94489 620.405 -2.5794
230.022 7.80576 620.847 -2.40851
230.079 7.67668 621.281 -2.21599
230.135 7.55887 621.708 -2.02292
230.191 7.4523 622.129 -1.81452
230.247 7.35651 622.544 -1.63216
230.303 7.27095 622.955 -1.4484
230.36 7.19521 623.361 -1.28533
230.416 7.12764 623.763 -1.15749
230.472 7.06664 624.161 -1.04329
230.528 7.01129 624.556 -0.952578
230.584 6.95986 624.948 -0.887768
230.64 6.91169 625.338 -0.835975
230.697 6.86627 625.724 -0.795778
230.753 6.82242 626.109 -0.772503
230.809 6.7797 626.49 -0.755069
230.865 6.73746 626.87 -0.748025
230.921 6.69548 627.247 -0.746815
230.978 6.6541 627.622 -0.727103
231.034 6.61341 627.994 -0.72454
231.09 6.57306 628.364 -0.71239
231.146 6.534 628.732 -0.68298
231.202 6.49682 629.098 -0.646747
231.258 6.46194 629.462 -0.601835
231.315 6.42994 629.824 -0.546678
231.371 6.40121 630.184 -0.485178
231.427 6.37646 630.543 -0.411992
231.483 6.3557 630.9 -0.339113
231.539 6.33903 631.257 -0.267234
231.596 6.32616 631.613 -0.206125
231.652 6.31657 631.968 -0.146146
231.708 6.31 632.322 -0.100899
231.764 6.30554 632.677 -0.0665119
231.82 6.30245 633.031 -0.0517051
231.876 6.2994 633.385 -0.0559174
231.933 6.29599 633.738 -0.0678407
231.989 6.29142 634.092 -0.0914356
232.045 6.28497 634.445 -0.132263
232.101 6.27578 634.798 -0.186254
232.157 6.26297 635.15 -0.255649
232.213 6.24622 635.501 -0.327056
232.27 6.22551 635.852 -0.399833
232.326 6.20076 636.201 -0.465088
232.382 6.17242 636.548 -0.531541
232.438 6.14032 636.894 -0.594076
232.494 6.10497 637.238 -0.648866
232.551 6.06697 637.579 -0.696904
232.607 6.02624 637.919 -0.742738
232.663 5.98357 638.256 -0.771804
232.719 5.93957 638.591 -0.789998
232.775 5.89499 638.923 -0.794022
232.831 5.85054 639.252 -0.787647
232.888 5.8072 639.58 -0.760744
232.944 5.76565 639.904 -0.726576
233 5.72629 640.227 -0.680648
233.056 5.68984 640.547 -0.623481
233.112 5.65706 640.866 -0.557396
233.169 5.62774 641.183 -0.49719
233.225 5.60235 641.498 -0.420691
233.281 5.58127 641.812 -0.347611
233.337 5.56452 642.125 -0.267839
233.393 5.55217 642.437 -0.187174
233.449 5.54436 642.749 -0.10375
233.506 5.54132 643.06 -0.0226599
233.562 5.54292 643.372 0.0624698
233.618 5.54934 643.683 0.149442
233.674 5.56062 643.995 0.230893
233.73 5.57615 644.308 0.3065
233.787 5.59609 644.622 0.385409
233.843 5.62039 644.937 0.464487
233.899 5.64908 645.254 0.540332
233.955 5.68179 645.572 0.608007
234.011 5.71842 645.893 0.678704
234.067 5.75908 646.216 0.749306
234.124 5.80357 646.541 0.818987
234.18 5.85169 646.868 0.882677
234.236 5.90341 647.199 0.94576
234.292 5.9586 647.532 1.00777
234.348 6.01725 647.869 1.06871
234.404 6.07912 648.209 1.12494
234.461 6.14446 648.553 1.18858
234.517 6.21336 648.9 1.25348
234.573 6.28622 649.252 1.32418
234.629 6.36284 649.607 1.38858
234.685 6.44325 649.968 1.45977
234.742 6.52727 650.332 1.52218
234.798 6.6154 650.702 1.60078
234.854 6.708 651.077 1.68005
234.91 6.80497 651.457 1.75921
234.966 6.90691 651.843 1.84917
235.022 7.01378 652.234 1.94136
235.079 7.12615 652.632 2.03814
235.135 7.24375 653.036 2.12436
235.191 7.36648 653.447 2.22312
235.247 7.49444 653.866 2.31343
235.303 7.62764 654.291 2.40927
235.36 7.76627 654.724 2.50274
235.416 7.90946 655.165 2.58132
235.472 8.0571 655.615 2.65529
235.528 8.2084 656.072 2.7165
235.584 8.36281 656.539 2.76217
235.64 8.51833 657.014 2.76979
235.697 8.67324 657.498 2.7472
235.753 8.82664 657.99 2.71603
235.809 8.97786 658.491 2.67447
235.865 9.12623 659 2.61378
235.921 9.26979 659.518 2.51384
235.978 9.4069 660.043 2.38825
236.034 9.53638 660.576 2.24752
236.09 9.65748 661.116 2.09553
236.146 9.76966 661.662 1.93272
236.202 9.87285 662.215 1.77117
236.258 9.96625 662.773 1.58874
236.315 10.0493 663.335 1.40172
236.371 10.1217 663.902 1.21222
236.427 10.1828 664.473 1.00629
236.483 10.232 665.047 0.792236
236.539 10.2689 665.623 0.570806
236.596 10.2931 666.201 0.334498
236.652 10.3035 666.78 0.0841475
236.708 10.2999 667.358 -0.168772
236.764 10.2816 667.936 -0.42707
236.82 10.2494 668.513 -0.67319
236.876 10.2029 669.087 -0.931023
236.933 10.143 669.659 -1.15107
236.989 10.0706 670.226 -1.37017
237.045 9.98771 670.789 -1.53973
237.101 9.89638 671.347 -1.68143
237.157 9.79852 671.9 -1.77194
237.213 9.69743 672.447 -1.80931
237.27 9.59589 672.988 -1.79884
237.326 9.49751 673.524 -1.71539
237.382 9.40489 674.054 -1.5973
237.438 9.3205 674.58 -1.4333
237.494 9.24688 675.101 -1.22101
237.551 9.18651 675.618 -0.976933
237.607 9.13993 676.133 -0.731006
237.663 9.10703 676.645 -0.488562
237.719 9.08774 677.156 -0.246825
237.775 9.08155 677.666 -0.0221463
237.831 9.08669 678.177 0.160764
237.888 9.10043 678.688 0.296165
237.944 9.12066 679.2 0.401038
238 9.14544 679.713 0.460753
238.056 9.17174 680.227 0.464227
238.112 9.19686 680.744 0.428379
238.169 9.21871 681.261 0.360699
238.225 9.23616 681.78 0.273535
238.281 9.24763 682.299 0.154901
238.337 9.25169 682.819 0.0154417
238.393 9.2481 683.338 -0.114793
238.449 9.23665 683.857 -0.261883
238.506 9.21681 684.376 -0.412562
238.562 9.18894 684.893 -0.546507
238.618 9.15394 685.408 -0.674664
238.674 9.11171 685.921 -0.798927
238.73 9.06338 686.431 -0.897575
238.787 9.01005 686.938 -0.987043
238.843 8.95146 687.442 -1.07888
238.899 8.888 687.943 -1.16562
238.955 8.8209 688.44 -1.2218
239.011 8.7497 688.933 -1.30045
239.067 8.67455 689.423 -1.36342
239.124 8.59555 689.907 -1.43453
239.18 8.51189 690.387 -1.52609
239.236 8.42364 690.863 -1.6036
239.292 8.33034 691.333 -1.69855
239.348 8.23157 691.797 -1.79722
239.404 8.12728 692.256 -1.89479
239.461 8.01708 692.709 -2.00421
239.517 7.90111 693.156 -2.10125
239.573 7.77988 693.596 -2.19972
239.629 7.6533 694.028 -2.291
239.685 7.52166 694.454 -2.37329
239.742 7.38598 694.872 -2.43759
239.798 7.24751 695.282 -2.47719
239.854 7.10819 695.685 -2.48213
239.91 6.96897 696.079 -2.47103
239.966 6.83191 696.466 -2.42345
240.022 6.69836 696.846 -2.34557
240.079 6.56991 697.217 -2.24086
240.135 6.44845 697.582 -2.10464
240.191 6.33547 697.941 -1.94476
240.247 6.23244 698.293 -1.75173
240.303 6.14063 698.64 -1.55306
240.36 6.06115 698.983 -1.32281
240.416 5.99483 699.321 -1.08566
240.472 5.94327 699.656 -0.810449
240.528 5.9062 699.988 -0.552288
240.584 5.88366 700.319 -0.299245
240.64 5.8757 700.649 -0.0369169
240.697 5.8819 700.98 0.213501
240.753 5.90195 701.311 0.460626
240.809 5.93583 701.643 0.693611
240.865 5.98166 701.978 0.898599
240.921 6.03862 702.316 1.08783
240.978 6.10551 702.658 1.25369
241.034 6.18133 703.003 1.40785
241.09 6.2654 703.353 1.55097
241.146 6.35652 703.708 1.66706
241.202 6.45358 704.069 1.76265
241.258 6.55537 704.435 1.84413
241.315 6.66159 704.807 1.92052
241.371 6.77138 705.184 1.97471
241.427 6.88406 705.569 2.027
241.483 6.99904 705.959 2.05914
241.539 7.1154 706.356 2.07882
241.596 7.23268 706.76 2.08883
241.652 7.35039 707.17 2.10084
241.708 7.46886 707.587 2.11485
241.764 7.58795 708.011 2.11884
241.82 7.70704 708.441 2.12485
241.876 7.82601 708.878 2.11321
241.933 7.94472 709.322 2.11206
241.989 8.06379 709.772 2.131
242.045 8.18442 710.229 2.15478
242.101 8.30608 710.693 2.1723
242.157 8.42801 711.164 2.17234
242.213 8.55062 711.642 2.186
242.27 8.6741 712.126 2.20735
242.326 8.79891 712.618 2.22718
242.382 8.92393 713.116 2.22293
242.438 9.04886 713.622 2.22291
242.494 9.17367 714.134 2.22021
242.551 9.29803 714.654 2.21285
242.607 9.42225 715.18 2.21007
242.663 9.5458 715.714 2.19465
242.719 9.66843 716.254 2.17931
242.775 9.78994 716.802 2.15517
242.831 9.9102 717.356 2.13584
242.888 10.03 717.916 2.13121
242.944 10.1496 718.484 2.12598
243 10.269 719.058 2.12741
243.056 10.3891 719.639 2.14154
243.112 10.5099 720.227 2.15916
243.169 10.6321 720.821 2.18708
243.225 10.7565 721.423 2.23712
243.281 10.884 722.032 2.29384
243.337 11.0147 722.647 2.34909
243.393 11.1487 723.271 2.40869
243.449 11.2861 723.902 2.47008
243.506 11.4264 724.54 2.51456
243.562 11.5689 725.187 2.54826
243.618 11.7127 725.842 2.56387
243.674 11.8565 726.505 2.55026
243.73 11.9978 727.176 2.48386
243.787 12.1342 727.854 2.38465
243.843 12.2639 728.54 2.25715
243.899 12.3853 729.234 2.08994
243.955 12.4965 729.933 1.8971
244.011 12.5953 730.639 1.66435
244.067 12.6803 731.349 1.40974
244.124 12.7509 732.064 1.15367
244.18 12.8067 732.782 0.888123
244.236 12.8482 733.503 0.638408
244.292 12.876 734.226 0.399936
244.348 12.8911 734.95 0.183051
244.404 12.8945 735.674 -0.0149461
244.461 12.8881 736.398 -0.174315
244.517 12.8736 737.122 -0.308519
244.573 12.8525 737.845 -0.410814
244.629 12.8269 738.566 -0.480778
244.685 12.7987 739.286 -0.51366
244.742 12.7693 740.004 -0.526954
244.798 12.7399 740.72 -0.514823
244.854 12.7119 741.435 -0.490055
244.91 12.686 742.148 -0.443674
244.966 12.663 742.86 -0.385394
245.022 12.6437 743.571 -0.314721
245.079 12.6283 744.28 -0.253531
245.135 12.6161 744.989 -0.197645
245.191 12.6065 745.698 -0.1572
245.247 12.5984 746.406 -0.134801
245.303 12.5916 747.113 -0.10902
245.36 12.5854 747.821 -0.117219
245.416 12.5784 748.527 -0.129262
245.472 12.5706 749.234 -0.148404
245.528 12.5615 749.94 -0.170541
245.584 12.5515 750.645 -0.184354
245.64 12.5405 751.35 -0.202983
245.697 12.5283 752.054 -0.226714
245.753 12.5148 752.757 -0.251935
245.809 12.4997 753.46 -0.280395
245.865 12.4834 754.162 -0.298511
245.921 12.466 754.862 -0.314021
245.978 12.4479 755.562 -0.327139
246.034 12.4289 756.261 -0.34531
246.09 12.4088 756.958 -0.363906
246.146 12.3879 757.655 -0.376034
246.202 12.3665 758.35 -0.385915
246.258 12.3447 759.044 -0.391187
246.315 12.3224 759.737 -0.402375
246.371 12.299 760.428 -0.427011
246.427 12.2739 761.118 -0.46168
246.483 12.2469 761.807 -0.492965
246.539 12.2178 762.494 -0.536525
246.596 12.1862 763.179 -0.580579
246.652 12.1516 763.863 -0.638913
246.708 12.1135 764.544 -0.703068
246.764 12.0718 765.223 -0.767259
246.82 12.0266 765.9 -0.827739
246.876 11.9781 766.574 -0.888355
246.933 11.926 767.245 -0.952505
246.989 11.8703 767.913 -1.01774
247.045 11.8108 768.578 -1.08617
247.101 11.7481 769.24 -1.13823
247.157 11.6823 769.898 -1.19126
247.213 11.6137 770.552 -1.24083
247.27 11.5424 771.202 -1.28713
247.326 11.4689 771.848 -1.31873
247.382 11.3938 772.489 -1.34558
247.438 11.3179 773.127 -1.35473
247.494 11.2419 773.76 -1.35366
247.551 11.166 774.389 -1.34533
247.607 11.0912 775.014 -1.32442
247.663 11.0176 775.635 -1.29835
247.719 10.9459 776.251 -1.25939
247.775 10.8771 776.864 -1.20446
247.831 10.8111 777.473 -1.15406
247.888 10.7483 778.078 -1.09711
247.944 10.6885 778.68 -1.04087
248 10.6321 779.278 -0.974919
248.056 10.5797 779.874 -0.903958
248.112 10.5316 780.466 -0.824234
248.169 10.488 781.057 -0.743961
248.225 10.4486 781.644 -0.672526
248.281 10.4136 782.23 -0.589781
248.337 10.383 782.814 -0.516688
248.393 10.3564 783.397 -0.444689
248.449 10.3339 783.978 -0.373853
248.506 10.3147 784.558 -0.321934
248.562 10.2978 785.136 -0.287364
248.618 10.2827 785.715 -0.258675
248.674 10.2688 786.292 -0.241534
248.73 10.2554 786.868 -0.235255
248.787 10.242 787.444 -0.243753
248.843 10.2281 788.019 -0.251048
248.899 10.2131 788.593 -0.282006
248.955 10.1962 789.166 -0.315663
249.011 10.1768 789.738 -0.363621
249.067 10.1547 790.309 -0.416707
249.124 10.1292 790.879 -0.479198
249.18 10.0997 791.447 -0.560019
249.236 10.0651 792.013 -0.65094
249.292 10.0255 792.577 -0.745351
249.348 9.98066 793.139 -0.8352
249.404 9.9305 793.698 -0.934613
249.461 9.87448 794.254 -1.03947
249.517 9.81287 794.807 -1.13147
249.573 9.74622 795.356 -1.22056
249.629 9.67503 795.901 -1.29733
249.685 9.5999 796.442 -1.3605
249.742 9.52168 796.979 -1.41232
249.798 9.44108 797.511 -1.44941
249.854 9.3588 798.039 -1.47334
249.91 9.27536 798.562 -1.49067
249.966 9.19158 799.08 -1.49411
250.022 9.10759 799.594 -1.49401
250.079 9.02354 800.102 -1.49586
250.135 8.93941 800.606 -1.4997
250.191 8.85506 801.106 -1.50088
250.247 8.77064 801.6 -1.50468
250.303 8.68569 802.09 -1.51979
250.36 8.59973 802.575 -1.53899
250.416 8.51238 803.056 -1.56377
250.472 8.42382 803.531 -1.58554
250.528 8.33422 804.001 -1.6004
250.584 8.24359 804.466 -1.62163
250.64 8.15187 804.926 -1.64032
250.697 8.05861 805.381 -1.66867
250.753 7.96355 805.831 -1.7127
250.809 7.86643 806.275 -1.74324
250.865 7.76751 806.713 -1.77677
250.921 7.66659 807.146 -1.80602
250.978 7.56435 807.574 -1.82776
251.034 7.46096 807.995 -1.84776
251.09 7.35617 808.411 -1.87926
251.146 7.24998 808.82 -1.89846
251.202 7.14271 809.224 -1.91682
251.258 7.03498 809.622 -1.91417
251.315 6.92795 810.013 -1.9017
251.371 6.82164 810.399 -1.88386
251.427 6.71666 810.779 -1.8535
251.483 6.61349 811.153 -1.82388
251.539 6.51229 811.521 -1.78316
251.596 6.41424 811.883 -1.72069
251.652 6.31986 812.24 -1.65418
251.708 6.22946 812.592 -1.57946
251.764 6.14312 812.939 -1.50773
251.82 6.06114 813.282 -1.42602
251.876 5.98407 813.62 -1.3329
251.933 5.91233 813.953 -1.2374
251.989 5.84623 814.283 -1.13793
252.045 5.78584 814.61 -1.03187
252.101 5.73161 814.933 -0.921125
252.157 5.68337 815.253 -0.816237
252.213 5.64131 815.571 -0.7028
252.27 5.6058 815.887 -0.583647
252.326 5.5769 816.201 -0.467252
252.382 5.55456 816.513 -0.352224
252.438 5.53871 816.825 -0.235721
252.494 5.52938 817.135 -0.117522
252.551 5.52651 817.446 -0.0058748
252.607 5.52969 817.757 0.0972463
252.663 5.53838 818.067 0.190512
252.719 5.55215 818.379 0.280361
252.775 5.57099 818.692 0.376845
252.831 5.59506 819.005 0.462998
252.888 5.62395 819.321 0.546704
252.944 5.65718 819.638 0.625967
253 5.69493 819.957 0.701977
253.056 5.73707 820.278 0.782231
253.112 5.78363 820.602 0.857063
253.169 5.8345 820.929 0.93427
253.225 5.88948 821.258 1.00799
253.281 5.94855 821.591 1.08134
253.337 6.01195 821.927 1.15887
253.393 6.0798 822.267 1.23778
253.449 6.15174 822.611 1.30962
253.506 6.22788 822.959 1.38432
253.562 6.30808 823.312 1.45993
253.618 6.3923 823.669 1.52381
253.674 6.48031 824.031 1.59499
253.73 6.57203 824.398 1.65673
253.787 6.66698 824.771 1.71169
253.843 6.76454 825.149 1.75804
253.899 6.86491 825.532 1.80516
253.955 6.96756 825.921 1.84068
254.011 7.07203 826.316 1.87257
254.067 7.17813 826.717 1.89668
254.124 7.28511 827.124 1.91028
254.18 7.39259 827.537 1.91158
254.236 7.50018 827.956 1.91143
254.292 7.60719 828.381 1.90303
254.348 7.71371 828.812 1.8894
254.404 7.81911 829.249 1.86553
254.461 7.92309 829.691 1.83475
254.517 8.0254 830.14 1.80865
254.573 8.1259 830.594 1.77547
254.629 8.22418 831.054 1.73139
254.685 8.31991 831.519 1.68396
254.742 8.41278 831.99 1.63078
254.798 8.5028 832.466 1.58347
254.854 8.59023 832.946 1.53726
254.91 8.6756 833.432 1.50788
254.966 8.75929 833.922 1.47774
255.022 8.8415 834.417 1.45156
255.079 8.92241 834.916 1.43286
255.135 9.00239 835.42 1.41899
255.191 9.08142 835.929 1.39889
255.247 9.15976 836.441 1.38921
255.303 9.23738 836.959 1.37219
255.36 9.31476 837.48 1.37529
255.416 9.39212 838.006 1.38019
255.472 9.46953 838.536 1.37802
255.528 9.547 839.071 1.37726
255.584 9.62457 839.61 1.38171
255.64 9.70209 840.153 1.37783
255.697 9.77918 840.701 1.36928
255.753 9.85607 841.253 1.36667
255.809 9.93211 841.809 1.34335
255.865 10.0064 842.37 1.30915
255.921 10.0778 842.934 1.24495
255.978 10.1448 843.503 1.15878
256.034 10.2064 844.075 1.05299
256.09 10.2617 844.65 0.936076
256.146 10.3097 845.228 0.800146
256.202 10.3496 845.809 0.650082
256.258 10.3813 846.391 0.509254
256.315 10.4048 846.975 0.35411
256.371 10.4197 847.56 0.201907
256.427 10.4257 848.146 0.0341251
256.482 10.4235 848.72 -0.0965944
256.537 10.4136 849.294 -0.234044
256.592 10.3968 849.868 -0.350123
256.647 10.3736 850.44 -0.467662
256.702 10.344 851.01 -0.578182
256.758 10.3088 851.579 -0.677759
256.813 10.2683 852.146 -0.775033
256.868 10.2231 852.71 -0.855305
256.923 10.1736 853.272 -0.924637
256.978 10.1201 853.831 -1.00054
257.034 10.0622 854.393 -1.06083
257.09 10.0007 854.956 -1.11379
257.146 9.93624 855.516 -1.16885
257.202 9.86862 856.072 -1.22869
257.258 9.79798 856.624 -1.28009
257.315 9.72397 857.172 -1.34062
257.371 9.64652 857.716 -1.40635
257.427 9.56538 858.255 -1.46941
257.483 9.48064 858.789 -1.54062
257.539 9.39259 859.319 -1.58699
257.596 9.3018 859.844 -1.6366
257.652 9.20817 860.363 -1.68623
257.708 9.11197 860.877 -1.72573
257.764 9.01404 861.386 -1.75335
257.82 8.91499 861.889 -1.76761
257.876 8.81582 862.386 -1.76193
257.933 8.71747 862.878 -1.7378
257.989 8.621 863.365 -1.70145
258.045 8.52701 863.846 -1.65598
258.101 8.43688 864.322 -1.57144
258.157 8.35136 864.793 -1.48943
258.213 8.27091 865.259 -1.3913
258.27 8.19656 865.722 -1.27693
258.326 8.12881 866.18 -1.15782
258.382 8.06823 866.634 -1.02487
258.438 8.01514 867.086 -0.895252
258.494 7.96933 867.534 -0.761494
258.551 7.93127 867.981 -0.622469
258.607 7.90081 868.425 -0.489669
258.663 7.87737 868.868 -0.367756
258.719 7.86083 869.31 -0.245338
258.775 7.85087 869.752 -0.13381
258.831 7.84696 870.193 -0.0251123
258.888 7.84891 870.633 0.071475
258.944 7.8561 871.075 0.165871
259 7.86831 871.516 0.253526
259.056 7.88553 871.959 0.344421
259.112 7.90792 872.403 0.432651
259.169 7.93472 872.848 0.51252
259.225 7.96614 873.295 0.584132
259.281 8.00169 873.743 0.665152
259.337 8.04148 874.194 0.738127
259.393 8.08532 874.647 0.804571
259.449 8.13265 875.103 0.866578
259.506 8.18319 875.562 0.921929
259.562 8.23677 876.023 0.970081
259.618 8.29286 876.488 1.01525
259.674 8.35112 876.956 1.05014
259.73 8.41103 877.427 1.07531
259.787 8.47214 877.902 1.0935
259.843 8.5337 878.38 1.09839
259.899 8.59505 878.861 1.08126
259.955 8.65543 879.346 1.06725
260.011 8.71413 879.834 1.03096
260.067 8.77052 880.326 0.985184
260.124 8.82413 880.82 0.933158
260.18 8.87448 881.318 0.871716
260.236 8.92102 881.818 0.797717
260.292 8.96326 882.321 0.720889
260.348 9.00105 882.825 0.640368
260.404 9.03423 883.332 0.55685
260.461 9.06266 883.841 0.473267
260.517 9.08638 884.351 0.387482
260.573 9.10574 884.862 0.312927
260.629 9.12115 885.374 0.247887
260.685 9.13295 885.887 0.184839
260.742 9.1416 886.4 0.134108
260.798 9.14765 886.914 0.0926931
260.854 9.15173 887.428 0.0567625
260.91 9.15491 887.942 0.0508577
260.966 9.1581 888.457 0.0618983
261.022 9.16205 888.971 0.0783968
261.079 9.16771 889.486 0.12026
261.135 9.17627 890.002 0.17276
261.191 9.18789 890.517 0.235286
261.247 9.20447 891.034 0.334773
261.303 9.22647 891.552 0.430234
261.36 9.25392 892.071 0.530718
261.416 9.28738 892.592 0.637169
261.472 9.32631 893.115 0.727472
261.528 9.36976 893.641 0.806624
261.584 9.41701 894.169 0.858607
261.64 9.46643 894.699 0.89085
261.697 9.51678 895.233 0.899641
261.753 9.56718 895.769 0.893106
261.809 9.61661 896.308 0.872511
261.865 9.66447 896.85 0.835693
261.921 9.71001 897.395 0.790756
261.978 9.75286 897.942 0.740629
262.034 9.79198 898.491 0.667598
262.09 9.82684 899.042 0.592503
262.146 9.85832 899.595 0.539704
262.202 9.88736 900.15 0.506963
262.258 9.91533 900.707 0.49268
262.315 9.94311 901.265 0.499271
262.371 9.97172 901.824 0.51981
262.427 10.0029 902.385 0.578991
262.483 10.0383 902.948 0.672573
262.539 10.0799 903.514 0.788146
262.596 10.1285 904.082 0.919258
262.652 10.1855 904.653 1.07923
262.708 10.2519 905.227 1.25367
262.764 10.3288 905.806 1.44545
262.82 10.4161 906.389 1.62775
262.876 10.5133 906.977 1.79648
262.933 10.6199 907.571 1.95849
262.989 10.7345 908.172 2.09257
263.045 10.8558 908.779 2.19846
263.101 10.982 909.393 2.27179
263.157 11.1107 910.014 2.29766
263.213 11.2395 910.643 2.28554
263.27 11.3665 911.279 2.23814
263.326 11.4893 911.921 2.14459
263.382 11.6053 912.571 2.00646
263.438 11.7128 913.226 1.84423
263.494 11.8104 913.888 1.66655
263.551 11.8978 914.554 1.48198
263.607 11.9743 915.225 1.27888
263.663 12.0394 915.9 1.08345
263.719 12.0931 916.578 0.873282
263.775 12.1356 917.259 0.679954
263.831 12.1678 917.942 0.504832
263.888 12.1898 918.627 0.308656
263.944 12.2007 919.312 0.127589
264 12.2022 919.997 -0.0432377
264.056 12.1939 920.683 -0.211066
264.112 12.1767 921.367 -0.375942
264.169 12.1498 922.05 -0.543045
264.225 12.1137 922.732 -0.71721
264.281 12.0676 923.411 -0.883606
264.337 12.0126 924.087 -1.04008
264.393 11.9486 924.76 -1.2047
264.449 11.8758 925.429 -1.35623
264.506 11.7947 926.093 -1.4992
264.562 11.7059 926.753 -1.631
264.618 11.6101 927.407 -1.75348
264.674 11.5085 928.056 -1.84295
264.73 11.4016 928.699 -1.93859
264.787 11.2899 929.336 -2.02124
264.843 11.1739 929.966 -2.09688
264.899 11.0538 930.59 -2.16032
264.955 10.9306 931.207 -2.2111
265.011 10.8051 931.817 -2.25064
265.067 10.6776 932.419 -2.27656
265.124 10.5491 933.015 -2.29415
265.18 10.42 933.603 -2.29909
265.236 10.2909 934.184 -2.29288
265.292 10.1628 934.758 -2.2731
265.348 10.0366 935.325 -2.23057
265.404 9.91317 935.884 -2.17617
265.461 9.79306 936.437 -2.11483
265.517 9.67658 936.983 -2.04674
265.573 9.56407 937.523 -1.97459
265.629 9.45537 938.057 -1.91182
265.685 9.34974 938.584 -1.8577
265.742 9.24685 939.106 -1.81569
265.798 9.14565 939.622 -1.79317
265.854 9.04548 940.133 -1.78138
265.91 8.9453 940.638 -1.79002
265.966 8.84402 941.137 -1.81238
266.022 8.74098 941.63 -1.84629
266.079 8.6359 942.118 -1.88847
266.135 8.52809 942.599 -1.93754
266.191 8.41754 943.075 -1.98774
266.247 8.30376 943.544 -2.051
266.303 8.18657 944.006 -2.10496
266.36 8.06662 944.462 -2.15652
266.416 7.94365 944.911 -2.20801
266.472 7.81812 945.353 -2.25499
266.528 7.68982 945.788 -2.30187
266.584 7.55913 946.216 -2.34149
266.64 7.42668 946.636 -2.37125
266.697 7.29285 947.049 -2.38791
266.753 7.15809 947.454 -2.40298
266.809 7.02275 947.851 -2.41184
266.865 6.88719 948.241 -2.41205
266.921 6.75226 948.624 -2.39364
266.978 6.61855 948.999 -2.36835
267.034 6.4866 949.366 -2.33557
267.09 6.35692 949.726 -2.28606
267.146 6.23022 950.079 -2.23537
267.202 6.107 950.425 -2.16306
267.258 5.98834 950.764 -2.07884
267.315 5.87384 951.096 -2.0079
267.371 5.76415 951.423 -1.91308
267.427 5.65983 951.743 -1.81902
267.483 5.56073 952.057 -1.7293
267.539 5.46685 952.367 -1.63162
267.596 5.37856 952.671 -1.53264
267.652 5.29582 952.97 -1.43275
267.708 5.21857 953.265 -1.33766
267.764 5.14661 953.556 -1.241
267.82 5.08027 953.843 -1.14113
267.876 5.01926 954.126 -1.04865
267.933 4.96372 954.406 -0.948675
267.989 4.91375 954.683 -0.849625
268.045 4.86946 954.958 -0.745652
268.101 4.83137 955.23 -0.632496
268.157 4.79974 955.5 -0.517316
268.213 4.77491 955.769 -0.391301
268.27 4.75698 956.037 -0.267881
268.326 4.74629 956.304 -0.138142
268.382 4.74289 956.57 -0.00534871
268.438 4.74735 956.837 0.136472
268.494 4.75951 957.104 0.27474
268.551 4.77948 957.372 0.40956
268.607 4.80675 957.641 0.536205
268.663 4.84162 957.912 0.675458
268.719 4.88391 958.186 0.80185
268.775 4.93297 958.462 0.920021
268.831 4.98856 958.741 1.03879
268.888 5.05067 959.023 1.14805
268.944 5.11844 959.309 1.24716
269 5.19194 959.599 1.34471
269.056 5.27056 959.893 1.43474
269.112 5.35373 960.192 1.51248
269.169 5.44155 960.496 1.59777
269.225 5.53375 960.805 1.66361
269.281 5.6297 961.119 1.73549
269.337 5.72951 961.438 1.8017
269.393 5.83276 961.764 1.85789
269.449 5.93876 962.095 1.90471
269.506 6.04721 962.432 1.9452
269.562 6.15767 962.776 1.97952
269.618 6.26994 963.125 2.01166
269.674 6.38381 963.482 2.03784
269.73 6.49945 963.844 2.06944
269.787 6.61662 964.213 2.0964
269.843 6.7348 964.589 2.10612
269.899 6.85391 964.971 2.12865
269.955 6.97385 965.36 2.13502
270.011 7.09371 965.756 2.13091
270.067 7.21329 966.159 2.12389
270.124 7.33222 966.568 2.1105
270.18 7.45005 966.984 2.0854
270.236 7.5663 967.406 2.06081
270.292 7.68109 967.835 2.02703
270.348 7.79306 968.271 1.96975
270.404 7.90211 968.712 1.92872
270.461 8.00776 969.16 1.84897
270.517 8.10907 969.613 1.77563
270.573 8.20646 970.072 1.70421
270.629 8.2996 970.536 1.62943
270.685 8.38875 971.005 1.55641
270.742 8.47357 971.479 1.47688
270.798 8.55337 971.958 1.38199
270.854 8.62795 972.441 1.28995
270.91 8.69743 972.928 1.2025
270.966 8.76211 973.419 1.11692
271.022 8.82188 973.913 1.02767
271.079 8.87662 974.411 0.93841
271.135 8.9264 974.911 0.851141
271.191 8.9713 975.414 0.765889
271.247 9.01155 975.92 0.684073
271.303 9.04722 976.427 0.600319
271.36 9.0779 976.936 0.511218
271.416 9.10381 977.447 0.427314
271.472 9.12482 977.96 0.337634
271.528 9.14064 978.473 0.243012
271.584 9.15106 978.987 0.149177
271.64 9.15627 979.501 0.054587
271.697 9.15609 980.015 -0.0420026
271.753 9.15023 980.53 -0.144246
271.809 9.13909 981.043 -0.232243
271.865 9.12318 981.556 -0.316505
271.921 9.10262 982.068 -0.399021
271.978 9.07737 982.579 -0.480852
272.034 9.04774 983.088 -0.558568
272.09 9.01372 983.595 -0.636713
272.146 8.97558 984.1 -0.708189
272.202 8.93333 984.603 -0.781807
272.258 8.88719 985.103 -0.848735
272.315 8.83698 985.601 -0.925947
272.371 8.78215 986.095 -1.00905
272.427 8.72244 986.587 -1.10016
272.483 8.6575 987.075 -1.19464
272.539 8.58694 987.559 -1.29793
272.596 8.51041 988.038 -1.40796
272.652 8.42716 988.514 -1.53778
272.708 8.3361 988.984 -1.67286
272.764 8.2378 989.449 -1.80165
272.82 8.13184 989.908 -1.94245
272.876 8.01776 990.362 -2.09182
272.933 7.89553 990.808 -2.23093
272.989 7.7654 991.247 -2.37263
273.045 7.62745 991.679 -2.51008
273.101 7.48196 992.102 -2.64061
273.157 7.32962 992.518 -2.75789
273.213 7.17083 992.924 -2.87332
273.27 7.00637 993.321 -2.96254
273.326 6.83667 993.709 -3.05662
273.382 6.66232 994.088 -3.13002
273.438 6.48391 994.456 -3.20312
273.494 6.30177 994.814 -3.27238
273.551 6.11607 995.162 -3.32402
273.607 5.92825 995.499 -3.36008
273.663 5.73783 995.826 -3.40588
273.719 5.54522 996.142 -3.43905
273.775 5.35089 996.447 -3.46993
273.831 5.15563 996.741 -3.48098
273.888 4.95984 997.024 -3.4868
273.944 4.76458 997.296 -3.46402
274 4.57046 997.557 -3.44726
274.056 4.37848 997.807 -3.39576
274.112 4.18956 998.047 -3.33709
274.169 4.00476 998.276 -3.25423
274.225 3.82567 998.495 -3.14181
274.281 3.65345 998.704 -3.0139
274.337 3.48914 998.903 -2.86082
274.393 3.33408 999.094 -2.68776
274.449 3.18934 999.277 -2.49985
274.506 3.05558 999.451 -2.3032
274.562 2.93292 999.619 -2.10105
274.618 2.82196 999.78 -1.88998
274.674 2.7225 999.935 -1.68926
274.73 2.63442 1000.08 -1.4873
274.787 2.55761 1000.23 -1.28823
274.843 2.49199 1000.37 -1.08785
274.899 2.4376 1000.51 -0.889518
274.955 2.39404 1000.65 -0.700603
275.011 2.36078 1000.78 -0.519881
275.067 2.33774 1000.91 -0.336466
275.124 2.3249 1001.04 -0.155863
275.18 2.32205 1001.17 0.0192059
275.236 2.32946 1001.3 0.209434
275.292 2.34751 1001.43 0.3962
275.348 2.37601 1001.57 0.583481
275.404 2.4153 1001.7 0.775517
275.461 2.46563 1001.84 0.973387
275.517 2.52712 1001.98 1.17196
275.573 2.59982 1002.12 1.37467
275.629 2.68381 1002.27 1.57248
275.685 2.7785 1002.43 1.76147
275.742 2.88362 1002.59 1.94463
275.798 2.99888 1002.75 2.12367
275.854 3.12395 1002.92 2.29226
275.91 3.25823 1003.1 2.45257
275.966 3.40096 1003.29 2.59885
276.022 3.55126 1003.49 2.72672
276.079 3.70872 1003.69 2.85085
276.135 3.87321 1003.91 2.97606
276.191 4.04404 1004.13 3.08614
276.247 4.22131 1004.36 3.19584
276.303 4.40383 1004.61 3.28693
276.36 4.59195 1004.86 3.38857
276.416 4.78547 1005.12 3.47996
276.472 4.98394 1005.4 3.56539
276.528 5.18693 1005.69 3.6434
276.584 5.3945 1005.99 3.72504
276.64 5.60606 1006.3 3.79165
276.697 5.82131 1006.62 3.86002
276.753 6.0401 1006.95 3.91761
276.809 6.26232 1007.3 3.97972
276.865 6.48743 1007.66 4.02771
276.921 6.71544 1008.03 4.07667
276.978 6.94625 1008.42 4.13161
277.034 7.18084 1008.81 4.19852
277.09 7.41834 1009.23 4.24993
277.146 7.6594 1009.65 4.31514
277.202 7.90445 1010.09 4.39
277.258 8.15382 1010.54 4.46932
277.315 8.40729 1011.01 4.54194
277.371 8.66561 1011.49 4.63205
277.427 8.92863 1011.98 4.71899
277.483 9.19648 1012.49 4.79759
277.539 9.46829 1013.02 4.86115
277.596 9.74266 1013.56 4.89374
277.652 10.0177 1014.12 4.89623
277.708 10.2915 1014.69 4.84834
277.764 10.5611 1015.28 4.75895
277.82 10.8239 1015.88 4.61892
277.876 11.0767 1016.5 4.41679
277.933 11.3172 1017.13 4.18552
277.989 11.5434 1017.77 3.90811
278.045 11.7527 1018.43 3.60399
278.101 11.9441 1019.09 3.27166
278.157 12.1154 1019.77 2.90196
278.213 12.2659 1020.46 2.53256
278.27 12.3956 1021.15 2.15422
278.326 12.504 1021.85 1.78626
278.382 12.5919 1022.55 1.42059
278.438 12.6598 1023.26 1.06981
278.494 12.709 1023.98 0.754254
278.551 12.7424 1024.69 0.492636
278.607 12.7609 1025.41 0.228929
278.663 12.767 1026.13 0.033906
278.719 12.7622 1026.84 -0.168621
278.775 12.7469 1027.56 -0.338542
278.831 12.723 1028.28 -0.486702
278.888 12.6902 1028.99 -0.647514
278.944 12.6484 1029.7 -0.806575
279 12.597 1030.41 -0.987499
279.056 12.5346 1031.12 -1.19644
279.112 12.4593 1031.82 -1.43836
279.169 12.37 1032.51 -1.69466
279.225 12.265 1033.21 -1.98653
279.281 12.1436 1033.89 -2.27846
279.337 12.0054 1034.57 -2.58248
279.393 11.8502 1035.24 -2.88169
279.449 11.6783 1035.9 -3.18175
279.506 11.4896 1036.55 -3.47329
279.562 11.2838 1037.19 -3.80207
279.618 11.0587 1037.81 -4.14911
279.674 10.8137 1038.43 -4.50161
279.73 10.5489 1039.02 -4.84827
279.787 10.265 1039.61 -5.18184
279.843 9.96287 1040.17 -5.5057
279.899 9.64402 1040.72 -5.78817
279.955 9.31131 1041.25 -6.01594
