# t volume xc yc zc ub_x ub_y ub_z width depth height d_eq chi n_regions V_tag straddle
# col 1-13 : sommes COMPLETES ponderees (1-f) sur toutes les mailles, centre en moyenne circulaire.
#            (l'ancienne version ne sommait que sur les mailles taguees f<0.5 -> volume sous-estime de ~4.5 %,
#             vitesse verticale biaisee de ~+0.35 en repere mobile. Cf. event bubble dans main.c.)
# col 14-16 : diagnostic fragmentation par tag() (V_tag = plus grosse region ; straddle = bulle a cheval sur un bord).
160.001 2122.62 90 30 60 0.381443 -0.0993949 0.467843 14.0625 14.0625 14.0625 15.945 1 1 2006.97 0
160.019 2122.43 90.1176 29.9449 60.1469 7.02891 -3.45094 8.80299 15 15 15 15.9445 1 1 2016.78 0
160.051 2122.52 90.3435 29.8278 60.4343 6.86236 -3.79756 8.76668 15 15 15 15.9448 1 1 2026.64 0
160.092 2122.59 90.6233 29.6612 60.7997 6.57906 -4.27181 8.67673 15 15 15 15.9449 1 1 2031.79 0
160.14 2122.73 90.9279 29.4507 61.2126 6.22404 -4.71264 8.58167 15 15 15 15.9453 1 1 2025.29 0
160.19 2122.84 91.2357 29.2016 61.6494 5.83656 -5.13907 8.45619 15 15.9375 15 15.9456 1.0625 1 2030.72 0
160.243 2123.01 91.5365 28.9207 62.0988 5.4493 -5.49249 8.28965 15 15.9375 14.0625 15.946 1.13333 1 2029.45 0
160.297 2123.23 91.8242 28.617 62.5474 5.08859 -5.74881 8.061 15.9375 15 15 15.9465 1.0625 1 2020.81 0
160.352 2123.46 92.0993 28.2967 62.9892 4.80709 -5.85322 7.71859 15 15 14.0625 15.9471 1.06667 1 2023.06 0
160.407 2123.75 92.3583 27.9745 63.4087 4.55935 -5.82314 7.27773 15 15 15 15.9478 1 1 2030.33 0
160.461 2123.76 92.6013 27.66 63.7997 4.31827 -5.73045 6.84537 15 15 14.0625 15.9479 1.06667 1 2027.02 0
160.515 2123.83 92.8294 27.3531 64.1657 4.07654 -5.62483 6.48199 15.9375 14.0625 15 15.948 1.13333 1 2026.61 0
160.57 2123.81 93.0485 27.0444 64.5199 3.8135 -5.5332 6.15829 15.9375 14.0625 15 15.948 1.13333 1 2031.64 0
160.625 2123.78 93.2536 26.7395 64.8581 3.57122 -5.49481 5.88455 15.9375 15 15.9375 15.9479 1.0625 1 2024.72 0
160.68 2123.71 93.445 26.4356 65.1824 3.31058 -5.50092 5.65818 16.875 14.0625 15.9375 15.9477 1.2 1 2028.71 0
160.735 2123.54 93.6211 26.1334 65.4916 3.09291 -5.54975 5.45513 16.875 14.0625 15 15.9473 1.2 1 2032.07 0
160.79 2123.44 93.7874 25.8262 65.7908 2.90933 -5.6329 5.25368 16.875 13.125 15.9375 15.9471 1.28571 1 2026.37 0
160.845 2123.31 93.9462 25.5104 66.0807 2.78306 -5.75227 5.04228 16.875 14.0625 15.9375 15.9467 1.2 1 2025.7 0
160.9 2123.16 94.0979 25.1886 66.3579 2.67223 -5.864 4.81875 16.875 14.0625 15 15.9464 1.2 1 2023.65 0
160.956 2123.15 94.2444 24.8605 66.6222 2.56712 -5.9667 4.57062 16.875 13.125 15 15.9463 1.28571 1 2028.21 0
161.011 2123.17 94.3855 24.5262 66.8735 2.46761 -6.02736 4.32085 16.875 13.125 15 15.9464 1.28571 1 2028.4 0
161.067 2123.24 94.5222 24.1869 67.1128 2.37258 -6.07072 4.0928 16.875 14.0625 15 15.9466 1.2 1 2029.52 0
161.123 2123.33 94.6529 23.8472 67.337 2.28121 -6.12137 3.86672 17.8125 14.0625 15 15.9468 1.26667 1 2025.16 0
161.179 2123.37 94.7795 23.5012 67.5515 2.21412 -6.1859 3.64313 17.8125 14.0625 14.0625 15.9469 1.26667 1 2028.95 0
161.235 2123.3 94.9028 23.1513 67.7534 2.14182 -6.25829 3.41691 16.875 14.0625 14.0625 15.9467 1.2 1 2022.41 0
161.291 2123.28 95.0236 22.7963 67.9425 2.15884 -6.41809 3.18375 16.875 15 14.0625 15.9467 1.2 1 2023.62 0
161.347 2123.27 95.1418 22.4398 68.114 2.14181 -6.49789 2.87704 16.875 15 14.0625 15.9466 1.2 1 2022.53 0
161.402 2123.37 95.263 22.0753 68.2687 2.2288 -6.65411 2.56994 16.875 15 14.0625 15.9469 1.2 1 2028.27 0
161.457 2123.37 95.3898 21.7031 68.4052 2.34563 -6.77353 2.24835 16.875 15.9375 14.0625 15.9469 1.2 1 2026.98 0
161.513 2123.54 95.5254 21.322 68.5237 2.5502 -6.94344 1.94157 15.9375 15 14.0625 15.9473 1.13333 1 2030.06 0
161.568 2123.57 95.6722 20.9331 68.6248 2.76808 -7.06863 1.64565 15.9375 15 14.0625 15.9474 1.13333 1 2026.03 0
161.623 2123.44 95.8318 20.5369 68.7103 3.02917 -7.20236 1.39419 15.9375 15.9375 14.0625 15.947 1.13333 1 2027.45 0
161.679 2123.28 96.0066 20.1338 68.7831 3.31853 -7.29959 1.19461 15 15 14.0625 15.9467 1.06667 1 2026.94 0
161.734 2123.31 96.197 19.7258 68.8468 3.59229 -7.41781 1.05729 15 15.9375 15 15.9467 1.0625 1 2031.53 0
161.79 2123.29 96.4031 19.3113 68.9036 3.88658 -7.5162 0.970166 15 15 15 15.9467 1 1 2024.48 0
161.845 2123.28 96.6261 18.8903 68.9565 4.20484 -7.63325 0.924711 14.0625 15.9375 15 15.9467 1.13333 1 2029.57 0
161.9 2123.23 96.8674 18.4619 69.0069 4.52607 -7.804 0.906691 14.0625 15.9375 15 15.9465 1.13333 1 2033.24 0
161.951 2123.17 97.1027 18.0629 69.0523 4.81683 -7.97273 0.915291 15 15 15 15.9464 1 1 2023.16 0
162 2123.17 97.3465 17.6653 69.0973 5.11128 -8.15022 0.924026 15 15.9375 15 15.9464 1.0625 1 2025.39 0
162.056 2123.19 97.6394 17.2059 69.149 5.4416 -8.35311 0.949042 14.0625 15 15.9375 15.9464 1.13333 1 2034.01 0
162.111 2123.21 97.9515 16.731 69.2026 5.7407 -8.59593 0.997017 15 15.9375 15.9375 15.9465 1.0625 1 2028.9 0
162.168 2123.22 98.2808 16.2392 69.2597 5.99603 -8.85886 1.02706 15 15 15.9375 15.9465 1.0625 1 2032.73 0
162.224 2123.18 98.6232 15.7326 69.319 6.16583 -9.12335 1.06825 14.0625 15 15.9375 15.9464 1.13333 1 2026.9 0
162.28 2123.18 98.9747 15.2114 69.379 6.27453 -9.38913 1.07398 15 15 15.9375 15.9464 1.0625 1 2030.41 0
162.336 2123.17 99.3289 14.6744 69.4395 6.29303 -9.6563 1.05898 15 15 15.9375 15.9464 1.0625 1 2029.42 0
162.393 2123.1 99.6828 14.1239 69.4987 6.20978 -9.89467 1.01912 15.9375 14.0625 15 15.9462 1.13333 1 2022.51 0
162.449 2123.04 100.03 13.5592 69.555 6.0663 -10.1304 0.963949 15 15 15 15.9461 1 1 2034.46 0
162.505 2123.07 100.367 12.9815 69.6082 5.84128 -10.3397 0.892807 15 15 15 15.9461 1 1 2025.79 0
162.561 2123.02 100.689 12.3941 69.656 5.52727 -10.5181 0.799775 15.9375 14.0625 15 15.946 1.13333 1 2026.56 0
162.618 2123.03 100.991 11.7975 69.6977 5.1375 -10.6429 0.691656 15 15 15 15.946 1 1 2027.01 0
162.674 2123.03 101.271 11.1937 69.7334 4.69281 -10.7674 0.561779 15.9375 15 15 15.946 1.0625 1 2026.76 0
162.73 2123 101.525 10.5843 69.7609 4.19247 -10.8591 0.401621 15.9375 14.0625 15 15.946 1.13333 1 2027 0
162.786 2122.98 101.75 9.96968 69.779 3.69987 -10.9105 0.236957 15 15 15 15.9459 1 1 2023.74 0
162.843 2123.02 101.945 9.35069 69.787 3.14056 -11.0028 0.0375756 15 15 15 15.946 1 1 2027.94 0
162.899 2123 102.109 8.72794 69.7824 2.58146 -11.0569 -0.192784 15.9375 14.0625 15.9375 15.946 1.13333 1 2020.13 0
162.955 2123.01 102.243 8.10149 69.764 2.03658 -11.1432 -0.427615 15.9375 15 15.9375 15.946 1.0625 1 2022.78 0
163.011 2123.04 102.346 7.47087 69.7319 1.49952 -11.1907 -0.713822 15 15 15.9375 15.946 1.0625 1 2021.02 1
163.067 2122.89 102.42 6.83735 69.6828 1.02084 -11.2968 -1.00326 15 15 15.9375 15.9457 1.0625 1 2023.47 1
163.124 2123.08 102.469 6.19772 69.6159 0.597931 -11.3831 -1.32319 15 15 15 15.9461 1 1 2022.25 1
163.18 2122.98 102.494 5.55263 69.5318 0.242623 -11.5049 -1.63384 15 15.9375 15 15.9459 1.0625 1 2019.69 1
163.236 2123.17 102.502 4.90029 69.4297 -0.0489161 -11.6381 -1.93047 14.0625 15.9375 15 15.9464 1.13333 1 2027.3 1
163.292 2123.16 102.495 4.24034 69.3108 -0.281412 -11.7801 -2.21004 14.0625 15 15 15.9463 1.06667 1 2028.39 1
163.348 2123.15 102.475 3.57323 69.1777 -0.480917 -11.9394 -2.46093 14.0625 15.9375 15 15.9463 1.13333 1 2025.98 1
163.404 2123.11 102.447 2.89807 69.0302 -0.574924 -12.0535 -2.68744 14.0625 15.9375 15 15.9462 1.13333 1 2027 1
163.461 2122.93 102.413 2.21578 68.87 -0.657079 -12.1755 -2.88824 14.0625 16.875 15 15.9458 1.2 1 2025.57 1
163.517 2122.76 102.376 1.52769 68.7 -0.682427 -12.269 -3.06089 14.0625 16.875 15 15.9453 1.2 1 2025.83 1
163.573 2122.49 102.339 0.835644 68.5197 -0.642798 -12.3168 -3.21677 13.125 17.8125 15.9375 15.9447 1.35714 1 2014.73 1
163.629 2122.34 102.306 0.14063 68.3315 -0.556888 -12.3489 -3.34584 13.125 17.8125 15.9375 15.9443 1.35714 1 2020.91 1
163.685 2122 102.277 119.445 68.1383 -0.412851 -12.3611 -3.43087 13.125 16.875 15 15.9435 1.28571 1 2025.57 1
163.742 2121.82 102.26 118.749 67.9398 -0.220776 -12.3426 -3.49775 13.125 16.875 15 15.943 1.28571 1 2025.71 1
163.798 2121.63 102.253 118.054 67.7375 0.0129087 -12.3346 -3.55544 13.125 17.8125 15 15.9425 1.35714 1 2023.94 1
163.854 2121.4 102.26 117.36 67.5336 0.305233 -12.3282 -3.59295 13.125 16.875 15 15.9419 1.28571 1 2023.01 1
163.91 2121.09 102.286 116.666 67.3272 0.65068 -12.3235 -3.62501 14.0625 16.875 15.9375 15.9412 1.2 1 2024.51 1
163.966 2120.86 102.332 115.97 67.1194 1.04174 -12.3486 -3.64372 14.0625 16.875 15 15.9406 1.2 1 2020.71 1
164.022 2120.55 102.4 115.274 66.9119 1.46329 -12.4166 -3.6455 14.0625 15.9375 15 15.9398 1.13333 1 2024.1 1
164.079 2120.41 102.493 114.572 66.7053 1.90661 -12.5396 -3.61877 14.0625 15.9375 15 15.9395 1.13333 1 2016.92 1
164.135 2120.01 102.611 113.861 66.5001 2.37908 -12.7146 -3.57012 14.0625 16.875 14.0625 15.9385 1.2 1 2024.1 1
164.191 2119.8 102.756 113.138 66.2979 2.86415 -12.9641 -3.51964 13.125 16.875 15 15.9379 1.28571 1 2021.75 1
164.247 2119.6 102.93 112.399 66.0988 3.38564 -13.2905 -3.46496 14.0625 15.9375 15 15.9374 1.13333 1 2021.79 1
164.303 2119.5 103.133 111.641 65.9034 3.91049 -13.6744 -3.38892 14.0625 15.9375 15 15.9372 1.13333 1 2023.4 0
164.36 2119.47 103.364 110.859 65.714 4.43088 -14.1149 -3.26385 14.0625 16.875 14.0625 15.9371 1.2 1 2026.77 0
164.416 2119.43 103.626 110.05 65.5317 4.93537 -14.6197 -3.1238 15 16.875 14.0625 15.937 1.2 1 2027.72 0
164.472 2119.35 103.915 109.212 65.3578 5.43835 -15.1543 -2.96884 15 16.875 14.0625 15.9368 1.2 1 2022.97 0
164.528 2119.23 104.232 108.344 65.1928 5.89275 -15.6937 -2.79888 14.0625 16.875 14.0625 15.9365 1.2 1 2020.47 0
164.584 2119.27 104.573 107.445 65.0374 6.30215 -16.2213 -2.63189 15 16.875 14.0625 15.9366 1.2 1 2026.36 0
164.64 2119.22 104.935 106.518 64.892 6.64093 -16.7177 -2.46486 15 16.875 14.0625 15.9365 1.2 1 2022.59 0
164.697 2119.29 105.316 105.564 64.7568 6.92321 -17.1711 -2.28942 15 16.875 14.0625 15.9367 1.2 1 2024.16 0
164.753 2119.4 105.709 104.586 64.6313 7.11623 -17.5653 -2.09405 15 16.875 13.125 15.9369 1.28571 1 2027.92 0
164.809 2119.42 106.111 103.587 64.5176 7.19303 -17.8652 -1.86666 15.9375 16.875 13.125 15.937 1.28571 1 2023.04 0
164.865 2119.33 106.515 102.574 64.4181 7.1822 -18.1221 -1.60417 15 16.875 13.125 15.9368 1.28571 1 2025.76 0
164.921 2119.4 106.916 101.549 64.3347 7.06285 -18.3094 -1.28215 15.9375 15.9375 14.0625 15.9369 1.13333 1 2026.3 0
164.972 2119.38 107.269 100.617 64.277 6.90031 -18.4705 -0.951021 15 15.9375 14.0625 15.9369 1.13333 1 2029.65 0
165.022 2119.37 107.607 99.6916 64.2378 6.63394 -18.6476 -0.602722 15 15.9375 14.0625 15.9369 1.13333 1 2026.53 0
165.077 2119.31 107.963 98.6631 64.216 6.3325 -18.8506 -0.174233 15.9375 15.9375 14.0625 15.9367 1.13333 1 2028.24 0
165.132 2119.24 108.305 97.6127 64.219 6.00239 -19.0833 0.250743 15 15.9375 15 15.9365 1.0625 1 2026.14 0
165.188 2119.48 108.631 96.5448 64.2452 5.69335 -19.3158 0.664985 15.9375 15 15 15.9371 1.0625 1 2019.55 0
165.243 2119.68 108.941 95.4639 64.2929 5.42175 -19.5204 1.03511 15.9375 15 15 15.9376 1.0625 1 2031.21 0
165.299 2119.4 109.236 94.3733 64.3615 5.18168 -19.6679 1.34832 15 15 15 15.9369 1 1 2027.74 0
165.355 2119.27 109.52 93.2767 64.4462 4.98442 -19.7473 1.60455 15.9375 15 15.9375 15.9366 1.0625 1 2017.86 0
165.41 2118.96 109.793 92.1766 64.5436 4.81528 -19.7553 1.79312 15 14.0625 16.875 15.9358 1.2 1 2020.07 0
165.466 2118.89 110.057 91.078 64.6511 4.64431 -19.6864 1.9298 15 14.0625 16.875 15.9357 1.2 1 2022.93 0
165.521 2118.61 110.312 89.9849 64.7637 4.46827 -19.586 2.00721 15.9375 14.0625 15.9375 15.9349 1.13333 1 2023.64 0
165.577 2118.69 110.558 88.8992 64.8794 4.29533 -19.404 2.03548 15.9375 14.0625 15.9375 15.9352 1.13333 1 2021.53 0
165.633 2118.49 110.793 87.8238 64.9962 4.10161 -19.1974 2.03692 15 15 15.9375 15.9347 1.0625 1 2019.98 0
165.688 2118.07 111.018 86.7599 65.1121 3.8908 -18.9957 2.01028 15.9375 14.0625 16.875 15.9336 1.2 1 2023.97 0
165.744 2117.7 111.229 85.7083 65.2247 3.63781 -18.7679 1.95332 15.9375 14.0625 16.875 15.9327 1.2 1 2025.22 0
165.8 2117.36 111.425 84.6699 65.3346 3.35224 -18.5268 1.89015 15.9375 14.0625 15.9375 15.9318 1.13333 1 2019.88 0
165.855 2117.08 111.605 83.6438 65.44 3.03124 -18.2992 1.80897 16.875 14.0625 15.9375 15.9311 1.2 1 2021.28 1
165.911 2116.85 111.765 82.6292 65.5391 2.64226 -18.0974 1.69067 16.875 14.0625 15.9375 15.9305 1.2 1 2019.31 1
165.967 2116.94 111.901 81.6257 65.6313 2.16392 -17.9276 1.55535 16.875 14.0625 15.9375 15.9308 1.2 1 2016.85 1
166.022 2117.16 112.011 80.6265 65.7163 1.65871 -17.7929 1.43296 17.8125 14.0625 15 15.9313 1.26667 1 2017.04 1
166.079 2117.05 112.09 79.6296 65.7935 1.08249 -17.6697 1.28792 17.8125 14.0625 15 15.931 1.26667 1 2021 1
166.135 2116.87 112.136 78.6379 65.8619 0.453391 -17.59 1.13607 17.8125 14.0625 15 15.9306 1.26667 1 2020.44 1
166.191 2116.63 112.147 77.6505 65.9226 -0.165869 -17.5028 1.00442 17.8125 14.0625 15 15.93 1.26667 1 2016.12 1
166.247 2116.31 112.124 76.6672 65.9757 -0.726213 -17.4188 0.875226 17.8125 14.0625 14.0625 15.9292 1.26667 1 2017.51 1
166.303 2116.03 112.072 75.689 66.0207 -1.15034 -17.3141 0.736678 17.8125 15 14.0625 15.9285 1.26667 1 2021.76 1
166.36 2115.89 112.001 74.7164 66.0581 -1.43859 -17.191 0.591471 17.8125 15 14.0625 15.9281 1.26667 1 2023.99 1
166.416 2115.59 111.917 73.752 66.0876 -1.5218 -17.0317 0.453165 17.8125 15 14.0625 15.9274 1.26667 1 2025.81 1
166.472 2115.35 111.832 72.7975 66.1085 -1.48547 -16.8227 0.326603 17.8125 15 13.125 15.9268 1.35714 1 2022.65 1
166.528 2115.18 111.752 71.8552 66.1233 -1.33962 -16.5751 0.231319 17.8125 15 13.125 15.9263 1.35714 1 2022.14 1
166.584 2114.93 111.681 70.9284 66.1341 -1.13851 -16.2902 0.197666 16.875 15 13.125 15.9257 1.28571 1 2022.08 1
166.64 2114.7 111.623 70.0195 66.1433 -0.919488 -15.9304 0.234981 16.875 15 13.125 15.9251 1.28571 1 2022.67 1
166.697 2114.35 111.577 69.1321 66.1572 -0.696558 -15.5227 0.347573 16.875 15 13.125 15.9243 1.28571 1 2019.97 1
166.753 2114.29 111.542 68.2694 66.1795 -0.57757 -15.06 0.530709 16.875 15 14.0625 15.9241 1.2 1 2013.3 1
166.809 2114.19 111.512 67.4343 66.2136 -0.506909 -14.5487 0.78528 15.9375 15.9375 15 15.9239 1.0625 1 2019.69 0
166.865 2113.92 111.484 66.6293 66.264 -0.500425 -13.9814 1.10795 15.9375 15.9375 15 15.9232 1.0625 1 2019.97 0
166.921 2113.77 111.455 65.8559 66.3325 -0.575106 -13.4383 1.41332 15.9375 15.9375 15 15.9228 1.0625 1 2018.28 0
166.978 2113.95 111.42 65.1137 66.4194 -0.669069 -12.8689 1.74395 15 15.9375 15.9375 15.9233 1.0625 1 2018.36 0
167.034 2113.95 111.378 64.4027 66.5247 -0.818174 -12.3312 2.03137 15 15 15.9375 15.9233 1.0625 1 2019.29 0
167.09 2113.88 111.328 63.723 66.6464 -0.993224 -11.7803 2.30026 15 15.9375 15.9375 15.9231 1.0625 1 2017.76 0
167.146 2114.03 111.267 63.0743 66.782 -1.17944 -11.2022 2.5257 14.0625 15.9375 16.875 15.9235 1.2 1 2015.23 0
167.202 2114.15 111.195 62.458 66.9295 -1.38352 -10.62 2.69255 14.0625 15.9375 16.875 15.9238 1.2 1 2016.6 0
167.258 2114.27 111.111 61.8758 67.084 -1.58016 -10.0055 2.771 13.125 15.9375 16.875 15.9241 1.28571 1 2013.5 0
167.315 2114.51 111.016 61.327 67.2406 -1.76955 -9.38765 2.76121 13.125 15.9375 16.875 15.9247 1.28571 1 2016.23 0
167.371 2114.51 110.911 60.8143 67.396 -1.94163 -8.76033 2.69482 14.0625 15.9375 15.9375 15.9247 1.13333 1 2015.77 0
167.427 2114.66 110.798 60.3356 67.5457 -2.0765 -8.17024 2.54407 14.0625 15.9375 16.875 15.925 1.2 1 2020.52 0
167.483 2114.61 110.678 59.8902 67.6844 -2.13106 -7.61489 2.31752 14.0625 15.9375 16.875 15.9249 1.2 1 2020.66 0
167.539 2114.65 110.557 59.4731 67.81 -2.13445 -7.14315 2.0519 14.0625 15.9375 16.875 15.925 1.2 1 2011.66 0
167.596 2114.8 110.438 59.0818 67.9207 -2.06082 -6.72852 1.79545 15 15.9375 15 15.9254 1.0625 1 2014.31 0
167.652 2114.92 110.325 58.7115 68.0174 -1.90032 -6.37622 1.57516 15 15 15 15.9257 1 1 2022.06 0
167.708 2114.91 110.222 58.3596 68.1036 -1.67763 -6.08291 1.43026 15 15.9375 15 15.9257 1.0625 1 2020.08 0
167.764 2114.75 110.134 58.0237 68.1841 -1.39741 -5.8111 1.38015 15 15 15 15.9253 1 1 2016.4 0
167.82 2114.66 110.063 57.7031 68.2637 -1.05525 -5.56912 1.40371 15.9375 15 15 15.925 1.0625 1 2017.34 0
167.876 2114.5 110.012 57.3954 68.3474 -0.666403 -5.33939 1.51854 15.9375 14.0625 15 15.9246 1.13333 1 2018.68 0
167.933 2114.26 109.983 57.1018 68.4402 -0.282079 -5.08079 1.7297 15.9375 15 15 15.924 1.0625 1 2017.21 0
167.989 2114.18 109.975 56.8223 68.5454 0.0781222 -4.82621 1.97847 16.875 15 15 15.9238 1.125 1 2008.97 0
168.045 2114.11 109.987 56.5574 68.6659 0.405125 -4.54063 2.26527 16.875 14.0625 15 15.9237 1.2 1 2014.45 0
168.101 2114.14 110.017 56.3101 68.8044 0.721468 -4.23052 2.60566 16.875 14.0625 15 15.9237 1.2 1 2012.31 0
168.157 2114.32 110.064 56.0817 68.9613 0.983167 -3.89392 2.92841 16.875 14.0625 15.9375 15.9242 1.2 1 2013.81 0
168.213 2114.44 110.124 55.8731 69.1349 1.18847 -3.5105 3.20069 16.875 14.0625 15 15.9245 1.2 1 2016.16 0
168.27 2114.62 110.196 55.6853 69.3235 1.35905 -3.13375 3.43929 15.9375 13.125 15 15.9249 1.21429 1 2011.16 0
168.326 2114.8 110.276 55.5188 69.5248 1.49405 -2.74979 3.6331 15.9375 14.0625 15.9375 15.9254 1.13333 1 2018.08 0
168.382 2115.03 110.362 55.3739 69.7363 1.57241 -2.40648 3.7814 15.9375 14.0625 15.9375 15.926 1.13333 1 2017.71 0
168.438 2115.27 110.452 55.2483 69.9543 1.60791 -2.06755 3.85822 15.9375 14.0625 15 15.9266 1.13333 1 2023.72 0
168.494 2115.6 110.543 55.1411 70.175 1.62579 -1.7295 3.87397 15.9375 14.0625 15 15.9274 1.13333 1 2018.26 0
168.551 2115.87 110.634 55.0525 70.3957 1.61084 -1.42977 3.8353 15.9375 15 14.0625 15.9281 1.13333 1 2009.8 0
168.607 2116.13 110.724 54.9799 70.6131 1.57083 -1.17333 3.75109 15 15.9375 15 15.9287 1.0625 1 2017.56 0
168.663 2116.31 110.811 54.9204 70.8232 1.51404 -0.946393 3.59473 15 15.9375 15 15.9292 1.0625 1 2018.77 0
168.719 2116.39 110.896 54.8725 71.024 1.46011 -0.750296 3.40441 15 16.875 14.0625 15.9294 1.2 1 2020.65 0
168.774 2116.46 110.975 54.8362 71.21 1.40139 -0.562937 3.19985 15 16.875 14.0625 15.9296 1.2 1 2023.98 0
168.828 2116.58 111.049 54.8108 71.3789 1.34595 -0.367341 2.97154 15 16.875 14.0625 15.9299 1.2 1 2021.1 0
168.882 2116.63 111.121 54.7958 71.5356 1.27137 -0.169617 2.73936 15 16.875 13.125 15.93 1.28571 1 2017.82 0
168.936 2116.77 111.188 54.7927 71.6793 1.20602 0.0770621 2.49636 15 16.875 13.125 15.9303 1.28571 1 2022.06 0
168.989 2116.93 111.253 54.8034 71.8092 1.14143 0.361524 2.23311 15 16.875 13.125 15.9307 1.28571 1 2017 0
169.045 2117.04 111.315 54.8318 71.93 1.05985 0.700689 1.9783 15 17.8125 12.1875 15.931 1.46154 1 2017.84 0
169.101 2117.23 111.373 54.8805 72.0379 0.967029 1.0741 1.72362 15.9375 17.8125 12.1875 15.9315 1.46154 1 2015 0
169.157 2117.47 111.425 54.9515 72.1308 0.827962 1.49608 1.48014 15.9375 17.8125 12.1875 15.9321 1.46154 1 2019.49 0
169.213 2117.71 111.47 55.0476 72.2101 0.69848 1.98169 1.2493 15.9375 17.8125 13.125 15.9327 1.35714 1 2017.09 0
169.27 2117.96 111.506 55.172 72.2766 0.540499 2.51278 1.0313 15.9375 16.875 13.125 15.9333 1.28571 1 2018.3 0
169.324 2118.25 111.532 55.3215 72.329 0.378313 3.07412 0.849229 15.9375 16.875 13.125 15.934 1.28571 1 2026.82 0
169.378 2118.41 111.549 55.5018 72.372 0.161553 3.67497 0.686622 15.9375 15.9375 13.125 15.9345 1.21429 1 2020.42 0
169.433 2118.65 111.555 55.7174 72.4079 -0.013679 4.30091 0.565089 15.9375 15.9375 13.125 15.9351 1.21429 1 2023.07 0
169.488 2118.75 111.549 55.9728 72.4365 -0.251587 4.97242 0.424753 15.9375 15.9375 13.125 15.9353 1.21429 1 2016.02 0
169.544 2118.88 111.529 56.2677 72.4579 -0.549159 5.66585 0.292939 16.875 15.9375 13.125 15.9356 1.28571 1 2022.89 0
169.599 2118.96 111.492 56.6011 72.4715 -0.84205 6.35066 0.13166 16.875 15.9375 13.125 15.9358 1.28571 1 2024.39 0
169.655 2118.95 111.438 56.9717 72.4751 -1.1574 6.9909 -0.0389933 16.875 15.9375 13.125 15.9358 1.28571 1 2016.47 0
169.711 2118.98 111.366 57.3777 72.4679 -1.48473 7.60038 -0.266814 16.875 15 13.125 15.9359 1.28571 1 2021.12 0
169.766 2119.01 111.276 57.8151 72.4469 -1.82347 8.13097 -0.540232 16.875 15.9375 14.0625 15.936 1.2 1 2013.42 0
169.822 2119.01 111.167 58.2805 72.4091 -2.14343 8.57311 -0.836428 16.875 15 14.0625 15.9359 1.2 1 2023.51 0
169.878 2118.92 111.04 58.7682 72.3542 -2.47705 8.92227 -1.15901 16.875 14.0625 14.0625 15.9357 1.2 1 2023.29 0
169.933 2118.78 110.895 59.2728 72.281 -2.79715 9.1724 -1.49384 16.875 15 14.0625 15.9354 1.2 1 2022.94 0
169.989 2118.62 110.731 59.7891 72.1877 -3.11036 9.33906 -1.84227 16.875 14.0625 14.0625 15.935 1.2 1 2026.4 0
170.045 2118.51 110.549 60.3168 72.0737 -3.42443 9.44768 -2.20151 15.9375 15 15 15.9347 1.0625 1 2021.34 0
170.101 2118.41 110.349 60.8505 71.9397 -3.72169 9.53498 -2.55073 16.875 14.0625 15 15.9345 1.2 1 2023.25 0
170.157 2118.43 110.133 61.3882 71.7852 -4.00526 9.55944 -2.90064 16.875 14.0625 15 15.9345 1.2 1 2023.32 0
170.213 2118.39 109.901 61.9264 71.6112 -4.2708 9.56301 -3.23239 15.9375 14.0625 15 15.9344 1.13333 1 2024.39 0
170.27 2118.18 109.655 62.4662 71.4188 -4.52575 9.58208 -3.55775 15.9375 14.0625 15.9375 15.9339 1.13333 1 2025.32 0
170.326 2117.98 109.395 63.006 71.2078 -4.75939 9.59593 -3.87497 15 14.0625 15.9375 15.9334 1.13333 1 2021.3 0
170.382 2117.69 109.122 63.5471 70.9791 -4.95887 9.61059 -4.18416 15.9375 14.0625 15.9375 15.9326 1.13333 1 2017.92 0
170.438 2117.48 108.839 64.088 70.7331 -5.13526 9.6272 -4.48296 15.9375 14.0625 15.9375 15.9321 1.13333 1 2016.2 0
170.494 2117.16 108.546 64.6313 70.47 -5.29442 9.65107 -4.76847 15 14.0625 15.9375 15.9313 1.13333 1 2031.7 0
170.551 2116.75 108.245 65.1759 70.1917 -5.44227 9.68377 -5.02429 15 15 15.9375 15.9303 1.0625 1 2017.07 0
170.607 2116.54 107.937 65.7228 69.8996 -5.55921 9.73267 -5.25027 14.0625 14.0625 16.875 15.9298 1.2 1 2020.89 0
170.663 2116.29 107.621 66.2734 69.5947 -5.66569 9.79209 -5.446 15 15 15.9375 15.9291 1.0625 1 2023.88 0
170.719 2116.12 107.299 66.8271 69.2806 -5.78027 9.851 -5.58607 15 15 15.9375 15.9287 1.0625 1 2024.5 0
170.775 2116.17 106.97 67.3831 68.9583 -5.90903 9.90497 -5.70958 14.0625 15 15 15.9288 1.06667 1 2017.21 0
170.831 2116.16 106.634 67.9429 68.6301 -6.02443 9.94528 -5.78369 15 15 15.9375 15.9288 1.0625 1 2017.43 0
170.888 2116.03 106.293 68.5039 68.2986 -6.1486 9.96068 -5.81214 15 15.9375 15.9375 15.9285 1.0625 1 2016.74 0
170.944 2115.99 105.944 69.0659 67.9681 -6.28018 9.97158 -5.77256 14.0625 15 15 15.9284 1.06667 1 2026.44 0
171 2116.01 105.588 69.6285 67.6407 -6.38313 9.96328 -5.68544 15 15 15 15.9284 1 1 2023.97 0
171.056 2116.03 105.225 70.19 67.3197 -6.53489 9.93009 -5.51558 15 15 15 15.9285 1 1 2019.15 0
171.112 2116.01 104.855 70.7492 67.0101 -6.61566 9.88763 -5.29322 15 15 15 15.9284 1 1 2020.61 0
171.169 2115.9 104.477 71.3054 66.7143 -6.79395 9.84568 -5.01833 15 15.9375 15 15.9282 1.0625 1 2020.19 0
171.225 2115.83 104.091 71.8586 66.4348 -6.93005 9.79174 -4.69166 15.9375 15 14.0625 15.928 1.13333 1 2026.22 0
171.281 2115.74 103.698 72.4093 66.176 -7.04835 9.74792 -4.31305 15 15 15 15.9277 1 1 2021.71 0
171.337 2115.79 103.298 72.9574 65.9398 -7.17052 9.71291 -3.89695 15.9375 15 15 15.9279 1.0625 1 2014.91 0
171.393 2115.79 102.892 73.5052 65.7279 -7.27391 9.7136 -3.44573 15 15 15 15.9279 1 1 2024.54 0
171.449 2115.81 102.48 74.0522 65.5424 -7.36888 9.69981 -2.96395 15 15 14.0625 15.9279 1.06667 1 2012.23 0
171.506 2115.92 102.063 74.5986 65.3843 -7.43737 9.70447 -2.47117 15.9375 15 15 15.9282 1.0625 1 2021.32 0
171.562 2116 101.643 75.1458 65.2551 -7.48177 9.68624 -1.96669 15 15 15 15.9284 1 1 2031.51 0
171.618 2116.16 101.222 75.6916 65.1552 -7.46712 9.70429 -1.4533 15.9375 15 15 15.9288 1.0625 1 2017.23 0
171.674 2116.28 100.802 76.2374 65.084 -7.43812 9.66954 -0.947857 15 15 15 15.9291 1 1 2026.48 0
171.73 2116.3 100.385 76.7812 65.0413 -7.35812 9.63764 -0.448528 15 14.0625 15 15.9292 1.06667 1 2022.48 0
171.787 2116.3 99.9724 77.3226 65.027 -7.25578 9.59108 0.0391794 15 15 15 15.9292 1 1 2019.4 0
171.843 2116.25 99.5673 77.8617 65.0403 -7.12933 9.54384 0.521786 15 15 15.9375 15.929 1.0625 1 2024.28 0
171.899 2116.32 99.169 78.397 65.0801 -7.00831 9.4711 0.969335 14.0625 15 15.9375 15.9292 1.13333 1 2018.6 0
171.955 2116.58 98.7793 78.9292 65.1455 -6.84413 9.40589 1.39669 15 15 15.9375 15.9299 1.0625 1 2021.69 0
172.011 2116.65 98.3983 79.457 65.2348 -6.70025 9.3506 1.80377 14.0625 15 15.9375 15.93 1.13333 1 2027.26 0
172.067 2116.45 98.0255 79.9814 65.3464 -6.55419 9.27798 2.1703 14.0625 15.9375 16.875 15.9295 1.2 1 2011.36 0
172.124 2116.54 97.6597 80.5019 65.4786 -6.45794 9.21488 2.52647 14.0625 15 15.9375 15.9298 1.13333 1 2022.68 0
172.18 2116.67 97.3014 81.0192 65.6295 -6.3305 9.1419 2.83124 14.0625 15.9375 15.9375 15.9301 1.13333 1 2028.62 0
172.236 2116.72 96.9472 81.5329 65.7965 -6.25198 9.08598 3.08127 14.0625 15 15.9375 15.9302 1.13333 1 2019.19 0
172.292 2116.79 96.5969 82.0437 65.9765 -6.20203 9.0488 3.27276 14.0625 15 15.9375 15.9304 1.13333 1 2026.4 0
172.348 2117 96.2506 82.5531 66.1676 -6.15397 9.04024 3.45103 14.0625 15.9375 15 15.9309 1.13333 1 2023.64 0
172.404 2117.19 95.9053 83.0611 66.3664 -6.12404 9.02409 3.55248 15 15 15 15.9314 1 1 2018.45 0
172.461 2117.24 95.5626 83.5696 66.5715 -6.07258 9.03746 3.64504 14.0625 15.9375 15 15.9315 1.13333 1 2027.13 0
172.517 2117.25 95.2217 84.079 66.7811 -6.0397 9.06374 3.71058 15 15 15 15.9316 1 1 2019.75 0
172.573 2117.42 94.8822 84.591 66.9931 -6.02351 9.12697 3.73896 15 15.9375 15 15.932 1.0625 1 2019.81 0
172.629 2117.6 94.5443 85.1071 67.2066 -5.99048 9.21539 3.75128 14.0625 15.9375 14.0625 15.9324 1.13333 1 2021.17 0
172.685 2117.7 94.2074 85.6269 67.4208 -5.9716 9.28381 3.76063 15 15.9375 14.0625 15.9327 1.13333 1 2026.33 0
172.742 2117.88 93.872 86.1523 67.635 -5.95663 9.38482 3.75086 15 15.9375 14.0625 15.9331 1.13333 1 2021.72 0
172.798 2118.12 93.5374 86.6821 67.8504 -5.93898 9.45941 3.76852 15.9375 15.9375 14.0625 15.9337 1.13333 1 2020.19 0
172.854 2118.07 93.2034 87.2159 68.0666 -5.92583 9.53393 3.78946 15 15.9375 14.0625 15.9336 1.13333 1 2029.13 0
172.91 2118.29 92.8686 87.7541 68.2833 -5.94759 9.58186 3.81105 15.9375 15.9375 14.0625 15.9341 1.13333 1 2025.85 0
172.966 2118.53 92.5339 88.2942 68.502 -5.9651 9.62394 3.83241 15.9375 15.9375 14.0625 15.9347 1.13333 1 2019.45 0
173.022 2118.84 92.1964 88.8371 68.7225 -6.02077 9.65475 3.86334 16.875 15.9375 13.125 15.9355 1.28571 1 2019.49 0
173.079 2119 91.8564 89.3818 68.9449 -6.05489 9.67392 3.92025 15.9375 15 13.125 15.9359 1.21429 1 2026.1 0
173.135 2119.23 91.5142 89.9272 69.1711 -6.11364 9.68404 3.98482 16.875 15.9375 14.0625 15.9365 1.2 1 2022.14 0
173.191 2119.51 91.1689 90.4716 69.4007 -6.19343 9.65608 4.05086 16.875 15 14.0625 15.9372 1.2 1 2022.64 0
173.247 2119.65 90.8165 91.0143 69.6334 -6.33117 9.59555 4.08567 16.875 15 13.125 15.9376 1.28571 1 2022.53 0
173.303 2119.62 90.4568 91.5516 69.8687 -6.47495 9.49875 4.14114 16.875 15 13.125 15.9375 1.28571 1 2023.62 0
173.36 2119.66 90.0894 92.0838 70.1075 -6.62572 9.35635 4.19449 17.8125 15 14.0625 15.9376 1.26667 1 2021.77 0
173.416 2119.79 89.7111 92.6069 70.348 -6.84484 9.19594 4.20186 16.875 15 14.0625 15.9379 1.2 1 2025.91 0
173.472 2119.87 89.3204 93.1204 70.5892 -7.08985 8.99913 4.20866 17.8125 15 13.125 15.9381 1.35714 1 2022.28 0
173.528 2119.94 88.9149 93.6212 70.8301 -7.38065 8.75287 4.18143 16.875 14.0625 13.125 15.9383 1.28571 1 2024.6 0
173.584 2119.97 88.4906 94.1096 71.0677 -7.71551 8.52591 4.12151 17.8125 15 14.0625 15.9384 1.26667 1 2023.05 0
173.64 2119.94 88.0469 94.5836 71.3021 -8.08249 8.26723 4.03671 17.8125 14.0625 14.0625 15.9383 1.26667 1 2016.4 0
173.697 2119.97 87.5818 95.0433 71.5315 -8.50527 7.99314 3.94533 16.875 15 13.125 15.9384 1.28571 1 2025.87 0
173.753 2120.09 87.0922 95.4882 71.7539 -8.94114 7.73655 3.81638 17.8125 15 13.125 15.9387 1.35714 1 2022.95 0
173.809 2120.06 86.5774 95.9181 71.9693 -9.41773 7.47536 3.66263 16.875 15 13.125 15.9386 1.28571 1 2023.5 0
173.865 2120.02 86.0362 96.3341 72.1766 -9.87598 7.24805 3.52098 16.875 15.9375 13.125 15.9385 1.28571 1 2017.38 0
173.921 2119.8 85.4687 96.7381 72.3747 -10.3562 7.03264 3.36451 16.875 15 13.125 15.9379 1.28571 1 2023.36 0
173.978 2119.7 84.8754 97.1293 72.5631 -10.7972 6.8235 3.18966 16.875 15.9375 13.125 15.9377 1.28571 1 2022.44 0
174.034 2119.73 84.2581 97.5091 72.7413 -11.2205 6.63721 3.00342 16.875 15 13.125 15.9378 1.28571 1 2025.23 0
174.09 2119.55 83.617 97.8791 72.9086 -11.6102 6.42435 2.81223 16.875 15.9375 13.125 15.9373 1.28571 1 2027.85 0
174.146 2119.35 82.9543 98.2371 73.0647 -11.9803 6.25089 2.61556 16.875 15.9375 13.125 15.9368 1.28571 1 2022.21 0
174.202 2119.34 82.2721 98.5845 73.2089 -12.3165 6.02864 2.39833 15.9375 15 14.0625 15.9368 1.13333 1 2022.3 0
174.258 2119.29 81.5713 98.921 73.341 -12.6128 5.82908 2.19949 16.875 15.9375 14.0625 15.9366 1.2 1 2020.67 0
174.315 2119.3 80.8547 99.2435 73.462 -12.8577 5.58482 1.99514 16.875 15.9375 14.0625 15.9367 1.2 1 2022.67 0
174.371 2119.3 80.1248 99.5528 73.572 -13.102 5.32315 1.83367 15.9375 15.9375 14.0625 15.9367 1.13333 1 2026.5 0
174.427 2119.23 79.3836 99.8478 73.6726 -13.2445 5.05038 1.67496 15.9375 15.9375 14.0625 15.9365 1.13333 1 2025.51 0
174.483 2119.18 78.6339 100.126 73.7651 -13.3894 4.74436 1.52665 15.9375 15.9375 14.0625 15.9364 1.13333 1 2020.99 0
174.539 2119.1 77.878 100.385 73.8495 -13.4703 4.39834 1.41365 15.9375 15.9375 15 15.9362 1.0625 1 2021.86 0
174.596 2119.08 77.1172 100.625 73.9278 -13.535 4.04835 1.33611 15 15 15 15.9361 1 1 2022.57 0
174.652 2119.07 76.3539 100.844 74.0031 -13.5656 3.66099 1.29533 15 15 15 15.9361 1 1 2020.3 0
174.708 2119.09 75.5888 101.041 74.0757 -13.5707 3.25531 1.27265 15.9375 15.9375 15 15.9362 1.0625 1 2021.61 0
174.764 2119.1 74.8234 101.216 74.1483 -13.5571 2.85257 1.28588 15.9375 15.9375 15 15.9362 1.0625 1 2022.4 0
174.82 2119.02 74.0596 101.367 74.2225 -13.5114 2.45227 1.32417 15.9375 15.9375 15.9375 15.936 1 1 2019.88 0
174.876 2118.94 73.3004 101.496 74.299 -13.3829 2.04472 1.37676 15.9375 15 15 15.9358 1.0625 1 2019.04 0
174.933 2118.9 72.5503 101.602 74.379 -13.1711 1.63189 1.44107 15.9375 15 15 15.9357 1.0625 1 2025.99 0
174.989 2118.91 71.815 101.685 74.463 -12.8532 1.21655 1.50008 15 15 15 15.9357 1 1 2021.76 0
175.045 2118.86 71.101 101.744 74.5489 -12.3919 0.787852 1.52593 15 15 15 15.9356 1 1 2021.66 0
175.101 2118.82 70.416 101.779 74.6347 -11.7853 0.331613 1.49248 15.9375 15.9375 15 15.9355 1.0625 1 2018.63 0
175.157 2118.76 69.7693 101.788 74.7183 -11.006 -0.137823 1.40648 15.9375 15.9375 15 15.9353 1.0625 1 2020.83 0
175.213 2118.73 69.171 101.769 74.795 -10.0359 -0.627737 1.25147 15 15.9375 15 15.9353 1.0625 1 2020.93 0
175.27 2118.74 68.632 101.722 74.8613 -8.87358 -1.14394 1.02038 15.9375 15.9375 15 15.9353 1.0625 1 2016.06 0
175.326 2118.74 68.162 101.646 74.9129 -7.54871 -1.67102 0.713723 15 15.9375 15 15.9353 1.0625 1 2016.76 0
175.382 2118.72 67.7705 101.539 74.9443 -6.08432 -2.20737 0.314034 15.9375 16.875 15 15.9352 1.125 1 2014.6 0
175.438 2118.63 67.4633 101.401 74.9512 -4.51601 -2.72261 -0.160145 15 15.9375 14.0625 15.935 1.13333 1 2017.53 0
175.494 2118.51 67.2456 101.236 74.9313 -2.89795 -3.17549 -0.655365 15 15.9375 14.0625 15.9347 1.13333 1 2024.97 0
175.551 2118.41 67.1172 101.047 74.8814 -1.3522 -3.51734 -1.20499 15 15.9375 14.0625 15.9344 1.13333 1 2019.24 0
175.607 2118.33 67.0745 100.841 74.8007 0.126867 -3.75281 -1.75311 15.9375 16.875 14.0625 15.9343 1.2 1 2021.66 0
175.663 2118.29 67.1125 100.624 74.6875 1.47777 -3.87857 -2.33066 15.9375 16.875 15 15.9342 1.125 1 2013.25 0
175.719 2118.26 67.2238 100.403 74.5412 2.7053 -3.90339 -2.9046 15 16.875 14.0625 15.9341 1.2 1 2020.62 0
175.775 2118.21 67.4004 100.183 74.3629 3.7772 -3.81863 -3.48632 15.9375 16.875 14.0625 15.934 1.2 1 2019.21 0
175.831 2118.17 67.6333 99.9707 74.1516 4.7218 -3.65834 -4.05983 15.9375 16.875 14.0625 15.9338 1.2 1 2024 0
175.888 2118.15 67.9174 99.7691 73.9064 5.58087 -3.43341 -4.61701 15.9375 16.875 13.125 15.9338 1.28571 1 2023.53 0
175.944 2118.13 68.2473 99.5826 73.6311 6.34206 -3.13008 -5.1243 15 16.875 14.0625 15.9338 1.2 1 2022.34 0
176 2118.08 68.6183 99.4151 73.3288 7.05117 -2.7573 -5.56816 15.9375 17.8125 14.0625 15.9336 1.26667 1 2020 0
176.056 2118.02 69.0286 99.2691 73.0007 7.72427 -2.35443 -5.96959 15 17.8125 14.0625 15.9335 1.26667 1 2021.66 0
176.112 2117.99 69.4756 99.1478 72.6529 8.35352 -1.9162 -6.27608 15.9375 17.8125 14.0625 15.9334 1.26667 1 2020.43 0
176.169 2117.96 69.9561 99.0517 72.2903 8.96049 -1.45381 -6.5068 15 17.8125 14.0625 15.9333 1.26667 1 2018.75 0
176.225 2117.9 70.4715 98.9799 71.9142 9.53501 -1.01477 -6.69139 15 17.8125 14.0625 15.9332 1.26667 1 2021.78 0
176.281 2117.9 71.0169 98.9333 71.5305 10.029 -0.600108 -6.81864 14.0625 17.8125 14.0625 15.9332 1.26667 1 2020.4 0
176.337 2117.84 71.5891 98.9096 71.1399 10.4892 -0.20638 -6.92051 15 18.75 13.125 15.933 1.42857 1 2007.46 0
176.393 2117.81 72.1866 98.9076 70.743 10.8639 0.190851 -7.01183 14.0625 17.8125 14.0625 15.9329 1.26667 1 2015.39 0
176.449 2117.76 72.804 98.9279 70.342 11.1634 0.553493 -7.07987 14.0625 17.8125 14.0625 15.9328 1.26667 1 2017.79 0
176.506 2117.74 73.4359 98.9672 69.9377 11.3728 0.899029 -7.12237 15 17.8125 14.0625 15.9328 1.26667 1 2021.95 0
176.562 2117.73 74.0802 99.0251 69.531 11.5346 1.23395 -7.17719 14.0625 17.8125 14.0625 15.9328 1.26667 1 2020.75 0
176.618 2117.82 74.7314 99.1013 69.1224 11.6306 1.53863 -7.16378 14.0625 16.875 13.125 15.933 1.28571 1 2017.19 0
176.674 2117.86 75.3864 99.1947 68.7154 11.6722 1.84876 -7.16148 15 16.875 14.0625 15.9331 1.2 1 2014.93 0
176.73 2117.88 76.0433 99.3059 68.3076 11.6701 2.16986 -7.14075 14.0625 16.875 14.0625 15.9331 1.2 1 2014.89 0
176.787 2117.87 76.6971 99.4363 67.9005 11.5423 2.55257 -7.12907 15 17.8125 13.125 15.9331 1.35714 1 2018.57 0
176.843 2117.87 77.3427 99.5885 67.4952 11.3889 2.95202 -7.11049 14.0625 17.8125 14.0625 15.9331 1.26667 1 2023.05 0
176.899 2117.85 77.9785 99.7647 67.0904 11.144 3.39453 -7.08109 14.0625 16.875 14.0625 15.933 1.2 1 2024.35 0
176.955 2117.88 78.599 99.965 66.6868 10.8511 3.83198 -7.04303 14.0625 16.875 14.0625 15.9331 1.2 1 2023.06 0
177.011 2117.79 79.2007 100.19 66.2874 10.5058 4.25173 -6.99291 15 15.9375 14.0625 15.9329 1.13333 1 2015.9 0
177.067 2117.66 79.7826 100.438 65.8899 10.1228 4.63603 -6.92788 14.0625 16.875 15 15.9326 1.2 1 2020.56 0
177.124 2117.69 80.3417 100.708 65.4969 9.67046 5.0133 -6.83237 14.0625 16.875 15 15.9326 1.2 1 2023.47 0
177.18 2117.75 80.8741 100.997 65.1102 9.18807 5.33556 -6.70337 14.0625 15.9375 15 15.9328 1.13333 1 2019.47 0
177.236 2117.78 81.38 101.305 64.7311 8.7118 5.64532 -6.51891 14.0625 16.875 15.9375 15.9329 1.2 1 2021.25 0
177.292 2117.86 81.8584 101.629 64.364 8.21554 5.88597 -6.28568 14.0625 15.9375 15.9375 15.9331 1.13333 1 2020.56 0
177.348 2117.82 82.3081 101.966 64.0124 7.7017 6.1065 -5.97045 14.0625 15.9375 15.9375 15.933 1.13333 1 2030.54 0
177.404 2117.82 82.7292 102.314 63.679 7.20072 6.25987 -5.61406 14.0625 15.9375 15.9375 15.933 1.13333 1 2016.55 0
177.461 2117.87 83.1204 102.67 63.365 6.6122 6.33986 -5.27863 14.0625 15.9375 15.9375 15.9331 1.13333 1 2025.58 0
177.517 2118.33 83.4787 103.026 63.0716 6.06669 6.26379 -4.95247 14.0625 15.9375 15.9375 15.9342 1.13333 1 2023.98 0
177.573 2118.56 83.805 103.377 62.796 5.47246 6.10934 -4.61599 15 15.9375 15.9375 15.9348 1.0625 1 2018.03 0
177.629 2118.66 84.0985 103.716 62.5399 4.88948 5.87395 -4.25629 15 15 16.875 15.9351 1.125 1 2024 0
177.685 2118.59 84.3606 104.041 62.3062 4.36665 5.57205 -3.85652 14.0625 15 16.875 15.9349 1.2 1 2022.64 0
177.74 2118.57 84.5886 104.339 62.1007 3.89963 5.23624 -3.44071 15 14.0625 15.9375 15.9348 1.13333 1 2026.53 0
177.794 2118.41 84.7915 104.614 61.9208 3.51058 4.84717 -2.98636 15 14.0625 16.875 15.9345 1.2 1 2023.79 0
177.848 2118.25 84.9739 104.869 61.7669 3.17854 4.43582 -2.50916 15 14.0625 16.875 15.9341 1.2 1 2026.38 0
177.902 2118.09 85.1398 105.101 61.6387 2.90634 4.02156 -2.03524 15.9375 14.0625 16.875 15.9337 1.2 1 2027.49 0
177.957 2118.02 85.2915 105.311 61.5365 2.68069 3.58914 -1.58048 15.9375 14.0625 16.875 15.9335 1.2 1 2020.06 0
178.011 2118.04 85.4326 105.5 61.4577 2.48148 3.20923 -1.21159 15.9375 13.125 16.875 15.9335 1.28571 1 2029.82 0
178.067 2118.02 85.5692 105.672 61.3942 2.34587 2.83573 -0.941671 16.875 13.125 16.875 15.9335 1.28571 1 2024.48 0
178.124 2117.99 85.6999 105.824 61.3437 2.27061 2.47375 -0.775105 16.875 14.0625 16.875 15.9334 1.2 1 2017.01 0
178.18 2118.05 85.8267 105.956 61.3016 2.21754 2.16013 -0.684938 16.875 14.0625 15 15.9336 1.2 1 2018.34 0
178.236 2118.2 85.951 106.07 61.2636 2.17319 1.863 -0.616499 16.875 14.0625 15 15.9339 1.2 1 2023.56 0
178.292 2118.29 86.0729 106.169 61.229 2.1365 1.60934 -0.5759 16.875 14.0625 15 15.9342 1.2 1 2023.55 0
178.348 2118.34 86.1915 106.255 61.1967 2.05517 1.37831 -0.549849 15.9375 15 15 15.9343 1.0625 1 2023.5 0
178.404 2118.32 86.3049 106.329 61.1649 1.9532 1.20523 -0.546683 15.9375 15 15 15.9342 1.0625 1 2027.14 0
178.461 2118.24 86.412 106.395 61.1344 1.83117 1.05117 -0.511644 15.9375 15 15 15.934 1.0625 1 2025.66 0
178.517 2118.22 86.5107 106.452 61.1072 1.67522 0.94015 -0.452485 15.9375 15.9375 15 15.934 1.0625 1 2025.03 0
178.573 2118.2 86.6004 106.503 61.0828 1.50587 0.842 -0.39548 15 15.9375 15 15.9339 1.0625 1 2028.76 0
178.628 2118.09 86.6793 106.548 61.0629 1.35022 0.752385 -0.315882 15 15.9375 15 15.9337 1.0625 1 2029.05 0
178.68 2118.04 86.7451 106.588 61.0491 1.18625 0.7205 -0.217304 15 15.9375 15 15.9335 1.0625 1 2023.87 0
178.732 2117.93 86.8028 106.624 61.0406 1.04351 0.665661 -0.114385 15 16.875 15 15.9333 1.125 1 2022.18 0
178.784 2117.89 86.8542 106.658 61.0385 0.908658 0.651909 0.0272619 14.0625 16.875 15 15.9331 1.2 1 2025.94 0
178.838 2117.84 86.8997 106.693 61.0446 0.751015 0.64265 0.195235 14.0625 16.875 15 15.933 1.2 1 2022.28 0
178.892 2117.74 86.9367 106.727 61.0609 0.606607 0.627492 0.41158 14.0625 16.875 15 15.9328 1.2 1 2028.19 0
178.946 2117.7 86.9645 106.761 61.0896 0.408748 0.658076 0.659865 14.0625 16.875 15 15.9327 1.2 1 2024.68 0
179 2117.65 86.9824 106.797 61.1324 0.212609 0.692591 0.935338 14.0625 16.875 15 15.9325 1.2 1 2025.17 0
179.056 2117.59 86.9893 106.838 61.1939 -0.013221 0.763767 1.25902 14.0625 16.875 15 15.9324 1.2 1 2024.24 0
179.112 2117.56 86.9828 106.882 61.2736 -0.274575 0.847801 1.61276 14.0625 16.875 15 15.9323 1.2 1 2025.54 0
179.164 2117.55 86.9621 106.928 61.3683 -0.552636 0.916986 1.96703 14.0625 15.9375 15 15.9323 1.13333 1 2023.43 0
179.218 2117.6 86.9257 106.979 61.4839 -0.845675 0.969839 2.32176 14.0625 15.9375 15 15.9324 1.13333 1 2020.09 0
179.272 2117.66 86.8715 107.033 61.6212 -1.18857 0.995248 2.67828 14.0625 15 15.9375 15.9326 1.13333 1 2018.63 0
179.327 2117.78 86.7982 107.088 61.7796 -1.51274 0.981709 3.02401 14.0625 15 15.9375 15.9329 1.13333 1 2017.08 0
179.382 2117.9 86.7074 107.141 61.9553 -1.84659 0.93084 3.34186 15 15 15.9375 15.9332 1.0625 1 2021.62 0
179.436 2118.07 86.6009 107.189 62.144 -2.15778 0.830943 3.61918 15 15 15 15.9336 1 1 2027.23 0
179.49 2118.23 86.4764 107.231 62.3493 -2.45918 0.699335 3.86999 15 15 15 15.934 1 1 2024.03 0
179.546 2118.33 86.3325 107.266 62.5722 -2.76909 0.535816 4.07705 15 15 15.9375 15.9343 1.0625 1 2025.55 0
179.601 2118.51 86.1716 107.291 62.8062 -3.06861 0.339184 4.25699 15 15 15.9375 15.9347 1.0625 1 2022.58 0
179.656 2118.65 85.9942 107.305 63.0498 -3.35484 0.130742 4.41483 14.0625 15 15 15.9351 1.06667 1 2027.43 0
179.712 2118.73 85.8016 107.308 63.3016 -3.63038 -0.0870141 4.53936 15 15 15 15.9353 1 1 2023.2 0
179.767 2118.74 85.595 107.298 63.5605 -3.87551 -0.314059 4.65468 15 15 15 15.9353 1 1 2019.15 0
179.823 2118.87 85.3746 107.276 63.8254 -4.12104 -0.527996 4.77439 15 15.9375 15 15.9356 1.0625 1 2024.03 0
179.878 2119.07 85.1414 107.242 64.0964 -4.35153 -0.758179 4.8735 14.0625 15.9375 15 15.9361 1.13333 1 2022.26 0
179.933 2119.07 84.8958 107.194 64.3729 -4.5508 -0.986052 4.95112 14.0625 16.875 14.0625 15.9361 1.2 1 2019.07 0
179.989 2119.06 84.6387 107.134 64.6528 -4.74697 -1.22496 5.0113 15 16.875 15 15.9361 1.125 1 2022.83 0
180.045 2119.18 84.3675 107.06 64.9397 -4.96353 -1.47517 5.05912 15 16.875 14.0625 15.9364 1.2 1 2030.11 0
180.101 2119.25 84.0834 106.971 65.2299 -5.16205 -1.74229 5.11875 14.0625 16.875 14.0625 15.9366 1.2 1 2025.5 0
180.157 2119.49 83.7878 106.867 65.5233 -5.3674 -1.99673 5.15526 15 16.875 14.0625 15.9372 1.2 1 2025.21 0
180.213 2119.68 83.4865 106.75 65.8147 -5.57086 -2.27893 5.20478 15 16.875 14.0625 15.9376 1.2 1 2024.16 0
180.268 2119.81 83.1732 106.618 66.1085 -5.79111 -2.5578 5.24554 15 16.875 14.0625 15.938 1.2 1 2021.85 0
180.323 2119.93 82.8464 106.469 66.4048 -6.02561 -2.86034 5.28991 15 17.8125 14.0625 15.9383 1.26667 1 2020.21 0
180.379 2120.03 82.5066 106.303 66.7035 -6.30314 -3.17158 5.30608 15 16.875 14.0625 15.9385 1.2 1 2019.09 0
180.434 2120.12 82.1518 106.119 67.0035 -6.57056 -3.49488 5.32581 15 16.875 14.0625 15.9387 1.2 1 2024.86 0
180.49 2120.21 81.7797 105.918 67.3038 -6.88861 -3.81062 5.32658 15 16.875 14.0625 15.939 1.2 1 2025.23 0
180.545 2120.15 81.3906 105.699 67.6036 -7.21936 -4.14468 5.32986 15 16.875 14.0625 15.9388 1.2 1 2020.81 0
180.601 2120.06 80.9813 105.463 67.9033 -7.58882 -4.44532 5.29884 15 16.875 14.0625 15.9386 1.2 1 2012.98 0
180.656 2120.01 80.551 105.209 68.2004 -7.96487 -4.7399 5.2468 15 16.875 14.0625 15.9385 1.2 1 2023.47 0
180.712 2119.93 80.1003 104.94 68.4933 -8.33795 -5.04623 5.16611 15 16.875 14.0625 15.9383 1.2 1 2019.97 0
180.767 2119.97 79.6291 104.653 68.7807 -8.71535 -5.33601 5.0192 15 16.875 14.0625 15.9384 1.2 1 2022.45 0
180.823 2119.97 79.1374 104.349 69.0595 -9.05766 -5.65549 4.82498 15 16.875 14.0625 15.9384 1.2 1 2023.18 0
180.878 2119.96 78.6285 104.028 69.3262 -9.3701 -5.94583 4.5956 15 15.9375 14.0625 15.9383 1.13333 1 2019.06 0
180.933 2119.92 78.1034 103.689 69.5775 -9.61671 -6.25524 4.29193 15 16.875 14.0625 15.9382 1.2 1 2027.3 0
180.989 2119.8 77.5666 103.334 69.81 -9.80263 -6.57808 3.91104 14.0625 16.875 14.0625 15.9379 1.2 1 2022.02 0
181.045 2119.71 77.0152 102.955 70.0217 -9.91821 -6.90628 3.45975 14.0625 16.875 15 15.9377 1.2 1 2012.51 0
181.101 2119.69 76.4576 102.556 70.207 -9.96275 -7.29225 2.9515 14.0625 16.875 14.0625 15.9377 1.2 1 2021.9 0
181.157 2119.61 75.8982 102.136 70.3626 -9.97493 -7.67223 2.41185 14.0625 17.8125 14.0625 15.9375 1.26667 1 2026.41 0
181.213 2119.53 75.3399 101.693 70.4853 -9.93577 -8.10102 1.83379 15 16.875 14.0625 15.9373 1.2 1 2022.69 0
181.27 2119.46 74.7851 101.225 70.5756 -9.83588 -8.55573 1.25417 14.0625 17.8125 14.0625 15.9371 1.26667 1 2027.42 0
181.326 2119.36 74.2368 100.731 70.6346 -9.68818 -9.027 0.712802 14.0625 16.875 14.0625 15.9368 1.2 1 2021.71 0
181.382 2119.26 73.696 100.212 70.6638 -9.52837 -9.45696 0.216745 15 17.8125 13.125 15.9366 1.35714 1 2022.76 0
181.438 2119.18 73.1652 99.6673 70.6669 -9.32768 -9.90258 -0.195145 14.0625 16.875 13.125 15.9364 1.28571 1 2024.49 0
181.494 2119.13 72.6457 99.0986 70.6484 -9.16629 -10.3304 -0.538659 15 16.875 13.125 15.9362 1.28571 1 2027.29 0
181.551 2119.04 72.1369 98.5064 70.6109 -8.94932 -10.7413 -0.838812 15.9375 16.875 13.125 15.936 1.28571 1 2016.81 0
181.607 2118.97 71.6382 97.8918 70.5576 -8.77046 -11.1319 -1.09214 15 16.875 13.125 15.9358 1.28571 1 2020.08 0
181.663 2118.82 71.1499 97.2568 70.4913 -8.5965 -11.4603 -1.30139 15.9375 16.875 14.0625 15.9355 1.2 1 2021.14 0
181.719 2118.71 70.6712 96.6037 70.4135 -8.42374 -11.7556 -1.48757 15 15.9375 14.0625 15.9352 1.13333 1 2024.93 0
181.775 2118.53 70.2021 95.9351 70.3266 -8.23923 -11.977 -1.62716 15.9375 15.9375 14.0625 15.9348 1.13333 1 2027.48 0
181.831 2118.25 69.7433 95.2559 70.2324 -8.0591 -12.1595 -1.72178 15 15 14.0625 15.9341 1.06667 1 2026.79 0
181.888 2118 69.2947 94.5678 70.1327 -7.88594 -12.268 -1.78926 15.9375 15 14.0625 15.9334 1.13333 1 2026.35 0
181.944 2117.77 68.8551 93.8747 70.0304 -7.71418 -12.3555 -1.79507 15 15 15 15.9328 1 1 2023.26 0
182 2117.61 68.4262 93.1784 69.9286 -7.56001 -12.3966 -1.76965 15.9375 15 15 15.9324 1.0625 1 2019.28 0
182.056 2117.29 68.0059 92.4804 69.8287 -7.40497 -12.4076 -1.70077 15 15 15 15.9316 1 1 2024.33 0
182.112 2117.1 67.5927 91.7814 69.7331 -7.28389 -12.4264 -1.60146 15.9375 14.0625 15 15.9312 1.13333 1 2024.67 0
182.169 2116.69 67.1865 91.0819 69.6437 -7.17431 -12.4261 -1.48277 15.9375 14.0625 15.9375 15.9301 1.13333 1 2022.38 0
182.225 2116.21 66.7847 90.3829 69.5615 -7.09729 -12.4221 -1.35429 15.9375 13.125 15.9375 15.9289 1.21429 1 2019.58 0
182.281 2115.85 66.3877 89.6844 69.4868 -7.01653 -12.4034 -1.23055 15.9375 14.0625 15.9375 15.928 1.13333 1 2025.16 0
182.337 2115.47 65.9972 88.9879 69.4181 -6.88891 -12.3152 -1.13589 16.875 14.0625 15.9375 15.9271 1.2 1 2018.88 0
182.393 2115.27 65.6144 88.2965 69.3537 -6.72392 -12.2157 -1.07906 15.9375 13.125 15.9375 15.9266 1.21429 1 2018.82 0
182.449 2114.99 65.242 87.6119 69.2919 -6.49393 -12.0721 -1.0774 15.9375 13.125 15.9375 15.9259 1.21429 1 2020.21 0
182.506 2114.55 64.8832 86.9372 69.2289 -6.253 -11.8591 -1.11623 16.875 13.125 15.9375 15.9248 1.28571 1 2014.86 0
182.562 2114.32 64.5383 86.2759 69.1614 -5.99866 -11.5924 -1.22328 15.9375 14.0625 16.875 15.9242 1.2 1 2018.57 0
182.618 2114.12 64.2071 85.6306 69.0876 -5.74894 -11.2614 -1.37113 16.875 13.125 16.875 15.9237 1.28571 1 2018.91 0
182.674 2113.78 63.8905 85.0051 69.0039 -5.53372 -10.8516 -1.55465 16.875 13.125 16.875 15.9228 1.28571 1 2017.98 0
182.73 2113.61 63.5853 84.4038 68.9083 -5.32152 -10.3898 -1.76402 15.9375 14.0625 16.875 15.9224 1.2 1 2012.99 0
182.787 2113.37 63.2906 83.829 68.8006 -5.14736 -9.87417 -1.97937 16.875 13.125 15.9375 15.9218 1.28571 1 2017.91 0
182.843 2112.96 63.0059 83.2858 68.6818 -4.99946 -9.31226 -2.17638 16.875 14.0625 15.9375 15.9208 1.2 1 2023.84 0
182.899 2112.6 62.7276 82.7744 68.5516 -4.88857 -8.70516 -2.34358 16.875 14.0625 15.9375 15.9199 1.2 1 2014.28 0
182.955 2112.59 62.4541 82.2965 68.4133 -4.82116 -8.10544 -2.46371 16.875 15 15.9375 15.9198 1.125 1 2009.42 0
183.011 2112.45 62.1852 81.8521 68.2699 -4.75281 -7.53812 -2.54307 16.875 15 15 15.9195 1.125 1 2017.13 0
183.067 2112.53 61.9181 81.439 68.1229 -4.73343 -6.9792 -2.5691 15.9375 15 15 15.9197 1.0625 1 2013.67 0
183.124 2112.22 61.6514 81.0557 67.9764 -4.73126 -6.47374 -2.55015 16.875 15.9375 15 15.9189 1.125 1 2015.44 0
183.18 2112.23 61.3847 80.6992 67.8313 -4.74105 -6.03861 -2.50833 16.875 15.9375 14.0625 15.9189 1.2 1 2015.98 0
183.236 2112.12 61.1164 80.3646 67.6886 -4.77383 -5.68905 -2.4518 15.9375 15.9375 14.0625 15.9187 1.13333 1 2015.37 0
183.292 2112.2 60.8459 80.0478 67.5505 -4.83224 -5.41411 -2.37001 15.9375 15.9375 14.0625 15.9189 1.13333 1 2020.35 0
183.348 2112.29 60.5724 79.7454 67.4182 -4.87393 -5.20616 -2.24595 15 16.875 14.0625 15.9191 1.2 1 2013.45 0
183.404 2112.18 60.2965 79.4545 67.2932 -4.91613 -5.03439 -2.09979 15.9375 16.875 15 15.9188 1.125 1 2010.5 0
183.461 2112.15 60.02 79.1708 67.1779 -4.90806 -4.92042 -1.91595 15.9375 15.9375 14.0625 15.9187 1.13333 1 2008.96 0
183.517 2112.23 59.7449 78.8931 67.0733 -4.85799 -4.82917 -1.72711 15 16.875 14.0625 15.9189 1.2 1 2013.89 0
183.573 2112.4 59.4726 78.6213 66.98 -4.78425 -4.73775 -1.51988 15 16.875 14.0625 15.9194 1.2 1 2016.01 0
183.629 2112.43 59.2052 78.3546 66.8989 -4.67601 -4.62973 -1.32263 15.9375 16.875 14.0625 15.9194 1.2 1 2017.06 0
183.685 2112.53 58.9436 78.0954 66.8284 -4.59933 -4.48148 -1.15079 15.9375 15.9375 14.0625 15.9197 1.13333 1 2016.99 0
183.742 2112.52 58.6854 77.8459 66.7664 -4.54243 -4.28779 -1.01789 16.875 15.9375 14.0625 15.9197 1.2 1 2018.96 0
183.798 2112.63 58.4295 77.609 66.7112 -4.53428 -4.0274 -0.920374 16.875 15.9375 14.0625 15.9199 1.2 1 2012.52 0
183.854 2112.7 58.173 77.3886 66.6608 -4.56034 -3.70042 -0.853354 17.8125 15 14.0625 15.9201 1.26667 1 2014.59 0
183.91 2112.83 57.9133 77.1886 66.613 -4.67541 -3.32037 -0.834785 17.8125 15 14.0625 15.9205 1.26667 1 2018.39 0
183.966 2112.86 57.6454 77.0096 66.5664 -4.83365 -2.92792 -0.829898 18.75 14.0625 14.0625 15.9205 1.33333 1 2018.41 0
184.022 2112.95 57.367 76.8535 66.5201 -5.0755 -2.5519 -0.857546 17.8125 14.0625 14.0625 15.9207 1.26667 1 2013.48 0
184.079 2112.86 57.0738 76.7165 66.4716 -5.3732 -2.23398 -0.893292 17.8125 13.125 14.0625 15.9205 1.35714 1 2015.63 0
184.135 2112.68 56.7614 76.5958 66.4204 -5.74833 -1.98722 -0.968471 18.75 13.125 15 15.9201 1.42857 1 2016.64 0
184.191 2112.67 56.4252 76.4884 66.3644 -6.2429 -1.78636 -1.09364 18.75 13.125 15 15.92 1.42857 1 2021.36 0
184.247 2112.65 56.0593 76.3916 66.3002 -6.82778 -1.61245 -1.26542 17.8125 13.125 15 15.92 1.35714 1 2017.2 0
184.303 2112.67 55.6596 76.3021 66.2252 -7.43311 -1.49039 -1.48125 18.75 13.125 15 15.9201 1.42857 1 2021.96 0
184.36 2112.73 55.2268 76.2189 66.1374 -8.00796 -1.38921 -1.71825 17.8125 13.125 15 15.9202 1.35714 1 2016.47 0
184.416 2112.56 54.7638 76.1415 66.0358 -8.50226 -1.30402 -1.94454 17.8125 14.0625 15 15.9198 1.26667 1 2012.83 0
184.472 2112.62 54.2754 76.0696 65.9208 -8.90694 -1.21317 -2.19045 17.8125 14.0625 15 15.9199 1.26667 1 2011.79 0
184.528 2112.47 53.7678 76.0041 65.7924 -9.15854 -1.08463 -2.4082 16.875 14.0625 14.0625 15.9196 1.2 1 2013.89 0
184.584 2112.28 53.2488 75.9459 65.6517 -9.28637 -0.950833 -2.61131 16.875 15 15 15.9191 1.125 1 2015.2 0
184.64 2112.18 52.7256 75.8954 65.5002 -9.30859 -0.788027 -2.77225 15.9375 15 15 15.9188 1.0625 1 2018.69 0
184.697 2112.18 52.2022 75.854 65.3398 -9.26347 -0.622074 -2.91954 15.9375 15.9375 15 15.9188 1.0625 1 2014.85 0
184.753 2112.06 51.6823 75.8233 65.1713 -9.15525 -0.428832 -3.0176 15.9375 15.9375 15 15.9185 1.0625 1 2011.51 0
184.809 2112.01 51.1685 75.8035 64.9975 -9.04378 -0.232997 -3.08367 15 15 15.9375 15.9184 1.0625 1 2016.96 0
184.865 2111.82 50.6614 75.7951 64.8217 -8.90889 -0.0140989 -3.09826 15.9375 15 15.9375 15.9179 1.0625 1 2018.7 0
184.921 2111.57 50.1624 75.7996 64.645 -8.76143 0.2104 -3.07743 15 15 15.9375 15.9173 1.0625 1 2015.05 0
184.978 2111.38 49.6714 75.8164 64.4701 -8.63449 0.429367 -3.02094 15 15 16.875 15.9168 1.125 1 2016.7 0
185.034 2111.15 49.1876 75.8447 64.2992 -8.50961 0.636311 -2.95749 15 15 16.875 15.9162 1.125 1 2016.8 0
185.09 2111.08 48.7119 75.8851 64.1309 -8.38213 0.822216 -2.90289 15 15 16.875 15.9161 1.125 1 2014.87 0
185.146 2110.9 48.2415 75.9361 63.9654 -8.29282 1.01426 -2.86593 15 14.0625 16.875 15.9156 1.2 1 2012.35 0
185.202 2110.75 47.7761 75.9962 63.8016 -8.23486 1.17972 -2.84777 14.0625 14.0625 15.9375 15.9152 1.13333 1 2013.47 0
185.258 2110.6 47.3126 76.067 63.638 -8.22096 1.34554 -2.84146 15 14.0625 16.875 15.9148 1.2 1 2015.68 0
185.315 2110.57 46.85 76.1469 63.4756 -8.20902 1.50524 -2.81499 14.0625 14.0625 16.875 15.9148 1.2 1 2015.23 0
185.371 2110.41 46.3863 76.2349 63.3151 -8.24978 1.65486 -2.79813 15 14.0625 16.875 15.9144 1.2 1 2013.06 0
185.427 2110.26 45.9204 76.332 63.1553 -8.2831 1.80571 -2.77694 15.9375 14.0625 16.875 15.914 1.2 1 2017.23 0
185.483 2110.21 45.4511 76.4373 62.9971 -8.35264 1.93308 -2.75001 15 14.0625 16.875 15.9139 1.2 1 2015.06 0
185.539 2110.16 44.9778 76.5487 62.8408 -8.45329 2.04736 -2.70712 15.9375 13.125 15.9375 15.9137 1.21429 1 2012.27 0
185.596 2109.97 44.4995 76.6671 62.6868 -8.52769 2.16144 -2.65924 16.875 13.125 15.9375 15.9133 1.28571 1 2011.74 0
185.652 2109.76 44.016 76.7897 62.5357 -8.60458 2.20956 -2.61523 15.9375 14.0625 15.9375 15.9127 1.13333 1 2014.61 0
185.708 2109.6 43.5289 76.9142 62.3874 -8.66627 2.21603 -2.56634 16.875 14.0625 15.9375 15.9123 1.2 1 2007.89 0
185.764 2109.38 43.0388 77.0391 62.2416 -8.70578 2.19196 -2.49315 15.9375 13.125 15 15.9118 1.21429 1 2011.99 0
185.82 2109.3 42.5475 77.1611 62.1002 -8.70464 2.12181 -2.41531 16.875 13.125 15.9375 15.9116 1.28571 1 2016.47 0
185.876 2109.19 42.0582 77.2779 61.9641 -8.65605 2.02014 -2.32603 15.9375 13.125 15.9375 15.9113 1.21429 1 2014.66 0
185.933 2109.04 41.5729 77.3886 61.8327 -8.54275 1.88606 -2.22751 16.875 13.125 15.9375 15.9109 1.28571 1 2014.89 0
185.989 2108.95 41.0949 77.4913 61.7072 -8.39773 1.7398 -2.12675 15.9375 13.125 15.9375 15.9107 1.21429 1 2014.69 0
186.045 2108.68 40.6267 77.5856 61.5875 -8.20139 1.57676 -2.02022 15.9375 13.125 15 15.91 1.21429 1 2011.39 0
186.101 2108.4 40.1698 77.6718 61.4736 -7.9836 1.4277 -1.90869 15.9375 13.125 15 15.9093 1.21429 1 2012.4 0
186.157 2108.27 39.7263 77.7484 61.3669 -7.74896 1.25387 -1.77428 15 14.0625 15 15.909 1.06667 1 2016.11 0
186.213 2108.04 39.296 77.815 61.2677 -7.50507 1.09428 -1.639 15 14.0625 15.9375 15.9084 1.13333 1 2011.54 0
186.27 2107.85 38.8787 77.8722 61.1758 -7.27056 0.899422 -1.50716 15 14.0625 15.9375 15.9079 1.13333 1 2012.76 0
186.326 2107.78 38.4757 77.9197 61.0923 -7.02628 0.735175 -1.35818 15 14.0625 15.9375 15.9077 1.13333 1 2017.87 0
186.382 2107.53 38.086 77.9571 61.0171 -6.82088 0.556699 -1.21446 14.0625 15.9375 15.9375 15.9071 1.13333 1 2014.46 0
186.438 2106.98 37.7089 77.9851 60.9504 -6.58486 0.383504 -1.05294 14.0625 15.9375 15.9375 15.9057 1.13333 1 2009.24 0
186.494 2106.9 37.3445 78.0032 60.8937 -6.3594 0.224566 -0.89258 14.0625 15.9375 15.9375 15.9055 1.13333 1 2016.03 0
186.551 2106.88 36.9933 78.0126 60.8462 -6.13149 0.0919061 -0.730332 14.0625 15.9375 15.9375 15.9055 1.13333 1 2014.44 0
186.607 2106.86 36.6534 78.0153 60.8073 -5.91166 -0.0298258 -0.566053 13.125 15.9375 15.9375 15.9054 1.21429 1 2012.96 0
186.663 2106.85 36.3265 78.0116 60.778 -5.69394 -0.117979 -0.417483 14.0625 15.9375 15.9375 15.9054 1.13333 1 2012.06 0
186.719 2106.87 36.0123 78.0038 60.7572 -5.47563 -0.17923 -0.25846 14.0625 15.9375 15.9375 15.9055 1.13333 1 2012.15 0
186.775 2107.11 35.7098 77.9933 60.7458 -5.2432 -0.212083 -0.100745 14.0625 15.9375 15.9375 15.9061 1.13333 1 2007.7 0
186.831 2107.09 35.4206 77.9814 60.7438 -5.01056 -0.219888 0.0610876 14.0625 15.9375 15.9375 15.906 1.13333 1 2009.32 0
186.888 2107.11 35.1447 77.9685 60.7514 -4.77469 -0.230284 0.23903 14.0625 15.9375 15 15.9061 1.13333 1 2012.61 0
186.944 2106.97 34.8816 77.9557 60.7691 -4.53206 -0.217178 0.423067 15 15.9375 15 15.9057 1.0625 1 2006.78 0
187 2106.75 34.6331 77.9437 60.7977 -4.28683 -0.186349 0.605731 14.0625 15.9375 15 15.9052 1.13333 1 2006.15 0
187.056 2106.59 34.3982 77.9345 60.8365 -4.02878 -0.114608 0.781958 15 15.9375 15 15.9048 1.0625 1 2006.71 0
187.112 2106.53 34.1782 77.9294 60.8854 -3.76308 -0.0354022 0.961685 15 15.9375 14.0625 15.9046 1.13333 1 2008.13 0
187.169 2106.55 33.9738 77.9291 60.9446 -3.48919 0.0775107 1.13175 15 15.9375 14.0625 15.9047 1.13333 1 2011.49 0
187.225 2106.51 33.784 77.9358 61.0132 -3.22563 0.217513 1.28956 15.9375 15.9375 14.0625 15.9046 1.13333 1 2009.53 0
187.281 2106.45 33.6083 77.9513 61.0903 -2.98739 0.380047 1.42698 15.9375 15.9375 14.0625 15.9044 1.13333 1 2008.91 0
187.337 2106.38 33.4456 77.9765 61.1752 -2.77833 0.568469 1.55043 15.9375 15.9375 14.0625 15.9042 1.13333 1 2010.55 0
187.393 2106.34 33.2946 78.0122 61.2671 -2.56729 0.754402 1.67137 15 15.9375 15 15.9041 1.0625 1 2004.56 0
187.449 2106.31 33.1541 78.0592 61.3647 -2.39968 0.954887 1.76237 15.9375 15 15 15.9041 1.0625 1 2006.79 0
187.506 2106.25 33.0225 78.1175 61.4672 -2.27859 1.16929 1.84259 15.9375 15 15 15.9039 1.0625 1 2011.8 0
187.562 2106.22 32.8975 78.1877 61.5737 -2.16516 1.36591 1.90864 15.9375 15 15 15.9038 1.0625 1 2009.92 0
187.618 2106.28 32.7776 78.269 61.6834 -2.09196 1.56305 1.95981 15.9375 15 15 15.904 1.0625 1 2010.55 0
187.674 2106.3 32.661 78.3606 61.7961 -2.05189 1.74579 2.00051 15.9375 15 15 15.904 1.0625 1 2014.42 0
187.73 2106.34 32.5462 78.4623 61.9113 -2.0371 1.91466 2.05203 15.9375 15 14.0625 15.9041 1.13333 1 2016.13 0
187.787 2106.36 32.4321 78.5736 62.0287 -2.03033 2.07106 2.07979 15.9375 15 14.0625 15.9042 1.13333 1 2012.46 0
187.843 2106.27 32.3181 78.6928 62.1478 -2.04653 2.2088 2.10587 15.9375 15 14.0625 15.904 1.13333 1 2014.59 0
187.899 2106.3 32.2032 78.8194 62.2685 -2.06146 2.32609 2.14646 15 15.9375 14.0625 15.904 1.13333 1 2007.72 0
187.955 2106.37 32.0869 78.9528 62.3909 -2.08792 2.44569 2.17517 15 15.9375 14.0625 15.9042 1.13333 1 2010.82 0
