# t frame_uz frame_z ub_dans_repere
160.001 0 0 0
160.019 0.00152792 1.3393e-05 0.133833
160.051 0.0101676 0.000210995 0.367844
160.092 0.0330341 0.00115993 0.667042
160.14 0.0729359 0.00379222 0.967993
160.19 0.131577 0.00919146 1.28403
160.243 0.208757 0.0185104 1.5786
160.297 0.303281 0.0327627 1.86634
160.352 0.414584 0.053031 2.12851
160.407 0.53971 0.0798745 2.37062
160.463 0.678555 0.114699 2.56155
160.519 0.82877 0.157674 2.76727
160.575 0.989328 0.209416 2.9343
160.631 1.15847 0.270439 3.07747
160.687 1.33512 0.341185 3.2063
160.743 1.51805 0.42204 3.30305
160.798 1.70528 0.513284 3.37761
160.854 1.89665 0.61515 3.4425
160.91 2.09083 0.727827 3.48502
160.966 2.28732 0.851452 3.52543
161.022 2.48567 0.986341 3.54295
161.079 2.68538 1.13271 3.56349
161.135 2.88578 1.29033 3.56677
161.191 3.08606 1.4592 3.56825
161.247 3.28623 1.63933 3.55473
161.303 3.48567 1.83067 3.54665
161.36 3.68434 2.0332 3.5267
161.416 3.88171 2.24684 3.5072
161.472 4.07816 2.47154 3.48775
161.528 4.27319 2.70724 3.46026
161.584 4.4666 2.95383 3.43051
161.64 4.65807 3.21123 3.39272
161.697 4.8477 3.47931 3.36416
161.753 5.03531 3.75799 3.3218
161.809 5.22051 4.04713 3.28038
161.865 5.40327 4.34659 3.2358
161.921 5.58366 4.65623 3.18537
161.978 5.76067 4.97591 3.11849
162.034 5.93369 5.30539 3.05262
162.09 6.10356 5.64448 3.00543
162.146 6.26998 5.993 2.94008
162.202 6.43294 6.35076 2.8745
162.258 6.59206 6.71754 2.8047
162.315 6.7472 7.09313 2.73338
162.371 6.89836 7.4773 2.6646
162.427 7.04623 7.86984 2.61017
162.483 7.1906 8.27059 2.54093
162.539 7.33126 8.67931 2.4787
162.596 7.46823 9.09581 2.41004
162.652 7.60147 9.51988 2.34611
162.708 7.73108 9.95131 2.28346
162.764 7.85734 10.3899 2.22532
162.82 7.98072 10.8355 2.17756
162.876 8.10128 11.2879 2.12236
162.933 8.21906 11.7471 2.07709
162.989 8.33377 12.2127 2.02222
163.045 8.44552 12.6846 1.96694
163.101 8.55433 13.1628 1.91685
163.157 8.66061 13.647 1.87703
163.213 8.76469 14.137 1.83395
163.27 8.86581 14.6329 1.77522
163.326 8.96398 15.1343 1.73016
163.382 9.05955 15.6411 1.68024
163.438 9.1525 16.1532 1.63774
163.494 9.2427 16.6704 1.58894
163.551 9.33029 17.1926 1.53904
163.607 9.41534 17.7197 1.4967
163.663 9.49768 18.2514 1.44551
163.719 9.577 18.7877 1.39915
163.775 9.65422 19.3283 1.35691
163.831 9.72887 19.8732 1.30954
163.888 9.80076 20.4222 1.26016
163.944 9.87026 20.9752 1.22119
164 9.93763 21.532 1.18665
164.056 10.0029 22.0925 1.14727
164.112 10.0661 22.6566 1.11377
164.169 10.1278 23.2242 1.08517
164.225 10.1874 23.7952 1.04621
164.281 10.2451 24.3695 1.01198
164.337 10.3009 24.9469 0.981906
164.393 10.3549 25.5275 0.945556
164.449 10.4068 26.111 0.910661
164.506 10.4569 26.6973 0.878851
164.562 10.5056 27.2864 0.861505
164.618 10.5532 27.8782 0.836303
164.674 10.5995 28.4727 0.818851
164.73 10.6448 29.0697 0.798691
164.787 10.6889 29.6692 0.776384
164.843 10.7318 30.2711 0.753502
164.899 10.7735 30.8755 0.741086
164.955 10.814 31.4821 0.711713
165.011 10.8533 32.0909 0.693096
165.067 10.8914 32.702 0.668556
165.124 10.9283 33.3151 0.64939
165.18 10.9645 33.9303 0.640168
165.236 10.9994 34.5474 0.614211
165.292 11.0327 35.1665 0.579791
165.348 11.0647 35.7874 0.557306
165.404 11.0954 36.4101 0.540168
165.461 11.1249 37.0344 0.514378
165.517 11.153 37.6603 0.488999
165.573 11.18 38.2878 0.469126
165.629 11.2057 38.9168 0.451166
165.685 11.2304 39.5472 0.43061
165.742 11.2539 40.1789 0.407208
165.798 11.2762 40.8119 0.391609
165.854 11.2978 41.4461 0.381257
165.91 11.3191 42.0815 0.37417
165.966 11.3401 42.7182 0.371063
166.022 11.3608 43.3559 0.368115
166.079 11.3815 43.9949 0.371354
166.135 11.4021 44.635 0.364193
166.191 11.4223 45.2762 0.357772
166.247 11.4421 45.9186 0.346766
166.303 11.4613 46.5621 0.335299
166.36 11.4797 47.2066 0.325495
166.416 11.4978 47.8521 0.316272
166.472 11.5154 48.4987 0.310918
166.528 11.5327 49.1462 0.303435
166.584 11.5496 49.7947 0.298254
166.64 11.5663 50.4441 0.296022
166.697 11.5827 51.0944 0.2916
166.753 11.5989 51.7457 0.285185
166.809 11.6149 52.3979 0.282674
166.865 11.6305 53.0509 0.275826
166.921 11.6456 53.7048 0.264554
166.978 11.6604 54.3596 0.260895
167.034 11.6746 55.0151 0.251928
167.09 11.6885 55.6715 0.241997
167.146 11.7019 56.3286 0.234783
167.202 11.7148 56.9864 0.228419
167.258 11.7273 57.645 0.22034
167.315 11.7394 58.3042 0.210291
167.371 11.7511 58.9641 0.206264
167.427 11.7621 59.6247 0.193073
167.483 11.7728 60.2858 0.186471
167.539 11.7832 60.9476 0.179853
167.596 11.7932 61.6099 0.176684
167.652 11.8029 62.2728 0.164269
167.708 11.812 62.9362 0.162743
167.764 11.8206 63.6001 0.149101
167.82 11.8288 64.2644 0.141211
167.876 11.8366 64.9292 0.136296
167.933 11.8439 65.5944 0.125859
167.989 11.8507 66.2601 0.114286
168.045 11.8571 66.9261 0.115528
168.101 11.8631 67.5924 0.102593
168.157 11.8687 68.259 0.096147
168.213 11.874 68.926 0.0951598
168.27 11.879 69.5933 0.0862729
168.326 11.8836 70.2608 0.0782277
168.382 11.8879 70.9285 0.076798
168.438 11.8919 71.5965 0.0699711
168.494 11.8956 72.2647 0.0616431
168.551 11.899 72.9331 0.0615028
168.607 11.9021 73.6017 0.0515432
168.663 11.9049 74.2705 0.048329
168.719 11.9076 74.9394 0.0451725
168.775 11.91 75.6084 0.0457923
168.831 11.9122 76.2776 0.0353843
168.888 11.9144 76.9469 0.0402145
168.944 11.9164 77.6163 0.0353799
169 11.9184 78.2859 0.0344111
169.056 11.9203 78.9555 0.0340174
169.112 11.9221 79.6252 0.0332772
169.169 11.9238 80.2951 0.025995
169.225 11.9255 80.965 0.0347069
169.281 11.9272 81.635 0.0334236
169.337 11.9289 82.3052 0.0272604
169.393 11.9307 82.9754 0.0335651
169.449 11.9324 83.6457 0.0333057
169.506 11.9342 84.3161 0.0295488
169.562 11.9362 84.9867 0.0388928
169.618 11.9382 85.6573 0.0375538
169.674 11.9403 86.3281 0.0339214
169.73 11.9425 86.9989 0.040854
169.787 11.9446 87.6699 0.0391453
169.843 11.9466 88.3411 0.0328185
169.899 11.9489 89.0123 0.0425114
169.955 11.9511 89.6836 0.0424048
170.011 11.9536 90.3551 0.0431343
170.067 11.9564 91.0268 0.0530066
170.124 11.9593 91.6986 0.0539576
170.18 11.9624 92.3706 0.0529672
170.236 11.9657 93.0427 0.0620434
170.292 11.9691 93.7151 0.064602
170.348 11.9727 94.3876 0.0622477
170.404 11.9765 95.0604 0.0715587
170.461 11.9804 95.7333 0.0704514
170.517 11.9844 96.4065 0.0701922
170.573 11.9887 97.0799 0.078447
170.629 11.9931 97.7536 0.0804933
170.685 11.9976 98.4275 0.0799465
170.742 12.0023 99.1017 0.0860145
170.798 12.0071 99.7762 0.0849912
170.854 12.012 100.451 0.08689
170.91 12.017 101.126 0.0912874
170.966 12.0222 101.801 0.0943086
171.022 12.0275 102.477 0.0922611
171.079 12.0329 103.153 0.100939
171.135 12.0385 103.829 0.101186
171.191 12.0443 104.505 0.104504
171.247 12.0504 105.182 0.111849
171.303 12.0567 105.859 0.114307
171.36 12.0633 106.537 0.118535
171.416 12.0702 107.215 0.125444
171.472 12.0773 107.893 0.127596
171.528 12.0847 108.572 0.132838
171.584 12.0924 109.251 0.140572
171.64 12.1003 109.931 0.14385
171.697 12.1085 110.611 0.147228
171.753 12.1169 111.291 0.150367
171.809 12.1255 111.972 0.1547
171.865 12.1343 112.654 0.15776
171.921 12.1434 113.336 0.164007
171.978 12.1526 114.018 0.166744
172.034 12.1622 114.702 0.173556
172.09 12.1719 115.385 0.17387
172.146 12.1818 116.069 0.175451
172.202 12.1918 116.754 0.179912
172.258 12.2019 117.439 0.181547
172.315 12.2121 118.125 0.18317
172.371 12.2224 118.811 0.182438
172.427 12.2328 119.498 0.186165
172.483 12.2433 120.186 0.18699
172.539 12.2538 120.874 0.185369
172.596 12.2644 121.563 0.189607
172.652 12.275 122.252 0.186877
172.708 12.2857 122.942 0.194356
172.764 12.2965 123.633 0.190369
172.82 12.3074 124.324 0.197171
172.876 12.3184 125.016 0.191467
172.933 12.3296 125.708 0.200975
172.989 12.3409 126.401 0.2006
173.045 12.3522 127.095 0.202071
173.101 12.3634 127.789 0.197853
173.157 12.3747 128.484 0.200645
173.213 12.386 129.18 0.200372
173.27 12.3973 129.876 0.201379
173.326 12.4087 130.573 0.203451
173.382 12.4201 131.271 0.203796
173.438 12.4316 131.969 0.203898
173.494 12.4431 132.667 0.204951
173.551 12.4546 133.367 0.204612
173.607 12.466 134.067 0.200261
173.663 12.4773 134.768 0.200753
173.719 12.4884 135.469 0.197469
173.775 12.4994 136.171 0.193782
173.831 12.5104 136.874 0.197662
173.888 12.5213 137.577 0.195272
173.944 12.5324 138.281 0.196657
174 12.5436 138.985 0.201185
174.056 12.5549 139.69 0.202542
174.112 12.5663 140.396 0.202172
174.169 12.5778 141.102 0.20477
174.225 12.5892 141.809 0.20482
174.281 12.6007 142.517 0.202994
174.337 12.6122 143.225 0.206428
174.393 12.6238 143.934 0.206218
174.449 12.6353 144.644 0.203
174.506 12.6467 145.354 0.203902
174.562 12.658 146.065 0.19922
174.618 12.6692 146.776 0.197283
174.674 12.6802 147.488 0.195466
174.73 12.691 148.201 0.191895
174.787 12.7017 148.914 0.189484
174.843 12.7122 149.628 0.187242
174.899 12.7226 150.343 0.183174
174.955 12.7331 151.058 0.185752
175.011 12.7434 151.774 0.184412
175.067 12.7536 152.49 0.180598
175.124 12.7638 153.207 0.18132
175.18 12.7739 153.924 0.178844
175.236 12.7839 154.642 0.176823
175.292 12.7939 155.361 0.177368
175.348 12.8039 156.08 0.178511
175.404 12.814 156.8 0.178204
175.461 12.8241 157.52 0.180448
175.517 12.8343 158.241 0.178681
175.573 12.8446 158.962 0.180754
175.629 12.8549 159.684 0.182975
175.685 12.8654 160.406 0.183622
175.742 12.8759 161.13 0.189376
175.798 12.8864 161.853 0.184358
175.854 12.8969 162.578 0.186873
175.91 12.9073 163.302 0.185051
175.966 12.9176 164.028 0.185627
176.022 12.9279 164.754 0.182077
176.079 12.9381 165.481 0.182479
176.135 12.9484 166.208 0.183991
176.191 12.9588 166.936 0.184888
176.247 12.9691 167.664 0.18186
176.303 12.9795 168.393 0.185025
176.36 12.9898 169.122 0.184919
176.416 13.0003 169.853 0.187692
176.472 13.011 170.583 0.189839
176.528 13.0215 171.315 0.188649
176.584 13.032 172.046 0.183271
176.64 13.0425 172.779 0.188428
176.697 13.053 173.512 0.185429
176.753 13.0633 174.246 0.18161
176.809 13.0736 174.98 0.183458
176.865 13.0837 175.715 0.180551
176.921 13.0936 176.45 0.172516
176.978 13.1034 177.186 0.173062
177.034 13.1131 177.923 0.169869
177.09 13.1225 178.66 0.165034
177.146 13.1316 179.397 0.16495
177.202 13.1408 180.135 0.165365
177.258 13.15 180.874 0.160226
177.315 13.1589 181.613 0.160343
177.371 13.1677 182.352 0.155352
177.427 13.1764 183.092 0.152039
177.483 13.185 183.833 0.150942
177.539 13.1934 184.574 0.149123
177.596 13.2018 185.315 0.145448
177.652 13.21 186.057 0.14708
177.708 13.2179 186.8 0.140045
177.764 13.2257 187.543 0.136501
177.82 13.2333 188.286 0.133795
177.876 13.2406 189.03 0.12505
177.933 13.2478 189.774 0.125125
177.989 13.2549 190.518 0.129167
178.045 13.2619 191.263 0.122779
178.101 13.2689 192.008 0.122853
178.157 13.2758 192.754 0.123462
178.213 13.2826 193.5 0.119685
178.27 13.2893 194.247 0.118071
178.326 13.2959 194.993 0.120599
178.382 13.3025 195.741 0.118882
178.438 13.3091 196.488 0.112612
178.494 13.3155 197.236 0.115869
178.551 13.3218 197.984 0.112224
178.607 13.3281 198.733 0.109488
178.663 13.3342 199.482 0.109571
178.719 13.3401 200.231 0.101471
178.775 13.3459 200.981 0.100751
178.831 13.3516 201.731 0.102122
178.888 13.3572 202.481 0.0986377
178.944 13.3628 203.232 0.0978025
179 13.3683 203.983 0.0988974
179.056 13.3736 204.734 0.0914033
179.112 13.379 205.485 0.0949599
179.169 13.3841 206.237 0.0921457
179.225 13.3892 206.989 0.088554
179.281 13.3941 207.742 0.0844709
179.337 13.3988 208.494 0.0839414
179.393 13.4033 209.247 0.0786456
179.449 13.4078 210 0.0759165
179.506 13.4121 210.754 0.0795442
179.562 13.4164 211.507 0.0759089
179.618 13.4206 212.261 0.0739632
179.674 13.4248 213.015 0.0750297
179.73 13.4289 213.77 0.0736298
179.787 13.4331 214.524 0.0728499
179.843 13.4371 215.279 0.0733663
179.899 13.441 216.034 0.0654803
179.955 13.4446 216.789 0.0632439
180.011 13.4482 217.545 0.0630374
180.067 13.4515 218.3 0.060054
180.124 13.4549 219.056 0.0589505
180.18 13.4581 219.812 0.0595058
180.236 13.4613 220.568 0.056633
180.292 13.4645 221.325 0.0560162
180.348 13.4678 222.081 0.0593875
180.404 13.4712 222.838 0.063225
180.461 13.4748 223.595 0.0656064
180.517 13.4786 224.352 0.0678189
180.573 13.4824 225.109 0.0693617
180.629 13.4863 225.867 0.0693744
180.685 13.4903 226.625 0.0721609
180.742 13.4944 227.383 0.072849
180.798 13.4985 228.141 0.0726388
180.854 13.5027 228.899 0.0767245
180.91 13.507 229.658 0.0765421
180.966 13.5114 230.417 0.0793986
181.022 13.5159 231.176 0.0807386
181.079 13.5205 231.936 0.0805656
181.135 13.525 232.696 0.0790503
181.191 13.5295 233.456 0.0802218
181.247 13.5338 234.216 0.0781825
181.303 13.5381 234.976 0.076564
181.36 13.5425 235.737 0.0795629
181.416 13.5468 236.498 0.0762872
181.472 13.5511 237.259 0.0744958
181.528 13.5553 238.021 0.07537
181.584 13.5594 238.782 0.0733991
181.64 13.5635 239.544 0.071273
181.697 13.5675 240.306 0.0720387
181.753 13.5715 241.069 0.0723858
181.809 13.5756 241.831 0.0756487
181.865 13.5799 242.594 0.0790557
181.921 13.5843 243.357 0.0775579
181.978 13.5888 244.12 0.0803297
182.034 13.5934 244.884 0.0837628
182.09 13.598 245.648 0.0824257
182.146 13.6027 246.412 0.0804529
182.202 13.6075 247.176 0.0898222
182.258 13.6126 247.941 0.0905002
182.315 13.6179 248.706 0.0954926
182.371 13.6233 249.471 0.0990441
182.427 13.6288 250.237 0.0955453
182.483 13.6344 251.002 0.0985813
182.539 13.6399 251.769 0.0996904
182.596 13.6454 252.535 0.0963096
182.652 13.6508 253.302 0.0965665
182.708 13.6564 254.069 0.101373
182.764 13.6619 254.836 0.0983093
182.82 13.6675 255.604 0.100339
182.876 13.673 256.372 0.102137
182.933 13.6787 257.14 0.100882
182.989 13.6844 257.909 0.100621
183.045 13.69 258.678 0.100964
183.101 13.6955 259.447 0.0975416
183.157 13.7009 260.217 0.0952742
183.213 13.7063 260.987 0.096464
183.27 13.7115 261.757 0.0927732
183.326 13.7168 262.527 0.0950227
183.382 13.7221 263.298 0.0935374
183.438 13.7274 264.069 0.0928484
183.494 13.7329 264.841 0.0977155
183.551 13.7384 265.612 0.0985463
183.607 13.7439 266.384 0.0992214
183.663 13.7494 267.157 0.096658
183.719 13.7549 267.929 0.0984673
183.775 13.7604 268.702 0.0965858
183.831 13.7658 269.476 0.096201
183.888 13.7714 270.249 0.102205
183.944 13.7771 271.023 0.103647
184 13.7829 271.797 0.102218
184.056 13.7889 272.572 0.107965
184.112 13.795 273.347 0.111236
184.169 13.8014 274.122 0.111555
184.225 13.8078 274.897 0.115671
184.281 13.8142 275.673 0.11387
184.337 13.8206 276.45 0.112445
184.393 13.8271 277.226 0.118305
184.449 13.8336 278.003 0.116384
184.506 13.8401 278.781 0.112908
184.562 13.8465 279.558 0.111536
184.618 13.8524 280.336 0.101489
184.674 13.8581 281.115 0.1022
184.73 13.8637 281.894 0.100959
184.787 13.8692 282.673 0.0974814
184.843 13.8747 283.452 0.0940403
184.899 13.8801 284.232 0.0970033
184.955 13.8854 285.012 0.0944499
185.011 13.8906 285.792 0.0919689
185.067 13.8957 286.572 0.0907544
185.124 13.9006 287.353 0.0866509
185.18 13.9056 288.134 0.0869546
185.236 13.9104 288.916 0.0858379
185.292 13.9152 289.697 0.0854683
185.348 13.9199 290.479 0.0848958
185.404 13.9246 291.261 0.0827349
185.461 13.9292 292.044 0.0818541
185.517 13.9338 292.827 0.0793295
185.573 13.9383 293.61 0.0786387
185.629 13.9426 294.393 0.0754162
185.685 13.9468 295.176 0.0727522
185.742 13.9507 295.96 0.0675054
185.798 13.9543 296.744 0.0589185
185.854 13.9575 297.528 0.054867
185.91 13.9605 298.312 0.0527975
185.966 13.9633 299.096 0.0496014
186.022 13.9661 299.881 0.0471942
186.079 13.9689 300.666 0.0498925
186.135 13.9715 301.451 0.0453534
186.191 13.974 302.236 0.0414329
186.247 13.9764 303.021 0.0441295
186.303 13.9787 303.806 0.0411451
186.36 13.9811 304.591 0.0413327
186.416 13.9835 305.377 0.0436675
186.472 13.9858 306.163 0.0431147
186.528 13.9883 306.948 0.0421622
186.584 13.9908 307.734 0.0453652
186.64 13.9932 308.52 0.0419835
186.697 13.9955 309.307 0.0371303
186.753 13.9976 310.093 0.0373732
186.809 13.9995 310.879 0.0321629
186.865 14.0012 311.666 0.0279793
186.921 14.0028 312.453 0.0282159
186.978 14.0043 313.239 0.0275688
187.034 14.0059 314.026 0.0268549
187.09 14.0075 314.813 0.0314537
187.146 14.0089 315.6 0.0253517
187.202 14.0102 316.387 0.020468
187.258 14.0112 317.174 0.0153101
187.315 14.0121 317.961 0.013869
187.371 14.0127 318.749 0.00996121
187.427 14.0135 319.536 0.015459
187.483 14.0144 320.323 0.0187449
187.539 14.0155 321.11 0.0191054
187.596 14.0165 321.898 0.0168979
187.652 14.0174 322.685 0.0137139
187.708 14.0179 323.473 0.00724982
187.764 14.0181 324.26 0.00342034
187.82 14.0183 325.048 0.00108591
187.876 14.0182 325.836 -0.00176113
187.933 14.0181 326.623 5.50793e-05
187.989 14.0176 327.411 -0.013068
188.045 14.0168 328.198 -0.0197311
188.101 14.0159 328.985 -0.0166128
188.157 14.0145 329.773 -0.0257299
188.213 14.0129 330.56 -0.0338398
188.27 14.0108 331.347 -0.0371408
188.326 14.0084 332.134 -0.0452976
188.382 14.0057 332.921 -0.0500911
188.438 14.0028 333.708 -0.0522306
188.494 13.9996 334.495 -0.0613582
188.551 13.9959 335.281 -0.0681097
188.607 13.992 336.067 -0.0697826
188.663 13.9878 336.853 -0.0771743
188.719 13.9834 337.639 -0.0794879
188.775 13.9789 338.424 -0.0797995
188.831 13.9742 339.209 -0.0834989
188.888 13.9695 339.994 -0.0826457
188.944 13.965 340.779 -0.0794333
189 13.9605 341.563 -0.0825501
189.056 13.9558 342.347 -0.0842532
189.112 13.9512 343.131 -0.0840647
189.169 13.9462 343.915 -0.0922492
189.225 13.9408 344.698 -0.100227
189.281 13.9351 345.481 -0.10183
189.337 13.9292 346.264 -0.109426
189.393 13.9228 347.046 -0.117791
189.449 13.916 347.828 -0.12114
189.506 13.9091 348.61 -0.123288
189.562 13.902 349.391 -0.127586
189.618 13.8946 350.172 -0.134062
189.674 13.8869 350.952 -0.137393
189.73 13.8789 351.732 -0.146489
189.787 13.8705 352.511 -0.152212
189.843 13.8617 353.29 -0.160668
189.899 13.8523 354.069 -0.17029
189.955 13.8427 354.847 -0.17038
190.011 13.8328 355.624 -0.178737
190.067 13.8224 356.401 -0.189927
190.124 13.8116 357.177 -0.191724
190.18 13.8007 357.952 -0.194539
190.236 13.7896 358.727 -0.200108
190.292 13.7782 359.502 -0.203544
190.348 13.7666 360.275 -0.210769
190.404 13.7544 361.048 -0.222498
190.461 13.7418 361.821 -0.223738
190.517 13.729 362.592 -0.226978
190.573 13.7163 363.363 -0.225624
190.629 13.7037 364.133 -0.224564
190.685 13.6909 364.903 -0.229988
190.742 13.6778 365.671 -0.235199
190.798 13.6648 366.439 -0.230834
190.854 13.6518 367.207 -0.230523
190.91 13.6389 367.973 -0.231909
190.966 13.6257 368.739 -0.237872
191.022 13.6119 369.504 -0.249287
191.079 13.5978 370.268 -0.255146
191.135 13.5836 371.032 -0.254749
191.191 13.5687 371.794 -0.268525
191.247 13.5534 372.556 -0.277154
191.303 13.5378 373.317 -0.278557
191.36 13.5219 374.077 -0.286898
191.416 13.5056 374.836 -0.293769
191.472 13.489 375.594 -0.298921
191.528 13.4719 376.351 -0.305436
191.584 13.4545 377.108 -0.311902
191.64 13.4371 377.863 -0.307981
191.697 13.4198 378.617 -0.307492
191.753 13.4026 379.371 -0.307552
191.809 13.3853 380.123 -0.307363
191.865 13.368 380.874 -0.307449
191.921 13.3506 381.625 -0.312251
191.978 13.333 382.374 -0.312703
192.034 13.3155 383.123 -0.313477
192.09 13.2979 383.87 -0.313083
192.146 13.2804 384.617 -0.307577
192.202 13.2632 385.362 -0.30508
192.258 13.2459 386.107 -0.309073
192.315 13.2283 386.85 -0.317396
192.371 13.2103 387.593 -0.321777
192.427 13.1923 388.334 -0.319124
192.483 13.1744 389.075 -0.316372
192.539 13.1565 389.815 -0.318981
192.596 13.1384 390.553 -0.324642
192.652 13.1201 391.291 -0.325654
192.708 13.1018 392.027 -0.32759
192.764 13.0833 392.762 -0.332459
192.82 13.0646 393.497 -0.332589
192.876 13.0458 394.23 -0.333152
192.933 13.027 394.962 -0.332553
192.989 13.0085 395.694 -0.326941
193.045 12.9903 396.424 -0.320562
193.101 12.9724 397.153 -0.317077
193.157 12.9546 397.881 -0.316091
193.213 12.9368 398.608 -0.319111
193.27 12.9189 399.335 -0.320282
193.326 12.901 400.06 -0.318017
193.382 12.883 400.784 -0.323448
193.438 12.865 401.507 -0.319079
193.494 12.8472 402.229 -0.313951
193.551 12.8295 402.95 -0.317585
193.607 12.8117 403.671 -0.316099
193.663 12.7941 404.39 -0.309967
193.719 12.7768 405.108 -0.307902
193.775 12.7596 405.825 -0.306883
193.831 12.7425 406.541 -0.300795
193.888 12.7259 407.257 -0.293023
193.944 12.7097 407.971 -0.286951
194 12.6939 408.685 -0.280364
194.056 12.6781 409.397 -0.279562
194.112 12.6625 410.109 -0.28106
194.169 12.6466 410.82 -0.279299
194.225 12.631 411.53 -0.277
194.281 12.6156 412.239 -0.272911
194.337 12.6004 412.947 -0.26357
194.393 12.586 413.654 -0.252803
194.449 12.5723 414.361 -0.236919
194.506 12.5594 415.067 -0.224225
194.562 12.5468 415.772 -0.223848
194.618 12.5344 416.477 -0.221107
194.674 12.522 417.18 -0.220141
194.73 12.5096 417.883 -0.220074
194.787 12.4974 418.586 -0.216516
194.843 12.4854 419.287 -0.210271
194.899 12.4736 419.988 -0.207492
194.955 12.4622 420.689 -0.202855
195.011 12.4508 421.389 -0.201539
195.067 12.4395 422.088 -0.203279
195.124 12.4281 422.786 -0.201471
195.18 12.4169 423.484 -0.195656
195.236 12.4062 424.181 -0.189267
195.292 12.3961 424.878 -0.175455
195.348 12.3863 425.574 -0.171337
195.404 12.3768 426.269 -0.169029
195.461 12.3676 426.964 -0.160889
195.517 12.3587 427.659 -0.156115
195.573 12.3501 428.353 -0.150481
195.629 12.3417 429.047 -0.14778
195.685 12.3338 429.74 -0.139706
195.742 12.3261 430.432 -0.13366
195.798 12.3188 431.124 -0.12714
195.854 12.3119 431.816 -0.120195
195.91 12.3052 432.508 -0.117301
195.966 12.2989 433.199 -0.11045
196.022 12.2927 433.89 -0.112154
196.079 12.2865 434.58 -0.110799
196.135 12.2802 435.27 -0.111587
196.191 12.2741 435.96 -0.107346
196.247 12.2681 436.649 -0.105234
196.303 12.2622 437.338 -0.106216
196.36 12.2565 438.027 -0.0998577
196.416 12.2511 438.715 -0.0926049
196.472 12.246 439.403 -0.0889428
196.528 12.2412 440.091 -0.0834032
196.584 12.2367 440.779 -0.0765511
196.64 12.2325 441.466 -0.0733809
196.697 12.2286 442.153 -0.0670112
196.753 12.225 442.84 -0.0628472
196.809 12.2217 443.527 -0.0573836
196.865 12.2186 444.213 -0.0526064
196.921 12.2157 444.899 -0.048999
196.978 12.2131 445.586 -0.0452568
197.034 12.2107 446.272 -0.042531
197.09 12.2082 446.958 -0.0458815
197.146 12.2055 447.643 -0.0502092
197.202 12.2025 448.329 -0.0531206
197.258 12.1995 449.014 -0.0520972
197.315 12.1967 449.7 -0.0462681
197.371 12.1943 450.385 -0.041652
197.427 12.1922 451.07 -0.0335492
197.483 12.1905 451.755 -0.0280881
197.539 12.189 452.439 -0.025563
197.596 12.1877 453.124 -0.0236385
197.652 12.1865 453.809 -0.0193056
197.708 12.1856 454.493 -0.0143078
197.764 12.1848 455.178 -0.0141723
197.82 12.184 455.863 -0.014433
197.876 12.1832 456.547 -0.0119198
197.933 12.1824 457.231 -0.012255
197.989 12.1819 457.916 -0.0107038
198.045 12.1816 458.6 -0.00398651
198.101 12.1814 459.285 -0.00380269
198.157 12.1814 459.969 0.00403976
198.213 12.1819 460.653 0.0116524
198.27 12.1827 461.338 0.0150475
198.326 12.1834 462.022 0.0134701
198.382 12.1842 462.707 0.0129635
198.438 12.1847 463.391 0.00908208
198.494 12.185 464.076 0.00543334
198.551 12.1852 464.76 0.00281956
198.607 12.1853 465.445 -0.00016422
198.663 12.1851 466.129 -0.00622866
198.719 12.1846 466.814 -0.0105479
198.775 12.1838 467.498 -0.0144668
198.831 12.1829 468.183 -0.0143236
198.888 12.1821 468.867 -0.0128229
198.944 12.1816 469.552 -0.00888333
199 12.1813 470.236 -0.00476521
199.056 12.1811 470.92 -0.00225881
199.112 12.1811 471.605 0.000855322
199.169 12.1814 472.289 0.00623057
199.225 12.182 472.973 0.0130252
199.281 12.1828 473.658 0.0142415
199.337 12.1837 474.342 0.0163085
199.393 12.1847 475.027 0.0189216
199.449 12.1858 475.711 0.0205854
199.506 12.1869 476.396 0.018297
199.562 12.188 477.081 0.0210177
199.618 12.1889 477.765 0.01706
199.674 12.1899 478.45 0.0169246
199.73 12.191 479.135 0.0212578
199.787 12.1922 479.82 0.0236707
199.843 12.1935 480.505 0.0226635
199.899 12.1949 481.19 0.0243528
199.955 12.1966 481.875 0.031105
200.011 12.1983 482.56 0.0317642
200.067 12.2 483.246 0.0289813
200.124 12.2017 483.931 0.0282183
200.18 12.2031 484.617 0.0258202
200.236 12.2046 485.302 0.0275516
200.292 12.206 485.988 0.023674
200.348 12.2074 486.674 0.0257959
200.404 12.2088 487.36 0.0255172
200.461 12.2102 488.046 0.024142
200.517 12.2116 488.732 0.0251344
200.573 12.2131 489.418 0.0285479
200.629 12.2148 490.104 0.0301031
200.685 12.2166 490.79 0.032601
200.742 12.2185 491.477 0.034906
200.798 12.2205 492.163 0.0352499
200.854 12.2226 492.85 0.0368462
200.91 12.2246 493.536 0.0344866
200.966 12.2267 494.223 0.0369405
201.022 12.2288 494.91 0.0377694
201.079 12.2309 495.597 0.0372022
201.135 12.233 496.285 0.0378434
201.191 12.235 496.972 0.0366679
201.247 12.2372 497.659 0.040047
201.303 12.2395 498.347 0.0394757
201.36 12.2418 499.035 0.04336
201.416 12.2441 499.722 0.0419923
201.472 12.2465 500.41 0.0414115
201.528 12.2488 501.098 0.0409115
201.584 12.251 501.787 0.0383844
201.64 12.2534 502.475 0.0414862
201.697 12.2558 503.163 0.0446566
201.753 12.2582 503.852 0.0428104
201.809 12.2607 504.541 0.042671
201.865 12.2632 505.23 0.0484569
201.921 12.2658 505.919 0.0456266
201.978 12.2685 506.608 0.0468564
202.034 12.2712 507.297 0.0486252
202.09 12.274 507.987 0.0488259
202.146 12.2769 508.676 0.0515835
202.202 12.2799 509.366 0.0545055
202.258 12.2829 510.056 0.0547116
202.315 12.286 510.746 0.0563669
202.371 12.2893 511.437 0.0574354
202.427 12.2925 512.127 0.0584992
202.483 12.2959 512.818 0.0608165
202.539 12.2993 513.509 0.0597063
202.596 12.3028 514.2 0.0615259
202.652 12.3062 514.891 0.062838
202.708 12.3098 515.583 0.0647064
202.764 12.3136 516.274 0.0675024
202.82 12.3174 516.966 0.0692241
202.876 12.3214 517.658 0.0707281
202.933 12.3255 518.351 0.0731662
202.989 12.3297 519.043 0.0745025
203.045 12.334 519.736 0.0757089
203.101 12.3384 520.429 0.081957
203.157 12.3429 521.123 0.0789714
203.213 12.3475 521.816 0.0801248
203.27 12.3521 522.51 0.0844941
203.326 12.3568 523.204 0.0817649
203.382 12.3614 523.898 0.0817946
203.438 12.3661 524.593 0.0835599
203.494 12.3706 525.288 0.0793725
203.551 12.375 525.983 0.0787536
203.607 12.3795 526.678 0.0778848
203.663 12.3842 527.374 0.0838943
203.719 12.3889 528.07 0.0843952
203.775 12.394 528.766 0.0960306
203.831 12.3993 529.463 0.0981682
203.888 12.4049 530.159 0.10324
203.944 12.4108 530.856 0.108881
204 12.4169 531.554 0.108812
204.056 12.4231 532.252 0.107961
204.112 12.4295 532.95 0.117786
204.169 12.4359 533.648 0.115525
204.225 12.4425 534.347 0.113523
204.281 12.4494 535.046 0.122851
204.337 12.4564 535.746 0.128015
204.393 12.4638 536.446 0.129791
204.449 12.4712 537.147 0.134785
204.506 12.4788 537.847 0.135629
204.562 12.4865 538.549 0.135607
204.618 12.4942 539.251 0.136355
204.674 12.5018 539.953 0.135394
204.73 12.5095 540.655 0.134163
204.787 12.5171 541.358 0.132442
204.843 12.5245 542.062 0.132424
204.899 12.5319 542.766 0.129702
204.955 12.5393 543.47 0.131487
205.011 12.5465 544.175 0.127476
205.067 12.5537 544.88 0.125301
205.124 12.5607 545.585 0.126073
205.18 12.5678 546.291 0.126364
205.236 12.5749 546.997 0.127618
205.292 12.5824 547.704 0.134873
205.348 12.5901 548.411 0.138855
205.404 12.5981 549.119 0.144198
205.461 12.6064 549.827 0.151124
205.517 12.6151 550.535 0.154492
205.573 12.6238 551.244 0.153899
205.629 12.6324 551.954 0.152449
205.685 12.6409 552.664 0.151078
205.742 12.6493 553.374 0.149005
205.798 12.6578 554.085 0.151579
205.854 12.6662 554.797 0.147825
205.91 12.6744 555.509 0.142766
205.966 12.6822 556.221 0.140613
206.022 12.6899 556.934 0.13536
206.079 12.6975 557.647 0.134817
206.135 12.705 558.36 0.131301
206.191 12.7123 559.074 0.128315
206.247 12.7192 559.789 0.119953
206.303 12.7259 560.504 0.118725
206.36 12.7325 561.219 0.11762
206.416 12.7392 561.934 0.116559
206.472 12.7458 562.65 0.116253
206.528 12.7521 563.366 0.113222
206.584 12.7585 564.083 0.10951
206.64 12.7647 564.8 0.109013
206.697 12.7708 565.517 0.107145
206.753 12.7767 566.235 0.105989
206.809 12.7827 566.953 0.106032
206.865 12.7886 567.671 0.103236
206.921 12.7943 568.39 0.101544
206.978 12.7998 569.109 0.0948229
207.034 12.8048 569.828 0.0878444
207.09 12.8097 570.548 0.0848401
207.146 12.8144 571.268 0.08423
207.202 12.8191 571.988 0.0841003
207.258 12.8237 572.708 0.0770954
207.315 12.8279 573.429 0.0714739
207.371 12.8316 574.149 0.0646154
207.427 12.8352 574.87 0.0625204
207.483 12.8386 575.592 0.0590978
207.539 12.8417 576.313 0.0524909
207.596 12.8445 577.034 0.0462867
207.652 12.8469 577.756 0.0397712
207.708 12.8489 578.478 0.0343589
207.764 12.8507 579.2 0.0320188
207.82 12.8523 579.922 0.0240179
207.876 12.8534 580.644 0.018998
207.933 12.8544 581.366 0.0140542
207.989 12.855 582.088 0.0100806
208.045 12.8553 582.81 0.00327984
208.101 12.8554 583.533 0.00155128
208.157 12.8557 584.255 0.00638436
208.213 12.856 584.977 0.00701283
208.27 12.8565 585.699 0.00625132
208.326 12.8566 586.422 -0.00140696
208.382 12.8562 587.144 -0.00900317
208.438 12.8555 587.866 -0.0171883
208.494 12.8544 588.588 -0.0232327
208.551 12.8528 589.31 -0.0324873
208.607 12.8507 590.032 -0.0414541
208.663 12.8482 590.754 -0.0456338
208.719 12.8456 591.476 -0.0477691
208.775 12.8428 592.198 -0.0540521
208.831 12.8396 592.919 -0.0585376
208.888 12.836 593.64 -0.0672099
208.944 12.8321 594.361 -0.0715851
209 12.8279 595.082 -0.0725084
209.056 12.8239 595.803 -0.0723783
209.112 12.8198 596.523 -0.0726252
209.169 12.8155 597.243 -0.0794425
209.225 12.8106 597.963 -0.0931159
209.281 12.8051 598.682 -0.101299
209.337 12.7991 599.401 -0.111524
209.393 12.7927 600.12 -0.115337
209.449 12.7862 600.839 -0.119985
209.506 12.7793 601.557 -0.12596
209.562 12.7719 602.274 -0.133227
209.618 12.7643 602.992 -0.134931
209.674 12.7568 603.709 -0.13427
209.73 12.7491 604.425 -0.137312
209.787 12.7413 605.141 -0.139479
209.843 12.7335 605.857 -0.140038
209.899 12.7254 606.572 -0.145516
209.955 12.7171 607.286 -0.150715
210.011 12.7085 608 -0.156032
210.067 12.6994 608.714 -0.165771
210.124 12.69 609.427 -0.167798
210.18 12.6804 610.14 -0.168773
210.236 12.6709 610.852 -0.169496
210.292 12.6614 611.563 -0.170022
210.348 12.6519 612.274 -0.173002
210.404 12.6421 612.985 -0.173276
210.461 12.6323 613.695 -0.172724
210.517 12.6227 614.404 -0.171558
210.573 12.6126 615.113 -0.183874
210.629 12.6021 615.821 -0.187368
210.685 12.5915 616.529 -0.189766
210.742 12.5809 617.236 -0.189176
210.798 12.5703 617.942 -0.190468
210.854 12.5595 618.648 -0.192457
210.91 12.5484 619.353 -0.201415
210.966 12.537 620.058 -0.203316
211.022 12.5256 620.762 -0.203488
211.079 12.5141 621.465 -0.200451
211.135 12.503 622.168 -0.199396
211.191 12.4921 622.87 -0.192271
211.247 12.4815 623.571 -0.188023
211.303 12.4711 624.272 -0.185897
211.36 12.4607 624.972 -0.18675
211.416 12.4501 625.672 -0.188742
211.472 12.4395 626.371 -0.189825
211.528 12.4288 627.07 -0.192212
211.584 12.4179 627.768 -0.193008
211.64 12.4072 628.465 -0.187867
211.697 12.3969 629.161 -0.179167
211.753 12.3865 629.858 -0.185922
211.809 12.376 630.553 -0.18979
211.865 12.3653 631.248 -0.187751
211.921 12.3545 631.942 -0.193954
211.978 12.3438 632.636 -0.190943
212.034 12.3335 633.329 -0.17886
212.09 12.3238 634.022 -0.168068
212.146 12.3145 634.714 -0.161438
212.202 12.3059 635.405 -0.148664
212.258 12.2975 636.096 -0.148393
212.315 12.2893 636.787 -0.145447
212.371 12.2812 637.477 -0.141567
212.427 12.273 638.167 -0.147216
212.483 12.2649 638.856 -0.145413
212.539 12.2569 639.545 -0.138632
212.596 12.2493 640.233 -0.132854
212.652 12.2422 640.921 -0.126411
212.708 12.2353 641.609 -0.123017
212.764 12.2281 642.296 -0.130155
212.82 12.2211 642.982 -0.12425
212.876 12.2142 643.669 -0.121327
212.933 12.2075 644.355 -0.118763
212.989 12.2009 645.04 -0.117911
213.045 12.1945 645.726 -0.11159
213.101 12.1881 646.41 -0.113341
213.157 12.1819 647.095 -0.109722
213.213 12.176 647.779 -0.100248
213.27 12.1705 648.463 -0.0985664
213.326 12.1651 649.147 -0.0988083
213.382 12.1601 649.83 -0.0842856
213.438 12.1552 650.513 -0.086274
213.494 12.1503 651.195 -0.0861296
213.551 12.1457 651.878 -0.0816536
213.607 12.1415 652.56 -0.0718185
213.663 12.1378 653.242 -0.0619279
213.719 12.1345 653.924 -0.0564836
213.775 12.1313 654.605 -0.0556931
213.831 12.1284 655.287 -0.0499465
213.888 12.1259 655.968 -0.0412476
213.944 12.1235 656.649 -0.0430337
214 12.121 657.33 -0.0476384
214.056 12.1184 658.011 -0.0446125
214.112 12.1157 658.692 -0.0461335
214.169 12.1132 659.373 -0.046163
214.225 12.1108 660.053 -0.0405086
214.281 12.1084 660.733 -0.0432469
214.337 12.106 661.413 -0.0430106
214.393 12.1037 662.093 -0.0379823
214.449 12.1017 662.773 -0.0356557
214.506 12.0997 663.453 -0.0350051
214.562 12.0978 664.133 -0.0325154
214.618 12.0961 664.812 -0.0274895
214.674 12.0943 665.492 -0.0330684
214.73 12.0926 666.171 -0.0308899
214.787 12.0909 666.851 -0.0282396
214.843 12.0896 667.53 -0.0234151
214.899 12.0884 668.209 -0.0180938
214.955 12.0875 668.888 -0.0183871
215.011 12.0865 669.567 -0.0182389
215.067 12.0855 670.246 -0.0145036
215.124 12.0847 670.925 -0.015541
215.18 12.0839 671.604 -0.0133243
215.236 12.0834 672.283 -0.00747419
215.292 12.0833 672.962 0.00097768
215.348 12.0836 673.641 0.00720443
215.404 12.0842 674.319 0.0107401
215.461 12.0849 674.998 0.0146859
215.517 12.0857 675.677 0.0150461
215.573 12.0866 676.356 0.0175511
215.629 12.0876 677.035 0.0168479
215.685 12.0884 677.714 0.0137161
215.742 12.089 678.394 0.0086857
215.798 12.0895 679.073 0.00901972
215.854 12.09 679.752 0.00718521
215.91 12.0904 680.431 0.00601078
215.966 12.0907 681.11 0.00263759
216.022 12.0909 681.79 0.0029944
216.079 12.0911 682.469 0.00712207
216.135 12.0916 683.148 0.00980371
216.191 12.0922 683.828 0.00962533
216.247 12.0928 684.507 0.0131002
216.303 12.0937 685.186 0.0158894
216.36 12.0947 685.866 0.0192358
216.416 12.0959 686.545 0.0198817
216.472 12.097 687.225 0.0207462
216.528 12.0981 687.905 0.0200531
216.584 12.0991 688.584 0.0168378
216.64 12.0999 689.264 0.0133062
216.697 12.1005 689.944 0.0106162
216.753 12.1012 690.624 0.011586
216.809 12.1018 691.303 0.0121527
216.865 12.1026 691.983 0.0141276
216.921 12.1036 692.663 0.0176032
216.978 12.1045 693.343 0.0148896
217.034 12.1054 694.023 0.0151244
217.09 12.1064 694.703 0.0158909
217.146 12.1073 695.384 0.0172202
217.202 12.1083 696.064 0.0161094
217.258 12.1093 696.744 0.0196473
217.315 12.1104 697.424 0.0200031
217.371 12.1117 698.105 0.0222847
217.427 12.1131 698.785 0.0271365
217.483 12.1147 699.466 0.0284033
217.539 12.1164 700.147 0.0308819
217.596 12.1183 700.827 0.0321392
217.652 12.1202 701.508 0.0341927
217.708 12.1221 702.189 0.0318345
217.764 12.124 702.87 0.0346214
217.82 12.1259 703.551 0.0352174
217.876 12.1279 704.233 0.0350316
217.933 12.1301 704.914 0.0389506
217.989 12.1322 705.596 0.0361606
218.045 12.134 706.277 0.0309685
218.101 12.1357 706.959 0.0292592
218.157 12.1372 707.641 0.0230916
218.213 12.1383 708.323 0.0187564
218.27 12.1393 709.005 0.0167345
218.326 12.1402 709.687 0.0148077
218.382 12.141 710.369 0.0114141
218.438 12.1418 711.051 0.018105
218.494 12.1426 711.733 0.0143211
218.551 12.1435 712.415 0.0155017
218.607 12.1446 713.098 0.0206762
218.663 12.1458 713.78 0.0243044
218.719 12.1472 714.462 0.0251443
218.775 12.1489 715.145 0.0335618
218.831 12.1508 715.827 0.036288
218.888 12.153 716.51 0.0382959
218.944 12.1554 717.193 0.0449066
219 12.1579 717.876 0.0483684
219.056 12.1607 718.559 0.0487032
219.112 12.1638 719.242 0.0578446
219.169 12.1671 719.926 0.0588424
219.225 12.1705 720.609 0.0612409
219.281 12.1741 721.293 0.0655306
219.337 12.1778 721.977 0.0666407
219.393 12.1814 722.662 0.0635716
219.449 12.1853 723.346 0.0691033
219.506 12.1892 724.031 0.0722532
219.562 12.1934 724.716 0.0728003
219.618 12.1976 725.401 0.076751
219.674 12.2018 726.086 0.0746753
219.73 12.2058 726.772 0.0679399
219.787 12.2097 727.458 0.0711413
219.843 12.2136 728.144 0.0688329
219.899 12.2175 728.83 0.0667065
219.955 12.2213 729.517 0.0681564
220.011 12.2251 730.203 0.0661798
220.067 12.2287 730.89 0.0648455
220.124 12.2325 731.577 0.0696324
220.18 12.2364 732.265 0.0698493
220.236 12.2404 732.952 0.0711238
220.292 12.2446 733.64 0.0767011
220.348 12.249 734.328 0.0794686
220.404 12.2535 735.016 0.0817263
220.461 12.2582 735.705 0.083423
220.517 12.263 736.394 0.0851193
220.573 12.2679 737.083 0.0877313
220.629 12.273 737.772 0.0940387
220.685 12.2784 738.462 0.0982035
220.742 12.2841 739.152 0.104353
220.798 12.2901 739.842 0.108959
220.854 12.2962 740.533 0.109128
220.91 12.3023 741.224 0.108056
220.966 12.3086 741.915 0.112969
221.022 12.3148 742.607 0.112659
221.079 12.3213 743.299 0.114253
221.135 12.3277 743.991 0.114081
221.191 12.3341 744.684 0.113265
221.247 12.3403 745.377 0.108509
221.303 12.3464 746.071 0.107414
221.36 12.3523 746.765 0.104393
221.416 12.3581 747.459 0.100998
221.472 12.3638 748.153 0.101934
221.528 12.3694 748.848 0.100115
221.584 12.375 749.543 0.0989748
221.64 12.3806 750.239 0.0985894
221.697 12.386 750.934 0.0954346
221.753 12.3914 751.63 0.0937309
221.809 12.3967 752.327 0.0974924
221.865 12.4022 753.023 0.0998951
221.921 12.408 753.72 0.104108
221.978 12.4141 754.418 0.110279
222.034 12.4203 755.115 0.111532
222.09 12.4265 755.813 0.109784
222.146 12.4328 756.511 0.112148
222.202 12.439 757.21 0.112184
222.258 12.4453 757.909 0.111346
222.315 12.4516 758.609 0.111832
222.371 12.4577 759.308 0.1078
222.427 12.4637 760.008 0.103236
222.483 12.4693 760.709 0.0982947
222.539 12.4745 761.41 0.0902109
222.596 12.4794 762.11 0.08382
222.652 12.484 762.812 0.080811
222.708 12.4882 763.513 0.0727089
222.764 12.4923 764.215 0.0716537
222.82 12.4963 764.917 0.0745689
222.876 12.5006 765.619 0.0760956
222.933 12.5051 766.322 0.0801331
222.989 12.5098 767.024 0.0887428
223.045 12.5148 767.727 0.0902954
223.101 12.5199 768.43 0.0891443
223.157 12.5248 769.134 0.0873821
223.213 12.5295 769.838 0.0813712
223.27 12.534 770.542 0.0786095
223.326 12.5383 771.246 0.0765725
223.382 12.5425 771.951 0.072801
223.438 12.5466 772.655 0.0731651
223.494 12.5507 773.36 0.0734875
223.551 12.5546 774.066 0.0662932
223.607 12.5581 774.771 0.0579259
223.663 12.5613 775.477 0.0566965
223.719 12.5644 776.183 0.0544168
223.775 12.5674 776.888 0.0512495
223.831 12.5702 777.595 0.0494965
223.888 12.5728 778.301 0.0439734
223.944 12.575 779.007 0.0351277
224 12.5767 779.714 0.0272608
224.056 12.578 780.42 0.019602
224.112 12.579 781.127 0.0148992
224.169 12.5797 781.834 0.0134928
224.225 12.5803 782.541 0.00876343
224.281 12.5808 783.247 0.00679544
224.337 12.5811 783.954 0.00441117
224.393 12.5811 784.661 -0.000976412
224.449 12.5813 785.368 0.00731694
224.506 12.5819 786.075 0.014003
224.562 12.5828 786.781 0.0142094
224.618 12.5837 787.488 0.0128693
224.674 12.5842 788.195 0.00665329
224.73 12.5841 788.902 -0.0054638
224.787 12.5836 789.609 -0.011697
224.843 12.5828 790.316 -0.01326
224.899 12.5821 791.023 -0.0130688
224.955 12.5815 791.73 -0.00809608
225.011 12.5809 792.437 -0.0131167
225.067 12.5799 793.143 -0.0203452
225.124 12.5785 793.85 -0.0273663
225.18 12.5767 794.557 -0.0342581
225.236 12.5746 795.263 -0.03972
225.292 12.5722 795.97 -0.0449188
225.348 12.5695 796.676 -0.0491272
225.404 12.5665 797.382 -0.0580939
225.461 12.5633 798.088 -0.0597816
225.517 12.5599 798.793 -0.0585432
225.573 12.5563 799.499 -0.0670535
225.629 12.5524 800.204 -0.0735451
225.685 12.5481 800.909 -0.0763467
225.742 12.5435 801.614 -0.0793548
225.798 12.5391 802.319 -0.0790467
225.854 12.5347 803.023 -0.0773843
225.91 12.5303 803.727 -0.0788437
225.966 12.5258 804.431 -0.0822526
226.022 12.521 805.134 -0.0876988
226.079 12.5158 805.838 -0.0921301
226.135 12.5104 806.54 -0.101213
226.191 12.5045 807.243 -0.106239
226.247 12.4983 807.945 -0.111564
226.303 12.4919 808.647 -0.116243
226.36 12.4853 809.349 -0.11659
226.416 12.4787 810.05 -0.118371
226.472 12.4718 810.751 -0.126807
226.528 12.4644 811.451 -0.133249
226.584 12.4566 812.151 -0.143878
226.64 12.4483 812.851 -0.150027
226.697 12.4398 813.55 -0.150201
226.753 12.4314 814.249 -0.149008
226.809 12.4231 814.947 -0.147824
226.865 12.4148 815.644 -0.14814
226.921 12.4064 816.341 -0.153115
226.978 12.3977 817.038 -0.156001
227.034 12.389 817.734 -0.155148
227.09 12.3803 818.43 -0.156424
227.146 12.3715 819.125 -0.15751
227.202 12.3627 819.82 -0.156176
227.258 12.354 820.514 -0.152617
227.315 12.3456 821.208 -0.14809
227.371 12.3373 821.901 -0.147081
227.427 12.329 822.594 -0.150115
227.483 12.3203 823.287 -0.157915
227.539 12.3112 823.978 -0.164888
227.596 12.3017 824.67 -0.170404
227.652 12.292 825.36 -0.17228
227.708 12.2826 826.051 -0.165212
227.764 12.2732 826.74 -0.167317
227.82 12.2638 827.43 -0.169157
227.876 12.2545 828.118 -0.163403
227.933 12.2453 828.806 -0.161543
227.989 12.2363 829.494 -0.159114
228.045 12.2276 830.181 -0.152899
228.101 12.2189 830.868 -0.151589
228.157 12.2104 831.554 -0.152064
228.213 12.2021 832.24 -0.148693
228.27 12.1935 832.925 -0.153587
228.326 12.1849 833.61 -0.154317
228.382 12.1764 834.294 -0.150689
228.438 12.1679 834.978 -0.151015
228.494 12.1595 835.661 -0.148147
228.551 12.1517 836.344 -0.131043
228.607 12.1444 837.026 -0.128061
228.663 12.1375 837.708 -0.122245
228.719 12.1306 838.39 -0.119252
228.775 12.1239 839.071 -0.120713
228.831 12.1174 839.752 -0.114616
228.888 12.1111 840.433 -0.109605
228.944 12.1048 841.113 -0.109571
229 12.0984 841.793 -0.116689
229.056 12.092 842.472 -0.113995
229.112 12.0855 843.151 -0.113551
229.169 12.0792 843.83 -0.111349
229.225 12.0732 844.508 -0.105361
229.281 12.0672 845.186 -0.106295
229.337 12.0612 845.864 -0.107543
229.393 12.0553 846.542 -0.101024
229.449 12.0499 847.219 -0.0956222
229.506 12.0448 847.895 -0.088068
229.562 12.0403 848.572 -0.0735462
229.618 12.0365 849.248 -0.0639218
229.674 12.0332 849.924 -0.0592693
229.73 12.0299 850.6 -0.0568796
229.787 12.0267 851.276 -0.0567761
229.843 12.0235 851.952 -0.0585371
229.899 12.0203 852.627 -0.0510593
229.955 12.0172 853.302 -0.056379
230.011 12.0141 853.977 -0.052961
230.067 12.0115 854.652 -0.0418699
230.124 12.0092 855.327 -0.0391388
230.18 12.007 856.001 -0.0404309
230.236 12.0047 856.676 -0.0419921
230.292 12.0021 857.35 -0.0464461
230.348 11.9995 858.024 -0.0478354
230.404 11.997 858.698 -0.0436719
230.461 11.9945 859.372 -0.0440622
230.517 11.9919 860.046 -0.0452403
230.573 11.9897 860.72 -0.036452
230.629 11.9878 861.393 -0.0336015
230.685 11.986 862.067 -0.0305243
230.742 11.9846 862.74 -0.0228362
230.798 11.9833 863.413 -0.0218394
230.854 11.9821 864.086 -0.0193377
230.91 11.9813 864.759 -0.0119787
230.966 11.9805 865.433 -0.012186
231.022 11.9799 866.106 -0.0113938
231.079 11.9795 866.779 -0.00378549
231.135 11.9794 867.452 -0.000608427
231.191 11.9795 868.125 0.00441513
231.247 11.9801 868.798 0.0139885
231.303 11.9808 869.471 0.013114
231.36 11.9815 870.144 0.00771539
231.416 11.9818 870.817 0.00505053
231.472 11.9818 871.49 -0.000530764
231.528 11.9816 872.163 -0.00832691
231.584 11.9811 872.836 -0.00910776
231.64 11.9805 873.509 -0.00724174
231.697 11.9801 874.182 -0.00809883
231.753 11.9797 874.855 -0.00337401
231.809 11.9796 875.528 -0.000527062
231.865 11.9797 876.201 0.00244284
231.921 11.98 876.874 0.00518216
231.978 11.9802 877.548 0.00309566
232.034 11.9803 878.221 0.000805311
232.09 11.9803 878.894 0.00173795
232.146 11.9805 879.567 0.00316105
232.202 11.9808 880.24 0.00657675
232.258 11.9812 880.913 0.00888968
232.315 11.9817 881.586 0.00880936
232.371 11.9823 882.259 0.0109979
232.427 11.9831 882.932 0.016127
232.483 11.9841 883.606 0.0198038
232.539 11.9853 884.279 0.0227162
232.596 11.9869 884.952 0.0296907
232.652 11.9888 885.626 0.0360728
232.708 11.9909 886.299 0.0384177
232.764 11.993 886.973 0.0372717
232.82 11.995 887.647 0.0340836
232.876 11.9967 888.321 0.0277755
232.933 11.9981 888.995 0.0248765
232.989 11.9993 889.669 0.0192304
233.045 12.0002 890.343 0.0139462
233.101 12.0011 891.017 0.0161841
233.157 12.0019 891.691 0.0152665
233.213 12.0029 892.366 0.0171685
233.27 12.0041 893.04 0.0232337
233.326 12.0052 893.715 0.0203458
233.382 12.0064 894.389 0.0188151
233.438 12.0075 895.064 0.0218048
233.494 12.0087 895.738 0.0212577
233.551 12.01 896.413 0.0208291
233.607 12.0114 897.088 0.0270459
233.663 12.0129 897.763 0.0273767
233.719 12.0145 898.437 0.0300077
233.775 12.0163 899.113 0.0301035
233.831 12.0182 899.788 0.0368851
233.888 12.0205 900.463 0.041335
233.944 12.0228 901.138 0.0424782
234 12.0253 901.814 0.045538
234.056 12.0278 902.489 0.0461796
234.112 12.0304 903.165 0.0458669
234.169 12.0332 903.841 0.0489709
234.225 12.0358 904.517 0.0471908
234.281 12.0384 905.194 0.0446214
234.337 12.0409 905.87 0.0422805
234.393 12.0433 906.547 0.0439433
234.449 12.0456 907.223 0.0400896
234.506 12.0477 907.9 0.0349538
234.562 12.0498 908.577 0.0389359
234.618 12.0519 909.254 0.0369456
234.674 12.054 909.931 0.0386739
234.73 12.0563 910.608 0.0421275
234.787 12.0588 911.286 0.0451262
234.843 12.0614 911.963 0.0513302
234.899 12.0643 912.641 0.0555119
234.955 12.0676 913.319 0.0629159
235.011 12.0712 913.997 0.0637948
235.067 12.075 914.675 0.0700489
235.124 12.0789 915.354 0.0688114
235.18 12.0827 916.032 0.0650471
235.236 12.0866 916.711 0.0701408
235.292 12.0906 917.391 0.073208
235.348 12.0946 918.07 0.070786
235.404 12.0986 918.75 0.0709344
235.461 12.1027 919.429 0.0740824
235.517 12.1069 920.109 0.0737645
235.573 12.111 920.79 0.07061
235.629 12.1151 921.47 0.0732992
235.685 12.1192 922.151 0.070959
235.742 12.1232 922.832 0.0710199
235.798 12.1271 923.513 0.0692826
235.854 12.1308 924.195 0.0657237
235.91 12.1345 924.876 0.0626749
235.966 12.1382 925.558 0.0663941
236.022 12.1419 926.24 0.067826
236.079 12.1458 926.922 0.0684848
236.135 12.1497 927.605 0.0701969
236.191 12.1536 928.288 0.0724415
236.247 12.1576 928.971 0.0724814
236.303 12.1618 929.654 0.0756679
236.36 12.1659 930.337 0.0722499
236.416 12.1699 931.021 0.0702169
236.472 12.1738 931.705 0.0688476
236.528 12.1777 932.389 0.0699907
236.584 12.1815 933.073 0.0693184
236.64 12.1855 933.757 0.07332
236.697 12.1895 934.442 0.073066
236.753 12.1938 935.127 0.0755905
236.809 12.1982 935.812 0.0813976
236.865 12.2028 936.498 0.0823211
236.921 12.2075 937.183 0.0830159
236.978 12.2125 937.869 0.0923101
237.034 12.2177 938.556 0.0947451
237.09 12.2231 939.242 0.098202
237.146 12.2287 939.929 0.102038
237.202 12.2344 940.616 0.100969
237.258 12.2401 941.304 0.101596
237.315 12.2458 941.992 0.101193
237.371 12.2514 942.68 0.0982322
237.427 12.257 943.368 0.0964564
237.483 12.2626 944.057 0.101063
237.539 12.2681 944.746 0.0991085
237.596 12.2738 945.435 0.1008
237.652 12.2795 946.125 0.101904
237.708 12.285 946.815 0.0989078
237.764 12.2907 947.506 0.101512
237.82 12.2965 948.196 0.104534
237.876 12.3023 948.887 0.102376
237.933 12.308 949.579 0.100829
237.989 12.3135 950.27 0.097767
238.045 12.319 950.962 0.095476
238.101 12.3245 951.655 0.0982636
238.157 12.3299 952.347 0.097171
238.213 12.3354 953.04 0.0977596
238.27 12.341 953.733 0.100282
238.326 12.3467 954.427 0.101161
238.382 12.3526 955.12 0.10696
238.438 12.3588 955.815 0.111244
238.494 12.3648 956.509 0.108738
238.551 12.3708 957.204 0.105273
238.607 12.3767 957.899 0.104753
238.663 12.3827 958.595 0.109321
238.719 12.3886 959.291 0.105869
238.775 12.3946 959.987 0.106787
238.831 12.4006 960.683 0.108378
238.888 12.4065 961.38 0.102263
238.944 12.4122 962.077 0.0987471
239 12.4176 962.775 0.0951788
239.056 12.4227 963.473 0.0873144
239.112 12.4275 964.171 0.0825566
239.169 12.432 964.869 0.0803616
239.225 12.4364 965.568 0.0759685
239.281 12.4406 966.266 0.0723584
239.337 12.4445 966.965 0.0696194
239.393 12.4482 967.665 0.0649174
239.449 12.4518 968.364 0.0631052
239.506 12.4553 969.064 0.0639805
239.562 12.4589 969.764 0.0655842
239.618 12.4627 970.464 0.0695627
239.674 12.4666 971.164 0.0676806
239.73 12.4703 971.865 0.0649458
239.787 12.4741 972.565 0.0695256
239.843 12.4781 973.266 0.0727149
239.899 12.4822 973.967 0.0735614
239.955 12.4863 974.669 0.0730603
240.011 12.4902 975.37 0.0701298
240.067 12.494 976.072 0.066076
240.124 12.4977 976.774 0.0638132
240.18 12.5013 977.476 0.0662222
240.236 12.505 978.179 0.065573
240.292 12.5089 978.882 0.0700238
240.348 12.513 979.584 0.0751746
240.404 12.5172 980.288 0.0770259
240.461 12.5212 980.991 0.0680337
240.517 12.5248 981.694 0.059301
240.573 12.5278 982.398 0.0495173
240.629 12.5303 983.102 0.042221
240.685 12.5324 983.806 0.0341339
240.742 12.5341 984.51 0.026666
240.798 12.5354 985.214 0.0198708
240.854 12.5365 985.919 0.0210767
240.91 12.5376 986.623 0.0190021
240.966 12.5388 987.327 0.0215475
241.022 12.54 988.032 0.0209913
241.079 12.5411 988.736 0.0207
241.135 12.5422 989.441 0.0161759
241.191 12.543 990.146 0.0121867
241.247 12.5436 990.85 0.00897858
241.303 12.5441 991.555 0.00788716
241.36 12.5444 992.26 0.00712254
241.416 12.5448 992.965 0.00833628
241.472 12.5454 993.669 0.00877409
241.528 12.5459 994.374 0.0108844
241.584 12.5463 995.079 0.00275048
241.64 12.5462 995.784 -0.00444278
241.697 12.5459 996.489 -0.00711537
241.753 12.5453 997.194 -0.0136867
241.809 12.5442 997.898 -0.0213864
241.865 12.543 998.603 -0.0211199
241.921 12.5416 999.308 -0.0259359
241.978 12.54 1000.01 -0.0347558
242.034 12.5378 1000.72 -0.0392888
242.09 12.5355 1001.42 -0.0437558
242.146 12.5328 1002.12 -0.0525
242.202 12.5295 1002.83 -0.0612923
242.258 12.5258 1003.53 -0.0703862
242.315 12.5217 1004.24 -0.0745418
242.371 12.5176 1004.94 -0.0711268
242.427 12.5136 1005.64 -0.0715944
242.483 12.5095 1006.35 -0.072993
242.539 12.5055 1007.05 -0.0718197
242.596 12.5014 1007.75 -0.074261
242.652 12.4971 1008.45 -0.0791037
242.708 12.4926 1009.15 -0.0802854
242.764 12.4879 1009.86 -0.0854
242.82 12.483 1010.56 -0.0878722
242.876 12.4781 1011.26 -0.0879371
242.933 12.4729 1011.96 -0.0943265
242.989 12.4674 1012.66 -0.0992951
243.045 12.4617 1013.36 -0.101385
243.101 12.4559 1014.06 -0.104437
243.157 12.4498 1014.76 -0.112586
243.213 12.4432 1015.46 -0.119782
243.27 12.4362 1016.16 -0.129067
243.326 12.4289 1016.86 -0.130671
243.382 12.4215 1017.55 -0.129298
243.438 12.4142 1018.25 -0.128657
243.494 12.4072 1018.95 -0.124368
243.551 12.4004 1019.65 -0.119788
243.607 12.3936 1020.34 -0.123509
243.663 12.3865 1021.04 -0.127597
243.719 12.3793 1021.73 -0.128834
243.775 12.372 1022.43 -0.130348
243.831 12.3647 1023.12 -0.128612
243.888 12.3576 1023.82 -0.130429
243.944 12.35 1024.51 -0.134245
244 12.3425 1025.21 -0.132817
244.056 12.3352 1025.9 -0.128762
244.112 12.3278 1026.59 -0.133545
244.169 12.3202 1027.28 -0.139037
244.225 12.3123 1027.98 -0.141802
244.281 12.3042 1028.67 -0.14728
244.337 12.2959 1029.36 -0.14859
244.393 12.2877 1030.05 -0.143053
244.449 12.2798 1030.74 -0.136765
244.506 12.2723 1031.43 -0.133424
244.562 12.2649 1032.12 -0.13008
244.618 12.2577 1032.81 -0.127064
244.674 12.2504 1033.5 -0.133414
244.73 12.243 1034.18 -0.13096
244.787 12.2353 1034.87 -0.138207
244.843 12.2274 1035.56 -0.144926
244.899 12.2194 1036.24 -0.142681
244.955 12.2116 1036.93 -0.13529
245.011 12.2042 1037.62 -0.13055
245.067 12.1972 1038.3 -0.118669
245.124 12.1902 1038.99 -0.124853
245.18 12.1833 1039.67 -0.125388
245.236 12.1761 1040.36 -0.125538
245.292 12.1691 1041.04 -0.125666
245.348 12.1621 1041.72 -0.125699
245.404 12.1551 1042.41 -0.122297
245.461 12.1483 1043.09 -0.122419
245.517 12.1415 1043.77 -0.120541
245.573 12.1348 1044.45 -0.117943
245.629 12.1284 1045.13 -0.11184
245.685 12.1224 1045.82 -0.104167
245.742 12.1165 1046.5 -0.106639
245.798 12.1106 1047.18 -0.105421
245.854 12.1047 1047.86 -0.106037
245.91 12.0988 1048.54 -0.103172
245.966 12.093 1049.22 -0.101715
246.022 12.0875 1049.9 -0.099117
246.079 12.0823 1050.57 -0.0889051
246.135 12.0773 1051.25 -0.0862823
246.191 12.0726 1051.93 -0.0823096
246.247 12.0682 1052.61 -0.0748167
246.303 12.0641 1053.29 -0.0723658
246.36 12.0601 1053.96 -0.0716619
246.416 12.0563 1054.64 -0.0673175
246.472 12.0524 1055.32 -0.0688544
246.528 12.0485 1056 -0.0740367
246.584 12.0445 1056.67 -0.0679853
246.64 12.0406 1057.35 -0.0685549
246.697 12.0369 1058.03 -0.0667345
246.753 12.0333 1058.7 -0.062249
246.809 12.0299 1059.38 -0.0553618
246.865 12.0269 1060.05 -0.0551234
246.921 12.0239 1060.73 -0.0518795
246.978 12.0208 1061.4 -0.0549584
247.034 12.0177 1062.08 -0.0557729
247.09 12.0146 1062.76 -0.0558117
247.146 12.0116 1063.43 -0.050184
247.202 12.0089 1064.1 -0.0474291
247.258 12.0065 1064.78 -0.0399707
247.315 12.0044 1065.45 -0.0371256
247.371 12.0025 1066.13 -0.0342311
247.427 12.0008 1066.8 -0.0271354
247.483 11.9992 1067.48 -0.0272057
247.539 11.9978 1068.15 -0.0247527
247.596 11.9967 1068.82 -0.0158151
247.652 11.996 1069.5 -0.00877887
247.708 11.9955 1070.17 -0.011894
247.764 11.9949 1070.85 -0.0134698
247.82 11.9938 1071.52 -0.0209204
247.876 11.9925 1072.19 -0.0251179
247.933 11.9912 1072.87 -0.0227887
247.989 11.9898 1073.54 -0.0237931
248.045 11.9885 1074.21 -0.0217113
248.101 11.9873 1074.89 -0.0195964
248.157 11.986 1075.56 -0.020295
248.213 11.9848 1076.23 -0.0234676
248.27 11.9838 1076.91 -0.0159966
248.326 11.983 1077.58 -0.0113167
248.382 11.9824 1078.25 -0.0104111
248.438 11.9819 1078.93 -0.00787142
248.494 11.9814 1079.6 -0.00466027
248.551 11.9811 1080.27 -0.00656086
248.607 11.981 1080.95 -0.00138707
248.663 11.9809 1081.62 -0.00218222
248.719 11.9809 1082.29 0.00314343
248.775 11.981 1082.97 0.00225606
248.831 11.9812 1083.64 -0.000313184
248.888 11.9812 1084.31 0.000506375
248.944 11.9811 1084.99 8.38364e-05
249 11.9812 1085.66 0.00111137
249.056 11.9813 1086.33 0.00233844
249.112 11.9815 1087 0.00509416
249.169 11.9819 1087.68 0.00912004
249.225 11.9826 1088.35 0.0135743
249.281 11.9833 1089.02 0.014842
249.337 11.9842 1089.7 0.0181719
249.393 11.9854 1090.37 0.0220635
249.449 11.9867 1091.04 0.0249186
249.506 11.9881 1091.72 0.0229701
249.562 11.9895 1092.39 0.0239872
249.618 11.9909 1093.06 0.0274698
249.674 11.9925 1093.74 0.0274382
249.73 11.994 1094.41 0.0283556
249.787 11.9956 1095.09 0.0271701
249.843 11.9971 1095.76 0.0268954
249.899 11.9986 1096.43 0.0276807
249.955 12.0002 1097.11 0.0290835
250.011 12.0016 1097.78 0.0229497
250.067 12.0029 1098.46 0.0232312
250.124 12.0043 1099.13 0.023809
250.18 12.0055 1099.81 0.024233
250.236 12.0068 1100.48 0.0209702
250.292 12.008 1101.15 0.0212522
250.348 12.009 1101.83 0.0156585
250.404 12.01 1102.5 0.0158208
250.461 12.0107 1103.18 0.0120294
250.517 12.0113 1103.85 0.0116232
250.573 12.0117 1104.53 0.00500638
250.629 12.0121 1105.2 0.00773357
250.685 12.0125 1105.88 0.00673066
250.742 12.013 1106.55 0.00812967
250.798 12.0136 1107.23 0.0123048
250.854 12.0142 1107.9 0.0123914
250.91 12.015 1108.58 0.0146679
250.966 12.0161 1109.25 0.023555
251.022 12.0174 1109.93 0.0247826
251.079 12.0189 1110.6 0.0261772
251.135 12.0206 1111.28 0.0325795
251.191 12.0224 1111.95 0.0328481
251.247 12.0243 1112.63 0.0340444
251.303 12.0265 1113.3 0.039245
251.36 12.0287 1113.98 0.0396547
251.416 12.0309 1114.66 0.0392154
251.472 12.0332 1115.33 0.0426909
251.528 12.0354 1116.01 0.0391449
251.584 12.0376 1116.68 0.0366709
251.64 12.0397 1117.36 0.0390107
251.697 12.0419 1118.04 0.0371724
251.753 12.044 1118.71 0.03905
251.809 12.0461 1119.39 0.0370128
251.865 12.048 1120.07 0.0336103
251.921 12.05 1120.74 0.0359439
251.978 12.052 1121.42 0.036619
252.034 12.0539 1122.1 0.0340925
252.09 12.0558 1122.78 0.032477
252.146 12.0577 1123.45 0.0340708
252.202 12.0594 1124.13 0.0311734
252.258 12.0612 1124.81 0.0310069
252.315 12.063 1125.49 0.0353857
252.371 12.065 1126.16 0.0342095
252.427 12.067 1126.84 0.0365356
252.483 12.0693 1127.52 0.0437039
252.539 12.0719 1128.2 0.051622
252.596 12.0749 1128.88 0.0545429
252.652 12.0783 1129.55 0.0621747
252.708 12.0819 1130.23 0.0652216
252.764 12.0857 1130.91 0.0691555
252.82 12.0897 1131.59 0.0719052
252.876 12.0937 1132.27 0.0737812
252.933 12.0977 1132.95 0.0695362
252.989 12.1016 1133.63 0.0695913
253.045 12.1052 1134.31 0.0641572
253.101 12.1088 1134.99 0.0606449
253.157 12.1122 1135.67 0.058763
253.213 12.1155 1136.35 0.0594589
253.27 12.1188 1137.03 0.0569624
253.326 12.1221 1137.71 0.0600732
253.382 12.1254 1138.39 0.0581894
253.438 12.1286 1139.08 0.0577421
253.494 12.1319 1139.76 0.0574252
253.551 12.1352 1140.44 0.058789
253.607 12.1384 1141.12 0.0561476
253.663 12.1417 1141.8 0.0590451
253.719 12.1449 1142.48 0.0583175
253.775 12.1483 1143.17 0.0618903
253.831 12.1519 1143.85 0.0654806
253.888 12.1558 1144.53 0.0709884
253.944 12.16 1145.22 0.0753411
254 12.1644 1145.9 0.0833806
254.056 12.1693 1146.58 0.086849
254.112 12.1743 1147.27 0.092422
254.169 12.1796 1147.95 0.0931022
254.225 12.1848 1148.63 0.0902902
254.281 12.19 1149.32 0.0947158
254.337 12.1954 1150 0.0948456
254.393 12.2007 1150.69 0.0952671
254.449 12.2061 1151.38 0.0973126
254.506 12.2116 1152.06 0.0987151
254.562 12.217 1152.75 0.0964416
254.618 12.2224 1153.43 0.0957633
254.674 12.2277 1154.12 0.0935087
254.73 12.2327 1154.81 0.0859314
254.787 12.2374 1155.5 0.0788633
254.843 12.2418 1156.18 0.076534
254.899 12.246 1156.87 0.0747296
254.955 12.2502 1157.56 0.0740557
255.011 12.2542 1158.25 0.0722835
255.067 12.2581 1158.94 0.0694574
255.124 12.262 1159.62 0.0687116
255.18 12.266 1160.31 0.0716346
255.236 12.2699 1161 0.0709224
255.292 12.2738 1161.69 0.0664996
255.348 12.2777 1162.38 0.0701352
255.404 12.2815 1163.07 0.0672219
255.461 12.2852 1163.76 0.0663605
255.517 12.2892 1164.45 0.0747537
255.573 12.2934 1165.14 0.0746993
255.629 12.2976 1165.83 0.0721546
255.685 12.3017 1166.52 0.0738415
255.742 12.3056 1167.22 0.0675152
255.798 12.3093 1167.91 0.0618209
255.854 12.3127 1168.6 0.0592795
255.91 12.3159 1169.29 0.0554122
255.966 12.3189 1169.98 0.0513562
256.022 12.3218 1170.68 0.0517894
256.079 12.3247 1171.37 0.0514787
256.135 12.3277 1172.06 0.0538301
256.191 12.3306 1172.75 0.0513267
256.247 12.3335 1173.45 0.0501805
256.303 12.3362 1174.14 0.0445363
256.36 12.3386 1174.83 0.0410563
256.416 12.3407 1175.52 0.0380712
256.472 12.3428 1176.22 0.0354192
256.528 12.3448 1176.91 0.0357478
256.584 12.3466 1177.61 0.0304075
256.64 12.3483 1178.3 0.029355
256.697 12.35 1178.99 0.0295819
256.753 12.3517 1179.69 0.0331043
256.809 12.3535 1180.38 0.031137
256.865 12.3554 1181.07 0.0353492
256.921 12.3574 1181.77 0.03647
256.978 12.3594 1182.46 0.0334017
257.034 12.3612 1183.16 0.0321463
257.09 12.3628 1183.85 0.0254839
257.146 12.364 1184.55 0.0189686
257.202 12.365 1185.24 0.0155077
257.258 12.3656 1185.94 0.00658956
257.315 12.366 1186.63 0.00549544
257.371 12.3664 1187.33 0.00998218
257.427 12.367 1188.02 0.00924398
257.483 12.3676 1188.71 0.00988516
257.539 12.368 1189.41 0.00626996
257.596 12.3681 1190.1 0.00157092
257.652 12.3681 1190.8 -0.00237347
257.708 12.368 1191.49 -0.00153465
257.764 12.3678 1192.19 -0.00807418
257.82 12.3673 1192.88 -0.0101952
257.876 12.3666 1193.58 -0.0132376
257.933 12.3658 1194.27 -0.0176691
257.989 12.3648 1194.97 -0.0201045
258.045 12.3635 1195.66 -0.0223302
258.101 12.3619 1196.36 -0.031622
258.157 12.3601 1197.05 -0.0323659
258.213 12.3581 1197.75 -0.0362494
258.27 12.356 1198.44 -0.0401155
258.326 12.3537 1199.13 -0.0429208
258.382 12.3512 1199.83 -0.0459999
258.438 12.3488 1200.52 -0.0426688
258.494 12.3464 1201.22 -0.0415257
258.551 12.3438 1201.91 -0.0484693
258.607 12.3408 1202.6 -0.0544294
258.663 12.3377 1203.3 -0.0566219
258.719 12.3346 1203.99 -0.0545209
258.775 12.3315 1204.68 -0.0545683
258.831 12.3283 1205.37 -0.0573445
258.888 12.3252 1206.07 -0.0525054
258.944 12.3222 1206.76 -0.0562186
259 12.3188 1207.45 -0.0630557
259.056 12.3155 1208.14 -0.0602764
259.112 12.3117 1208.83 -0.0684725
259.169 12.3077 1209.53 -0.0741588
259.225 12.3035 1210.22 -0.0742074
259.281 12.2993 1210.91 -0.0813996
259.337 12.2948 1211.6 -0.0817478
259.393 12.2901 1212.29 -0.0852339
259.449 12.2853 1212.98 -0.0856671
259.506 12.2805 1213.67 -0.0854093
259.562 12.2757 1214.36 -0.0857603
259.618 12.2704 1215.05 -0.100114
259.674 12.2646 1215.74 -0.10275
259.73 12.259 1216.43 -0.0984033
259.787 12.2534 1217.12 -0.101034
259.843 12.2477 1217.8 -0.102496
259.899 12.242 1218.49 -0.100746
259.955 12.2362 1219.18 -0.101947
