# label z_c u_bulle uz_domaine c1 c2 c3 c4 h1 h2 h3 h4 f1 f2 f3 f4 Vb
# c=cone_sup h=hemisphere f=coquille ; bandes r/D=[1,1.5][1.5,2][2,2.5][2.5,3] ; STOCKE (repere mobile)
161.00 62.3806 3.49879 -2.4059 -2.15782 -2.31821 -2.36261 -2.38109 -2.40442 -2.40112 -2.40488 -2.406 -2.40496 -2.40735 -2.40727 -2.40709 2124.39
162.00 65.8219 3.05838 -5.8298 -5.42815 -5.68733 -5.75921 -5.78943 -5.81695 -5.81921 -5.82786 -5.83126 -5.82892 -5.83284 -5.83319 -5.83369 2126.05
163.00 68.3764 1.98814 -8.35542 -7.86572 -8.17022 -8.2656 -8.3028 -8.33841 -8.35694 -8.35927 -8.36016 -8.33633 -8.36095 -8.36236 -8.36155 2127.62
164.00 69.9835 1.17332 -9.93622 -9.38475 -9.73263 -9.83364 -9.87707 -9.89462 -9.92057 -9.93324 -9.93871 -9.87381 -9.93923 -9.9446 -9.94561 2129.37
165.00 70.9214 0.687402 -10.8437 -10.2575 -10.6173 -10.7321 -10.7751 -10.7767 -10.8272 -10.8429 -10.8462 -10.7457 -10.8323 -10.8501 -10.8538 2129.77
166.00 71.4507 0.365001 -11.3504 -10.7488 -11.1023 -11.2294 -11.2721 -11.2916 -11.3307 -11.3463 -11.3514 -11.2268 -11.3219 -11.3512 -11.3588 2129.99
167.00 71.7906 0.252393 -11.6634 -11.0183 -11.4015 -11.5262 -11.5672 -11.6006 -11.6385 -11.6573 -11.662 -11.5146 -11.6232 -11.6565 -11.6684 2130.35
168.00 72.0066 0.115686 -11.8489 -11.2141 -11.57 -11.6799 -11.729 -11.7738 -11.819 -11.834 -11.8427 -11.6791 -11.7969 -11.8325 -11.8496 2130.46
169.00 72.1003 0.0340244 -11.915 -11.238 -11.5847 -11.7046 -11.7704 -11.8205 -11.8673 -11.8895 -11.9037 -11.7246 -11.8466 -11.8893 -11.9112 2130.48
170.00 72.1607 0.0479312 -11.9495 -11.1514 -11.5491 -11.6938 -11.7852 -11.8085 -11.8836 -11.9157 -11.9359 -11.7232 -11.865 -11.9167 -11.9425 2130.57
171.00 72.2574 0.0921523 -12.0213 -11.0539 -11.5376 -11.7231 -11.8368 -11.7867 -11.9417 -11.9819 -12.008 -11.7607 -11.9231 -11.9827 -12.013 2130.7
172.00 72.4145 0.165857 -12.1519 -11.0209 -11.5879 -11.8226 -11.9511 -11.8745 -12.0614 -12.1118 -12.1402 -11.8534 -12.0448 -12.1112 -12.143 2130.79
173.00 72.6305 0.199722 -12.3383 -11.0641 -11.7003 -11.9827 -12.1212 -12.0257 -12.2342 -12.298 -12.3279 -12.0028 -12.2226 -12.2956 -12.33 2130.99
174.00 72.8579 0.198925 -12.5382 -11.1463 -11.847 -12.16 -12.3081 -12.1854 -12.4219 -12.4991 -12.5283 -12.1668 -12.4115 -12.4953 -12.5311 2131.16
175.00 73.0785 0.179916 -12.7356 -11.2308 -12.0113 -12.3349 -12.4961 -12.3606 -12.6119 -12.6964 -12.7273 -12.3256 -12.5964 -12.6918 -12.7289 2131.43
176.00 73.2829 0.181415 -12.9175 -11.3234 -12.1615 -12.4965 -12.6703 -12.5188 -12.7557 -12.8545 -12.8974 -12.4693 -12.7669 -12.8716 -12.9099 2131.58
177.00 73.4924 0.173325 -13.1006 -11.4407 -12.3057 -12.6626 -12.8395 -12.6875 -12.9373 -13.0347 -13.08 -12.617 -12.9404 -13.0493 -13.0923 2131.76
178.00 73.6706 0.121824 -13.2491 -11.5412 -12.4298 -12.7877 -12.9717 -12.8012 -13.0785 -13.179 -13.2259 -12.737 -13.0768 -13.1911 -13.2391 2131.88
179.00 73.8117 0.0977862 -13.3606 -11.6217 -12.5011 -12.8678 -13.0656 -12.8991 -13.1786 -13.2823 -13.3359 -12.8226 -13.1764 -13.2942 -13.3494 2132.01
180.00 73.9187 0.0594443 -13.4394 -11.6519 -12.5319 -12.9131 -13.1201 -12.9534 -13.2444 -13.3525 -13.4112 -12.8723 -13.2407 -13.3652 -13.4253 2132.09
181.00 74.0121 0.0789112 -13.5057 -11.6493 -12.5478 -12.9423 -13.1706 -12.9864 -13.294 -13.4106 -13.4778 -12.9055 -13.2909 -13.4247 -13.4899 2132.14
182.00 74.1158 0.0815654 -13.5817 -11.6439 -12.569 -12.9821 -13.2267 -12.9781 -13.3462 -13.4832 -13.5526 -12.9424 -13.3529 -13.4962 -13.5636 2132.23
183.00 74.2396 0.0998413 -13.676 -11.6485 -12.6025 -13.0493 -13.2981 -13.0344 -13.4259 -13.5737 -13.6472 -13.0004 -13.4328 -13.5871 -13.657 2132.33
184.00 74.3677 0.10107 -13.7729 -11.6633 -12.6485 -13.1216 -13.3798 -13.0898 -13.5147 -13.666 -13.7436 -13.0565 -13.5198 -13.6779 -13.7532 2132.42
185.00 74.5057 0.0931719 -13.879 -11.6964 -12.6988 -13.208 -13.4667 -13.1604 -13.6073 -13.7711 -13.8488 -13.1182 -13.6109 -13.7798 -13.8586 2132.58
186.00 74.6111 0.04918 -13.9539 -11.7052 -12.7356 -13.2582 -13.5216 -13.191 -13.6715 -13.8429 -13.9226 -13.1536 -13.6716 -13.8503 -13.9323 2132.66
187.00 74.6804 0.0263745 -13.9933 -11.7041 -12.7402 -13.2814 -13.5477 -13.2049 -13.699 -13.8776 -13.9603 -13.1592 -13.6969 -13.8845 -13.9701 2132.58
188.00 74.7221 -0.0091665 -14.0053 -11.6916 -12.7209 -13.2745 -13.5367 -13.1756 -13.6968 -13.8856 -13.9687 -13.128 -13.6931 -13.892 -13.9795 2132.52
189.00 74.6927 -0.0816226 -13.9478 -11.6438 -12.6359 -13.1923 -13.4603 -13.0984 -13.6175 -13.8183 -13.9094 -13.0467 -13.6157 -13.8244 -13.9206 2132.43
190.00 74.5944 -0.175774 -13.8216 -11.6121 -12.4984 -13.0375 -13.3175 -12.9339 -13.4657 -13.6799 -13.7798 -12.8869 -13.4621 -13.6885 -13.7915 2132.05
191.00 74.4037 -0.242755 -13.6038 -11.4988 -12.2978 -12.7977 -13.0923 -12.6908 -13.2189 -13.4491 -13.558 -12.6496 -13.2189 -13.4601 -13.5696 2132.29
192.00 74.1378 -0.309915 -13.3118 -11.3897 -12.0723 -12.4904 -12.7912 -12.3972 -12.8902 -13.1386 -13.2602 -12.3652 -12.8956 -13.1524 -13.2737 2132.24
193.00 73.8429 -0.322704 -12.9901 -11.3226 -11.8349 -12.1852 -12.4537 -12.1575 -12.5406 -12.7991 -12.9281 -12.0746 -12.5455 -12.8108 -12.9427 2132.11
194.00 73.5604 -0.277214 -12.6788 -11.2621 -11.6738 -11.9021 -12.1428 -11.8889 -12.1953 -12.4638 -12.6047 -11.8256 -12.2068 -12.4816 -12.6224 2132.26
195.00 73.35 -0.20054 -12.4376 -11.2593 -11.5878 -11.7133 -11.903 -11.7355 -11.9453 -12.1974 -12.3506 -11.6753 -11.9616 -12.2155 -12.3705 2132.32
196.00 73.2224 -0.107835 -12.2792 -11.2509 -11.5295 -11.6066 -11.7626 -11.6633 -11.7885 -12.016 -12.179 -11.6014 -11.8062 -12.037 -12.1986 2132.35
197.00 73.1684 -0.0417261 -12.1957 -11.2994 -11.57 -11.5674 -11.6822 -11.6836 -11.7179 -11.9135 -12.0773 -11.6205 -11.7378 -11.935 -12.1002 2132.47
198.00 73.1637 -0.00756692 -12.1649 -11.3133 -11.5791 -11.5718 -11.6453 -11.709 -11.7027 -11.8676 -12.0331 -11.646 -11.7246 -11.8946 -12.0565 2132.59
199.00 73.184 -0.00471167 -12.164 -11.3345 -11.5802 -11.5771 -11.6374 -11.7386 -11.6962 -11.8494 -12.0218 -11.6835 -11.7282 -11.8815 -12.0464 2133.97
200.00 73.224 0.0292949 -12.1802 -11.3247 -11.5757 -11.5406 -11.6458 -11.7447 -11.7081 -11.8485 -12.0293 -11.7026 -11.7514 -11.8877 -12.0559 2134.65
201.00 73.2818 0.0368921 -12.2097 -11.2869 -11.5164 -11.5163 -11.6629 -11.7334 -11.7066 -11.8676 -12.0597 -11.705 -11.7642 -11.9127 -12.0846 2135.09
202.00 73.3561 0.051198 -12.2508 -11.1706 -11.4467 -11.5018 -11.6912 -11.6911 -11.7147 -11.9069 -12.1067 -11.6917 -11.7864 -11.9533 -12.1285 2135.53
203.00 73.4529 0.077419 -12.3112 -11.0155 -11.3685 -11.5384 -11.7783 -11.6509 -11.7467 -11.9831 -12.1809 -11.6783 -11.8265 -12.0216 -12.1948 2135.84
204.00 73.573 0.10759 -12.3971 -10.876 -11.355 -11.6352 -11.8881 -11.6447 -11.8383 -12.0921 -12.2779 -11.6843 -11.9083 -12.1186 -12.2857 2136
205.00 73.7324 0.125986 -12.5248 -10.7843 -11.4542 -11.8175 -12.0265 -11.72 -12.0156 -12.2482 -12.4048 -11.7484 -12.0587 -12.2584 -12.4143 2136.15
206.00 73.9013 0.13597 -12.6661 -10.8536 -11.6271 -12.0085 -12.1864 -11.8953 -12.2267 -12.4096 -12.5405 -11.8876 -12.2343 -12.4092 -12.5509 2136.34
207.00 74.0389 0.0898582 -12.7807 -10.983 -11.8026 -12.1696 -12.3191 -12.1099 -12.3938 -12.5332 -12.6505 -12.0562 -12.3809 -12.5328 -12.66 2136.47
208.00 74.1198 0.00879573 -12.8336 -11.1287 -11.9267 -12.2758 -12.4096 -12.1785 -12.5052 -12.6091 -12.699 -12.1529 -12.4821 -12.6019 -12.7083 2136.49
209.00 74.125 -0.0716937 -12.8061 -11.2495 -11.9762 -12.2934 -12.4204 -12.2257 -12.5146 -12.6016 -12.67 -12.1878 -12.4915 -12.597 -12.6789 2136.51
210.00 74.0412 -0.154032 -12.688 -11.3151 -11.9297 -12.2056 -12.3334 -12.1987 -12.4328 -12.4989 -12.5485 -12.1081 -12.4183 -12.505 -12.565 2136.36
211.00 73.8924 -0.20342 -12.5075 -11.3475 -11.8251 -12.0681 -12.1778 -12.0733 -12.2701 -12.337 -12.3713 -11.9724 -12.2601 -12.3516 -12.3934 2135.68
212.00 73.7291 -0.181858 -12.3166 -11.3531 -11.7462 -11.9027 -11.9933 -11.9322 -12.0918 -12.1608 -12.1824 -11.8226 -12.0826 -12.1778 -12.2127 2135.62
213.00 73.6133 -0.115201 -12.1761 -11.3649 -11.6912 -11.7882 -11.8643 -11.8308 -11.9565 -12.0242 -12.0468 -11.724 -11.9502 -12.0446 -12.0811 2135.72
214.00 73.5596 -0.0471032 -12.097 -11.37 -11.6575 -11.7147 -11.778 -11.8135 -11.8725 -11.9365 -11.9661 -11.7159 -11.8698 -11.9642 -12.0054 2135.67
215.00 73.5548 -0.0175867 -12.0622 -11.3638 -11.6384 -11.6618 -11.7278 -11.8036 -11.8215 -11.8897 -11.9335 -11.7195 -11.8339 -11.9221 -11.9711 2135.98
216.00 73.593 0.00299843 -12.0658 -11.3384 -11.5904 -11.6145 -11.7165 -11.8028 -11.7986 -11.8738 -11.9445 -11.7379 -11.8295 -11.9145 -11.9762 2135.99
217.00 73.6445 0.0165977 -12.0793 -11.2716 -11.5062 -11.5704 -11.7067 -11.7749 -11.7828 -11.8764 -11.9727 -11.7321 -11.8255 -11.919 -11.9952 2136.12
218.00 73.7096 0.0351837 -12.1065 -11.1327 -11.404 -11.5501 -11.7226 -11.7148 -11.7697 -11.9147 -12.0201 -11.7044 -11.8332 -11.9485 -12.0325 2136.11
219.00 73.7664 0.0478249 -12.1316 -10.9947 -11.3047 -11.5403 -11.755 -11.6397 -11.7713 -11.9608 -12.0673 -11.6617 -11.8384 -11.9859 -12.072 2136.08
220.00 73.8603 0.0641151 -12.1976 -10.8839 -11.305 -11.5988 -11.8281 -11.6424 -11.8414 -12.0506 -12.149 -11.6647 -11.9001 -12.0668 -12.15 2136.09
221.00 73.9736 0.110478 -12.2852 -10.7861 -11.3706 -11.7208 -11.9442 -11.6891 -11.9585 -12.1555 -12.2513 -11.7053 -11.9936 -12.1663 -12.2521 2136.06
222.00 74.1038 0.107785 -12.389 -10.8091 -11.4823 -11.879 -12.083 -11.7285 -12.102 -12.2929 -12.3636 -11.778 -12.1122 -12.2907 -12.3658 2136.07
223.00 74.2306 0.0838799 -12.4828 -10.9085 -11.6275 -12.0188 -12.2015 -11.8642 -12.2396 -12.4036 -12.4593 -11.8771 -12.2294 -12.3978 -12.4635 2136.36
224.00 74.3337 0.0269545 -12.5484 -11.0149 -11.7462 -12.1329 -12.2884 -11.9947 -12.349 -12.4824 -12.5253 -11.9772 -12.321 -12.4716 -12.5329 2136.2
225.00 74.3711 -0.0130859 -12.5523 -11.1225 -11.8336 -12.1616 -12.3057 -12.0673 -12.3987 -12.4915 -12.5293 -12.0224 -12.3667 -12.4822 -12.5375 2136.89
226.00 74.3413 -0.084922 -12.4938 -11.2296 -11.8324 -12.1333 -12.2521 -12.0799 -12.3622 -12.4448 -12.4665 -12.0203 -12.3351 -12.4388 -12.4766 2137.63
227.00 74.2369 -0.151441 -12.3648 -11.2841 -11.7771 -12.0154 -12.1213 -11.9799 -12.2465 -12.3198 -12.3329 -11.926 -12.2294 -12.3225 -12.3491 2138.52
228.00 74.1008 -0.155863 -12.2047 -11.2973 -11.6807 -11.8803 -11.9642 -11.8644 -12.0814 -12.1586 -12.1664 -11.8012 -12.0718 -12.171 -12.1931 2138.83
229.00 73.9919 -0.115378 -12.0682 -11.2874 -11.6131 -11.7454 -11.8331 -11.8202 -11.9392 -12.0028 -12.0216 -11.7167 -11.936 -12.0307 -12.0583 2138.85
230.00 73.9421 -0.0514403 -11.9841 -11.3027 -11.5728 -11.6712 -11.7407 -11.7678 -11.8423 -11.9049 -11.9356 -11.6783 -11.8446 -11.9374 -11.9713 2138.98
231.00 73.9425 -0.00922045 -11.949 -11.277 -11.5501 -11.6248 -11.6889 -11.7526 -11.7923 -11.8595 -11.8945 -11.6741 -11.8063 -11.8895 -11.9302 2138.68
232.00 73.9759 0.00144748 -11.9488 -11.2846 -11.5223 -11.6043 -11.672 -11.7746 -11.7687 -11.8444 -11.8994 -11.7002 -11.792 -11.8761 -11.9271 2138.54
233.00 74.0235 0.01965 -11.9676 -11.2673 -11.5044 -11.5822 -11.6865 -11.7646 -11.7646 -11.8548 -11.9294 -11.7026 -11.7995 -11.8871 -11.9481 2138.34
234.00 74.0739 0.0450263 -11.9929 -11.1967 -11.437 -11.5805 -11.716 -11.6967 -11.7731 -11.8918 -11.9725 -11.6931 -11.8063 -11.911 -11.9795 2138.31
235.00 74.1451 0.0653317 -12.0377 -11.0987 -11.4075 -11.5857 -11.7595 -11.6728 -11.7976 -11.9468 -12.0341 -11.6887 -11.8319 -11.9616 -12.0321 2138.62
236.00 74.2487 0.0673316 -12.1072 -11.0382 -11.3889 -11.6411 -11.8425 -11.6713 -11.8575 -12.0365 -12.1186 -11.6944 -11.8942 -12.0433 -12.1107 2138.95
237.00 74.3602 0.0920897 -12.1809 -10.9633 -11.3876 -11.7237 -11.935 -11.6882 -11.9487 -12.128 -12.2026 -11.7174 -11.9711 -12.1285 -12.195 2139.03
238.00 74.5002 0.0967944 -12.2806 -10.9059 -11.4842 -11.8487 -12.0411 -11.7693 -12.0724 -12.2415 -12.3 -11.7891 -12.0814 -12.239 -12.2975 2139
239.00 74.6376 0.0941094 -12.3831 -10.9245 -11.5993 -11.9855 -12.1448 -11.8787 -12.2106 -12.3551 -12.3923 -11.8749 -12.2043 -12.3475 -12.3982 2139.22
240.00 74.736 0.0687415 -12.4546 -11.0101 -11.7207 -12.0896 -12.2279 -11.9826 -12.3229 -12.4244 -12.4506 -11.9545 -12.3035 -12.4185 -12.4641 2139.47
241.00 74.811 0.0203601 -12.5043 -11.0886 -11.8122 -12.1626 -12.2793 -12.0951 -12.3943 -12.4707 -12.4888 -12.0477 -12.3709 -12.4663 -12.5061 2139.54
242.00 74.8389 -0.0360263 -12.5035 -11.1912 -11.8649 -12.1789 -12.2839 -12.1311 -12.412 -12.4689 -12.4772 -12.0725 -12.3881 -12.4689 -12.4936 2139.64
243.00 74.7991 -0.0987578 -12.4302 -11.2648 -11.8246 -12.117 -12.2205 -12.1026 -12.3422 -12.3885 -12.4014 -12.034 -12.3235 -12.3931 -12.4182 2139.76
244.00 74.7112 -0.131325 -12.3061 -11.2964 -11.784 -12.0143 -12.0977 -11.9952 -12.2158 -12.2674 -12.2731 -11.9114 -12.2028 -12.2777 -12.2916 2139.91
245.00 74.6082 -0.129008 -12.1689 -11.325 -11.6956 -11.8863 -11.9569 -11.9052 -12.0768 -12.124 -12.1311 -11.8251 -12.0629 -12.1357 -12.1512 2140.22
246.00 74.5201 -0.0960617 -12.0525 -11.3067 -11.6403 -11.781 -11.8394 -11.819 -11.9565 -11.9962 -12.0087 -11.7428 -11.9444 -12.0138 -12.0284 2140.31
247.00 74.4761 -0.0544645 -11.9819 -11.3382 -11.5868 -11.6993 -11.7622 -11.7924 -11.8741 -11.9092 -11.9369 -11.7145 -11.8678 -11.9285 -11.9551 2140.54
248.00 74.4751 -0.0239218 -11.9514 -11.3131 -11.5757 -11.6503 -11.7254 -11.7741 -11.8219 -11.8723 -11.9091 -11.7074 -11.8231 -11.8898 -11.9248 2140.74
249.00 74.5018 0.00109889 -11.9426 -11.2933 -11.5372 -11.612 -11.6983 -11.7511 -11.7907 -11.8524 -11.9064 -11.695 -11.807 -11.8721 -11.9176 2141.16
250.00 74.5612 0.0242307 -11.9623 -11.2473 -11.4792 -11.6006 -11.7025 -11.7385 -11.7927 -11.8754 -11.9321 -11.7007 -11.8129 -11.8933 -11.9372 2141.38
251.00 74.6159 0.0255947 -11.9774 -11.1546 -11.4118 -11.5867 -11.7171 -11.6983 -11.7818 -11.8951 -11.9616 -11.6768 -11.8124 -11.9091 -11.9634 2141.45
252.00 74.6856 0.0337405 -12.0129 -11.064 -11.3621 -11.5958 -11.7501 -11.6728 -11.8015 -11.9433 -12.006 -11.6686 -11.8333 -11.9514 -12.0064 2141.65
253.00 74.7635 0.0654483 -12.0621 -10.9699 -11.3484 -11.6399 -11.8036 -11.6627 -11.8551 -12.0038 -12.06 -11.6709 -11.879 -12.0061 -12.0627 2141.89
254.00 74.8529 0.0824438 -12.1238 -10.8979 -11.3831 -11.7194 -11.8903 -11.6814 -11.9323 -12.0755 -12.1271 -11.6885 -11.9431 -12.0776 -12.1287 2141.77
255.00 74.969 0.0697839 -12.2124 -10.9357 -11.4792 -11.8372 -11.9857 -11.7658 -12.0473 -12.176 -12.2118 -11.7573 -12.0452 -12.1728 -12.2165 2141.88
256.00 75.0706 0.0499144 -12.2793 -10.9765 -11.5715 -11.935 -12.0741 -11.8664 -12.1437 -12.2479 -12.2715 -11.8433 -12.122 -12.2407 -12.2806 2142.01
257.00 75.1473 0.0338639 -12.3184 -11.0305 -11.624 -12.0074 -12.1161 -11.941 -12.2031 -12.2931 -12.309 -11.8959 -12.1731 -12.2832 -12.3189 2142.02
258.00 75.1849 -0.022626 -12.3224 -11.1387 -11.7176 -12.0421 -12.1343 -11.9854 -12.2454 -12.3011 -12.305 -11.9225 -12.2119 -12.2918 -12.3137 2141.91
259.00 75.1674 -0.0623472 -12.2762 -11.1853 -11.7151 -12.0029 -12.0906 -11.9939 -12.2141 -12.2549 -12.2517 -11.9221 -12.1836 -12.2504 -12.2623 2142.08
260.00 75.1056 -0.0968121 -12.1887 -11.2341 -11.6911 -11.9326 -12.0068 -11.9345 -12.1358 -12.175 -12.1584 -11.8625 -12.1098 -12.175 -12.1712 2142.09
