# t Vfull Vtag Wfull Wtag xc zc nregions
161 2124.3891 2029.9970 3.498791 3.711624 60.0001 62.3808 1
162 2126.0533 2032.0611 3.058383 3.330403 60.0004 65.8219 1
163 2127.6216 2040.7962 1.988141 2.279605 60.0014 68.3763 1
164 2129.3696 2022.5432 1.173320 1.523363 60.0068 69.9833 1
165 2129.7739 2026.4619 0.687402 1.034276 60.0214 70.9212 1
166 2129.9948 2029.9721 0.365001 0.722126 60.0441 71.4504 1
167 2130.3536 2020.4859 0.252393 0.628496 60.0739 71.7902 1
168 2130.4645 2031.7494 0.115686 0.463068 60.1048 72.0062 1
169 2130.4825 2038.6562 0.034024 0.366964 60.1162 72.1000 1
170 2130.5671 2038.2216 0.047931 0.385384 60.1366 72.1604 1
171 2130.7048 2033.9607 0.092152 0.438647 60.1862 72.2571 1
172 2130.7897 2034.5598 0.165857 0.502942 60.2083 72.4142 1
173 2130.9868 2032.3800 0.199722 0.524956 60.2218 72.6302 1
174 2131.1612 2033.4869 0.198925 0.530431 60.2531 72.8577 1
175 2131.4296 2031.0617 0.179916 0.542760 60.2701 73.0782 1
176 2131.5768 2035.0107 0.181415 0.517949 60.2419 73.2826 1
177 2131.7621 2036.8011 0.173325 0.483193 60.2120 73.4921 1
178 2131.8754 2030.4831 0.121824 0.449136 60.2438 73.6704 1
179 2132.0069 2033.0157 0.097786 0.441495 60.3336 73.8115 1
180 2132.0913 2031.9828 0.059444 0.402890 60.4170 73.9184 1
181 2132.1437 2034.8863 0.078911 0.418437 60.4759 74.0118 1
182 2132.2333 2032.0743 0.081565 0.437435 60.5501 74.1155 1
183 2132.3347 2035.4014 0.099841 0.436005 60.6945 74.2393 1
184 2132.4241 2030.0758 0.101070 0.473182 60.8468 74.3674 1
185 2132.5811 2022.6352 0.093172 0.461588 61.0312 74.5054 1
186 2132.6603 2031.7384 0.049180 0.377613 61.2674 74.6108 1
187 2132.5802 2031.4876 0.026374 0.353080 61.5691 74.6801 1
188 2132.5178 2031.9655 -0.009166 0.329596 61.9734 74.7219 1
189 2132.4336 2029.5966 -0.081623 0.255260 62.5273 74.6924 1
190 2132.0494 2032.5822 -0.175774 0.147241 63.2616 74.5937 1
191 2132.2921 2035.2273 -0.242755 0.088956 64.1525 74.4017 1
192 2132.2381 2033.2329 -0.309915 0.034620 65.1602 74.1336 1
193 2132.1145 2028.8668 -0.322704 0.019389 66.2484 73.8345 1
194 2132.2612 2033.0448 -0.277214 0.047740 67.3478 73.5453 1
195 2132.3203 2034.5762 -0.200540 0.148401 68.3985 73.3265 1
196 2132.3526 2036.0409 -0.107835 0.236656 69.3411 73.2138 1
197 2132.4702 2038.6738 -0.041726 0.302229 70.1359 73.1711 1
198 2132.5943 2034.4544 -0.007567 0.342004 70.7569 73.1638 1
199 2133.9663 2038.1976 -0.004712 0.353066 71.2243 73.1836 1
200 2134.6489 2038.1180 0.029295 0.383891 71.5238 73.2228 1
201 2135.0883 2036.0409 0.036892 0.395092 71.6657 73.2764 1
202 2135.5265 2037.4286 0.051198 0.398583 71.7427 73.3421 1
203 2135.8450 2036.4127 0.077419 0.428257 71.7948 73.4281 1
204 2135.9962 2036.0265 0.107590 0.448715 71.8562 73.5786 1
205 2136.1499 2028.1601 0.125986 0.486687 72.0445 73.7332 1
206 2136.3431 2046.4989 0.135970 0.440172 72.4173 73.9011 1
207 2136.4740 2037.9616 0.089858 0.448752 73.0129 74.0382 1
208 2136.4885 2040.7139 0.008796 0.338155 73.7876 74.1153 1
209 2136.5053 2043.8236 -0.071694 0.245214 74.6787 74.1120 1
210 2136.3646 2045.0312 -0.154032 0.174941 75.6248 74.0171 1
211 2135.6784 2036.6964 -0.203420 0.120338 76.5623 73.8987 1
212 2135.6221 2031.8738 -0.181858 0.162105 77.4517 73.7301 1
213 2135.7153 2033.2283 -0.115201 0.239629 78.2518 73.6130 1
214 2135.6712 2034.5137 -0.047103 0.302345 78.9073 73.5590 1
215 2135.9843 2037.7482 -0.017587 0.314428 79.4004 73.5511 1
216 2135.9904 2033.1039 0.002998 0.370196 79.7676 73.5818 1
217 2136.1185 2028.9754 0.016598 0.385299 80.0084 73.6225 1
218 2136.1129 2034.9105 0.035184 0.375330 80.1713 73.7173 1
219 2136.0771 2033.3390 0.047825 0.387259 80.3159 73.7677 1
220 2136.0891 2038.5264 0.064115 0.411748 80.5052 73.8600 1
221 2136.0622 2038.1070 0.110478 0.468501 80.7958 73.9732 1
222 2136.0713 2041.1851 0.107785 0.445416 81.1842 74.1003 1
223 2136.3574 2038.3642 0.083880 0.430744 81.6890 74.2185 1
224 2136.2049 2036.1823 0.026954 0.376938 82.3389 74.3098 1
225 2136.8858 2038.3842 -0.013086 0.322669 83.0752 74.3768 1
226 2137.6304 2037.3755 -0.084922 0.261464 83.9003 74.3419 1
227 2138.5246 2043.6870 -0.151441 0.182244 84.7790 74.2362 1
228 2138.8342 2041.9417 -0.155863 0.178258 85.6534 74.0981 1
229 2138.8500 2036.6763 -0.115378 0.252319 86.4849 73.9823 1
230 2138.9849 2038.6739 -0.051440 0.313939 87.2120 73.9206 1
231 2138.6835 2038.9021 -0.009220 0.336496 87.7843 73.9332 1
232 2138.5421 2042.0233 0.001447 0.339980 88.2128 73.9798 1
233 2138.3410 2038.3932 0.019650 0.367141 88.5103 74.0236 1
234 2138.3094 2042.5206 0.045026 0.386137 88.7220 74.0728 1
235 2138.6177 2042.2744 0.065332 0.424966 88.9231 74.1405 1
236 2138.9451 2038.7839 0.067332 0.442625 89.1077 74.2352 1
237 2139.0256 2037.3419 0.092090 0.453942 89.3568 74.3418 1
238 2138.9970 2037.1399 0.096794 0.444010 89.6927 74.4867 1
239 2139.2180 2034.2623 0.094109 0.453503 90.1291 74.6395 1
240 2139.4710 2033.8127 0.068741 0.421385 90.6860 74.7357 1
241 2139.5394 2043.3034 0.020360 0.351162 91.3803 74.8092 1
242 2139.6407 2045.5318 -0.036026 0.292407 92.1674 74.8311 1
243 2139.7595 2043.1495 -0.098758 0.224833 93.0211 74.7796 1
244 2139.9104 2040.1529 -0.131325 0.199585 93.8938 74.7033 1
245 2140.2153 2033.6793 -0.129008 0.234722 94.7411 74.6129 1
246 2140.3080 2030.9973 -0.096062 0.270722 95.5199 74.5205 1
247 2140.5437 2037.9044 -0.054465 0.299696 96.2153 74.4752 1
248 2140.7399 2037.4602 -0.023922 0.328269 96.8006 74.4709 1
249 2141.1594 2041.3054 0.001099 0.339046 97.2583 74.4888 1
250 2141.3838 2035.9579 0.024231 0.386974 97.6309 74.5434 1
251 2141.4486 2033.0373 0.025595 0.379030 97.9477 74.6030 1
252 2141.6457 2035.0764 0.033740 0.389738 98.2604 74.6879 1
253 2141.8884 2036.6810 0.065448 0.435855 98.5899 74.7633 1
254 2141.7662 2047.8673 0.082444 0.404692 98.9989 74.8507 1
255 2141.8816 2043.9326 0.069784 0.418755 99.5237 74.9608 1
256 2142.0138 2044.4325 0.049914 0.401625 100.1663 75.0512 1
257 2142.0187 2044.8195 0.033864 0.381548 100.9018 75.1397 1
258 2141.9109 2043.9106 -0.022626 0.317627 101.7676 75.1899 1
259 2142.0785 2043.7738 -0.062347 0.283837 102.7561 75.1680 1
260 2142.0861 2045.7616 -0.096812 0.256783 103.8368 75.1045 1
