# t frame_uz frame_z ub_dans_repere
160.001 -0.000143935 -1.48234e-07 -0.139761
160.019 -0.043444 -0.000469532 -2.40675
160.051 -0.114726 -0.00328697 -2.08143
160.092 -0.191213 -0.0100015 -1.69165
160.14 -0.259012 -0.0210077 -1.26989
160.19 -0.310358 -0.0357376 -0.84622
160.243 -0.342161 -0.0532081 -0.441427
160.297 -0.35306 -0.0721072 -0.0476352
160.352 -0.343463 -0.0912757 0.319531
160.407 -0.314702 -0.109278 0.654421
160.463 -0.267324 -0.12538 0.969629
160.519 -0.203336 -0.138266 1.25457
160.575 -0.124064 -0.14705 1.51927
160.631 -0.0308812 -0.150925 1.75889
160.687 0.0748851 -0.149154 1.97318
160.743 0.191553 -0.141091 2.15884
160.798 0.318114 -0.12616 2.32604
160.854 0.453138 -0.103853 2.46694
160.91 0.595245 -0.0737446 2.58361
160.966 0.743267 -0.0354778 2.68248
161.022 0.896631 0.0113254 2.76861
161.079 1.05429 0.0669977 2.82772
161.135 1.21501 0.131632 2.88033
161.191 1.37787 0.205373 2.90995
161.247 1.54244 0.28832 2.94165
161.303 1.70831 0.38056 2.96189
161.36 1.87512 0.482153 2.97388
161.416 2.04256 0.593138 2.98482
161.472 2.21028 0.713542 2.98498
161.528 2.37816 0.843373 2.98887
161.584 2.54601 0.982636 2.98596
161.64 2.71336 1.13132 2.97146
161.697 2.87964 1.28936 2.95285
161.753 3.04493 1.45672 2.93391
161.809 3.20909 1.63332 2.91449
161.865 3.37232 1.81911 2.89867
161.921 3.53441 2.01404 2.87571
161.978 3.69504 2.21802 2.84671
162.034 3.85366 2.43096 2.81033
162.09 4.01058 2.65276 2.78051
162.146 4.16562 2.88331 2.74511
162.202 4.31863 3.1225 2.70981
162.258 4.46965 3.37021 2.67334
162.315 4.61849 3.62635 2.63354
162.371 4.76508 3.89076 2.59229
162.427 4.9092 4.16333 2.54756
162.483 5.05054 4.44391 2.49767
162.539 5.18907 4.73233 2.44217
162.596 5.32467 5.02843 2.39366
162.652 5.45762 5.33207 2.34904
162.708 5.58834 5.64309 2.31163
162.764 5.71694 5.96139 2.27353
162.82 5.8434 6.28683 2.23582
162.876 5.96766 6.61931 2.1985
162.933 6.09034 6.95872 2.17383
162.989 6.21139 7.30496 2.14058
163.045 6.33044 7.65793 2.10697
163.101 6.44801 8.01755 2.08305
163.157 6.564 8.38371 2.05092
163.213 6.67802 8.75633 2.01589
163.27 6.79022 9.13529 1.98442
163.326 6.90086 9.5205 1.96047
163.382 7.01031 9.91188 1.94071
163.438 7.11863 10.3094 1.91986
163.494 7.22563 10.7129 1.89601
163.551 7.33151 11.1224 1.87832
163.607 7.43644 11.5378 1.85958
163.663 7.54 11.9591 1.83524
163.719 7.64187 12.3862 1.79906
163.775 7.74186 12.8188 1.76563
163.831 7.84016 13.2571 1.74036
163.888 7.93719 13.7008 1.71549
163.944 8.03249 14.15 1.68313
164 8.12612 14.6044 1.65788
164.056 8.21809 15.064 1.62553
164.112 8.30852 15.5288 1.59944
164.169 8.39736 15.9985 1.57217
164.225 8.48456 16.4733 1.54078
164.281 8.57011 16.9528 1.51037
164.337 8.65391 17.4371 1.48063
164.393 8.73604 17.9261 1.44885
164.449 8.81645 18.4196 1.41788
164.506 8.89518 18.9175 1.39132
164.562 8.97263 19.4199 1.37128
164.618 9.04885 19.9265 1.34806
164.674 9.12378 20.4374 1.32581
164.73 9.1974 20.9525 1.30465
164.787 9.26986 21.4716 1.27803
164.843 9.341 21.9948 1.25705
164.899 9.41047 22.522 1.22101
164.955 9.47806 23.0529 1.19028
165.011 9.54388 23.5876 1.16001
165.067 9.60781 24.126 1.124
165.124 9.67007 24.6678 1.09758
165.18 9.73079 25.2131 1.06956
165.236 9.78968 25.7618 1.03417
165.292 9.84666 26.3137 1.00162
165.348 9.90214 26.8688 0.977313
165.404 9.95597 27.4269 0.946278
165.461 10.0083 27.988 0.92162
165.517 10.0594 28.552 0.902623
165.573 10.1094 29.1188 0.878691
165.629 10.1579 29.6884 0.852522
165.685 10.2049 30.2607 0.826641
165.742 10.2503 30.8355 0.795992
165.798 10.2943 31.4129 0.77327
165.854 10.3371 31.9926 0.755146
165.91 10.3787 32.5748 0.729849
165.966 10.4187 33.1592 0.699655
166.022 10.4573 33.7458 0.679204
166.079 10.4948 34.3346 0.65994
166.135 10.5311 34.9254 0.635845
166.191 10.5664 35.5182 0.621421
166.247 10.601 36.113 0.612689
166.303 10.6351 36.7097 0.601591
166.36 10.6686 37.3083 0.591764
166.416 10.7017 37.9088 0.585822
166.472 10.7343 38.5111 0.576128
166.528 10.7665 39.1153 0.571397
166.584 10.7985 39.7212 0.567067
166.64 10.8303 40.329 0.562029
166.697 10.8618 40.9385 0.560314
166.753 10.8928 41.5497 0.548139
166.809 10.9232 42.1627 0.536089
166.865 10.953 42.7774 0.527994
166.921 10.9823 43.3937 0.515223
166.978 11.011 44.0117 0.508407
167.034 11.0395 44.6312 0.505741
167.09 11.0677 45.2524 0.502406
167.146 11.0958 45.8751 0.497188
167.202 11.1235 46.4994 0.490626
167.258 11.1505 47.1252 0.474683
167.315 11.1763 47.7525 0.451854
167.371 11.2011 48.3813 0.432778
167.427 11.2246 49.0113 0.409471
167.483 11.247 49.6427 0.388832
167.539 11.2682 50.2753 0.373394
167.596 11.2885 50.909 0.352245
167.652 11.3076 51.5438 0.329994
167.708 11.3256 52.1797 0.314748
167.764 11.3426 52.8165 0.29594
167.82 11.3586 53.4543 0.276597
167.876 11.3737 54.0929 0.263181
167.933 11.3879 54.7324 0.243963
167.989 11.4011 55.3726 0.230041
168.045 11.4136 56.0135 0.217392
168.101 11.4252 56.6552 0.200794
168.157 11.4361 57.2974 0.18901
168.213 11.4464 57.9402 0.179401
168.27 11.4559 58.5836 0.16405
168.326 11.4648 59.2275 0.153272
168.382 11.473 59.8719 0.14314
168.438 11.4804 60.5167 0.128223
168.494 11.4872 61.1619 0.116748
168.551 11.4934 61.8074 0.105835
168.607 11.4988 62.4533 0.0909373
168.663 11.5037 63.0995 0.082802
168.719 11.508 63.7459 0.0724207
168.775 11.5116 64.3925 0.0614215
168.831 11.515 65.0394 0.0592298
168.888 11.5181 65.6864 0.052727
168.944 11.5205 66.3336 0.0369767
169 11.5221 66.9808 0.023152
169.056 11.523 67.6282 0.0131453
169.112 11.5234 68.2756 0.0023948
169.169 11.5233 68.9229 -0.0039016
169.225 11.523 69.5703 -0.00521317
169.281 11.5225 70.2176 -0.0106302
169.337 11.5218 70.865 -0.016466
169.393 11.5207 71.5122 -0.0203621
169.449 11.5194 72.1594 -0.0252055
169.506 11.5179 72.8065 -0.029645
169.562 11.5162 73.4535 -0.0294826
169.618 11.5147 74.1004 -0.0250132
169.674 11.5135 74.7473 -0.0193921
169.73 11.5127 75.3941 -0.0093243
169.787 11.5123 76.0409 -0.00399086
169.843 11.5122 76.6876 -0.00151149
169.899 11.5122 77.3344 0.000966572
169.955 11.5121 77.9811 -0.00185331
170.011 11.512 78.6279 -0.00420689
170.067 11.5118 79.2746 -0.0034063
170.124 11.5115 79.9213 -0.00531616
170.18 11.5112 80.568 -0.0053423
170.236 11.5111 81.2147 8.57991e-05
170.292 11.5112 81.8614 0.00351648
170.348 11.5115 82.5081 0.00619011
170.404 11.512 83.1548 0.0115284
170.461 11.5126 83.8016 0.0106095
170.517 11.5132 84.4484 0.0104634
170.573 11.5138 85.0952 0.01148
170.629 11.5143 85.7421 0.0058889
170.685 11.5146 86.389 0.00374788
170.742 11.5147 87.0359 0.00131934
170.798 11.5146 87.6827 -0.00203491
170.854 11.5145 88.3296 -0.00279914
170.91 11.5143 88.9765 -0.00446809
170.966 11.5139 89.6234 -0.00974613
171.022 11.5133 90.2702 -0.00986524
171.079 11.5129 90.917 -0.00602392
171.135 11.5124 91.5638 -0.00976071
171.191 11.5118 92.2105 -0.0138725
171.247 11.511 92.8572 -0.0123747
171.303 11.51 93.5039 -0.0220664
171.36 11.5088 94.1505 -0.0219655
171.416 11.5075 94.797 -0.0222288
171.472 11.5062 95.4434 -0.0236737
171.528 11.5049 96.0898 -0.0250532
171.584 11.5034 96.7361 -0.0259553
171.64 11.5016 97.3823 -0.0354691
171.697 11.4994 98.0284 -0.041477
171.753 11.4972 98.6743 -0.0422262
171.809 11.4947 99.3201 -0.0444542
171.865 11.4922 99.9658 -0.0493796
171.921 11.4893 100.611 -0.0525765
171.978 11.4858 101.257 -0.0643101
172.034 11.4822 101.902 -0.0660503
172.09 11.4785 102.547 -0.0649452
172.146 11.4747 103.192 -0.0689882
172.202 11.4707 103.836 -0.0738984
172.258 11.4666 104.48 -0.073461
172.315 11.4623 105.124 -0.075025
172.371 11.4582 105.768 -0.0730334
172.427 11.4541 106.412 -0.0751075
172.483 11.4498 107.055 -0.0752243
172.539 11.4457 107.698 -0.0728322
172.596 11.4417 108.341 -0.0678811
172.652 11.4379 108.984 -0.0689709
172.708 11.4341 109.626 -0.0683645
172.764 11.4305 110.268 -0.0593834
172.82 11.4271 110.911 -0.0599379
172.876 11.424 111.552 -0.0553562
172.933 11.4209 112.194 -0.0523627
172.989 11.4181 112.836 -0.0508191
173.045 11.4153 113.477 -0.0486306
173.101 11.4127 114.118 -0.0454487
173.157 11.4102 114.759 -0.0419038
173.213 11.408 115.4 -0.0413954
173.27 11.4056 116.041 -0.0397083
173.326 11.4033 116.682 -0.0421588
173.382 11.4013 117.322 -0.0331054
173.438 11.3994 117.963 -0.0334876
173.494 11.3974 118.603 -0.0371842
173.551 11.3955 119.243 -0.0306789
173.607 11.3939 119.883 -0.0280315
173.663 11.3922 120.524 -0.0315527
173.719 11.3903 121.163 -0.0362538
173.775 11.3884 121.803 -0.031501
173.831 11.3866 122.443 -0.0319352
173.888 11.3849 123.083 -0.0294065
173.944 11.3831 123.722 -0.0344364
174 11.3811 124.362 -0.0370845
174.056 11.3789 125.001 -0.0405224
174.112 11.3766 125.64 -0.0420598
174.169 11.3739 126.279 -0.052541
174.225 11.3708 126.918 -0.0584201
174.281 11.3675 127.557 -0.0562579
174.337 11.3642 128.195 -0.0612401
174.393 11.3605 128.834 -0.0703653
174.449 11.3564 129.472 -0.0746046
174.506 11.3519 130.11 -0.0820537
174.562 11.3473 130.747 -0.0846939
174.618 11.3423 131.384 -0.0896323
174.674 11.337 132.022 -0.0960218
174.73 11.3313 132.658 -0.105837
174.787 11.3251 133.295 -0.109488
174.843 11.3186 133.931 -0.116728
174.899 11.3121 134.566 -0.117071
174.955 11.3056 135.202 -0.113833
175.011 11.2991 135.837 -0.11855
175.067 11.2923 136.471 -0.121226
175.124 11.2857 137.105 -0.117401
175.18 11.2791 137.739 -0.117219
175.236 11.2724 138.372 -0.120893
175.292 11.2659 139.006 -0.113218
175.348 11.2595 139.638 -0.111552
175.404 11.2534 140.271 -0.105266
175.461 11.2478 140.903 -0.0978103
175.517 11.2424 141.534 -0.0956409
175.573 11.237 142.166 -0.0947779
175.629 11.2318 142.797 -0.0901471
175.685 11.2267 143.428 -0.088826
175.742 11.2219 144.058 -0.0838378
175.798 11.2176 144.689 -0.0726854
175.854 11.2138 145.319 -0.0642564
175.91 11.2108 145.948 -0.0498617
175.966 11.2082 146.578 -0.0420339
176.022 11.2059 147.208 -0.0400953
176.079 11.2042 147.837 -0.0236963
176.135 11.2033 148.467 -0.0121677
176.191 11.2028 149.096 -0.00708689
176.247 11.2028 149.725 0.000130427
176.303 11.2028 150.355 0.000950449
176.36 11.2031 150.984 0.00937547
176.416 11.2041 151.614 0.0211455
176.472 11.2056 152.243 0.0324287
176.528 11.2077 152.873 0.0408091
176.584 11.2102 153.502 0.0479527
176.64 11.2134 154.132 0.0621683
176.697 11.2173 154.762 0.07507
176.753 11.222 155.393 0.0880937
176.809 11.2275 156.023 0.101958
176.865 11.2333 156.654 0.104519
176.921 11.2394 157.286 0.114014
176.978 11.2464 157.917 0.132292
177.034 11.2542 158.549 0.143541
177.09 11.2627 159.182 0.154889
177.146 11.2717 159.815 0.164136
177.202 11.2812 160.449 0.173121
177.258 11.2913 161.083 0.1843
177.315 11.3021 161.717 0.197024
177.371 11.3134 162.353 0.207267
177.427 11.3254 162.989 0.216874
177.483 11.3381 163.625 0.230954
177.539 11.3515 164.263 0.244111
177.596 11.3657 164.901 0.258014
177.652 11.3806 165.54 0.269116
177.708 11.396 166.18 0.277589
177.764 11.4121 166.821 0.293412
177.82 11.4291 167.462 0.30512
177.876 11.4465 168.105 0.31702
177.933 11.4646 168.749 0.326464
177.989 11.4835 169.393 0.342968
178.045 11.5031 170.039 0.354581
178.101 11.5235 170.686 0.366671
178.157 11.5447 171.334 0.38666
178.213 11.5668 171.983 0.396445
178.27 11.5895 172.634 0.409828
178.326 11.613 173.286 0.422782
178.382 11.6371 173.939 0.433786
178.438 11.6616 174.594 0.436239
178.494 11.6863 175.25 0.443718
178.551 11.7114 175.907 0.447263
178.607 11.7366 176.566 0.451219
178.663 11.7621 177.226 0.452142
178.719 11.7874 177.888 0.449797
178.775 11.8124 178.551 0.44212
178.831 11.8369 179.215 0.429926
178.888 11.8605 179.881 0.416344
178.944 11.8836 180.548 0.406786
179 11.906 181.217 0.393407
179.056 11.9275 181.886 0.373644
179.112 11.9477 182.557 0.352173
179.169 11.9669 183.229 0.332755
179.225 11.9845 183.902 0.303064
179.281 12.0005 184.576 0.270911
179.337 12.0142 185.25 0.225197
179.393 12.0252 185.926 0.176498
179.449 12.0335 186.601 0.12637
179.506 12.0391 187.278 0.0818525
179.562 12.0421 187.954 0.0359365
179.618 12.0427 188.631 -0.0101806
179.674 12.0408 189.307 -0.048929
179.73 12.0365 189.983 -0.0911404
179.787 12.03 190.659 -0.1339
179.843 12.0212 191.335 -0.172102
179.899 12.0102 192.01 -0.211968
179.955 11.9972 192.684 -0.245709
180.011 11.9823 193.358 -0.277853
180.067 11.9657 194.03 -0.307348
180.124 11.9474 194.702 -0.337654
180.18 11.9276 195.373 -0.362499
180.236 11.9064 196.042 -0.384967
180.292 11.8845 196.71 -0.394393
180.348 11.8619 197.377 -0.40628
180.404 11.8385 198.043 -0.423455
180.461 11.8143 198.707 -0.434567
180.517 11.7899 199.37 -0.435441
180.573 11.7653 200.031 -0.439222
180.629 11.7407 200.692 -0.437795
180.685 11.7162 201.35 -0.4351
180.742 11.692 202.008 -0.427889
180.798 11.6681 202.664 -0.423042
180.854 11.6448 203.318 -0.411379
180.91 11.6219 203.972 -0.402856
180.966 11.5996 204.624 -0.394625
181.022 11.5778 205.275 -0.382308
181.079 11.5567 205.925 -0.369646
181.135 11.5367 206.573 -0.347749
181.191 11.5176 207.221 -0.333179
181.247 11.4994 207.867 -0.318931
181.303 11.4822 208.513 -0.300481
181.36 11.4659 209.157 -0.281945
181.416 11.4506 209.801 -0.267639
181.472 11.4359 210.444 -0.256081
181.528 11.4221 211.086 -0.2393
181.584 11.4091 211.727 -0.223109
181.64 11.3971 212.367 -0.206647
181.697 11.3861 213.007 -0.188694
181.753 11.3759 213.647 -0.176246
181.809 11.3667 214.285 -0.157778
181.865 11.3585 214.924 -0.139403
181.921 11.3512 215.562 -0.122355
181.978 11.3451 216.199 -0.097027
182.034 11.3406 216.836 -0.0730358
182.09 11.337 217.473 -0.0581133
182.146 11.3342 218.11 -0.0428202
182.202 11.3325 218.747 -0.0226677
182.258 11.3318 219.383 -0.00406997
182.315 11.3324 220.02 0.017716
182.371 11.3339 220.657 0.034439
182.427 11.3365 221.294 0.0531658
182.483 11.34 221.931 0.0673368
182.539 11.3443 222.568 0.0843014
182.596 11.3498 223.205 0.104418
182.652 11.3563 223.843 0.12438
182.708 11.3637 224.481 0.134885
182.764 11.3715 225.12 0.142097
182.82 11.3799 225.759 0.153487
182.876 11.3889 226.399 0.166408
182.933 11.3986 227.039 0.175231
182.989 11.4088 227.68 0.185748
183.045 11.4195 228.321 0.19452
183.101 11.4302 228.963 0.188288
183.157 11.4412 229.605 0.198328
183.213 11.4524 230.248 0.202186
183.27 11.464 230.892 0.209193
183.326 11.4757 231.537 0.207468
183.382 11.4874 232.182 0.21259
183.438 11.4993 232.828 0.210631
183.494 11.5111 233.474 0.208663
183.551 11.5229 234.121 0.211009
183.607 11.5345 234.769 0.203353
183.663 11.5457 235.417 0.198026
183.719 11.5565 236.066 0.184232
183.775 11.5665 236.716 0.173599
183.831 11.5758 237.366 0.160986
183.888 11.5847 238.017 0.155251
183.944 11.5928 238.668 0.137156
184 11.6 239.319 0.122646
184.056 11.6065 239.971 0.111437
184.112 11.6122 240.623 0.0934804
184.169 11.617 241.276 0.0772583
184.225 11.6208 241.929 0.0623458
184.281 11.6235 242.582 0.0397781
184.337 11.6251 243.235 0.0203642
184.393 11.6255 243.888 0.000473674
184.449 11.6249 244.541 -0.0201692
184.506 11.6229 245.194 -0.0445457
184.562 11.6197 245.847 -0.0642139
184.618 11.6155 246.499 -0.0827138
184.674 11.6101 247.152 -0.105584
184.73 11.6035 247.804 -0.126146
184.787 11.5958 248.455 -0.145338
184.843 11.5869 249.107 -0.169458
184.899 11.5767 249.757 -0.189591
184.955 11.5654 250.407 -0.209237
185.011 11.5531 251.057 -0.22514
185.067 11.5397 251.705 -0.248574
185.124 11.525 252.353 -0.271409
185.18 11.509 253 -0.29305
185.236 11.492 253.646 -0.307139
185.292 11.4742 254.291 -0.323471
185.348 11.4556 254.935 -0.339097
185.404 11.4361 255.578 -0.349697
185.461 11.416 256.22 -0.361367
185.517 11.3954 256.86 -0.37337
185.573 11.3738 257.5 -0.389645
185.629 11.3516 258.138 -0.39926
185.685 11.3287 258.775 -0.413241
185.742 11.3053 259.411 -0.419788
185.798 11.2814 260.045 -0.427373
185.854 11.2573 260.678 -0.429833
185.91 11.2331 261.31 -0.42888
185.966 11.209 261.94 -0.429773
186.022 11.185 262.569 -0.425217
186.079 11.1611 263.196 -0.424076
186.135 11.1376 263.823 -0.416333
186.191 11.1143 264.447 -0.412602
186.247 11.0914 265.071 -0.402061
186.303 11.0689 265.693 -0.398417
186.36 11.0467 266.315 -0.395402
186.416 11.0246 266.934 -0.39038
186.472 11.003 267.553 -0.379223
186.528 10.9819 268.17 -0.370961
186.584 10.9616 268.787 -0.356623
186.64 10.9417 269.402 -0.354607
186.697 10.9221 270.016 -0.344039
186.753 10.9033 270.629 -0.3288
186.809 10.8852 271.241 -0.317937
186.865 10.8677 271.852 -0.309885
186.921 10.8505 272.462 -0.303311
186.978 10.8336 273.071 -0.298497
187.034 10.8172 273.679 -0.28856
187.09 10.8014 274.286 -0.274605
187.146 10.7864 274.892 -0.261907
187.202 10.7722 275.498 -0.246592
187.258 10.7588 276.102 -0.233022
187.315 10.7461 276.706 -0.218273
187.371 10.7346 277.31 -0.196506
187.427 10.7242 277.912 -0.178054
187.483 10.7147 278.515 -0.165213
187.539 10.7059 279.116 -0.150965
187.596 10.6979 279.717 -0.136463
187.652 10.6909 280.318 -0.118181
187.708 10.685 280.919 -0.0964296
187.764 10.6802 281.519 -0.0760533
187.82 10.6764 282.119 -0.0634957
187.876 10.6733 282.718 -0.0495026
187.933 10.6712 283.318 -0.0318758
187.989 10.6699 283.917 -0.0170628
188.045 10.6696 284.517 0.000414019
188.101 10.6702 285.116 0.0195375
188.157 10.6717 285.716 0.032438
188.213 10.674 286.315 0.0477784
188.27 10.6775 286.915 0.070438
188.326 10.6821 287.515 0.0906215
188.382 10.6878 288.115 0.105901
188.438 10.6942 288.716 0.121019
188.494 10.7014 289.317 0.132598
188.551 10.7094 289.919 0.150531
188.607 10.7186 290.52 0.172875
188.663 10.7286 291.123 0.179308
188.719 10.7391 291.726 0.193211
188.775 10.7506 292.33 0.21096
188.831 10.7629 292.934 0.22497
188.888 10.776 293.539 0.238836
188.944 10.7898 294.145 0.252385
189 10.8044 294.752 0.265045
189.056 10.8197 295.359 0.275877
189.112 10.8356 295.968 0.287281
189.169 10.852 296.577 0.29505
189.225 10.8687 297.187 0.298332
189.281 10.8856 297.798 0.301581
189.337 10.9023 298.41 0.295962
189.393 10.919 299.024 0.298596
189.449 10.9358 299.637 0.296826
189.506 10.9525 300.252 0.297164
189.562 10.9692 300.868 0.293665
189.618 10.9854 301.485 0.286276
189.674 11.0013 302.103 0.281346
189.73 11.0168 302.721 0.271921
189.787 11.0317 303.341 0.256137
189.843 11.0457 303.961 0.244597
189.899 11.0592 304.582 0.236648
189.955 11.0721 305.204 0.226346
190.011 11.0842 305.826 0.208619
190.067 11.0954 306.449 0.193391
190.124 11.1057 307.073 0.175344
190.18 11.1148 307.697 0.156509
190.236 11.1231 308.322 0.141147
190.292 11.1304 308.947 0.122748
190.348 11.1365 309.573 0.0978295
190.404 11.1412 310.198 0.0735178
190.461 11.1445 310.824 0.049952
190.517 11.1464 311.451 0.0225369
190.573 11.1472 312.077 0.00642322
190.629 11.1469 312.703 -0.0108404
190.685 11.1458 313.329 -0.0247949
190.742 11.1438 313.955 -0.0413216
190.798 11.1408 314.581 -0.0625324
190.854 11.1364 315.207 -0.0890268
190.91 11.1308 315.833 -0.106492
190.966 11.1245 316.458 -0.116846
191.022 11.1175 317.082 -0.128487
191.079 11.11 317.707 -0.136771
191.135 11.1022 318.331 -0.141541
191.191 11.0939 318.954 -0.150427
191.247 11.0853 319.577 -0.156188
191.303 11.0762 320.199 -0.163375
191.36 11.0668 320.821 -0.169789
191.416 11.0573 321.443 -0.168948
191.472 11.0478 322.064 -0.16871
191.528 11.0383 322.684 -0.169778
191.584 11.029 323.304 -0.162452
191.64 11.0202 323.923 -0.153635
191.697 11.0115 324.542 -0.155431
191.753 11.0032 325.16 -0.143071
191.809 10.9956 325.778 -0.129474
191.865 10.9884 326.396 -0.126533
191.921 10.9817 327.013 -0.114607
191.978 10.9759 327.63 -0.0942422
192.034 10.971 328.246 -0.0824336
192.09 10.967 328.862 -0.0620597
192.146 10.9644 329.478 -0.0370659
192.202 10.9629 330.094 -0.0193368
192.258 10.9625 330.71 0.00139203
192.315 10.9636 331.326 0.0311471
192.371 10.9663 331.942 0.0588713
192.427 10.9706 332.558 0.0885864
192.483 10.9766 333.175 0.12039
192.539 10.984 333.792 0.139278
192.596 10.9927 334.409 0.166589
192.652 11.0032 335.027 0.197867
192.708 11.0153 335.645 0.227653
192.764 11.0292 336.265 0.255666
192.82 11.0444 336.885 0.279238
192.876 11.0608 337.506 0.300504
192.933 11.0784 338.128 0.318455
192.989 11.0972 338.751 0.345482
193.045 11.1173 339.375 0.367084
193.101 11.1385 340 0.385754
193.157 11.161 340.627 0.414115
193.213 11.1846 341.255 0.421758
193.27 11.2086 341.884 0.429796
193.326 11.2333 342.514 0.45025
193.382 11.2588 343.146 0.456464
193.438 11.2849 343.78 0.467431
193.494 11.3114 344.415 0.476713
193.551 11.3385 345.051 0.48458
193.607 11.3658 345.689 0.48868
193.663 11.3933 346.328 0.489516
193.719 11.4209 346.969 0.49122
193.775 11.4485 347.612 0.492649
193.831 11.4759 348.256 0.484919
193.888 11.5029 348.902 0.475953
193.944 11.5293 349.549 0.468931
194 11.5557 350.197 0.469135
194.056 11.5817 350.847 0.459192
194.112 11.6072 351.499 0.448637
194.169 11.6322 352.152 0.439726
194.225 11.6565 352.806 0.430852
194.281 11.6802 353.462 0.414553
194.337 11.7031 354.119 0.401448
194.393 11.7252 354.777 0.386209
194.449 11.7463 355.436 0.367765
194.506 11.7662 356.097 0.345931
194.562 11.7849 356.759 0.323577
194.618 11.8023 357.421 0.300997
194.674 11.8184 358.085 0.279455
194.73 11.8335 358.749 0.260859
194.787 11.8474 359.415 0.240743
194.843 11.8602 360.081 0.218222
194.899 11.8715 360.747 0.192472
194.955 11.8814 361.415 0.163736
195.011 11.8898 362.082 0.140777
195.067 11.8968 362.751 0.116452
195.124 11.9028 363.419 0.0982165
195.18 11.9076 364.088 0.0786764
195.236 11.9112 364.757 0.0532598
195.292 11.9137 365.426 0.0397982
195.348 11.9153 366.096 0.0204094
195.404 11.916 366.765 0.0072601
195.461 11.9161 367.435 -0.00106202
195.517 11.9157 368.104 -0.0113451
195.573 11.9149 368.773 -0.0165265
195.629 11.9137 369.443 -0.0265217
195.685 11.9121 370.112 -0.0282956
195.742 11.9102 370.781 -0.0355604
195.798 11.9084 371.45 -0.0349315
195.854 11.9061 372.119 -0.0423476
195.91 11.9037 372.788 -0.0434637
195.966 11.9012 373.457 -0.0452082
196.022 11.8987 374.125 -0.0424185
196.079 11.8964 374.794 -0.0405237
196.135 11.8941 375.462 -0.0442026
196.191 11.8914 376.13 -0.0480734
196.247 11.8885 376.798 -0.0541458
196.303 11.8854 377.466 -0.0554039
196.36 11.8822 378.133 -0.056717
196.416 11.8787 378.801 -0.0611026
196.472 11.8749 379.468 -0.0754702
196.528 11.87 380.135 -0.0959735
196.584 11.8642 380.802 -0.107768
196.64 11.8579 381.468 -0.117102
196.697 11.8511 382.134 -0.121279
196.753 11.844 382.799 -0.128763
196.809 11.8365 383.465 -0.135788
196.865 11.8284 384.129 -0.14767
196.921 11.8198 384.794 -0.156403
196.978 11.8106 385.457 -0.168173
197.034 11.8008 386.12 -0.180681
197.09 11.7901 386.783 -0.196972
197.146 11.7786 387.445 -0.210342
197.202 11.7667 388.106 -0.21126
197.258 11.7546 388.767 -0.217967
197.315 11.7422 389.427 -0.224575
197.371 11.7296 390.086 -0.223252
197.427 11.7168 390.745 -0.228598
197.483 11.7039 391.403 -0.232693
197.539 11.6909 392.06 -0.233201
197.596 11.6775 392.716 -0.23746
197.652 11.664 393.372 -0.242339
197.708 11.6506 394.026 -0.238448
197.764 11.6372 394.68 -0.238145
197.82 11.624 395.334 -0.237011
197.876 11.6107 395.986 -0.235988
197.933 11.5972 396.638 -0.242008
197.989 11.5833 397.289 -0.252887
198.045 11.569 397.94 -0.250873
198.101 11.555 398.589 -0.24643
198.157 11.5416 399.238 -0.235108
198.213 11.5288 399.886 -0.224875
198.27 11.5161 400.533 -0.22382
198.326 11.5038 401.179 -0.219083
198.382 11.4917 401.825 -0.212235
198.438 11.4798 402.471 -0.211205
198.494 11.4681 403.115 -0.203696
198.551 11.457 403.759 -0.190914
198.607 11.4466 404.402 -0.1787
198.663 11.4373 405.045 -0.164515
198.719 11.4284 405.687 -0.151984
198.775 11.4202 406.329 -0.140894
198.831 11.4127 406.97 -0.12943
198.888 11.4059 407.611 -0.114077
198.944 11.4 408.252 -0.0953442
199 11.3954 408.892 -0.0741441
199.056 11.3919 409.532 -0.0558581
199.112 11.3892 410.172 -0.0417072
199.169 11.3874 410.812 -0.0271308
199.225 11.3865 411.452 -0.00941219
199.281 11.3868 412.091 0.0160127
199.337 11.3886 412.731 0.0423614
199.393 11.3917 413.371 0.0623948
199.449 11.3958 414.011 0.0814481
199.506 11.4009 414.651 0.0968287
199.562 11.407 415.292 0.116394
199.618 11.4145 415.933 0.143178
199.674 11.4234 416.575 0.168828
199.73 11.4338 417.217 0.195977
199.787 11.4455 417.86 0.217259
199.843 11.4585 418.503 0.237934
199.899 11.4727 419.147 0.26271
199.955 11.4883 419.792 0.287781
200.011 11.5053 420.438 0.313983
200.067 11.5237 421.085 0.337932
200.124 11.5435 421.733 0.362632
200.18 11.5649 422.383 0.389827
200.236 11.5876 423.033 0.415438
200.292 11.6119 423.685 0.44084
200.348 11.6374 424.338 0.465804
200.404 11.6646 424.993 0.496689
200.461 11.6933 425.649 0.523444
200.517 11.7237 426.307 0.551737
200.573 11.7555 426.967 0.57578
200.629 11.7883 427.628 0.59234
200.685 11.8225 428.292 0.619689
200.742 11.8581 428.957 0.642853
200.798 11.895 429.624 0.667431
200.854 11.9335 430.294 0.69449
200.91 11.9731 430.966 0.71222
200.966 12.0137 431.64 0.73047
201.022 12.0554 432.316 0.747216
201.079 12.098 432.995 0.770344
201.135 12.1417 433.676 0.78124
201.191 12.1859 434.36 0.790575
201.247 12.2306 435.046 0.796972
201.303 12.2754 435.734 0.798217
201.36 12.3204 436.425 0.803199
201.416 12.3658 437.119 0.810448
201.472 12.4114 437.815 0.81049
201.528 12.457 438.514 0.814043
201.584 12.5027 439.216 0.811934
201.64 12.5479 439.919 0.797573
201.697 12.5925 440.626 0.788918
201.753 12.636 441.335 0.761454
201.809 12.6778 442.046 0.732487
201.865 12.718 442.76 0.706046
201.921 12.7569 443.476 0.680385
201.978 12.794 444.193 0.646715
202.034 12.8289 444.913 0.606171
202.09 12.8618 445.635 0.568298
202.146 12.8923 446.359 0.528209
202.202 12.9203 447.084 0.476865
202.258 12.9453 447.811 0.423611
202.315 12.9675 448.539 0.377934
202.371 12.987 449.268 0.327926
202.427 13.004 449.998 0.283556
202.483 13.0184 450.729 0.240346
202.539 13.0304 451.461 0.193155
202.596 13.0397 452.193 0.146406
202.652 13.0463 452.926 0.100554
202.708 13.0506 453.659 0.0596804
202.764 13.0525 454.393 0.019672
202.82 13.0523 455.126 -0.0189282
202.876 13.0501 455.859 -0.0527035
202.933 13.0462 456.592 -0.0813818
202.989 13.0405 457.325 -0.110156
203.045 13.0334 458.057 -0.137739
203.101 13.0248 458.789 -0.16226
203.157 13.0147 459.521 -0.187471
203.213 13.0037 460.251 -0.203059
203.27 12.992 460.982 -0.211082
203.326 12.9797 461.711 -0.222717
203.382 12.967 462.44 -0.231849
203.438 12.9538 463.168 -0.235207
203.494 12.9406 463.895 -0.234251
203.551 12.9276 464.622 -0.232473
203.607 12.9147 465.347 -0.226683
203.663 12.9021 466.073 -0.222303
203.719 12.8901 466.797 -0.210053
203.775 12.8786 467.521 -0.201861
203.831 12.8679 468.244 -0.181561
203.888 12.8584 468.967 -0.163518
203.944 12.85 469.689 -0.139332
204 12.8425 470.41 -0.123482
204.056 12.8364 471.132 -0.10086
204.112 12.8312 471.853 -0.0833216
204.169 12.8272 472.573 -0.0642886
204.225 12.8244 473.294 -0.0435059
204.281 12.8228 474.014 -0.0164868
204.337 12.8225 474.735 0.00236021
204.393 12.8234 475.455 0.0217021
204.449 12.8256 476.175 0.0488136
204.506 12.8288 476.896 0.0637507
204.562 12.8328 477.617 0.0721989
204.618 12.8373 478.338 0.0867109
204.674 12.8428 479.059 0.106306
204.73 12.8494 479.781 0.123326
204.787 12.8567 480.503 0.13494
204.843 12.8646 481.226 0.145139
204.899 12.8732 481.949 0.160342
204.955 12.8827 482.672 0.176936
205.011 12.8931 483.396 0.191006
205.067 12.9043 484.121 0.202382
205.124 12.916 484.846 0.211178
205.18 12.9281 485.573 0.217564
205.236 12.9408 486.299 0.23066
205.292 12.9541 487.027 0.240598
205.348 12.9676 487.755 0.242491
205.404 12.9815 488.484 0.250249
205.461 12.9959 489.214 0.262555
205.517 13.0111 489.944 0.273234
205.573 13.0265 490.676 0.275379
205.629 13.042 491.408 0.276826
205.685 13.0577 492.141 0.283805
205.742 13.0738 492.875 0.286325
205.798 13.0901 493.61 0.293172
205.854 13.1067 494.346 0.295477
205.91 13.1234 495.083 0.297942
205.966 13.1403 495.821 0.30358
206.022 13.157 496.56 0.295253
206.079 13.1737 497.3 0.294699
206.135 13.1903 498.04 0.300866
206.191 13.2068 498.782 0.291327
206.247 13.2232 499.524 0.289183
206.303 13.2394 500.268 0.29069
206.36 13.2556 501.012 0.285382
206.416 13.2715 501.757 0.281015
206.472 13.2868 502.504 0.269937
206.528 13.3018 503.25 0.264263
206.584 13.3166 503.998 0.264953
206.64 13.331 504.747 0.251945
206.697 13.3446 505.496 0.235244
206.753 13.3577 506.246 0.231678
206.809 13.3705 506.997 0.227488
206.865 13.3829 507.749 0.218195
206.921 13.3948 508.501 0.20347
206.978 13.4058 509.254 0.191268
207.034 13.4162 510.007 0.182089
207.09 13.4263 510.762 0.178405
207.146 13.436 511.516 0.171045
207.202 13.4455 512.271 0.165717
207.258 13.4544 513.027 0.152675
207.315 13.4626 513.783 0.141289
207.371 13.47 514.54 0.122757
207.427 13.4763 515.297 0.101979
207.483 13.4815 516.054 0.0881302
207.539 13.4859 516.811 0.0736914
207.596 13.4893 517.569 0.053072
207.652 13.4918 518.327 0.0410198
207.708 13.4935 519.085 0.0248398
207.764 13.4945 519.843 0.0131706
207.82 13.4947 520.601 -0.00267501
207.876 13.4938 521.36 -0.0227594
207.933 13.492 522.118 -0.0406406
207.989 13.4892 522.875 -0.0538292
208.045 13.4857 523.633 -0.0683518
208.101 13.4813 524.391 -0.0856776
208.157 13.476 525.148 -0.100062
208.213 13.47 525.905 -0.109889
208.27 13.4636 526.661 -0.116332
208.326 13.4564 527.417 -0.132272
208.382 13.4485 528.173 -0.141731
208.438 13.4405 528.928 -0.142803
208.494 13.4324 529.683 -0.143791
208.551 13.4243 530.438 -0.144386
208.607 13.4163 531.191 -0.141704
208.663 13.4085 531.945 -0.136088
208.719 13.401 532.698 -0.1295
208.775 13.3941 533.451 -0.120032
208.831 13.3878 534.203 -0.108981
208.888 13.3819 534.955 -0.100115
208.944 13.3767 535.706 -0.0880346
209 13.3722 536.458 -0.0770903
209.056 13.3683 537.209 -0.063105
209.112 13.3652 537.96 -0.0491102
209.169 13.3632 538.71 -0.02791
209.225 13.362 539.461 -0.0148603
209.281 13.3618 540.212 0.00224396
209.337 13.3622 540.963 0.0115512
209.393 13.3633 541.713 0.0289402
209.449 13.3657 542.464 0.0493878
209.506 13.3692 543.215 0.0739551
209.562 13.374 543.966 0.0946437
209.618 13.3801 544.718 0.115667
209.674 13.3873 545.47 0.136672
209.73 13.3955 546.222 0.15426
209.787 13.4049 546.975 0.173561
209.843 13.4155 547.728 0.198896
209.899 13.4275 548.483 0.22369
209.955 13.441 549.237 0.250356
210.011 13.4558 549.993 0.272043
210.067 13.4716 550.749 0.28868
210.124 13.4886 551.507 0.309707
210.18 13.5069 552.265 0.33863
210.236 13.5268 553.025 0.363248
210.292 13.548 553.785 0.384893
210.348 13.5703 554.547 0.405817
210.404 13.5937 555.31 0.422979
210.461 13.6181 556.075 0.442855
210.517 13.6438 556.841 0.464476
210.573 13.6704 557.608 0.481067
210.629 13.6978 558.377 0.490989
210.685 13.7258 559.148 0.506698
210.742 13.7545 559.92 0.514987
210.798 13.7843 560.693 0.538233
210.854 13.8152 561.469 0.555526
210.91 13.8467 562.246 0.566114
210.966 13.8789 563.025 0.575798
211.022 13.9116 563.806 0.587953
211.079 13.945 564.588 0.599308
211.135 13.9791 565.373 0.612222
211.191 14.0138 566.16 0.620028
211.247 14.0487 566.948 0.624303
211.303 14.0841 567.738 0.631385
211.36 14.1199 568.531 0.64227
211.416 14.156 569.325 0.645277
211.472 14.1922 570.122 0.640721
211.528 14.2281 570.92 0.638436
211.584 14.2638 571.721 0.634393
211.64 14.2993 572.524 0.62789
211.697 14.3344 573.328 0.622947
211.753 14.369 574.134 0.609883
211.809 14.4029 574.943 0.597761
211.865 14.436 575.753 0.58321
211.921 14.4681 576.565 0.567324
211.978 14.4992 577.379 0.545861
212.034 14.5292 578.195 0.528717
212.09 14.5581 579.012 0.50497
212.146 14.5856 579.831 0.476545
212.202 14.6118 580.651 0.45677
212.258 14.6366 581.473 0.435657
212.315 14.6603 582.296 0.411719
212.371 14.683 583.12 0.397358
212.427 14.7043 583.946 0.369103
212.483 14.7242 584.773 0.342494
212.539 14.7426 585.6 0.315832
212.596 14.7594 586.429 0.290398
212.652 14.7748 587.259 0.262359
212.708 14.7889 588.089 0.244441
212.764 14.8018 588.921 0.218512
212.82 14.8132 589.753 0.191705
212.876 14.8232 590.585 0.168173
212.933 14.8316 591.418 0.137415
212.989 14.8386 592.252 0.111399
213.045 14.8441 593.086 0.0897565
213.101 14.8483 593.92 0.0664434
213.157 14.8513 594.754 0.0431398
213.213 14.8532 595.588 0.0278294
213.27 14.8539 596.423 0.00455942
213.326 14.8532 597.257 -0.0263479
213.382 14.8507 598.092 -0.0544949
213.438 14.8465 598.926 -0.0890339
213.494 14.8402 599.76 -0.131356
213.551 14.8318 600.593 -0.165679
213.607 14.8212 601.426 -0.206002
213.663 14.8082 602.258 -0.25149
213.719 14.7926 603.09 -0.293326
213.775 14.7747 603.92 -0.336345
213.831 14.7544 604.75 -0.37765
213.888 14.7318 605.578 -0.418099
213.944 14.7066 606.404 -0.465515
214 14.6793 607.23 -0.50504
214.056 14.6496 608.053 -0.544606
214.112 14.6176 608.875 -0.588401
214.169 14.583 609.695 -0.631041
214.225 14.5464 610.514 -0.665156
214.281 14.5079 611.329 -0.69556
214.337 14.468 612.143 -0.724089
214.393 14.4266 612.955 -0.744988
214.449 14.3838 613.764 -0.77402
214.506 14.3396 614.57 -0.795217
214.562 14.2947 615.374 -0.801253
214.618 14.2493 616.176 -0.811089
214.674 14.2035 616.975 -0.819945
214.73 14.1574 617.771 -0.818991
214.787 14.1113 618.565 -0.821512
214.843 14.065 619.356 -0.825601
214.899 14.0191 620.145 -0.810654
214.955 13.9738 620.931 -0.800334
215.011 13.9292 621.714 -0.7919
215.067 13.8852 622.496 -0.77634
215.124 13.8419 623.274 -0.768351
215.18 13.799 624.05 -0.758117
215.236 13.7571 624.824 -0.738482
215.292 13.716 625.596 -0.726081
215.348 13.6759 626.365 -0.705923
215.404 13.6371 627.132 -0.678971
215.461 13.5998 627.897 -0.65545
215.517 13.5637 628.659 -0.636206
215.573 13.5289 629.42 -0.608841
215.629 13.4954 630.179 -0.587359
215.685 13.4635 630.936 -0.556079
215.742 13.4332 631.692 -0.525764
215.798 13.4045 632.445 -0.498889
215.854 13.3776 633.197 -0.465437
215.91 13.3526 633.948 -0.431302
215.966 13.3293 634.698 -0.403461
216.022 13.3077 635.446 -0.372891
216.079 13.2879 636.193 -0.341683
216.135 13.2696 636.938 -0.311209
216.191 13.2532 637.683 -0.281392
216.247 13.2382 638.427 -0.255683
216.303 13.2247 639.171 -0.227212
216.36 13.2131 639.913 -0.193154
216.416 13.2031 640.655 -0.167669
216.472 13.1945 641.397 -0.144119
216.528 13.1871 642.138 -0.124143
216.584 13.1807 642.878 -0.105132
216.64 13.1753 643.619 -0.091327
216.697 13.1707 644.359 -0.0770956
216.753 13.1668 645.098 -0.0616731
216.809 13.1639 645.838 -0.0452408
216.865 13.1619 646.578 -0.0282705
216.921 13.1609 647.317 -0.0123293
216.978 13.1607 648.056 0.00131573
217.034 13.1613 648.796 0.0142075
217.09 13.1627 649.535 0.0339958
217.146 13.1651 650.275 0.0478884
217.202 13.1682 651.014 0.0594374
217.258 13.1721 651.754 0.0753328
217.315 13.1767 652.494 0.0877445
217.371 13.1822 653.235 0.102617
217.427 13.1884 653.976 0.115806
217.483 13.1952 654.717 0.1249
217.539 13.2024 655.458 0.128464
217.596 13.2099 656.2 0.136864
217.652 13.2178 656.943 0.14468
217.708 13.2263 657.686 0.155825
217.764 13.2355 658.429 0.166654
217.82 13.2452 659.173 0.176305
217.876 13.2554 659.917 0.185421
217.933 13.2662 660.662 0.196595
217.989 13.2774 661.408 0.202127
218.045 13.289 662.154 0.211556
218.101 13.3013 662.901 0.222551
218.157 13.314 663.649 0.227303
218.213 13.3271 664.397 0.235872
218.27 13.3406 665.147 0.244583
218.326 13.3547 665.897 0.255433
218.382 13.3697 666.647 0.274225
218.438 13.3853 667.399 0.282598
218.494 13.4013 668.151 0.287902
218.551 13.4177 668.905 0.29266
218.607 13.4344 669.659 0.301393
218.663 13.4514 670.415 0.304507
218.719 13.4689 671.171 0.31212
218.775 13.4868 671.928 0.325698
218.831 13.5054 672.686 0.335117
218.888 13.5247 673.446 0.347159
218.944 13.5448 674.206 0.368604
219 13.566 674.968 0.383214
219.056 13.588 675.731 0.394578
219.112 13.6106 676.495 0.407446
219.169 13.6337 677.26 0.415371
219.225 13.6573 678.027 0.423306
219.281 13.6815 678.795 0.436527
219.337 13.7065 679.565 0.45114
219.393 13.7323 680.336 0.465661
219.449 13.7591 681.108 0.4832
219.506 13.7864 681.882 0.489744
219.562 13.8141 682.657 0.496013
219.618 13.8423 683.434 0.507521
219.674 13.8711 684.213 0.520607
219.73 13.9009 684.993 0.533374
219.787 13.9313 685.775 0.55074
219.843 13.9629 686.559 0.570025
219.899 13.9954 687.344 0.579973
219.955 14.0283 688.132 0.589618
220.011 14.0615 688.921 0.592827
220.067 14.095 689.712 0.597293
220.124 14.1289 690.505 0.61071
220.18 14.1636 691.3 0.621805
220.236 14.1988 692.097 0.627189
220.292 14.2342 692.896 0.632176
220.348 14.2698 693.697 0.633991
220.404 14.3052 694.5 0.630671
220.461 14.3406 695.304 0.630972
220.517 14.3761 696.111 0.634465
220.573 14.4118 696.92 0.637408
220.629 14.4477 697.731 0.641256
220.685 14.4837 698.544 0.640929
220.742 14.5196 699.359 0.637451
220.798 14.5554 700.176 0.635925
220.854 14.5909 700.995 0.631677
220.91 14.6263 701.815 0.631315
220.966 14.6619 702.638 0.632174
221.022 14.6972 703.463 0.626837
221.079 14.7322 704.29 0.621077
221.135 14.7671 705.119 0.621258
221.191 14.802 705.95 0.6183
221.247 14.8365 706.782 0.611876
221.303 14.8706 707.617 0.604977
221.36 14.9043 708.454 0.594489
221.416 14.9374 709.292 0.58477
221.472 14.9698 710.132 0.573649
221.528 15.0015 710.974 0.559774
221.584 15.0325 711.818 0.543131
221.64 15.0628 712.664 0.534448
221.697 15.0922 713.511 0.519073
221.753 15.1208 714.36 0.501926
221.809 15.1486 715.21 0.489203
221.865 15.1753 716.062 0.463796
221.921 15.2008 716.916 0.448331
221.978 15.2252 717.771 0.42159
222.034 15.2482 718.627 0.4003
222.09 15.27 719.484 0.377726
222.146 15.2906 720.343 0.353828
222.202 15.3097 721.202 0.330251
222.258 15.3277 722.063 0.309014
222.315 15.3444 722.925 0.288099
222.371 15.3597 723.787 0.264299
222.427 15.3737 724.651 0.238725
222.483 15.3863 725.515 0.213084
222.539 15.3973 726.379 0.182668
222.596 15.4065 727.245 0.150587
222.652 15.414 728.111 0.120095
222.708 15.4197 728.977 0.0894251
222.764 15.4237 729.843 0.0572611
222.82 15.4258 730.71 0.0237602
222.876 15.4258 731.576 -0.0139605
222.933 15.4237 732.443 -0.0571158
222.989 15.4191 733.309 -0.0992468
223.045 15.412 734.175 -0.147111
223.101 15.4022 735.041 -0.194958
223.157 15.3899 735.906 -0.237521
223.213 15.3748 736.77 -0.283818
223.27 15.357 737.633 -0.334055
223.326 15.3365 738.495 -0.388903
223.382 15.3131 739.356 -0.433062
223.438 15.2869 740.215 -0.489316
223.494 15.2582 741.073 -0.524931
223.551 15.2271 741.929 -0.568869
223.607 15.1939 742.784 -0.603483
223.663 15.1592 743.636 -0.625695
223.719 15.1235 744.487 -0.637243
223.775 15.0871 745.335 -0.6514
223.831 15.0506 746.181 -0.648715
223.888 15.0142 747.026 -0.647425
223.944 14.978 747.868 -0.646716
224 14.9421 748.708 -0.633865
224.056 14.9067 749.546 -0.625123
224.112 14.8721 750.383 -0.610472
224.169 14.8386 751.217 -0.587513
224.225 14.8061 752.05 -0.572383
224.281 14.7744 752.88 -0.560993
224.337 14.7434 753.709 -0.543132
224.393 14.7134 754.537 -0.528265
224.449 14.6844 755.362 -0.511503
224.506 14.6562 756.186 -0.4974
224.562 14.6283 757.009 -0.495939
224.618 14.601 757.83 -0.480402
224.674 14.5742 758.649 -0.474793
224.73 14.5479 759.467 -0.465918
224.787 14.5214 760.283 -0.473466
224.843 14.495 761.098 -0.471281
224.899 14.4685 761.912 -0.469814
224.955 14.442 762.723 -0.471321
225.011 14.4156 763.534 -0.469274
225.067 14.389 764.343 -0.47462
225.124 14.3623 765.15 -0.478181
225.18 14.3354 765.956 -0.479701
225.236 14.3084 766.761 -0.479745
225.292 14.2815 767.564 -0.478373
225.348 14.2548 768.365 -0.469988
225.404 14.2284 769.165 -0.467304
225.461 14.2027 769.964 -0.454453
225.517 14.1776 770.761 -0.438308
225.573 14.1533 771.556 -0.426894
225.629 14.1298 772.351 -0.414336
225.685 14.1069 773.144 -0.404455
225.742 14.0841 773.935 -0.402855
225.798 14.0621 774.726 -0.390294
225.854 14.0407 775.515 -0.372463
225.91 14.0202 776.303 -0.358883
225.966 14.0004 777.09 -0.35024
226.022 13.9809 777.876 -0.341234
226.079 13.9619 778.661 -0.3356
226.135 13.9434 779.445 -0.326017
226.191 13.9256 780.227 -0.310631
226.247 13.9087 781.009 -0.294711
226.303 13.8928 781.79 -0.274693
226.36 13.878 782.57 -0.253523
226.416 13.8644 783.349 -0.233681
226.472 13.8519 784.128 -0.21361
226.528 13.8407 784.906 -0.19024
226.584 13.8307 785.683 -0.169116
226.64 13.8221 786.459 -0.144555
226.697 13.815 787.236 -0.113746
226.753 13.8094 788.012 -0.087445
226.809 13.8056 788.787 -0.0539067
226.865 13.8037 789.563 -0.0203013
226.921 13.8035 790.338 0.00709271
226.978 13.8049 791.114 0.0349483
227.034 13.8081 791.89 0.0729186
227.09 13.8132 792.665 0.100371
227.146 13.8201 793.442 0.137255
227.202 13.8289 794.218 0.17123
227.258 13.8394 794.996 0.197905
227.315 13.8516 795.774 0.2292
227.371 13.8653 796.552 0.252757
227.427 13.8799 797.332 0.265964
227.483 13.8955 798.112 0.281827
227.539 13.9119 798.893 0.299633
227.596 13.9291 799.675 0.312421
227.652 13.9472 800.458 0.324588
227.708 13.9661 801.243 0.343174
227.764 13.9858 802.028 0.356813
227.82 14.0063 802.814 0.36935
227.876 14.0275 803.602 0.383014
227.933 14.0495 804.391 0.396833
227.989 14.0722 805.181 0.404832
228.045 14.0949 805.972 0.405294
228.101 14.1177 806.765 0.403465
228.157 14.1403 807.559 0.403342
228.213 14.1631 808.354 0.407536
228.27 14.1857 809.15 0.396861
228.326 14.2084 809.948 0.401515
228.382 14.2307 810.747 0.3958
228.438 14.2526 811.547 0.385349
228.494 14.274 812.348 0.376196
228.551 14.2949 813.151 0.366163
228.607 14.3152 813.955 0.356156
228.663 14.3351 814.76 0.351893
228.719 14.3547 815.566 0.346809
228.775 14.3739 816.373 0.337293
228.831 14.3925 817.181 0.324125
228.888 14.4103 817.99 0.316757
228.944 14.4279 818.8 0.312182
229 14.4451 819.611 0.300982
229.056 14.4618 820.424 0.29243
229.112 14.4778 821.237 0.28288
229.169 14.4935 822.05 0.273491
229.225 14.5084 822.865 0.261406
229.281 14.5228 823.681 0.252685
229.337 14.5369 824.497 0.247098
229.393 14.5508 825.314 0.247288
229.449 14.5643 826.132 0.238718
229.506 14.5776 826.951 0.23656
229.562 14.591 827.77 0.239372
229.618 14.6043 828.59 0.231974
229.674 14.6172 829.411 0.23048
229.73 14.6302 830.233 0.231819
229.787 14.6433 831.055 0.234067
229.843 14.6568 831.878 0.243998
229.899 14.6708 832.702 0.252466
229.955 14.6851 833.527 0.257431
230.011 14.7001 834.353 0.273394
230.067 14.7158 835.179 0.287074
230.124 14.7321 836.006 0.295374
230.18 14.7489 836.834 0.301798
230.236 14.7662 837.664 0.316221
230.292 14.7845 838.494 0.331411
230.348 14.8037 839.325 0.348352
230.404 14.8239 840.157 0.365001
230.461 14.845 840.991 0.382016
230.517 14.867 841.826 0.397071
230.573 14.89 842.662 0.417441
230.629 14.9137 843.499 0.427966
230.685 14.9382 844.338 0.436999
230.742 14.9628 845.178 0.440813
230.798 14.988 846.019 0.45556
230.854 15.0139 846.862 0.467206
230.91 15.0406 847.706 0.480548
230.966 15.0679 848.552 0.489273
231.022 15.0956 849.4 0.492906
231.079 15.1235 850.249 0.500251
231.135 15.152 851.099 0.51294
231.191 15.1812 851.951 0.523535
231.247 15.2107 852.805 0.527326
231.303 15.2405 853.661 0.53145
231.36 15.2706 854.518 0.537625
231.416 15.3011 855.377 0.545538
231.472 15.3315 856.238 0.540205
231.528 15.362 857.1 0.541619
231.584 15.3925 857.964 0.541452
231.64 15.4223 858.83 0.527311
231.697 15.4516 859.697 0.515158
231.753 15.4802 860.566 0.507672
231.809 15.5084 861.437 0.498215
231.865 15.5358 862.309 0.479183
231.921 15.5622 863.183 0.462218
231.978 15.5874 864.058 0.437647
232.034 15.611 864.934 0.407183
232.09 15.633 865.812 0.382505
232.146 15.6533 866.691 0.347
232.202 15.672 867.571 0.318552
232.258 15.6891 868.452 0.295974
232.315 15.7047 869.334 0.265307
232.371 15.7185 870.217 0.231755
232.427 15.7305 871.1 0.202564
232.483 15.7407 871.984 0.16889
232.539 15.7492 872.869 0.136751
232.596 15.7559 873.754 0.107906
232.652 15.7606 874.639 0.0706336
232.708 15.7633 875.525 0.0298847
232.764 15.764 876.411 0.00231238
232.82 15.763 877.296 -0.0306717
232.876 15.7603 878.182 -0.0620657
232.933 15.7558 879.067 -0.0899083
232.989 15.7497 879.952 -0.120512
233.045 15.7419 880.836 -0.153492
233.101 15.7323 881.72 -0.181298
233.157 15.7212 882.604 -0.206415
233.213 15.7089 883.487 -0.230621
233.27 15.6952 884.369 -0.252188
233.326 15.6805 885.25 -0.268642
233.382 15.6647 886.13 -0.292681
233.438 15.6476 887.01 -0.310879
233.494 15.6295 887.888 -0.329349
233.551 15.6103 888.766 -0.347239
233.607 15.5905 889.642 -0.3586
233.663 15.5698 890.517 -0.372487
233.719 15.5484 891.391 -0.387299
233.775 15.5262 892.264 -0.395964
233.831 15.5035 893.136 -0.408565
233.888 15.4803 894.006 -0.414876
233.944 15.4569 894.875 -0.420827
234 15.4329 895.742 -0.430199
234.056 15.4087 896.608 -0.436095
234.112 15.3841 897.473 -0.43546
234.169 15.3595 898.337 -0.437772
234.225 15.335 899.199 -0.437539
234.281 15.3107 900.059 -0.431685
234.337 15.2864 900.919 -0.429641
234.393 15.2624 901.777 -0.428721
234.449 15.2384 902.633 -0.426741
234.506 15.2145 903.489 -0.421573
234.562 15.1911 904.343 -0.41545
234.618 15.1681 905.195 -0.405707
234.674 15.1453 906.047 -0.403508
234.73 15.1228 906.897 -0.402311
234.787 15.1006 907.746 -0.388972
234.843 15.0788 908.593 -0.385519
234.899 15.0575 909.44 -0.379337
234.955 15.0362 910.285 -0.377577
235.011 15.0152 911.129 -0.371166
235.067 14.9946 911.972 -0.365832
235.124 14.9742 912.813 -0.359862
235.18 14.9541 913.654 -0.354777
235.236 14.9342 914.493 -0.35347
235.292 14.9144 915.332 -0.351365
235.348 14.8945 916.169 -0.356153
235.404 14.8742 917.005 -0.367763
235.461 14.8539 917.84 -0.357947
235.517 14.8335 918.674 -0.362696
235.573 14.8133 919.506 -0.360786
235.629 14.7931 920.338 -0.358595
235.685 14.7726 921.168 -0.36688
235.742 14.7518 921.998 -0.370782
235.798 14.7311 922.826 -0.367142
235.854 14.7106 923.653 -0.361748
235.91 14.6903 924.478 -0.364185
235.966 14.6701 925.303 -0.358807
236.022 14.6499 926.126 -0.356852
236.079 14.63 926.949 -0.352712
236.135 14.6106 927.77 -0.34234
236.191 14.5914 928.59 -0.336393
236.247 14.5727 929.409 -0.333867
236.303 14.5543 930.227 -0.322899
236.36 14.5363 931.044 -0.31919
236.416 14.5187 931.86 -0.311813
236.472 14.5016 932.676 -0.298466
236.528 14.4851 933.49 -0.291279
236.584 14.4691 934.303 -0.28111
236.64 14.4535 935.115 -0.274657
236.697 14.4383 935.927 -0.265024
236.753 14.4237 936.737 -0.255198
236.809 14.41 937.547 -0.236876
236.865 14.397 938.356 -0.226144
236.921 14.3847 939.165 -0.217351
236.978 14.373 939.972 -0.202485
237.034 14.3617 940.78 -0.197579
237.09 14.351 941.586 -0.191563
237.146 14.3405 942.392 -0.179218
237.202 14.3305 943.197 -0.175166
237.258 14.321 944.002 -0.166242
237.315 14.3119 944.806 -0.159615
237.371 14.3028 945.61 -0.160718
237.427 14.2939 946.413 -0.158208
237.483 14.2851 947.216 -0.153775
237.539 14.2764 948.018 -0.157183
237.596 14.2673 948.82 -0.166467
237.652 14.2577 949.621 -0.171041
237.708 14.248 950.422 -0.172457
237.764 14.2385 951.222 -0.166066
237.82 14.2289 952.022 -0.17254
237.876 14.2189 952.821 -0.182911
237.933 14.2083 953.619 -0.194087
237.989 14.1975 954.417 -0.195328
238.045 14.1864 955.214 -0.199539
238.101 14.1749 956.011 -0.206925
238.157 14.1633 956.807 -0.205459
238.213 14.1515 957.602 -0.208992
238.27 14.1399 958.397 -0.20751
238.326 14.1287 959.191 -0.194302
238.382 14.1178 959.984 -0.190292
238.438 14.1075 960.777 -0.179467
238.494 14.0977 961.569 -0.170772
238.551 14.0883 962.361 -0.165958
238.607 14.0789 963.152 -0.165243
238.663 14.0696 963.942 -0.162085
238.719 14.0607 964.733 -0.155989
238.775 14.0522 965.522 -0.149633
238.831 14.044 966.311 -0.145198
238.888 14.0358 967.1 -0.143301
238.944 14.0279 967.888 -0.141726
239 14.02 968.676 -0.13796
239.056 14.012 969.464 -0.145613
239.112 14.0036 970.25 -0.151146
239.169 13.9949 971.037 -0.154493
239.225 13.986 971.823 -0.158304
239.281 13.977 972.608 -0.163223
239.337 13.9676 973.393 -0.16899
239.393 13.9578 974.178 -0.173235
239.449 13.9481 974.961 -0.175434
239.506 13.9383 975.745 -0.174922
239.562 13.9283 976.527 -0.181199
239.618 13.918 977.309 -0.183928
239.674 13.9076 978.091 -0.191324
239.73 13.897 978.872 -0.188269
239.787 13.8864 979.652 -0.186451
239.843 13.8763 980.432 -0.176301
239.899 13.8662 981.211 -0.180973
239.955 13.856 981.99 -0.181214
240.011 13.8459 982.768 -0.179585
240.067 13.8359 983.546 -0.175203
240.124 13.8263 984.323 -0.167571
240.18 13.8175 985.099 -0.150206
240.236 13.8094 985.875 -0.139486
240.292 13.8021 986.651 -0.125976
240.348 13.7956 987.426 -0.109822
240.404 13.7898 988.201 -0.0957316
240.461 13.7849 988.975 -0.0826017
240.517 13.7809 989.749 -0.0628345
240.573 13.7777 990.524 -0.0500408
240.629 13.7755 991.298 -0.0318081
240.685 13.7739 992.071 -0.0228517
240.742 13.7729 992.845 -0.013872
240.798 13.7726 993.619 -0.00174203
240.854 13.7729 994.393 0.00957235
240.91 13.7736 995.166 0.0120849
240.966 13.7743 995.94 0.0140224
241.022 13.7753 996.714 0.0186138
241.079 13.7765 997.488 0.0224151
241.135 13.7779 998.262 0.0270156
241.191 13.7795 999.036 0.0292924
241.247 13.7808 999.81 0.0205908
241.303 13.7818 1000.58 0.0132683
241.36 13.7825 1001.36 0.0139542
241.416 13.7833 1002.13 0.0126908
241.472 13.7839 1002.91 0.00958115
241.528 13.7843 1003.68 0.00526559
241.584 13.7842 1004.46 -0.00591213
241.64 13.7833 1005.23 -0.0249646
241.697 13.7815 1006 -0.0361656
241.753 13.779 1006.78 -0.0512854
241.809 13.7756 1007.55 -0.0682336
241.865 13.7715 1008.33 -0.0765588
241.921 13.7668 1009.1 -0.0887905
241.978 13.7613 1009.87 -0.103129
242.034 13.7552 1010.65 -0.112356
242.09 13.7481 1011.42 -0.13311
242.146 13.7399 1012.19 -0.156413
242.202 13.7307 1012.96 -0.171228
242.258 13.7204 1013.73 -0.188601
242.315 13.7092 1014.5 -0.211209
242.371 13.6969 1015.27 -0.224915
242.427 13.6835 1016.04 -0.24685
242.483 13.6689 1016.81 -0.266593
242.539 13.6533 1017.58 -0.286166
242.596 13.6364 1018.35 -0.308499
242.652 13.6185 1019.11 -0.331077
242.708 13.5991 1019.88 -0.354457
242.764 13.5784 1020.64 -0.375557
242.82 13.5567 1021.4 -0.395587
242.876 13.5337 1022.16 -0.419833
242.933 13.509 1022.92 -0.450075
242.989 13.4832 1023.68 -0.46977
243.045 13.456 1024.44 -0.49186
243.101 13.4272 1025.19 -0.526061
243.157 13.3967 1025.94 -0.555088
243.213 13.3648 1026.7 -0.572676
243.27 13.332 1027.45 -0.594711
243.326 13.2979 1028.19 -0.615733
243.382 13.2623 1028.94 -0.647369
243.438 13.2249 1029.68 -0.674938
243.494 13.1864 1030.42 -0.693783
243.551 13.1468 1031.16 -0.712433
243.607 13.1059 1031.9 -0.73365
243.663 13.064 1032.64 -0.753616
243.719 13.0209 1033.37 -0.773422
243.775 12.977 1034.1 -0.785631
243.831 12.9322 1034.83 -0.8057
243.888 12.8865 1035.55 -0.822215
243.944 12.8392 1036.27 -0.854039
244 12.7905 1036.99 -0.877236
244.056 12.7406 1037.71 -0.895846
244.112 12.6895 1038.42 -0.916092
244.169 12.6374 1039.14 -0.936048
244.225 12.5842 1039.84 -0.952894
244.281 12.5301 1040.55 -0.968923
244.337 12.4752 1041.25 -0.985314
244.393 12.4195 1041.95 -0.997327
244.449 12.3629 1042.65 -1.01344
244.506 12.3054 1043.34 -1.02834
244.562 12.2473 1044.03 -1.04072
244.618 12.1885 1044.71 -1.04805
244.674 12.1298 1045.4 -1.04438
244.73 12.0713 1046.08 -1.03964
244.787 12.013 1046.75 -1.03947
244.843 11.9544 1047.42 -1.04552
244.899 11.8959 1048.09 -1.0392
244.955 11.8379 1048.76 -1.02789
245.011 11.7806 1049.42 -1.01345
245.067 11.724 1050.08 -1.00241
245.124 11.668 1050.74 -0.998744
245.18 11.6122 1051.39 -0.990369
245.236 11.5572 1052.04 -0.97186
245.292 11.5028 1052.69 -0.96644
245.348 11.449 1053.34 -0.953254
245.404 11.3962 1053.98 -0.931321
245.461 11.3443 1054.62 -0.918627
245.517 11.2932 1055.25 -0.902358
245.573 11.243 1055.88 -0.88942
245.629 11.1935 1056.51 -0.873646
245.685 11.145 1057.14 -0.857703
245.742 11.0971 1057.77 -0.847651
245.798 11.0498 1058.39 -0.837661
245.854 11.0034 1059.01 -0.819882
245.91 10.958 1059.62 -0.799562
245.966 10.9137 1060.24 -0.780095
246.022 10.8704 1060.85 -0.7646
246.079 10.8278 1061.46 -0.755076
246.135 10.7856 1062.07 -0.746346
246.191 10.744 1062.67 -0.735823
246.247 10.7032 1063.27 -0.716665
246.303 10.6636 1063.87 -0.697685
246.36 10.6252 1064.47 -0.674124
246.416 10.588 1065.07 -0.656648
246.472 10.5514 1065.66 -0.64646
246.528 10.5156 1066.25 -0.630704
246.584 10.481 1066.84 -0.604301
246.64 10.4481 1067.43 -0.57611
246.697 10.4162 1068.01 -0.560884
246.753 10.3854 1068.6 -0.540193
246.809 10.3556 1069.18 -0.524287
246.865 10.3268 1069.76 -0.504596
246.921 10.2991 1070.34 -0.48559
246.978 10.2725 1070.92 -0.463649
247.034 10.2476 1071.5 -0.42926
247.09 10.2246 1072.07 -0.394893
247.146 10.2035 1072.64 -0.364893
247.202 10.184 1073.22 -0.337363
247.258 10.1658 1073.79 -0.31364
247.315 10.1491 1074.36 -0.284352
247.371 10.1344 1074.93 -0.250315
247.427 10.1214 1075.5 -0.215064
247.483 10.1104 1076.07 -0.185369
247.539 10.1008 1076.63 -0.161139
247.596 10.0925 1077.2 -0.138202
247.652 10.0855 1077.77 -0.113076
247.708 10.0801 1078.33 -0.0874195
247.764 10.0762 1078.9 -0.0557298
247.82 10.074 1079.47 -0.027
247.876 10.0733 1080.03 -0.00804126
247.933 10.0735 1080.6 0.0140851
247.989 10.075 1081.16 0.0344572
248.045 10.0776 1081.73 0.0537638
248.101 10.0814 1082.3 0.0750863
248.157 10.0861 1082.86 0.0923264
248.213 10.092 1083.43 0.11017
248.27 10.0986 1084 0.124603
248.326 10.1059 1084.56 0.132591
248.382 10.1138 1085.13 0.142633
248.438 10.1226 1085.7 0.163301
248.494 10.1322 1086.27 0.179856
248.551 10.143 1086.84 0.197944
248.607 10.1545 1087.41 0.210839
248.663 10.1667 1087.98 0.21956
248.719 10.1794 1088.55 0.23199
248.775 10.1927 1089.12 0.239564
248.831 10.2064 1089.7 0.246348
248.888 10.2204 1090.27 0.250328
248.944 10.2347 1090.85 0.256985
249 10.2495 1091.42 0.266238
249.056 10.2647 1092 0.272685
249.112 10.2802 1092.57 0.277912
249.169 10.296 1093.15 0.286197
249.225 10.3123 1093.73 0.290229
249.281 10.3288 1094.31 0.29649
249.337 10.3457 1094.89 0.30344
249.393 10.3627 1095.47 0.301819
249.449 10.3795 1096.06 0.29914
249.506 10.3964 1096.64 0.300137
249.562 10.4134 1097.22 0.304001
249.618 10.4305 1097.81 0.305644
249.674 10.4476 1098.4 0.304147
249.73 10.4646 1098.98 0.302319
249.787 10.4815 1099.57 0.299386
249.843 10.4981 1100.16 0.293605
249.899 10.5144 1100.75 0.287555
249.955 10.5307 1101.34 0.290488
250.011 10.5471 1101.94 0.295844
250.067 10.5639 1102.53 0.298449
250.124 10.5808 1103.12 0.301987
250.18 10.5977 1103.72 0.302967
250.236 10.6149 1104.31 0.3073
250.292 10.6323 1104.91 0.309853
250.348 10.6499 1105.51 0.311511
250.404 10.6675 1106.11 0.313382
250.461 10.6852 1106.71 0.318505
250.517 10.7031 1107.31 0.319659
250.573 10.7214 1107.91 0.325973
250.629 10.74 1108.51 0.336459
250.685 10.7592 1109.12 0.343431
250.742 10.7788 1109.72 0.352789
250.798 10.7992 1110.33 0.369124
250.854 10.8202 1110.94 0.379018
250.91 10.8417 1111.55 0.382575
250.966 10.8634 1112.15 0.387099
251.022 10.8851 1112.77 0.388356
251.079 10.9071 1113.38 0.391092
251.135 10.9293 1113.99 0.39893
251.191 10.9518 1114.61 0.39936
251.247 10.9742 1115.22 0.398842
251.303 10.9963 1115.84 0.391515
251.36 11.018 1116.46 0.382131
251.416 11.0392 1117.08 0.372494
251.472 11.0598 1117.7 0.361798
251.528 11.0795 1118.32 0.347873
251.584 11.0983 1118.94 0.328713
251.64 11.1165 1119.57 0.31884
251.697 11.1339 1120.19 0.304551
251.753 11.1505 1120.82 0.28564
251.809 11.1658 1121.45 0.264454
251.865 11.1798 1122.07 0.23884
251.921 11.1925 1122.7 0.215704
251.978 11.2041 1123.33 0.201301
252.034 11.2143 1123.96 0.173534
252.09 11.2233 1124.59 0.148406
252.146 11.2309 1125.22 0.123665
252.202 11.2367 1125.85 0.0914416
252.258 11.2408 1126.49 0.0603731
252.315 11.2431 1127.12 0.0241841
252.371 11.2431 1127.75 -0.0109785
252.427 11.2413 1128.38 -0.047208
252.483 11.2376 1129.01 -0.0787138
252.539 11.2321 1129.64 -0.1128
252.596 11.2244 1130.27 -0.154726
252.652 11.2143 1130.9 -0.194516
252.708 11.2019 1131.53 -0.236348
252.764 11.1873 1132.16 -0.276707
252.82 11.1703 1132.79 -0.321603
252.876 11.1508 1133.42 -0.361881
252.933 11.1294 1134.04 -0.392166
252.989 11.1062 1134.67 -0.428058
253.045 11.0811 1135.29 -0.458494
253.101 11.0544 1135.91 -0.488992
253.157 11.026 1136.53 -0.516471
253.213 10.9959 1137.15 -0.549199
253.27 10.9639 1137.77 -0.583117
253.326 10.9302 1138.38 -0.606729
253.382 10.8953 1138.99 -0.628604
253.438 10.8595 1139.61 -0.643542
253.494 10.8228 1140.21 -0.659901
253.551 10.7849 1140.82 -0.682379
253.607 10.7463 1141.43 -0.691281
253.663 10.7074 1142.03 -0.689802
253.719 10.6682 1142.63 -0.701262
253.775 10.6287 1143.23 -0.705122
253.831 10.5888 1143.82 -0.71238
253.888 10.5486 1144.42 -0.715571
253.944 10.5085 1145.01 -0.709814
254 10.4692 1145.6 -0.694653
254.056 10.4307 1146.18 -0.679216
254.112 10.3934 1146.77 -0.657453
254.169 10.3569 1147.35 -0.639583
254.225 10.3215 1147.93 -0.621715
254.281 10.2877 1148.51 -0.589315
254.337 10.2555 1149.09 -0.559871
254.393 10.2252 1149.66 -0.525814
254.449 10.1969 1150.24 -0.490779
254.506 10.1705 1150.81 -0.45714
254.562 10.1458 1151.38 -0.428619
254.618 10.123 1151.95 -0.389961
254.674 10.1025 1152.51 -0.350795
254.73 10.084 1153.08 -0.317595
254.787 10.0672 1153.65 -0.289602
254.843 10.0517 1154.21 -0.26405
254.899 10.038 1154.78 -0.232337
254.955 10.026 1155.34 -0.20193
255.011 10.0157 1155.9 -0.16811
255.067 10.0072 1156.47 -0.138664
255.124 10.0002 1157.03 -0.118138
255.18 9.99417 1157.59 -0.100809
255.236 9.98905 1158.15 -0.0834298
255.292 9.985 1158.71 -0.0622475
255.348 9.98223 1159.27 -0.0412574
255.404 9.98051 1159.83 -0.025385
255.461 9.97952 1160.39 -0.0131587
255.517 9.97913 1160.95 -0.00117713
255.573 9.97944 1161.52 0.0100863
255.629 9.98027 1162.08 0.0180736
255.685 9.98154 1162.64 0.0295988
255.742 9.98355 1163.2 0.0387918
255.798 9.98619 1163.76 0.0500624
255.854 9.98916 1164.32 0.0541349
255.91 9.99223 1164.88 0.0542925
255.966 9.99549 1165.44 0.0581831
256.022 9.99891 1166 0.060419
256.079 10.0024 1166.57 0.0644307
256.135 10.006 1167.13 0.0611177
256.191 10.0094 1167.69 0.0593047
256.247 10.0125 1168.25 0.0513247
256.303 10.0151 1168.82 0.0420028
256.36 10.0174 1169.38 0.0396571
256.416 10.0193 1169.94 0.0306966
256.472 10.0208 1170.5 0.0237128
256.528 10.0218 1171.07 0.0151586
256.584 10.0221 1171.63 -0.00109584
256.64 10.0217 1172.19 -0.0100576
256.697 10.0204 1172.76 -0.0349948
256.753 10.0178 1173.32 -0.0512576
256.809 10.0145 1173.88 -0.0654072
256.865 10.0106 1174.44 -0.0718828
256.921 10.0061 1175.01 -0.0846438
256.978 10.0008 1175.57 -0.0996188
257.034 9.99478 1176.13 -0.112486
257.09 9.98788 1176.69 -0.128882
257.146 9.98023 1177.25 -0.142246
257.202 9.97185 1177.81 -0.153773
257.258 9.9628 1178.37 -0.165259
257.315 9.95322 1178.93 -0.175137
257.371 9.94304 1179.49 -0.185436
257.427 9.93225 1180.05 -0.196833
257.483 9.92093 1180.61 -0.204785
257.539 9.90909 1181.16 -0.214517
257.596 9.89671 1181.72 -0.22183
257.652 9.88388 1182.27 -0.236971
257.708 9.87021 1182.83 -0.245899
257.764 9.85596 1183.38 -0.258473
257.82 9.84121 1183.94 -0.266415
257.876 9.82585 1184.49 -0.278493
257.933 9.80974 1185.04 -0.291455
257.989 9.79299 1185.59 -0.305652
258.045 9.77537 1186.14 -0.319762
258.101 9.75679 1186.69 -0.338682
258.157 9.73706 1187.24 -0.359856
258.213 9.71648 1187.78 -0.369832
258.27 9.69545 1188.33 -0.377798
258.326 9.67395 1188.87 -0.388645
258.382 9.65175 1189.42 -0.39996
258.438 9.62905 1189.96 -0.404705
258.494 9.6063 1190.5 -0.407156
258.551 9.58323 1191.04 -0.40969
258.607 9.56012 1191.57 -0.409354
258.663 9.5374 1192.11 -0.39954
258.719 9.51544 1192.64 -0.386232
258.775 9.49398 1193.18 -0.377618
258.831 9.473 1193.71 -0.370361
258.888 9.45281 1194.24 -0.349643
258.944 9.43386 1194.77 -0.330014
259 9.41593 1195.3 -0.310957
259.056 9.39944 1195.83 -0.282249
259.112 9.3845 1196.36 -0.254164
259.169 9.37111 1196.89 -0.229331
259.225 9.35909 1197.41 -0.202731
259.281 9.34861 1197.94 -0.174202
259.337 9.33997 1198.46 -0.142759
259.393 9.33294 1198.99 -0.113885
259.449 9.32742 1199.51 -0.0874305
259.506 9.32358 1200.03 -0.056502
259.562 9.32149 1200.56 -0.0240321
259.618 9.32098 1201.08 -0.000235336
259.674 9.32161 1201.61 0.0183531
259.73 9.32333 1202.13 0.0385673
259.787 9.3262 1202.65 0.0610448
259.843 9.33064 1203.18 0.0897134
259.899 9.33631 1203.7 0.109081
259.955 9.34289 1204.23 0.121682
260.011 9.34997 1204.75 0.130105
260.067 9.35777 1205.28 0.145921
260.124 9.36655 1205.8 0.166203
260.18 9.37647 1206.33 0.179368
260.236 9.38655 1206.86 0.178244
260.292 9.39661 1207.38 0.182838
260.348 9.40739 1207.91 0.197045
260.404 9.41874 1208.44 0.206366
260.461 9.43063 1208.97 0.213025
260.517 9.44278 1209.5 0.214494
260.573 9.45493 1210.03 0.217232
260.629 9.46701 1210.56 0.215043
260.685 9.479 1211.1 0.211893
260.742 9.49084 1211.63 0.210643
260.798 9.50246 1212.16 0.203209
260.854 9.51374 1212.7 0.197519
260.91 9.52437 1213.23 0.184081
260.966 9.53411 1213.77 0.163925
261.022 9.54278 1214.3 0.147759
261.079 9.55054 1214.84 0.13439
261.135 9.55764 1215.38 0.122027
261.191 9.56397 1215.91 0.107116
261.247 9.56983 1216.45 0.102446
261.303 9.5749 1216.99 0.0804725
261.36 9.57879 1217.53 0.0610077
261.416 9.5818 1218.06 0.0492113
261.472 9.58417 1218.6 0.0381169
261.528 9.58601 1219.14 0.0286339
261.584 9.58756 1219.68 0.0285897
261.64 9.58918 1220.22 0.0289477
261.697 9.59087 1220.76 0.0280529
261.753 9.59232 1221.3 0.0248955
261.809 9.59343 1221.84 0.016986
261.865 9.59418 1222.37 0.0123064
261.921 9.59503 1222.91 0.0198031
261.978 9.59638 1223.45 0.0290644
262.034 9.59852 1223.99 0.0422574
262.09 9.60119 1224.53 0.0513442
262.146 9.60415 1225.07 0.0529331
262.202 9.60733 1225.61 0.0589558
262.258 9.61086 1226.15 0.0663202
262.315 9.61486 1226.69 0.0759492
262.371 9.6196 1227.23 0.089342
262.427 9.62513 1227.77 0.103711
262.483 9.63131 1228.31 0.114736
262.539 9.63807 1228.85 0.123018
262.596 9.64521 1229.39 0.127863
262.652 9.65247 1229.94 0.131162
262.708 9.66017 1230.48 0.140153
262.764 9.66836 1231.02 0.149872
262.82 9.67698 1231.57 0.157229
262.876 9.68607 1232.11 0.163814
262.933 9.69546 1232.65 0.16984
262.989 9.70498 1233.2 0.169581
263.045 9.71462 1233.74 0.171597
263.101 9.72434 1234.29 0.175547
263.157 9.7342 1234.84 0.176246
263.213 9.74415 1235.38 0.177214
263.27 9.75395 1235.93 0.172051
263.326 9.76338 1236.48 0.165856
263.382 9.77257 1237.03 0.161019
263.438 9.78173 1237.58 0.16384
263.494 9.79083 1238.13 0.161199
263.551 9.7998 1238.68 0.159587
263.607 9.80877 1239.23 0.160042
263.663 9.8173 1239.78 0.146935
263.719 9.82514 1240.33 0.133575
263.775 9.8323 1240.89 0.122571
263.831 9.83881 1241.44 0.112383
263.888 9.84481 1241.99 0.10055
263.944 9.85012 1242.54 0.0919772
264 9.85497 1243.1 0.0836737
264.056 9.85918 1243.65 0.070235
264.112 9.86295 1244.21 0.0645575
264.169 9.86624 1244.76 0.0537641
264.225 9.86897 1245.31 0.0432777
264.281 9.87079 1245.87 0.0255049
264.337 9.87164 1246.42 0.00981885
264.393 9.87163 1246.98 -0.00845429
264.449 9.87076 1247.53 -0.021017
264.506 9.86901 1248.09 -0.0364392
264.562 9.86653 1248.64 -0.0513221
264.618 9.86323 1249.2 -0.0622273
264.674 9.85927 1249.75 -0.0755405
264.73 9.85482 1250.3 -0.0831425
264.787 9.84983 1250.86 -0.0927807
264.843 9.84404 1251.41 -0.107941
264.899 9.83757 1251.96 -0.121429
264.955 9.83039 1252.51 -0.130874
265.011 9.82266 1253.07 -0.142229
265.067 9.81434 1253.62 -0.152224
265.124 9.80569 1254.17 -0.154391
265.18 9.79707 1254.72 -0.1504
265.236 9.78862 1255.27 -0.15136
265.292 9.78006 1255.82 -0.151888
265.348 9.77142 1256.37 -0.154559
265.404 9.76288 1256.92 -0.149666
265.461 9.7546 1257.47 -0.145124
265.517 9.74635 1258.01 -0.145705
265.573 9.73842 1258.56 -0.137672
265.629 9.73092 1259.11 -0.128611
265.685 9.72407 1259.65 -0.118015
265.742 9.71779 1260.2 -0.109704
265.798 9.71203 1260.75 -0.0982267
265.854 9.70679 1261.29 -0.0901025
265.91 9.70214 1261.84 -0.0780444
265.966 9.69815 1262.38 -0.0657494
266.022 9.69484 1262.93 -0.0530876
266.079 9.69218 1263.47 -0.0432827
266.135 9.69047 1264.02 -0.0222524
266.191 9.68991 1264.56 -0.00143649
266.247 9.69039 1265.1 0.0126181
266.303 9.69159 1265.65 0.0285611
266.36 9.6936 1266.19 0.0401642
266.416 9.69625 1266.74 0.0514732
266.472 9.69968 1267.28 0.0689839
266.528 9.70407 1267.83 0.085333
266.584 9.70965 1268.37 0.106439
266.64 9.71639 1268.92 0.132433
266.697 9.72441 1269.46 0.150319
266.753 9.73364 1270.01 0.169973
266.809 9.74396 1270.56 0.189914
266.865 9.75498 1271.11 0.203227
266.921 9.76698 1271.65 0.218713
266.978 9.77983 1272.2 0.234807
267.034 9.79339 1272.75 0.247604
267.09 9.80776 1273.3 0.259075
267.146 9.82298 1273.86 0.277285
267.202 9.83865 1274.41 0.283181
267.258 9.85479 1274.96 0.28771
267.315 9.8714 1275.52 0.300649
267.371 9.88858 1276.07 0.309479
267.427 9.90608 1276.63 0.310771
267.483 9.92384 1277.18 0.318983
267.539 9.94188 1277.74 0.323697
267.596 9.96025 1278.3 0.327592
267.652 9.9788 1278.86 0.332586
267.708 9.99749 1279.42 0.332429
267.764 10.0163 1279.99 0.335156
267.82 10.0352 1280.55 0.337122
267.876 10.0541 1281.11 0.334955
267.933 10.0729 1281.68 0.333166
267.989 10.0914 1282.25 0.328984
268.045 10.1096 1282.81 0.319443
268.101 10.1272 1283.38 0.309211
268.157 10.1443 1283.95 0.301808
268.213 10.1606 1284.52 0.283952
268.27 10.1762 1285.09 0.269752
268.326 10.191 1285.66 0.258778
268.382 10.2049 1286.24 0.241433
268.438 10.2179 1286.81 0.223856
268.494 10.2299 1287.39 0.202807
268.551 10.2408 1287.96 0.187221
268.607 10.2507 1288.54 0.167196
268.663 10.2595 1289.11 0.149115
268.719 10.2669 1289.69 0.12176
268.775 10.2732 1290.27 0.102236
268.831 10.2784 1290.84 0.0863448
268.888 10.2826 1291.42 0.0715396
268.944 10.286 1292 0.0538178
269 10.2887 1292.58 0.0473339
269.056 10.2908 1293.16 0.0311297
269.112 10.2917 1293.73 0.00940173
269.169 10.2917 1294.31 -0.0030123
269.225 10.2912 1294.89 -0.013555
269.281 10.2903 1295.47 -0.0142236
269.337 10.2899 1296.05 -0.00419088
269.393 10.2897 1296.62 -0.00509402
269.449 10.2892 1297.2 -0.0126069
269.506 10.2883 1297.78 -0.0165301
269.562 10.2873 1298.36 -0.0179667
269.618 10.2866 1298.94 -0.00643417
269.674 10.2867 1299.51 0.00505531
269.73 10.2872 1300.09 0.0120167
269.787 10.2882 1300.67 0.0235031
269.843 10.2899 1301.25 0.0336832
269.899 10.2919 1301.83 0.0382648
269.955 10.2946 1302.4 0.0541633
270.011 10.2982 1302.98 0.0700913
270.067 10.3026 1303.56 0.083403
270.124 10.3079 1304.14 0.102484
270.18 10.3143 1304.72 0.120937
270.236 10.3213 1305.3 0.125748
270.292 10.3287 1305.88 0.137184
270.348 10.3371 1306.46 0.157003
270.404 10.3465 1307.04 0.176249
270.461 10.3571 1307.62 0.194639
270.517 10.3686 1308.2 0.211974
270.573 10.3809 1308.79 0.224501
270.629 10.3939 1309.37 0.236504
270.685 10.4078 1309.96 0.25254
270.742 10.4223 1310.54 0.266232
270.798 10.4378 1311.13 0.283395
270.854 10.4543 1311.71 0.299446
270.91 10.4715 1312.3 0.312355
270.966 10.4892 1312.89 0.314183
271.022 10.5073 1313.48 0.324748
271.079 10.5258 1314.07 0.33226
271.135 10.5448 1314.66 0.338974
271.191 10.5641 1315.26 0.347468
271.247 10.5836 1315.85 0.345607
271.303 10.6029 1316.45 0.344814
271.36 10.6225 1317.04 0.35009
271.416 10.6422 1317.64 0.351295
271.472 10.6617 1318.24 0.346798
271.528 10.6812 1318.84 0.346668
271.584 10.7008 1319.44 0.349666
271.64 10.7205 1320.04 0.351943
271.697 10.7402 1320.64 0.348614
271.753 10.7597 1321.25 0.346928
271.809 10.7792 1321.85 0.342899
271.865 10.7983 1322.46 0.340424
271.921 10.8174 1323.07 0.338005
271.978 10.8362 1323.67 0.331781
272.034 10.8545 1324.28 0.322426
272.09 10.8723 1324.89 0.31142
272.146 10.8893 1325.51 0.300022
272.202 10.9061 1326.12 0.296625
272.258 10.9224 1326.73 0.285234
272.315 10.9382 1327.35 0.276965
272.371 10.9535 1327.96 0.270822
272.427 10.9687 1328.58 0.269839
272.483 10.9835 1329.19 0.258049
272.539 10.9976 1329.81 0.245165
272.596 11.0108 1330.43 0.227931
272.652 11.0232 1331.05 0.214723
272.708 11.0348 1331.67 0.2044
272.764 11.0456 1332.29 0.183788
272.82 11.0554 1332.91 0.166237
272.876 11.0642 1333.53 0.147636
272.933 11.0716 1334.15 0.124711
272.989 11.0778 1334.77 0.0999983
273.045 11.0826 1335.4 0.0724354
273.101 11.0855 1336.02 0.040522
273.157 11.0868 1336.64 0.00784335
273.213 11.0866 1337.27 -0.0133014
273.27 11.0849 1337.89 -0.0407537
273.326 11.0819 1338.51 -0.0589196
273.382 11.0783 1339.13 -0.0658406
273.438 11.0742 1339.76 -0.07713
273.494 11.0696 1340.38 -0.0872023
273.551 11.0643 1341 -0.0968333
273.607 11.0586 1341.62 -0.104161
273.663 11.0527 1342.24 -0.107104
273.719 11.0468 1342.86 -0.104102
273.775 11.041 1343.48 -0.10152
273.831 11.0356 1344.1 -0.0926241
273.888 11.0309 1344.72 -0.0793726
273.944 11.0266 1345.34 -0.074522
274 11.0226 1345.96 -0.0703251
274.056 11.0189 1346.58 -0.0642379
274.112 11.0153 1347.2 -0.0632009
274.169 11.0117 1347.82 -0.0646186
274.225 11.008 1348.44 -0.0657113
274.281 11.0043 1349.05 -0.0649278
274.337 11.0005 1349.67 -0.0720282
274.393 10.9963 1350.29 -0.0768838
274.449 10.9916 1350.91 -0.0861192
274.506 10.9865 1351.53 -0.0940804
274.562 10.981 1352.14 -0.0998089
274.618 10.975 1352.76 -0.11127
274.674 10.9683 1353.38 -0.123941
274.73 10.961 1353.99 -0.13299
274.787 10.9533 1354.61 -0.140449
274.843 10.9451 1355.22 -0.148941
274.899 10.9366 1355.84 -0.154169
274.955 10.9276 1356.45 -0.16289
275.011 10.9184 1357.06 -0.165753
275.067 10.909 1357.68 -0.168734
275.124 10.8992 1358.29 -0.177893
275.18 10.8888 1358.9 -0.190767
275.236 10.8778 1359.51 -0.199666
275.292 10.866 1360.12 -0.215836
275.348 10.8536 1360.73 -0.225574
275.404 10.8407 1361.34 -0.234265
275.461 10.827 1361.95 -0.249578
275.517 10.8125 1362.56 -0.265877
275.573 10.7972 1363.17 -0.274966
275.629 10.7814 1363.77 -0.286585
275.685 10.765 1364.38 -0.297141
275.742 10.7479 1364.98 -0.308556
275.798 10.7302 1365.59 -0.321397
275.854 10.7117 1366.19 -0.334164
275.91 10.6923 1366.79 -0.351821
275.966 10.6719 1367.39 -0.372365
276.022 10.6503 1367.99 -0.3953
276.079 10.6274 1368.59 -0.414144
276.135 10.6035 1369.18 -0.431689
276.191 10.5788 1369.78 -0.442702
276.247 10.5537 1370.37 -0.450454
276.303 10.5279 1370.96 -0.461088
276.36 10.5015 1371.55 -0.476916
276.416 10.4744 1372.14 -0.484686
276.472 10.4468 1372.73 -0.494969
276.528 10.4191 1373.32 -0.493259
276.584 10.3915 1373.9 -0.489867
276.64 10.3639 1374.48 -0.489563
276.697 10.3365 1375.06 -0.489819
276.753 10.3092 1375.64 -0.483207
276.809 10.2821 1376.22 -0.481884
276.865 10.2552 1376.8 -0.47782
276.921 10.2286 1377.37 -0.470857
276.978 10.2024 1377.95 -0.462402
277.034 10.1769 1378.52 -0.447701
277.09 10.1524 1379.09 -0.428881
277.146 10.1289 1379.66 -0.410918
277.202 10.1061 1380.23 -0.401116
277.258 10.084 1380.8 -0.383515
277.315 10.0631 1381.36 -0.364624
277.371 10.0434 1381.93 -0.339866
277.427 10.0252 1382.49 -0.313353
277.483 10.0086 1383.05 -0.283526
277.539 9.99354 1383.61 -0.258873
277.596 9.9799 1384.18 -0.23057
277.652 9.96791 1384.74 -0.200888
277.708 9.95779 1385.29 -0.169297
277.764 9.94939 1385.85 -0.13572
277.82 9.94287 1386.41 -0.102029
277.876 9.93842 1386.97 -0.0646417
277.933 9.93603 1387.53 -0.0264824
277.989 9.9357 1388.09 0.00869658
278.045 9.93749 1388.65 0.0460371
278.101 9.94115 1389.2 0.0768361
278.157 9.94679 1389.76 0.117491
278.213 9.95495 1390.32 0.161954
278.27 9.96546 1390.88 0.203893
278.326 9.97818 1391.44 0.241475
278.382 9.99311 1392 0.28037
278.438 10.0101 1392.56 0.317182
278.494 10.0292 1393.13 0.353356
278.551 10.0503 1393.69 0.388168
278.607 10.0733 1394.26 0.424568
278.663 10.0984 1394.82 0.462742
278.719 10.1256 1395.39 0.498672
278.775 10.1548 1395.96 0.532616
278.831 10.1858 1396.53 0.564133
278.888 10.2186 1397.11 0.596179
278.944 10.253 1397.68 0.622956
279 10.2887 1398.26 0.64725
279.056 10.3259 1398.84 0.669862
279.112 10.3642 1399.42 0.689235
279.169 10.4034 1400 0.70354
279.225 10.4433 1400.59 0.717705
279.281 10.4839 1401.18 0.725257
279.337 10.5248 1401.77 0.728731
279.393 10.5658 1402.36 0.73274
279.449 10.6071 1402.96 0.733826
279.506 10.6483 1403.55 0.731493
279.562 10.6891 1404.15 0.72276
279.618 10.7293 1404.75 0.71024
279.674 10.7686 1405.36 0.694032
279.73 10.8068 1405.96 0.669899
279.787 10.8437 1406.57 0.647735
279.843 10.8791 1407.18 0.615701
279.899 10.9127 1407.8 0.585312
279.955 10.9447 1408.41 0.558519
