# t volume xc yc zc ub_x ub_y ub_z width depth height d_eq chi n_regions V_tag straddle
# col 1-13 : sommes COMPLETES ponderees (1-f) sur toutes les mailles, centre en moyenne circulaire.
#            (l'ancienne version ne sommait que sur les mailles taguees f<0.5 -> volume sous-estime de ~4.5 %,
#             vitesse verticale biaisee de ~+0.35 en repere mobile. Cf. event bubble dans main.c.)
# col 14-16 : diagnostic fragmentation par tag() (V_tag = plus grosse region ; straddle = bulle a cheval sur un bord).
160.001 2078.83 59.9872 60.007 59.9977 0.217239 0.24852 0.0093184 14.0625 14.0625 14.0625 15.8346 1 1 1937.02 0
160.036 2077.39 60.0681 60.1203 60.0012 2.66432 3.2736 0.292875 13.125 13.125 13.125 15.8309 1 1 1886.56 0
160.117 2078.67 60.2889 60.3962 60.0403 2.71071 3.4364 0.743509 13.125 13.125 13.125 15.8342 1 1 1886.39 0
160.227 2077.91 60.5898 60.786 60.1485 2.73052 3.63534 1.27333 13.125 15 13.125 15.8323 1.14286 1 1894.64 0
160.354 2078.92 60.9399 61.265 60.343 2.61225 3.82501 1.7575 15 15 13.125 15.8348 1.14286 1 1867.2 0
160.493 2079.85 61.2947 61.8144 60.6162 2.38207 4.05373 2.12289 13.125 13.125 15 15.8372 1.14286 1 1882.34 0
160.634 2081.31 61.6141 62.4055 60.9385 2.07156 4.28461 2.30244 13.125 13.125 15 15.8409 1.14286 1 1877.58 0
160.775 2082.29 61.8865 63.0328 61.2823 1.66209 4.56341 2.39947 13.125 15 13.125 15.8434 1.14286 1 1882.22 0
160.915 2083.66 62.1011 63.6979 61.6332 1.28565 4.83177 2.41703 13.125 13.125 13.125 15.8469 1 1 1889.31 0
161.062 2085.05 62.2704 64.4362 61.9948 0.947678 5.11874 2.3024 15 15 13.125 15.8504 1.14286 1 1892.92 0
161.219 2085.93 62.396 65.2623 62.3508 0.585787 5.4114 2.06108 15 13.125 13.125 15.8526 1.14286 1 1900.12 0
161.375 2087.55 62.4639 66.1268 62.6711 0.167797 5.50156 1.88586 15 15 13.125 15.8567 1.14286 1 1864.95 0
161.531 2087.76 62.459 67.003 62.9652 -0.288928 5.63186 1.66443 15 15 13.125 15.8572 1.14286 1 1882.82 0
161.688 2088.75 62.3851 67.9051 63.22 -0.746592 5.71452 1.47628 15 15 13.125 15.8597 1.14286 1 1883.24 0
161.844 2090.06 62.2327 68.8117 63.442 -1.25786 5.8046 1.23912 13.125 15 13.125 15.8631 1.14286 1 1867.33 0
162 2092.34 62.0011 69.7468 63.6196 -1.71794 5.98899 0.943969 13.125 15 13.125 15.8688 1.14286 1 1890.5 0
162.156 2093.26 61.6962 70.697 63.7488 -2.16372 6.06492 0.638123 13.125 15 13.125 15.8711 1.14286 1 1885.44 0
162.312 2094.3 61.3254 71.6651 63.8252 -2.56537 6.17141 0.287513 15 15 13.125 15.8738 1.14286 1 1889.93 0
162.469 2094.28 60.8998 72.6384 63.8523 -2.87337 6.0812 0.0860754 15 13.125 13.125 15.8737 1.14286 1 1908.05 0
162.625 2095.12 60.427 73.5962 63.8596 -3.11044 5.96329 -0.0254112 15 15 13.125 15.8759 1.14286 1 1899.35 0
162.781 2094.88 59.9225 74.5297 63.8507 -3.21961 5.84943 -0.047119 13.125 13.125 13.125 15.8752 1 1 1897.5 0
162.938 2095.31 59.4015 75.4456 63.845 -3.35374 5.67972 -0.0259328 15 15 13.125 15.8763 1.14286 1 1901.4 0
163.094 2095.43 58.8673 76.3285 63.8474 -3.41573 5.44963 0.113648 15 15 13.125 15.8766 1.14286 1 1909.51 0
163.25 2096.6 58.316 77.1781 63.8731 -3.54622 5.19225 0.194467 13.125 15 13.125 15.8796 1.14286 1 1912.57 0
163.406 2096.84 57.7463 77.9812 63.9084 -3.59048 4.91663 0.270258 15 15 13.125 15.8802 1.14286 1 1898.56 0
163.562 2097.6 57.1789 78.7432 63.9621 -3.55605 4.65551 0.437308 15 13.125 13.125 15.8821 1.14286 1 1922.31 0
163.719 2098.35 56.6201 79.4626 64.0387 -3.47816 4.34831 0.556079 15 15 13.125 15.884 1.14286 1 1897.36 0
163.875 2097.75 56.0716 80.1291 64.1436 -3.32293 4.01625 0.751305 13.125 15 13.125 15.8825 1.14286 1 1902.32 0
164.031 2097.85 55.5539 80.7436 64.2847 -3.16391 3.63926 0.960269 15 13.125 13.125 15.8827 1.14286 1 1898.07 0
164.188 2098.21 55.0649 81.2935 64.4532 -3.00887 3.20694 1.11038 15 15 13.125 15.8836 1.14286 1 1886.05 0
164.344 2098.37 54.5929 81.7741 64.6524 -2.82918 2.81719 1.27976 15 15 11.25 15.884 1.33333 1 1877.07 0
164.5 2098.43 54.1608 82.1961 64.8782 -2.48871 2.40646 1.47229 13.125 15 13.125 15.8842 1.14286 1 1897.53 0
164.656 2098.48 53.7795 82.5488 65.1389 -2.26217 1.91268 1.69928 15 13.125 13.125 15.8843 1.14286 1 1910 0
164.812 2098.65 53.4353 82.8214 65.4346 -2.02376 1.39801 1.90774 15 15 13.125 15.8848 1.14286 1 1905.88 0
164.969 2098.72 53.1302 83.0097 65.7586 -1.83334 0.861304 2.0125 15 15 13.125 15.8849 1.14286 1 1924.14 0
165.125 2098.74 52.8471 83.1088 66.0915 -1.71114 0.277397 1.96141 15 15 13.125 15.885 1.14286 1 1899.53 0
165.281 2098.76 52.5897 83.1158 66.4159 -1.45378 -0.28246 1.89804 13.125 15 11.25 15.885 1.33333 1 1904.2 0
165.438 2098.78 52.3762 83.0396 66.729 -1.19121 -0.713372 1.80207 13.125 15 11.25 15.8851 1.33333 1 1885.06 0
165.594 2098.79 52.1981 82.8981 67.0258 -1.03523 -1.16813 1.73544 15 15 13.125 15.8851 1.14286 1 1874.98 0
165.75 2098.79 52.0419 82.6769 67.3121 -0.876463 -1.72617 1.69678 15 15 13.125 15.8851 1.14286 1 1876.29 0
165.906 2098.8 51.922 82.3612 67.5998 -0.516382 -2.37938 1.72616 15 15 13.125 15.8851 1.14286 1 1897.85 0
166.062 2098.79 51.8568 81.9359 67.8756 -0.267468 -3.02774 1.55818 15 15 13.125 15.8851 1.14286 1 1902.72 0
166.219 2098.77 51.8221 81.418 68.1205 -0.194968 -3.61394 1.32455 15 15 11.25 15.885 1.33333 1 1903.88 0
166.375 2098.65 51.7954 80.8155 68.3294 -0.144349 -3.99415 1.15423 15 13.125 11.25 15.8848 1.33333 1 1885.52 0
166.531 2098.79 51.7717 80.1505 68.5068 -0.133166 -4.3598 0.955279 15 15 13.125 15.8851 1.14286 1 1872.28 0
166.688 2098.78 51.7456 79.4335 68.6447 -0.245949 -4.72476 0.587083 15 15 13.125 15.8851 1.14286 1 1892.68 0
166.844 2098.8 51.7016 78.659 68.7313 -0.307524 -5.0221 0.415312 15 13.125 13.125 15.8851 1.14286 1 1893.78 0
167 2098.7 51.6519 77.8301 68.7878 -0.315132 -5.46293 0.162755 15 15 13.125 15.8849 1.14286 1 1892.74 0
167.156 2098.43 51.597 76.9348 68.7956 -0.404214 -5.82226 -0.125213 15 13.125 13.125 15.8842 1.14286 1 1920.58 0
167.312 2098.39 51.5249 75.9942 68.7716 -0.529896 -6.08095 -0.313343 15 15 13.125 15.8841 1.14286 1 1888.98 0
167.469 2098.18 51.4297 75.0151 68.702 -0.753689 -6.18101 -0.484788 15 13.125 13.125 15.8836 1.14286 1 1929.6 0
167.625 2097.85 51.2914 74.0176 68.6111 -1.05789 -6.39381 -0.692404 15 15 13.125 15.8827 1.14286 1 1893.79 0
167.781 2097.49 51.1083 72.9983 68.4921 -1.35804 -6.42829 -0.794267 15 13.125 13.125 15.8818 1.14286 1 1897.11 0
167.938 2097.2 50.8664 71.9653 68.3465 -1.72185 -6.54227 -1.0018 15 15 13.125 15.8811 1.14286 1 1892.49 0
168.094 2097.03 50.5733 70.9268 68.1802 -1.96969 -6.58064 -1.07106 16.875 13.125 13.125 15.8807 1.28571 1 1889.32 0
168.25 2096.82 50.2455 69.8793 68.0072 -2.16771 -6.61809 -1.0514 15 13.125 13.125 15.8801 1.14286 1 1884.69 0
168.406 2096.77 49.8847 68.8339 67.8398 -2.4201 -6.52691 -1.01992 15 13.125 13.125 15.88 1.14286 1 1891.73 0
168.562 2096.83 49.4897 67.8024 67.6838 -2.58871 -6.53824 -0.929793 15 13.125 13.125 15.8801 1.14286 1 1916.23 0
168.719 2096.73 49.0761 66.7729 67.5469 -2.63673 -6.43802 -0.74424 15 15 13.125 15.8799 1.14286 1 1895.13 0
168.875 2096.51 48.6552 65.7517 67.4354 -2.65853 -6.4259 -0.6103 13.125 13.125 13.125 15.8794 1 1 1886.92 0
169.031 2095.76 48.2323 64.74 67.3507 -2.62765 -6.3189 -0.45809 15 15 13.125 15.8774 1.14286 1 1893.8 0
169.188 2095.03 47.8302 63.7406 67.2843 -2.44587 -6.26676 -0.310778 15 13.125 13.125 15.8756 1.14286 1 1939.08 0
169.344 2094.36 47.4701 62.755 67.2494 -2.07507 -6.15805 -0.123389 15 15 13.125 15.8739 1.14286 1 1897.02 0
169.5 2093.56 47.1663 61.7768 67.2406 -1.71408 -6.06131 0.0529917 15 13.125 13.125 15.8719 1.14286 1 1898.87 0
169.656 2092.84 46.9237 60.8144 67.2611 -1.28336 -6.09586 0.183087 13.125 15 13.125 15.8701 1.14286 1 1902.27 0
169.812 2091.91 46.7482 59.8401 67.2944 -0.887744 -6.04758 0.297028 13.125 13.125 13.125 15.8677 1 1 1889.78 0
169.969 2091.39 46.6307 58.8834 67.3454 -0.55669 -5.98173 0.39324 13.125 15 13.125 15.8664 1.14286 1 1899.77 0
170.125 2089.72 46.5721 57.9271 67.4141 -0.222421 -5.92826 0.496785 13.125 15 13.125 15.8622 1.14286 1 1898.94 0
170.281 2088.79 46.5558 56.9846 67.4951 0.0740902 -5.90449 0.574011 13.125 15 13.125 15.8598 1.14286 1 1899.33 0
170.438 2088.38 46.5858 56.0456 67.5897 0.295526 -5.83315 0.606306 13.125 15 13.125 15.8588 1.14286 1 1893.6 0
170.594 2087.73 46.6476 55.1182 67.6848 0.512281 -5.84684 0.558794 13.125 15 13.125 15.8572 1.14286 1 1902.25 0
170.75 2087.82 46.7402 54.183 67.7727 0.674379 -5.85099 0.515292 13.125 15 13.125 15.8574 1.14286 1 1880.34 0
170.906 2087.97 46.8574 53.2569 67.8593 0.764718 -5.83093 0.550897 13.125 15 13.125 15.8578 1.14286 1 1895.99 0
171.062 2088.14 46.9763 52.3342 67.9505 0.725153 -5.72991 0.502416 13.125 15 13.125 15.8582 1.14286 1 1875.51 0
171.219 2087.88 47.0938 51.4322 68.0331 0.671436 -5.60781 0.522492 13.125 15 13.125 15.8575 1.14286 1 1894.35 0
171.375 2087.54 47.1916 50.5452 68.1212 0.529596 -5.51909 0.565325 13.125 13.125 13.125 15.8567 1 1 1863.37 0
171.531 2087.57 47.2711 49.6831 68.2259 0.407999 -5.29577 0.666503 15 15 13.125 15.8567 1.14286 1 1864.78 0
171.688 2087.87 47.3204 48.8505 68.3477 0.205878 -5.21968 0.80126 15 13.125 11.25 15.8575 1.33333 1 1854.68 0
171.844 2087.71 47.3396 48.0375 68.4947 -0.0234397 -4.95419 0.999284 15 15 13.125 15.8571 1.14286 1 1870.1 0
172 2087.58 47.3245 47.2678 68.6727 -0.167093 -4.77049 1.11162 15 13.125 13.125 15.8568 1.14286 1 1871.41 0
172.156 2087.4 47.2841 46.517 68.853 -0.321584 -4.62446 1.09389 15 13.125 13.125 15.8563 1.14286 1 1910.32 0
172.312 2087.55 47.2352 45.7979 69.0354 -0.305907 -4.43655 1.08851 15 15 13.125 15.8567 1.14286 1 1879.49 0
172.469 2087.59 47.1744 45.1084 69.2164 -0.499457 -4.25445 1.04598 15 13.125 13.125 15.8568 1.14286 1 1882.07 0
172.625 2087.47 47.0937 44.4426 69.3912 -0.500345 -4.07054 1.03178 15 15 13.125 15.8565 1.14286 1 1880.39 0
172.781 2087.13 47.0132 43.8145 69.5647 -0.526813 -3.87009 1.0574 15 15 13.125 15.8556 1.14286 1 1853.07 0
172.938 2086.79 46.9225 43.2092 69.7415 -0.64144 -3.67587 1.08424 16.875 13.125 13.125 15.8548 1.28571 1 1875.84 0
173.094 2086.62 46.8021 42.6359 69.9085 -0.818501 -3.45013 0.871549 16.875 15 11.25 15.8543 1.5 1 1863.42 0
173.25 2086.49 46.6828 42.1053 70.0556 -0.650471 -3.25054 0.806513 15 15 11.25 15.854 1.33333 1 1880.23 0
173.406 2086.81 46.59 41.5901 70.1877 -0.505133 -3.30043 0.53314 15 15 11.25 15.8548 1.33333 1 1861.25 0
173.562 2086.57 46.5242 41.0637 70.2712 -0.351413 -3.27405 0.317312 15 13.125 11.25 15.8542 1.33333 1 1867.27 0
173.719 2086.64 46.4739 40.551 70.3247 -0.166781 -3.08404 0.23539 15 15 11.25 15.8544 1.33333 1 1893.32 0
173.875 2086.85 46.4565 40.0762 70.3735 -0.107358 -2.89999 0.134789 15 15 11.25 15.8549 1.33333 1 1898.69 0
174.031 2086.68 46.4302 39.6316 70.3924 -0.184322 -2.66454 -0.0671598 15 15 11.25 15.8545 1.33333 1 1893.52 0
174.188 2086.5 46.4061 39.2114 70.3792 -0.0685469 -2.54994 -0.285306 15 15 11.25 15.854 1.33333 1 1873.21 0
174.344 2086.65 46.3876 38.8214 70.3396 -0.206146 -2.25865 -0.392196 15 15 11.25 15.8544 1.33333 1 1895.25 0
174.5 2086.61 46.3538 38.4894 70.2877 -0.152963 -1.82663 -0.337163 15 15 11.25 15.8543 1.33333 1 1903.02 0
174.656 2086.86 46.3264 38.2259 70.2446 -0.259923 -1.44332 -0.340756 15 15 11.25 15.855 1.33333 1 1908.81 0
174.812 2086.89 46.2649 38.0205 70.1975 -0.539665 -1.08576 -0.427635 15 15 11.25 15.855 1.33333 1 1898.92 0
174.969 2086.69 46.1659 37.8622 70.1342 -0.725604 -0.843542 -0.523174 15 15 11.25 15.8545 1.33333 1 1872.19 0
175.125 2086.48 46.0492 37.7437 70.0631 -0.751011 -0.607557 -0.528957 15 15 11.25 15.854 1.33333 1 1861.59 0
175.281 2086.5 45.9206 37.6556 69.9925 -0.903868 -0.43403 -0.487822 15 15 11.25 15.854 1.33333 1 1877.77 0
175.438 2086.36 45.7656 37.6001 69.927 -1.0396 -0.195869 -0.422781 15 15 13.125 15.8537 1.14286 1 1872.7 0
175.594 2086.39 45.5943 37.5816 69.8735 -1.14239 -0.0109635 -0.413658 15 15 13.125 15.8538 1.14286 1 1880.48 0
175.75 2086.38 45.4027 37.5864 69.8193 -1.28464 0.0510295 -0.454209 15 15 13.125 15.8537 1.14286 1 1861.27 0
175.906 2086.22 45.191 37.5933 69.7588 -1.34567 -0.0165068 -0.439916 15 15 13.125 15.8533 1.14286 1 1845.23 0
176.062 2086.4 44.9723 37.5882 69.6989 -1.3641 -0.0031671 -0.458275 13.125 15 13.125 15.8538 1.14286 1 1853.21 0
176.219 2086.35 44.7458 37.5921 69.6452 -1.50405 0.0112907 -0.380779 15 15 13.125 15.8537 1.14286 1 1871.55 0
176.375 2086.18 44.4861 37.5913 69.5948 -1.82047 -0.0315556 -0.39855 15 15 13.125 15.8532 1.14286 1 1875.08 0
176.531 2085.86 44.1769 37.5822 69.5429 -2.08285 -0.051759 -0.367968 15 15 13.125 15.8524 1.14286 1 1861.5 0
176.688 2085.66 43.8375 37.5652 69.4973 -2.18793 -0.207358 -0.333919 15 15 13.125 15.8519 1.14286 1 1870.74 0
176.844 2085.3 43.4856 37.5173 69.455 -2.19987 -0.454069 -0.254181 15 15 13.125 15.851 1.14286 1 1849.47 0
177 2084.97 43.1337 37.4462 69.4445 -2.19071 -0.429718 0.0642792 13.125 13.125 13.125 15.8502 1 1 1848.88 0
177.156 2084.99 42.778 37.375 69.4702 -2.17813 -0.433744 0.136787 15 13.125 13.125 15.8502 1.14286 1 1861.4 0
177.312 2084.94 42.4217 37.3103 69.5051 -2.33448 -0.374566 0.191319 15 15 13.125 15.8501 1.14286 1 1868.06 0
177.469 2084.91 42.0331 37.2431 69.5467 -2.60513 -0.542035 0.152204 15 15 13.125 15.85 1.14286 1 1861.48 0
177.625 2084.7 41.6156 37.1498 69.5849 -2.64492 -0.605124 0.225157 15 15 13.125 15.8495 1.14286 1 1866.76 0
177.781 2084.57 41.1797 37.0583 69.6382 -2.81417 -0.4907 0.349162 13.125 15 13.125 15.8491 1.14286 1 1877.98 0
177.938 2084.65 40.7305 36.9841 69.7103 -2.817 -0.414757 0.391183 15 15 13.125 15.8494 1.14286 1 1872.84 0
178.094 2084.72 40.2768 36.922 69.7901 -2.87321 -0.382062 0.418257 15 15 11.25 15.8495 1.33333 1 1880.14 0
178.25 2084.75 39.8138 36.8663 69.8607 -2.91962 -0.302174 0.315421 15 15 11.25 15.8496 1.33333 1 1900.65 0
178.406 2084.69 39.3551 36.8254 69.9169 -2.71736 -0.178206 0.283417 16.875 15 11.25 15.8494 1.5 1 1876.1 0
178.562 2084.69 38.9321 36.8113 69.974 -2.57949 0.0422287 0.296041 15 15 11.25 15.8494 1.33333 1 1895.37 0
178.719 2084.76 38.5321 36.8311 70.0362 -2.42193 0.234224 0.395546 15 15 11.25 15.8496 1.33333 1 1887.08 0
178.875 2084.81 38.1627 36.8874 70.1074 -2.16845 0.528152 0.403644 15 15 11.25 15.8498 1.33333 1 1899.38 0
179.031 2084.81 37.8357 36.9872 70.1735 -1.92086 0.803307 0.239667 15 15 11.25 15.8498 1.33333 1 1855.44 0
179.188 2084.81 37.5428 37.14 70.2065 -1.6645 1.12061 0.0242579 15 15 11.25 15.8498 1.33333 1 1862.13 0
179.344 2084.78 37.2963 37.3427 70.2063 -1.32686 1.41208 -0.173728 15 16.875 11.25 15.8497 1.5 1 1864.63 0
179.5 2084.69 37.1163 37.5761 70.183 -0.784246 1.49738 -0.2798 15 15 11.25 15.8494 1.33333 1 1870.23 0
179.656 2084.63 37.0195 37.8342 70.1372 -0.289954 1.74203 -0.42274 15 15 11.25 15.8493 1.33333 1 1880.68 0
179.812 2084.46 37.0101 38.1253 70.0771 0.221103 1.93145 -0.498779 15 15 11.25 15.8489 1.33333 1 1875.04 0
179.969 2084.33 37.0734 38.4466 69.9946 0.651308 2.15129 -0.712518 15 15 11.25 15.8485 1.33333 1 1887.94 0
180.125 2084.24 37.1986 38.8006 69.8681 0.953848 2.31745 -0.968516 15 15 11.25 15.8483 1.33333 1 1880.32 0
180.281 2084.17 37.3721 39.1808 69.7066 1.25785 2.39807 -1.14884 13.125 15 13.125 15.8481 1.14286 1 1853.43 0
180.438 2084.22 37.5925 39.5649 69.5203 1.57459 2.42348 -1.30604 15 15 13.125 15.8483 1.14286 1 1858.99 0
180.594 2084.27 37.8668 39.9552 69.3007 1.96873 2.40845 -1.46905 15 15 13.125 15.8484 1.14286 1 1876.73 0
180.75 2084.27 38.1925 40.3311 69.0764 2.16762 2.28959 -1.41322 15 15 13.125 15.8484 1.14286 1 1874.89 0
180.906 2084.1 38.5499 40.6925 68.8533 2.36818 2.21314 -1.41898 15 15 13.125 15.8479 1.14286 1 1873.7 0
181.062 2083.94 38.9313 41.0412 68.6256 2.4409 2.06458 -1.40215 13.125 15 13.125 15.8476 1.14286 1 1872.9 0
181.219 2083.82 39.3225 41.3611 68.4075 2.43053 1.91242 -1.29802 13.125 15 15 15.8472 1.14286 1 1879.25 0
181.375 2083.87 39.7076 41.6566 68.2155 2.37004 1.73397 -1.1215 13.125 15 13.125 15.8474 1.14286 1 1884.46 0
181.531 2083.84 40.0773 41.9206 68.0479 2.22231 1.57224 -0.954536 15 15 13.125 15.8473 1.14286 1 1862.18 0
181.688 2083.71 40.4185 42.162 67.9138 2.00788 1.4835 -0.74288 15 15 13.125 15.847 1.14286 1 1887.1 0
181.844 2083.9 40.7282 42.3943 67.8137 1.86424 1.45845 -0.498834 13.125 15 13.125 15.8474 1.14286 1 1882.36 0
182 2084.21 41.0203 42.6211 67.753 1.76806 1.3713 -0.292369 13.125 15 13.125 15.8482 1.14286 1 1897.65 0
182.156 2084.14 41.2968 42.8356 67.7171 1.63151 1.27252 -0.135587 13.125 15 13.125 15.8481 1.14286 1 1898.63 0
182.312 2084.09 41.5507 43.0317 67.7115 1.49465 1.1444 0.083142 13.125 13.125 13.125 15.8479 1 1 1879.59 0
182.469 2084.11 41.7881 43.2102 67.7451 1.49685 1.04235 0.299695 15 13.125 13.125 15.848 1.14286 1 1881.52 0
182.625 2084.03 42.0267 43.3716 67.8162 1.47121 0.9279 0.532188 15 15 13.125 15.8478 1.14286 1 1868.02 0
182.781 2084.05 42.2492 43.5052 67.9211 1.28699 0.678709 0.711739 15 15 13.125 15.8478 1.14286 1 1878.77 0
182.938 2084.08 42.4401 43.5953 68.0566 1.10544 0.422271 0.862685 15 15 13.125 15.8479 1.14286 1 1869.46 0
183.094 2084.13 42.6083 43.6551 68.2094 0.93081 0.28337 0.922355 15 15 11.25 15.848 1.33333 1 1872.13 0
183.25 2084.22 42.7457 43.6848 68.3768 0.782302 0.0807472 1.04198 13.125 15 11.25 15.8483 1.33333 1 1871.07 0
183.406 2084.37 42.875 43.6885 68.5608 0.833306 -0.0498206 1.12118 13.125 15 13.125 15.8486 1.14286 1 1857.86 0
183.562 2084.41 43.0126 43.6694 68.7586 0.890171 -0.250821 1.19081 13.125 15 13.125 15.8487 1.14286 1 1863.05 0
183.719 2084.45 43.164 43.6064 68.9727 1.03076 -0.58683 1.33938 13.125 15 13.125 15.8488 1.14286 1 1876.16 0
183.875 2084.6 43.3426 43.49 69.2038 1.27588 -0.964024 1.44749 15 15 13.125 15.8492 1.14286 1 1849.53 0
184.031 2084.58 43.5605 43.307 69.4487 1.47911 -1.46409 1.44023 15 13.125 13.125 15.8492 1.14286 1 1873.71 0
184.188 2084.45 43.8174 43.0301 69.6876 1.82109 -2.13228 1.37693 15 13.125 13.125 15.8489 1.14286 1 1878.16 0
184.344 2084.78 44.131 42.6497 69.9099 2.223 -2.72405 1.19288 15 15 13.125 15.8497 1.14286 1 1893.46 0
184.5 2084.98 44.5015 42.1788 70.0992 2.44258 -3.37087 1.0468 15 15 11.25 15.8502 1.33333 1 1874.52 0
184.656 2085.11 44.8941 41.6014 70.2685 2.5154 -4.01402 0.86854 13.125 15 11.25 15.8505 1.33333 1 1859.63 0
184.812 2084.98 45.3163 40.9245 70.4014 2.86383 -4.53269 0.647261 15 13.125 11.25 15.8502 1.33333 1 1884.41 0
184.969 2085.16 45.7987 40.1665 70.4881 3.29099 -5.15779 0.280162 15 15 13.125 15.8506 1.14286 1 1885.55 0
185.125 2084.91 46.3339 39.3074 70.509 3.57193 -5.72629 -0.0981236 15 13.125 13.125 15.85 1.14286 1 1871.2 0
185.281 2084.91 46.9189 38.3694 70.4755 3.73738 -6.18728 -0.395799 13.125 15 15 15.85 1.14286 1 1860.7 0
185.438 2085.01 47.5249 37.3571 70.3802 3.92068 -6.61378 -0.850188 15 13.125 15 15.8503 1.14286 1 1875.09 0
185.594 2084.85 48.1503 36.2896 70.214 3.96269 -6.91906 -1.23862 15 15 15 15.8499 1 1 1876.54 0
185.75 2084.31 48.7778 35.1774 69.9823 3.90082 -7.1168 -1.57035 13.125 13.125 15 15.8485 1.14286 1 1875.92 0
185.906 2083.74 49.396 34.0459 69.7106 3.83412 -7.18802 -1.76041 15 13.125 13.125 15.847 1.14286 1 1888.58 0
186.062 2083.44 49.9965 32.9111 69.4127 3.75937 -7.10468 -1.87751 15 15 13.125 15.8463 1.14286 1 1856.16 0
186.219 2082.26 50.5923 31.7927 69.096 3.74151 -6.9937 -1.89548 13.125 13.125 13.125 15.8433 1 1 1887.11 0
186.375 2080.99 51.1794 30.7032 68.7879 3.67295 -6.7402 -1.82701 15 13.125 15 15.8401 1.14286 1 1877.22 0
186.531 2079.83 51.7587 29.6592 68.4965 3.66824 -6.40259 -1.68681 15 13.125 15 15.8371 1.14286 1 1857.28 0
186.688 2078.87 52.3429 28.6614 68.2286 3.66048 -6.1478 -1.49684 13.125 13.125 15 15.8347 1.14286 1 1874.37 0
186.844 2077.79 52.92 27.7134 67.9968 3.59652 -5.77303 -1.26329 15 13.125 13.125 15.832 1.14286 1 1855.82 0
187 2076.78 53.4806 26.8253 67.8028 3.48478 -5.35801 -1.01284 15 13.125 13.125 15.8294 1.14286 1 1877.29 0
187.156 2076.6 54.0286 26.002 67.6554 3.45505 -4.96888 -0.727854 13.125 13.125 13.125 15.8289 1 1 1906.41 0
187.312 2076.15 54.5774 25.2454 67.558 3.45249 -4.55368 -0.416219 13.125 15 13.125 15.8278 1.14286 1 1885.98 0
187.469 2075.74 55.1252 24.5479 67.5068 3.44678 -4.22573 -0.182391 15 13.125 13.125 15.8267 1.14286 1 1905.03 0
187.625 2075.45 55.6724 23.9031 67.4996 3.46594 -3.82581 0.159603 15 13.125 13.125 15.826 1.14286 1 1894 0
187.781 2074.84 56.2311 23.3183 67.5418 3.55685 -3.54438 0.378144 13.125 15 13.125 15.8244 1.14286 1 1882.18 0
187.938 2074.33 56.8012 22.7746 67.614 3.56688 -3.30851 0.522537 15 13.125 13.125 15.8232 1.14286 1 1882.69 0
188.094 2075.16 57.3672 22.2604 67.7123 3.57584 -3.11467 0.653053 15 13.125 13.125 15.8253 1.14286 1 1901.78 0
188.25 2075.76 57.9339 21.7783 67.8313 3.55206 -2.97933 0.755117 13.125 15 13.125 15.8268 1.14286 1 1872.72 0
188.406 2076.61 58.496 21.3116 67.9599 3.43545 -2.95068 0.753064 15 15 13.125 15.8289 1.14286 1 1871.2 0
188.562 2077.37 59.0357 20.842 68.0884 3.35521 -2.99827 0.730202 15 15 13.125 15.8309 1.14286 1 1867.79 0
188.719 2078.2 59.5632 20.3597 68.2036 3.29564 -3.05317 0.59325 15 15 11.25 15.833 1.33333 1 1870.62 0
188.875 2078.45 60.0858 19.8667 68.303 3.19488 -3.16935 0.527555 13.125 15 11.25 15.8336 1.33333 1 1875.68 0
189.031 2078.87 60.589 19.3479 68.3845 3.08944 -3.43908 0.392619 15 15 11.25 15.8347 1.33333 1 1887.34 0
189.188 2079.11 61.0724 18.783 68.4471 3.054 -3.69967 0.240989 15 15 11.25 15.8353 1.33333 1 1869.03 0
189.344 2079.21 61.5649 18.1694 68.4838 3.145 -4.04708 0.0718911 15 15 11.25 15.8356 1.33333 1 1882.46 0
189.5 2078.87 62.0683 17.5024 68.4926 3.14505 -4.38514 -0.0361412 15 15 11.25 15.8347 1.33333 1 1856.44 0
189.656 2078.54 62.5712 16.7753 68.4932 3.1683 -4.75755 -0.0963435 15 15 11.25 15.8339 1.33333 1 1874.39 0
189.812 2078.34 63.0707 15.9964 68.4864 3.17729 -5.09214 -0.122914 15 15 11.25 15.8333 1.33333 1 1887.81 0
189.969 2078.09 63.5803 15.1696 68.4644 3.15827 -5.31979 -0.164339 15 13.125 11.25 15.8327 1.33333 1 1845.6 0
190.125 2077.25 64.0766 14.3099 68.4562 2.97402 -5.41625 0.0612929 15 15 11.25 15.8306 1.33333 1 1898.51 0
190.281 2077.65 64.5453 13.4455 68.482 2.91547 -5.46959 0.207144 15 15 11.25 15.8316 1.33333 1 1876.08 0
190.438 2076.98 64.9969 12.5754 68.5356 2.7965 -5.39832 0.432234 15 15 11.25 15.8299 1.33333 1 1869.28 0
190.594 2076.54 65.4362 11.7137 68.6189 2.58714 -5.38409 0.595853 13.125 15 11.25 15.8288 1.33333 1 1851.24 0
190.75 2076.3 65.8316 10.8554 68.7379 2.29896 -5.32555 0.80603 13.125 15 11.25 15.8282 1.33333 1 1881.21 0
190.906 2076.47 66.1767 10.0167 68.8868 1.99089 -5.24731 0.976629 15 15 13.125 15.8286 1.14286 1 1868.65 0
191.062 2076.73 66.4674 9.19239 69.0665 1.64199 -5.08865 1.15596 15 15 13.125 15.8293 1.14286 1 1869.71 0
191.219 2076.92 66.7031 8.39391 69.2733 1.26081 -4.85381 1.36505 15 15 13.125 15.8297 1.14286 1 1881.47 0
191.375 2076.97 66.8884 7.65462 69.5123 1.06165 -4.4226 1.49994 15 15 13.125 15.8299 1.14286 1 1865.71 0
191.531 2076.92 67.03 6.97775 69.7632 0.561027 -3.90969 1.65041 15 15 13.125 15.8297 1.14286 1 1888.57 1
191.688 2076.77 67.0877 6.38631 70.0326 0.0384349 -3.49196 1.5074 15 15 13.125 15.8293 1.14286 1 1872.81 1
191.844 2076.43 67.0538 5.86175 70.2714 -0.631642 -2.98497 1.30981 15 15 11.25 15.8285 1.33333 1 1853 1
192 2075.85 66.9035 5.41712 70.488 -1.39394 -2.46817 1.24326 15 15 11.25 15.827 1.33333 1 1850.34 1
192.156 2075.29 66.6377 5.06077 70.6943 -2.10596 -1.86222 1.1041 15 15 11.25 15.8256 1.33333 1 1872.87 1
192.312 2074.54 66.2615 4.81174 70.866 -2.76042 -1.16618 0.855314 15 15 13.125 15.8237 1.14286 1 1885.27 1
192.469 2073.91 65.7755 4.66073 70.9895 -3.51889 -0.66736 0.45168 15 15 13.125 15.8221 1.14286 1 1874.53 1
192.625 2073.14 65.1589 4.58521 71.0434 -4.42211 -0.171884 -0.0461083 15 15 13.125 15.8201 1.14286 1 1864.9 1
192.781 2073.29 64.4013 4.59947 71.0146 -5.24526 0.39108 -0.476321 15 15 13.125 15.8205 1.14286 1 1862.68 1
192.938 2072.57 63.5174 4.69716 70.922 -6.08222 0.976281 -0.850268 13.125 15 11.25 15.8187 1.33333 1 1873.51 1
193.094 2073.03 62.508 4.88818 70.7748 -6.87413 1.59788 -1.18385 15 15 11.25 15.8198 1.33333 1 1881.95 1
193.25 2074.26 61.3684 5.17404 70.5631 -7.6338 2.07073 -1.52504 15 15 11.25 15.823 1.33333 1 1864.11 1
193.406 2073.8 60.1201 5.52972 70.2982 -8.30481 2.41936 -1.82697 13.125 13.125 11.25 15.8218 1.16667 1 1860.56 1
193.562 2072.95 58.7706 5.93334 69.9857 -8.91855 2.65058 -2.1102 15 15 13.125 15.8197 1.14286 1 1880.56 1
193.719 2071.48 57.329 6.36216 69.6251 -9.38641 2.75919 -2.38741 15 15 13.125 15.8159 1.14286 1 1881.76 1
193.875 2070.06 55.8246 6.79575 69.2266 -9.73494 2.72991 -2.54941 13.125 15 13.125 15.8123 1.14286 1 1898.72 1
194.031 2069.31 54.2788 7.22612 68.8064 -9.96099 2.69919 -2.65316 13.125 13.125 13.125 15.8104 1 1 1878.99 0
194.188 2069.38 52.6999 7.65009 68.3707 -10.1085 2.64532 -2.65655 13.125 13.125 15 15.8106 1.14286 1 1878.55 0
194.344 2069.36 51.105 8.0625 67.9386 -10.1459 2.56427 -2.60516 13.125 15 13.125 15.8105 1.14286 1 1896.83 0
194.5 2069.23 49.5093 8.4587 67.5202 -10.0745 2.45714 -2.48182 15 15 13.125 15.8102 1.14286 1 1875.69 0
194.656 2069.13 47.9295 8.8354 67.1245 -9.91404 2.32698 -2.26887 15 15 13.125 15.8099 1.14286 1 1873.94 0
194.812 2068.83 46.3793 9.19555 66.7721 -9.74157 2.20883 -1.97475 13.125 13.125 15 15.8092 1.14286 1 1884.05 0
194.969 2068.58 44.8552 9.53945 66.4719 -9.55181 2.12114 -1.63154 13.125 13.125 15 15.8085 1.14286 1 1870.16 0
195.125 2068.15 43.3644 9.86225 66.2291 -9.35195 1.99223 -1.21151 13.125 15 15 15.8074 1.14286 1 1883 0
195.281 2067.78 41.9116 10.1694 66.0547 -9.06835 1.92749 -0.832395 15 15 13.125 15.8065 1.14286 1 1845.53 0
195.438 2067.5 40.5025 10.4667 65.9474 -8.77791 1.84493 -0.444782 15 15 13.125 15.8058 1.14286 1 1867.99 0
195.594 2067.16 39.1382 10.7543 65.8974 -8.49319 1.79806 -0.0756597 13.125 15 13.125 15.8049 1.14286 1 1875.96 0
195.75 2067.05 37.821 11.0328 65.9059 -8.21108 1.7314 0.273982 13.125 13.125 13.125 15.8046 1 1 1871.89 0
195.906 2066.91 36.5516 11.3038 65.9751 -7.87377 1.67355 0.639611 15 13.125 13.125 15.8043 1.14286 1 1867.74 0
196.062 2066.47 35.3271 11.5702 66.0976 -7.58986 1.66384 0.915257 13.125 13.125 13.125 15.8031 1 1 1845.9 0
196.219 2066.32 34.1574 11.8304 66.2683 -7.24762 1.65907 1.23398 13.125 15 13.125 15.8028 1.14286 1 1856.82 0
196.375 2066.51 33.0477 12.0945 66.4966 -6.76252 1.70514 1.59847 15 15 15 15.8032 1 1 1845.86 0
196.531 2065.99 32.0059 12.3674 66.7769 -6.36133 1.75143 1.87988 13.125 15 13.125 15.8019 1.14286 1 1868.4 0
196.688 2065.25 31.0412 12.6419 67.1076 -5.78708 1.75344 2.17304 15 15 13.125 15.8 1.14286 1 1862.48 0
196.844 2065.39 30.1681 12.9261 67.4759 -5.18717 1.79504 2.39313 13.125 15 13.125 15.8004 1.14286 1 1860.56 0
197 2064.97 29.3949 13.209 67.8796 -4.42627 1.73109 2.6017 15 13.125 13.125 15.7993 1.14286 1 1847.31 0
197.156 2064.45 28.7477 13.4823 68.3176 -3.71625 1.7055 2.70549 15 15 11.25 15.798 1.33333 1 1857.31 0
197.312 2064.77 28.2037 13.766 68.7625 -3.06387 1.91384 2.61156 13.125 15 13.125 15.7988 1.14286 1 1875.02 0
197.469 2064.71 27.7591 14.0877 69.1802 -2.44948 2.15676 2.42961 15 15 13.125 15.7987 1.14286 1 1873.7 0
197.625 2064.87 27.4112 14.4425 69.5733 -1.82314 2.34611 2.36688 15 15 13.125 15.7991 1.14286 1 1870.81 0
197.781 2064.75 27.1704 14.807 69.976 -1.09383 2.23664 2.48208 15 15 13.125 15.7988 1.14286 1 1865.07 0
197.938 2065.03 27.043 15.163 70.3857 -0.447676 2.16461 2.35927 15 15 11.25 15.7995 1.33333 1 1868.69 0
198.094 2065.87 27.0121 15.5066 70.7618 0.0983603 2.20183 2.03152 15 15 13.125 15.8016 1.14286 1 1883.22 0
198.25 2066.76 27.0527 15.866 71.0747 0.441138 2.3286 1.67566 15 15 13.125 15.8039 1.14286 1 1854.67 0
198.406 2067.44 27.1434 16.2409 71.3327 0.700828 2.38317 1.34222 15 15 13.125 15.8056 1.14286 1 1872.65 0
198.562 2067.81 27.2687 16.6272 71.5384 0.939071 2.43774 1.05567 15 15 13.125 15.8066 1.14286 1 1861.16 0
198.719 2067.76 27.4279 17.0124 71.6991 1.11995 2.28278 0.751737 15 13.125 13.125 15.8064 1.14286 1 1859.89 0
198.875 2068.62 27.6115 17.3625 71.8061 1.10384 2.06305 0.420326 15 15 13.125 15.8086 1.14286 1 1863.39 0
199.031 2068.66 27.7753 17.6722 71.8724 0.876759 1.82492 0.242458 15 15 11.25 15.8087 1.33333 1 1861.18 0
199.188 2069.35 27.9024 17.9588 71.9076 0.645385 1.80993 0.072371 13.125 15 11.25 15.8105 1.33333 1 1857.27 0
199.344 2069.84 27.9885 18.248 71.9172 0.338955 1.81472 -0.059896 13.125 15 11.25 15.8117 1.33333 1 1855.71 0
199.5 2070.41 28.0172 18.5367 71.9113 -0.0901629 1.762 -0.15049 13.125 15 11.25 15.8132 1.33333 1 1856.93 0
199.656 2070.73 27.9847 18.8134 71.8962 -0.407095 1.64349 -0.192555 13.125 13.125 11.25 15.814 1.16667 1 1860.02 0
199.812 2070.23 27.8966 19.0611 71.8766 -0.819438 1.37058 -0.146231 13.125 15 11.25 15.8127 1.33333 1 1863.43 0
199.969 2069.82 27.7365 19.2461 71.8746 -1.27734 0.874961 -0.0306234 15 15 11.25 15.8117 1.33333 1 1855.68 0
200.125 2070.22 27.5164 19.3597 71.8819 -1.5271 0.461189 0.0222349 15 15 11.25 15.8127 1.33333 1 1858.24 0
200.281 2070.11 27.2719 19.4029 71.9005 -1.63327 0.00821784 0.0877112 15 15 11.25 15.8124 1.33333 1 1868.91 0
200.438 2069.44 27.0013 19.3839 71.9245 -1.87241 -0.285331 0.0691288 15 15 11.25 15.8107 1.33333 1 1856.19 0
200.594 2068.6 26.7031 19.3135 71.9484 -1.88055 -0.692537 0.101212 15 15 11.25 15.8086 1.33333 1 1861.7 0
200.75 2068.06 26.4045 19.1662 71.9721 -1.88367 -1.2494 0.0467287 15 15 11.25 15.8072 1.33333 1 1837.99 0
200.906 2067.84 26.1206 18.9204 71.9855 -1.59057 -1.94643 -0.0302767 15 15 11.25 15.8066 1.33333 1 1845.39 0
201.062 2067.64 25.8981 18.5771 71.9853 -1.07033 -2.34826 -0.134667 15 15 11.25 15.8061 1.33333 1 1839.57 0
201.219 2067.15 25.7691 18.1756 71.9656 -0.40042 -2.69843 -0.201749 15 15 11.25 15.8049 1.33333 1 1854.71 0
201.375 2066.95 25.7573 17.7165 71.94 0.364009 -3.16428 -0.253297 15 15 11.25 15.8044 1.33333 1 1848.61 0
201.531 2066.92 25.8632 17.1768 71.8924 1.0982 -3.65683 -0.553154 15 15 11.25 15.8043 1.33333 1 1861.87 0
201.688 2066.39 26.0873 16.5644 71.7838 1.91792 -4.00009 -0.897542 13.125 15 11.25 15.8029 1.33333 1 1841.95 0
201.844 2065.86 26.4495 15.9038 71.6241 2.73762 -4.34539 -1.21374 15 15 13.125 15.8016 1.14286 1 1855.74 0
202 2065.63 26.9294 15.1875 71.4062 3.43818 -4.76631 -1.61694 15 15 13.125 15.801 1.14286 1 1847.98 0
202.156 2066.44 27.513 14.3952 71.1151 4.03097 -5.21428 -2.08024 15 15 13.125 15.8031 1.14286 1 1871.82 0
202.312 2065.82 28.1911 13.5508 70.753 4.64804 -5.48097 -2.43287 13.125 15 13.125 15.8015 1.14286 1 1843.1 0
202.469 2066.02 28.9542 12.6571 70.3421 5.03013 -5.75227 -2.6775 15 15 11.25 15.802 1.33333 1 1854.07 0
202.625 2066.05 29.7683 11.7319 69.8923 5.29515 -5.96583 -2.80852 13.125 15 13.125 15.8021 1.14286 1 1883.95 0
202.781 2065.85 30.6073 10.768 69.4357 5.34246 -6.17468 -2.7974 15 15 13.125 15.8016 1.14286 1 1870.3 0
202.938 2066.04 31.4504 9.78384 68.9905 5.30598 -6.31145 -2.67789 13.125 13.125 13.125 15.802 1 1 1846.28 0
203.094 2066.07 32.2813 8.76176 68.5637 5.14837 -6.55181 -2.47088 13.125 15 15 15.8021 1.14286 1 1848.83 0
203.25 2065.44 33.0862 7.71298 68.177 4.95276 -6.74256 -2.2197 13.125 13.125 15 15.8005 1.14286 1 1868.27 0
203.406 2065.09 33.8555 6.63694 67.8349 4.73656 -6.85931 -1.95062 13.125 15 13.125 15.7996 1.14286 1 1875.09 1
203.562 2064.43 34.5885 5.55055 67.5331 4.47089 -6.86452 -1.65601 15 13.125 13.125 15.798 1.14286 1 1864.07 1
203.719 2063.84 35.2837 4.46794 67.2862 4.22928 -6.76711 -1.29051 13.125 15 13.125 15.7964 1.14286 1 1887.07 1
203.875 2063.16 35.9394 3.40481 67.1063 3.95639 -6.62866 -0.839828 13.125 13.125 13.125 15.7947 1 1 1889.52 1
204.031 2063.25 36.5468 2.36731 67.0021 3.62132 -6.4912 -0.423365 15 13.125 13.125 15.7949 1.14286 1 1861.06 1
204.188 2064.1 37.1041 1.34955 66.9605 3.39154 -6.2737 -0.0173963 13.125 13.125 13.125 15.7971 1 1 1864.47 1
204.344 2064.51 37.6292 0.379525 66.9843 3.16599 -5.97513 0.336977 13.125 13.125 13.125 15.7982 1 1 1871.99 1
204.5 2064.44 38.1174 119.464 67.0673 2.91519 -5.477 0.812147 15 15 13.125 15.798 1.14286 1 1869.5 1
204.656 2065.04 38.5567 118.626 67.2166 2.56687 -5.07783 0.99658 15 15 13.125 15.7995 1.14286 1 1866.61 1
204.812 2066.28 38.9518 117.846 67.3931 2.39222 -4.62963 1.17056 13.125 13.125 13.125 15.8027 1 1 1873.88 1
204.969 2067.28 39.3236 117.151 67.5922 2.28251 -4.01838 1.31065 13.125 15 13.125 15.8052 1.14286 1 1884.32 1
205.125 2067.91 39.6802 116.563 67.8229 2.12765 -3.28897 1.48391 13.125 15 13.125 15.8068 1.14286 1 1851.95 1
205.281 2067.63 40.0117 116.09 68.0831 1.99415 -2.45205 1.66539 15 13.125 13.125 15.8061 1.14286 1 1842.68 1
205.438 2068.05 40.3227 115.765 68.3736 1.96508 -1.41893 1.81146 15 15 11.25 15.8072 1.33333 1 1865.89 1
205.594 2068.88 40.6387 115.601 68.675 2.02666 -0.537296 1.6948 15 15 13.125 15.8093 1.14286 1 1855.61 1
205.75 2069.57 40.9659 115.564 68.9497 2.07565 0.208052 1.539 15 15 13.125 15.811 1.14286 1 1873.77 1
205.906 2070.24 41.299 115.648 69.1935 2.12666 1.02727 1.36701 13.125 15 13.125 15.8127 1.14286 1 1856.24 1
206.062 2071.1 41.6427 115.868 69.4117 2.14175 1.88978 1.19803 15 15 13.125 15.8149 1.14286 1 1870.33 1
206.219 2071.69 41.9836 116.224 69.6009 2.15122 2.73966 1.01067 15 15 13.125 15.8164 1.14286 1 1856.75 1
206.375 2072.53 42.3261 116.721 69.7469 2.23139 3.61095 0.667048 15 15 13.125 15.8186 1.14286 1 1878.02 1
206.531 2073.16 42.6897 117.35 69.8329 2.3978 4.42264 0.307636 15 15 13.125 15.8202 1.14286 1 1888.48 1
206.688 2072.89 43.0725 118.093 69.8647 2.35212 4.98076 -0.0194708 13.125 13.125 13.125 15.8195 1 1 1852.49 1
206.844 2072.2 43.4391 118.925 69.8405 2.23031 5.45464 -0.345623 15 15 13.125 15.8177 1.14286 1 1866.02 1
207 2071.78 43.7828 119.807 69.7727 2.07521 5.66634 -0.538614 15 13.125 13.125 15.8167 1.14286 1 1868.5 1
207.156 2072.02 44.0984 0.719896 69.672 1.90181 5.7657 -0.803189 15 15 13.125 15.8173 1.14286 1 1888.71 1
207.312 2071.19 44.3861 1.63122 69.5315 1.66296 5.71329 -0.930419 15 13.125 13.125 15.8152 1.14286 1 1884.59 1
207.469 2070.15 44.6222 2.53392 69.3779 1.22148 5.57721 -1.00251 15 15 13.125 15.8125 1.14286 1 1860.54 1
207.625 2069.38 44.79 3.41179 69.2158 0.808929 5.45855 -1.04782 15 13.125 13.125 15.8106 1.14286 1 1862.29 1
207.781 2068.96 44.8901 4.26963 69.0377 0.359123 5.19197 -1.17522 15 15 13.125 15.8095 1.14286 1 1865.03 1
207.938 2069.24 44.9141 5.07899 68.8458 -0.12329 5.03357 -1.26369 15 15 13.125 15.8102 1.14286 1 1843.59 1
208.094 2069.05 44.8625 5.87398 68.6517 -0.62784 4.80327 -1.17421 15 15 13.125 15.8097 1.14286 1 1839.95 1
208.25 2069.22 44.7281 6.60855 68.4739 -1.17173 4.39586 -1.05779 15 15 11.25 15.8102 1.33333 1 1860.14 1
208.406 2069.37 44.5165 7.30161 68.3078 -1.56657 4.18787 -1.03877 15 13.125 11.25 15.8105 1.33333 1 1832.78 0
208.562 2069.25 44.24 7.94368 68.1566 -2.00875 3.76204 -0.934394 15 15 13.125 15.8102 1.14286 1 1876.82 0
208.719 2069 43.8915 8.52088 68.0134 -2.44861 3.44165 -0.847441 15 15 13.125 15.8096 1.14286 1 1871.42 0
208.875 2068.67 43.4774 9.05348 67.8982 -2.83257 3.17247 -0.675714 15 15 13.125 15.8087 1.14286 1 1870.8 0
209.031 2068.45 43.0109 9.53758 67.802 -3.04988 2.78232 -0.590407 13.125 15 13.125 15.8082 1.14286 1 1862.84 0
209.188 2068.54 42.5038 9.9636 67.7162 -3.33503 2.5344 -0.536144 15 15 13.125 15.8084 1.14286 1 1853.74 0
209.344 2068.4 41.9569 10.357 67.6346 -3.62688 2.39599 -0.598165 15 15 13.125 15.8081 1.14286 1 1865.48 0
209.5 2068.04 41.3714 10.7317 67.5626 -3.73002 2.28163 -0.384476 13.125 15 13.125 15.8072 1.14286 1 1861.67 0
209.656 2068.04 40.7739 11.0778 67.5162 -3.82151 2.05149 -0.240132 15 15 13.125 15.8071 1.14286 1 1880.65 0
209.812 2067.91 40.1567 11.4024 67.494 -3.95238 1.96063 -0.0887583 15 15 13.125 15.8068 1.14286 1 1868.36 0
209.969 2067.89 39.5259 11.7089 67.4957 -3.98395 1.8679 0.001701 13.125 15 13.125 15.8068 1.14286 1 1873.77 0
210.125 2068.15 38.8927 12.0121 67.5039 -3.94142 1.93696 0.0724695 15 15 13.125 15.8074 1.14286 1 1874.23 0
210.281 2068.29 38.2855 12.327 67.5305 -3.65312 2.0504 0.218514 15 15 13.125 15.8078 1.14286 1 1888.21 0
210.438 2068.44 37.7169 12.6677 67.579 -3.48897 2.26467 0.300644 13.125 15 13.125 15.8082 1.14286 1 1882.91 0
210.594 2068.43 37.1787 13.0389 67.6417 -3.20794 2.38544 0.438738 13.125 13.125 13.125 15.8081 1 1 1847.39 0
210.75 2068.2 36.6804 13.4379 67.7242 -3.05864 2.60647 0.542443 15 15 13.125 15.8075 1.14286 1 1879.01 0
210.906 2068.12 36.2028 13.8693 67.8336 -2.90185 2.78982 0.734585 15 15 13.125 15.8074 1.14286 1 1863.63 0
211.062 2067.91 35.7648 14.3284 67.984 -2.56096 3.1171 1.06199 13.125 15 13.125 15.8068 1.14286 1 1886.46 0
211.219 2068.49 35.3741 14.8564 68.1745 -2.30164 3.49716 1.15802 13.125 13.125 13.125 15.8083 1 1 1844.98 0
211.375 2068.17 35.0248 15.4286 68.3814 -2.02101 3.68906 1.27388 15 15 11.25 15.8075 1.33333 1 1854.98 0
211.531 2068.94 34.7222 16.0382 68.6006 -1.78425 4.0441 1.35409 15 15 13.125 15.8094 1.14286 1 1866.13 0
211.688 2069.74 34.4544 16.7049 68.8336 -1.5628 4.39536 1.4131 15 15 13.125 15.8115 1.14286 1 1861.04 0
211.844 2070.37 34.2225 17.4281 69.0717 -1.28497 4.73649 1.43335 15 15 13.125 15.8131 1.14286 1 1872.05 0
212 2071.38 34.0325 18.1973 69.3066 -1.07271 5.02521 1.4201 15 15 13.125 15.8156 1.14286 1 1870.35 0
212.156 2072.28 33.873 19.0175 69.5507 -0.913754 5.23869 1.57978 15 13.125 13.125 15.8179 1.14286 1 1851.62 0
212.312 2072.82 33.7451 19.8618 69.8186 -0.632929 5.48177 1.66628 13.125 15 13.125 15.8193 1.14286 1 1898.84 0
212.469 2073.67 33.6613 20.7462 70.0928 -0.434201 5.61517 1.59658 15 13.125 11.25 15.8215 1.33333 1 1859.71 0
212.625 2073.89 33.6024 21.6394 70.361 -0.313249 5.65989 1.60611 15 15 11.25 15.822 1.33333 1 1890.91 0
212.781 2074.33 33.5548 22.5404 70.6308 -0.278861 5.70249 1.5882 15 13.125 13.125 15.8232 1.14286 1 1859.27 0
212.938 2074.8 33.5159 23.4472 70.8935 -0.24197 5.72539 1.60076 15 15 13.125 15.8244 1.14286 1 1865.82 0
213.094 2075.5 33.4817 24.3484 71.1659 -0.185924 5.573 1.72254 15 13.125 13.125 15.8261 1.14286 1 1870.91 0
213.25 2075.94 33.4505 25.2172 71.4552 -0.203289 5.31812 1.75479 15 15 13.125 15.8272 1.14286 1 1866.4 0
213.406 2076.56 33.4236 26.0366 71.7405 -0.10029 4.90352 1.75787 15 15 13.125 15.8288 1.14286 1 1879.22 0
213.562 2076.98 33.4146 26.7922 72.0247 0.0356194 4.50285 1.60298 15 15 11.25 15.8299 1.33333 1 1883.8 0
213.719 2077.83 33.4256 27.4847 72.2764 0.0952939 4.19339 1.37932 15 15 11.25 15.8321 1.33333 1 1878.94 0
213.875 2078.28 33.445 28.129 72.4984 0.130915 3.79466 1.24205 15 13.125 11.25 15.8332 1.33333 1 1869.48 0
214.031 2078.83 33.4677 28.6997 72.7086 0.124355 3.24769 1.31278 15 15 13.125 15.8346 1.14286 1 1889.89 0
214.188 2079.89 33.4773 29.1868 72.9304 -0.0599304 2.85052 1.26041 15 15 13.125 15.8373 1.14286 1 1887.99 0
214.344 2079.86 33.4635 29.6128 73.136 -0.0436802 2.32003 1.22938 15 15 13.125 15.8372 1.14286 1 1860.52 0
214.5 2080.45 33.4591 29.9416 73.344 0.037139 1.66959 1.2493 15 16.875 13.125 15.8387 1.28571 1 1855.24 0
214.656 2081.17 33.4672 30.1674 73.5537 0.0843478 1.02608 1.20782 15 15 11.25 15.8405 1.33333 1 1833.46 0
214.812 2081.77 33.4806 30.2929 73.7396 0.0621497 0.464422 0.910935 15 15 11.25 15.842 1.33333 1 1856.09 0
214.969 2081.58 33.482 30.3303 73.8788 -0.064439 -0.0834068 0.615306 15 15 11.25 15.8416 1.33333 1 1862.7 0
215.125 2082.04 33.4654 30.2889 73.9679 -0.175806 -0.517618 0.290052 15 15 11.25 15.8427 1.33333 1 1861.02 0
215.281 2081.43 33.4358 30.1644 74.014 -0.223654 -1.12742 0.143866 15 16.875 11.25 15.8412 1.5 1 1860.88 0
215.438 2081.56 33.3922 29.944 74.0423 -0.384394 -1.65254 0.0502756 15 15 11.25 15.8415 1.33333 1 1862.93 0
215.594 2080.96 33.3226 29.6472 74.0525 -0.517153 -2.10415 -0.0920103 15 15 11.25 15.84 1.33333 1 1879.4 0
215.75 2080.72 33.2308 29.2796 74.0417 -0.699615 -2.60616 -0.137727 15 15 11.25 15.8394 1.33333 1 1869.77 0
215.906 2080.33 33.1059 28.8291 74.0246 -0.971643 -3.0885 -0.237463 15 15 11.25 15.8384 1.33333 1 1858.68 0
216.062 2079.32 32.9276 28.3113 73.9876 -1.33774 -3.4066 -0.318088 15 15 11.25 15.8358 1.33333 1 1852.73 0
216.219 2079.29 32.6979 27.7515 73.9376 -1.63286 -3.61137 -0.37568 15 15 11.25 15.8358 1.33333 1 1879.65 0
216.375 2078.59 32.4163 27.1579 73.8764 -1.98797 -3.91722 -0.543238 15 15 11.25 15.834 1.33333 1 1869.06 0
216.531 2077.48 32.0903 26.5182 73.781 -2.09617 -4.10242 -0.727341 15 13.125 13.125 15.8312 1.14286 1 1880.14 0
216.688 2076.83 31.7484 25.8494 73.6605 -2.20349 -4.2695 -0.799416 13.125 15 13.125 15.8295 1.14286 1 1853.28 0
216.844 2076.62 31.3868 25.1567 73.5325 -2.32729 -4.48172 -0.855825 15 15 13.125 15.829 1.14286 1 1877.73 0
217 2075.73 31.0107 24.4318 73.4039 -2.48863 -4.67164 -0.825217 15 13.125 13.125 15.8267 1.14286 1 1898.76 0
217.156 2075.42 30.6123 23.6756 73.2649 -2.53186 -4.80723 -0.93885 15 15 13.125 15.8259 1.14286 1 1895.37 0
217.312 2074.97 30.2054 22.9068 73.1158 -2.60384 -4.88107 -0.923944 13.125 15 13.125 15.8248 1.14286 1 1888.86 0
217.469 2074.46 29.7876 22.1273 72.9703 -2.64297 -4.90202 -0.95707 13.125 15 13.125 15.8235 1.14286 1 1877.78 0
217.625 2073.4 29.3696 21.3528 72.8115 -2.60523 -4.8617 -0.992472 15 15 13.125 15.8208 1.14286 1 1884.52 0
217.781 2072.43 28.9545 20.5715 72.6423 -2.68726 -4.93889 -1.15489 15 13.125 13.125 15.8183 1.14286 1 1869.14 0
217.938 2071.37 28.5194 19.7857 72.4548 -2.85406 -4.99424 -1.25579 15 15 13.125 15.8156 1.14286 1 1876.43 0
218.094 2070.85 28.0569 18.9802 72.2373 -2.96854 -5.17963 -1.43238 13.125 13.125 11.25 15.8143 1.16667 1 1848.15 0
218.25 2070.05 27.5724 18.1426 71.9956 -3.13702 -5.36043 -1.6078 15 15 11.25 15.8123 1.33333 1 1869.78 0
218.406 2069.04 27.0623 17.2769 71.725 -3.40503 -5.62559 -1.82211 15 15 13.125 15.8097 1.14286 1 1882.67 0
218.562 2067.87 26.5141 16.367 71.4195 -3.51481 -5.85443 -1.9522 15 15 13.125 15.8067 1.14286 1 1858.39 0
218.719 2066.96 25.9444 15.4132 71.0941 -3.64996 -6.21979 -2.1297 15 15 13.125 15.8044 1.14286 1 1842.72 0
218.875 2066.1 25.3624 14.3966 70.7392 -3.71581 -6.5598 -2.30676 15 15 13.125 15.8022 1.14286 1 1886.43 0
219.031 2065.74 24.7675 13.3372 70.3547 -3.79364 -6.83151 -2.41764 15 13.125 11.25 15.8013 1.33333 1 1859.49 0
219.188 2064.78 24.1565 12.2401 69.9655 -3.84585 -6.98523 -2.3368 15 15 13.125 15.7988 1.14286 1 1842.78 0
219.344 2064.41 23.5439 11.1133 69.6002 -3.89211 -7.25068 -2.19588 15 13.125 13.125 15.7979 1.14286 1 1888.22 0
219.5 2064.34 22.9223 9.95079 69.2547 -3.96383 -7.39455 -2.00704 15 13.125 13.125 15.7977 1.14286 1 1865.67 0
219.656 2064.42 22.2841 8.76123 68.9405 -4.03313 -7.55635 -1.87607 15 15 13.125 15.7979 1.14286 1 1862.32 0
219.812 2064.43 21.6444 7.55658 68.6542 -4.06965 -7.63547 -1.6413 15 13.125 13.125 15.7979 1.14286 1 1865.68 0
219.969 2064.33 21.0028 6.34459 68.3956 -4.06322 -7.62002 -1.4883 15 15 13.125 15.7977 1.14286 1 1844.32 1
220.125 2063.95 20.3555 5.13575 68.1649 -4.01695 -7.60032 -1.28591 15 15 13.125 15.7967 1.14286 1 1842.95 1
220.281 2063.25 19.7159 3.93085 67.9704 -4.06286 -7.56465 -1.0914 15 13.125 13.125 15.7949 1.14286 1 1874.82 1
220.438 2063.09 19.0722 2.73319 67.8082 -4.03671 -7.49915 -0.792032 15 15 13.125 15.7945 1.14286 1 1883.36 1
220.594 2063.87 18.4289 1.5435 67.7039 -3.99978 -7.45545 -0.484782 15 13.125 13.125 15.7965 1.14286 1 1875.66 1
220.75 2063.85 17.7946 0.373225 67.6401 -3.98876 -7.30121 -0.280908 15 13.125 13.125 15.7965 1.14286 1 1875.42 1
220.906 2064.39 17.1676 119.221 67.6103 -3.91273 -7.20262 -0.0271177 15 15 13.125 15.7978 1.14286 1 1866.3 1
221.062 2064.86 16.5439 118.083 67.6176 -3.88704 -7.09145 0.117665 15 13.125 13.125 15.799 1.14286 1 1876.78 1
221.219 2065.71 15.9236 116.971 67.6484 -3.9011 -6.85959 0.2841 15 15 13.125 15.8012 1.14286 1 1882.47 1
221.375 2065.11 15.3045 115.896 67.7048 -3.88754 -6.61381 0.453771 15 15 13.125 15.7997 1.14286 1 1855.95 1
221.531 2064.86 14.69 114.867 67.7914 -3.7684 -6.36509 0.575098 15 15 13.125 15.7991 1.14286 1 1851.45 1
221.688 2064.66 14.0927 113.867 67.891 -3.76412 -6.12628 0.581094 15 15 13.125 15.7985 1.14286 1 1861.09 1
221.844 2064.61 13.4982 112.921 67.9954 -3.73819 -5.79088 0.668448 15 15 13.125 15.7984 1.14286 1 1870.85 1
222 2064.4 12.9133 112.02 68.1116 -3.56358 -5.44311 0.808029 13.125 15 13.125 15.7979 1.14286 1 1845.8 0
222.156 2064.1 12.3592 111.185 68.2591 -3.38851 -5.03817 0.957446 15 15 13.125 15.7971 1.14286 1 1855.05 0
222.312 2063.83 11.8358 110.413 68.4346 -3.20039 -4.51363 1.1699 15 15 11.25 15.7964 1.33333 1 1851.77 0
222.469 2063.72 11.3328 109.725 68.6384 -3.02994 -4.08624 1.24916 13.125 15 13.125 15.7961 1.14286 1 1869.4 0
222.625 2063.64 10.8658 109.098 68.8539 -2.76668 -3.73765 1.315 15 15 13.125 15.7959 1.14286 1 1835.89 0
222.781 2063.7 10.4434 108.531 69.0759 -2.47808 -3.31544 1.34696 15 15 13.125 15.7961 1.14286 1 1864.47 0
222.938 2063.64 10.0733 108.033 69.3084 -2.11294 -2.81789 1.39209 15 15 13.125 15.7959 1.14286 1 1876.47 0
223.094 2063.74 9.76113 107.627 69.5458 -1.70375 -2.21648 1.44607 15 15 13.125 15.7962 1.14286 1 1864.9 0
223.25 2063.56 9.51431 107.311 69.7729 -1.26536 -1.70059 1.24911 13.125 15 13.125 15.7957 1.14286 1 1860.77 0
223.406 2063.58 9.35039 107.069 69.9659 -0.689933 -1.28278 0.898489 13.125 15 11.25 15.7958 1.33333 1 1838.04 0
223.562 2063.52 9.27011 106.895 70.0969 -0.218458 -0.82375 0.531566 13.125 15 11.25 15.7956 1.33333 1 1843.06 0
223.719 2063.35 9.26615 106.792 70.1705 0.238847 -0.412713 0.225341 13.125 13.125 11.25 15.7952 1.16667 1 1849.4 0
223.875 2063.04 9.33394 106.754 70.197 0.697464 -0.0131534 -0.0646729 13.125 13.125 11.25 15.7944 1.16667 1 1830.07 0
224.031 2062.93 9.47172 106.778 70.179 1.12704 0.37108 -0.325327 13.125 13.125 11.25 15.7941 1.16667 1 1808.68 0
224.188 2063.07 9.67458 106.865 70.1178 1.49069 0.724479 -0.566464 13.125 13.125 11.25 15.7945 1.16667 1 1835.1 0
224.344 2062.98 9.93287 107.002 70.0243 1.8282 1.03427 -0.697752 15 13.125 13.125 15.7942 1.14286 1 1849.29 0
224.5 2062.92 10.2443 107.184 69.912 2.18718 1.37441 -0.702346 15 15 13.125 15.7941 1.14286 1 1853.88 0
224.656 2063.19 10.6101 107.425 69.8062 2.46229 1.59874 -0.718925 15 15 13.125 15.7948 1.14286 1 1865.62 0
224.812 2063.12 11.0161 107.689 69.6925 2.7397 1.72534 -0.720544 13.125 15 13.125 15.7946 1.14286 1 1870.31 0
224.969 2063.27 11.4692 107.969 69.5839 2.94357 1.78609 -0.724143 13.125 15 13.125 15.795 1.14286 1 1880.35 0
225.125 2063.46 11.9424 108.255 69.4654 3.02199 1.82203 -0.743072 15 15 13.125 15.7955 1.14286 1 1875.21 0
225.281 2063.52 12.4212 108.551 69.3549 3.06971 1.91149 -0.640196 15 13.125 13.125 15.7956 1.14286 1 1885.61 0
225.438 2063.72 12.9093 108.861 69.2599 3.06312 1.971 -0.57953 13.125 13.125 13.125 15.7961 1 1 1849.23 0
225.594 2063.88 13.3894 109.181 69.1746 2.92909 2.05577 -0.47875 15 15 13.125 15.7965 1.14286 1 1886.88 0
225.75 2063.98 13.8402 109.508 69.1054 2.68693 2.05619 -0.346422 15 15 13.125 15.7968 1.14286 1 1856.49 0
225.906 2064.27 14.2465 109.83 69.0658 2.40343 1.93743 -0.200914 15 15 13.125 15.7975 1.14286 1 1867.89 0
226.062 2064.47 14.6132 110.127 69.046 2.12534 1.77765 -0.0629086 15 15 13.125 15.7981 1.14286 1 1866.76 0
226.219 2064.6 14.9307 110.399 69.0495 1.7286 1.57794 0.0295317 13.125 15 13.125 15.7984 1.14286 1 1841.44 0
226.375 2064.76 15.1791 110.636 69.0699 1.27654 1.3516 0.110308 15 13.125 13.125 15.7988 1.14286 1 1847.12 0
226.531 2064.99 15.3546 110.84 69.0951 0.815319 1.13586 0.125512 15 15 13.125 15.7994 1.14286 1 1872.46 0
226.688 2065.09 15.4564 111.008 69.1214 0.365001 0.91012 0.0905772 15 15 13.125 15.7996 1.14286 1 1869.11 0
226.844 2065.3 15.4976 111.143 69.1467 0.0614637 0.72175 0.0543294 15 15 13.125 15.8002 1.14286 1 1866.73 0
227 2065.56 15.4923 111.247 69.1613 -0.218063 0.523197 0.0084369 15 15 13.125 15.8008 1.14286 1 1849.56 0
227.156 2065.64 15.4464 111.317 69.173 -0.414559 0.273069 0.00771957 15 15 13.125 15.801 1.14286 1 1846.05 0
227.312 2065.71 15.3671 111.344 69.1907 -0.688819 0.0331232 0.0372596 15 15 13.125 15.8012 1.14286 1 1839.82 0
227.469 2065.55 15.2407 111.331 69.2103 -0.913695 -0.230861 0.110635 15 15 13.125 15.8008 1.14286 1 1838.41 0
227.625 2065.56 15.0858 111.269 69.2428 -1.02517 -0.62769 0.143517 16.875 15 13.125 15.8008 1.28571 1 1826.17 0
227.781 2065.34 14.9172 111.143 69.2837 -1.11073 -0.99694 0.206148 16.875 15 13.125 15.8003 1.28571 1 1840.22 0
227.938 2065.09 14.732 110.959 69.3339 -1.20416 -1.32737 0.285902 15 15 13.125 15.7996 1.14286 1 1842.08 0
228.094 2065.04 14.5369 110.734 69.3959 -1.1729 -1.50877 0.308433 15 15 13.125 15.7995 1.14286 1 1834.4 0
228.25 2065.1 14.3548 110.475 69.4633 -1.1221 -1.76078 0.281781 15 15 13.125 15.7997 1.14286 1 1825.36 0
228.406 2064.8 14.1657 110.17 69.5121 -1.27144 -2.06157 0.155782 15 15 13.125 15.7989 1.14286 1 1839.72 0
228.562 2064.57 13.9557 109.816 69.5481 -1.39626 -2.40447 0.11229 15 15 13.125 15.7983 1.14286 1 1840.14 0
228.719 2064.53 13.731 109.427 69.5799 -1.38454 -2.53526 0.114419 15 15 13.125 15.7982 1.14286 1 1854.34 0
228.875 2064.24 13.5219 109.013 69.6132 -1.2307 -2.59677 0.267788 15 15 13.125 15.7975 1.14286 1 1873.8 0
229.031 2064.23 13.3329 108.593 69.6713 -1.08524 -2.60108 0.3434 15 13.125 13.125 15.7974 1.14286 1 1860.23 0
229.188 2064.01 13.1652 108.173 69.7406 -0.992992 -2.64743 0.353776 13.125 15 13.125 15.7969 1.14286 1 1847.49 0
229.344 2063.57 13.0183 107.753 69.815 -0.792363 -2.62754 0.470051 13.125 15 13.125 15.7958 1.14286 1 1856.91 0
229.5 2063.27 12.9047 107.332 69.9132 -0.611807 -2.65276 0.652928 13.125 15 13.125 15.795 1.14286 1 1865.72 0
229.656 2062.98 12.8082 106.91 70.0359 -0.531506 -2.5225 0.807366 13.125 13.125 13.125 15.7942 1 1 1853.91 0
229.812 2062.61 12.7452 106.518 70.1991 -0.230236 -2.36947 1.0947 15 15 11.25 15.7933 1.33333 1 1840.66 0
229.969 2062.79 12.7154 106.143 70.3914 -0.142366 -2.35549 1.1367 15 15 11.25 15.7938 1.33333 1 1853.52 0
230.125 2063.06 12.6887 105.773 70.5872 -0.242759 -2.2983 1.13144 15 15 13.125 15.7945 1.14286 1 1851.12 0
230.281 2063.25 12.6412 105.418 70.7773 -0.382065 -2.14664 1.1204 15 15 13.125 15.7949 1.14286 1 1856.58 0
230.438 2063.2 12.5755 105.089 70.9629 -0.426549 -1.91389 1.07391 15 13.125 13.125 15.7948 1.14286 1 1848.2 0
230.594 2063.23 12.5002 104.8 71.1492 -0.504461 -1.65951 1.15985 15 13.125 13.125 15.7949 1.14286 1 1838.92 0
230.75 2063.16 12.4217 104.541 71.3462 -0.459851 -1.55248 1.16599 15 15 13.125 15.7947 1.14286 1 1866.69 0
230.906 2063.08 12.3469 104.298 71.5393 -0.444367 -1.4825 1.09389 15 15 13.125 15.7945 1.14286 1 1842.69 0
231.062 2063.05 12.2764 104.072 71.7156 -0.47127 -1.33676 0.958455 15 15 11.25 15.7944 1.33333 1 1847.04 0
231.219 2062.89 12.1948 103.861 71.868 -0.543022 -1.27918 0.849636 15 15 11.25 15.794 1.33333 1 1876.67 0
231.375 2062.94 12.1045 103.659 72.0076 -0.61001 -1.20746 0.747249 15 15 11.25 15.7941 1.33333 1 1879.27 0
231.531 2062.97 12.0003 103.466 72.135 -0.721193 -1.16024 0.680584 15 15 11.25 15.7942 1.33333 1 1870.13 0
231.688 2062.96 11.882 103.28 72.252 -0.788677 -1.17596 0.66058 15 16.875 11.25 15.7942 1.5 1 1836.66 0
231.844 2062.88 11.753 103.078 72.3691 -0.821948 -1.38362 0.666763 15 15 11.25 15.794 1.33333 1 1838.32 0
232 2062.9 11.6195 102.833 72.4868 -0.865734 -1.76482 0.618222 15 15 11.25 15.794 1.33333 1 1839.93 0
232.156 2062.77 11.4794 102.525 72.5905 -0.85878 -2.10918 0.531033 15 15 11.25 15.7937 1.33333 1 1854.01 0
232.312 2062.85 11.3461 102.167 72.6811 -0.799905 -2.45045 0.435037 13.125 15 11.25 15.7939 1.33333 1 1837.4 0
232.469 2062.68 11.2182 101.746 72.7642 -0.800882 -2.85329 0.451767 13.125 15 11.25 15.7935 1.33333 1 1825.91 0
232.625 2062.76 11.0926 101.26 72.8439 -0.770743 -3.28913 0.399519 15 16.875 13.125 15.7937 1.28571 1 1838.19 0
232.781 2062.77 10.9673 100.694 72.9142 -0.812173 -3.90694 0.243898 15 15 13.125 15.7937 1.14286 1 1863.77 0
232.938 2062.84 10.8233 100.023 72.9442 -0.978469 -4.66053 -0.143993 15 15 13.125 15.7939 1.14286 1 1835.53 0
233.094 2062.86 10.6667 99.2369 72.9146 -1.01904 -5.34533 -0.36576 15 15 13.125 15.7939 1.14286 1 1850.69 0
233.25 2062.95 10.491 98.3378 72.8576 -1.24199 -5.99466 -0.470689 15 15 13.125 15.7942 1.14286 1 1865.35 0
233.406 2062.94 10.2745 97.3564 72.7788 -1.50888 -6.45531 -0.667857 15 15 13.125 15.7941 1.14286 1 1856.53 0
233.562 2062.7 10.0269 96.2959 72.6722 -1.66071 -6.91429 -0.748873 15 15 13.125 15.7935 1.14286 1 1842.53 0
233.719 2062.04 9.75636 95.1629 72.5556 -1.77269 -7.36814 -0.819574 15 15 13.125 15.7919 1.14286 1 1845.28 0
233.875 2061.89 9.46217 93.9767 72.4263 -1.9219 -7.64675 -0.859471 16.875 13.125 13.125 15.7915 1.28571 1 1862.11 0
234.031 2061.03 9.14035 92.7467 72.2786 -2.12131 -7.80195 -0.963454 15 15 11.25 15.7893 1.33333 1 1837.33 0
234.188 2059.89 8.7868 91.5024 72.1241 -2.3543 -7.88465 -0.985428 15 13.125 13.125 15.7864 1.14286 1 1854.58 0
234.344 2058.98 8.39988 90.2586 71.9615 -2.61407 -7.82016 -1.05469 15 13.125 13.125 15.784 1.14286 1 1858.11 0
234.5 2058.07 7.97063 89.0323 71.7855 -2.8695 -7.67111 -1.09063 15 15 13.125 15.7817 1.14286 1 1857.87 0
234.656 2056.94 7.49526 87.83 71.6113 -3.1171 -7.46728 -1.05023 13.125 13.125 13.125 15.7788 1 1 1846.09 0
234.812 2055.85 6.98092 86.6634 71.4473 -3.31844 -7.25278 -1.02169 15 13.125 13.125 15.776 1.14286 1 1865.83 1
234.969 2055.37 6.44363 85.5343 71.2861 -3.51723 -6.94726 -0.945703 15 15 13.125 15.7748 1.14286 1 1869.22 1
235.125 2054.32 5.87831 84.4571 71.1523 -3.64861 -6.6474 -0.728921 13.125 13.125 13.125 15.7721 1 1 1848.09 1
235.281 2053.32 5.28694 83.428 71.0413 -3.81646 -6.29785 -0.637616 15 15 13.125 15.7696 1.14286 1 1866.09 1
235.438 2052.51 4.67856 82.4573 70.951 -3.86558 -5.93049 -0.514636 15 13.125 13.125 15.7675 1.14286 1 1877.33 1
235.594 2051.8 4.0594 81.5417 70.879 -3.94693 -5.57026 -0.372291 15 15 13.125 15.7657 1.14286 1 1847.87 1
235.75 2052.48 3.42334 80.6837 70.8246 -4.05116 -5.20941 -0.300628 15 13.125 13.125 15.7674 1.14286 1 1850.09 1
235.906 2052.45 2.78696 79.8875 70.7881 -3.96771 -4.77999 -0.0975761 15 15 13.125 15.7673 1.14286 1 1855.03 1
236.062 2052.74 2.16184 79.1565 70.7831 -3.93175 -4.4365 -0.0151589 13.125 13.125 13.125 15.7681 1 1 1841.05 1
236.219 2052.4 1.53444 78.4654 70.7905 -3.92207 -4.20324 0.0496348 13.125 15 13.125 15.7672 1.14286 1 1874.09 1
236.375 2051.68 0.924255 77.8225 70.815 -3.68801 -3.84996 0.331355 15 15 13.125 15.7653 1.14286 1 1848.56 1
236.531 2051.78 0.354976 77.2281 70.8796 -3.4697 -3.61163 0.448367 13.125 15 13.125 15.7656 1.14286 1 1851.72 1
236.688 2051.52 119.814 76.6624 70.9646 -3.27572 -3.42874 0.574207 13.125 15 13.125 15.765 1.14286 1 1859.29 1
236.844 2052.52 119.306 76.1216 71.0609 -3.07287 -3.32741 0.599993 15 15 13.125 15.7675 1.14286 1 1847.38 1
237 2051.6 118.839 75.6129 71.1655 -2.75097 -3.05353 0.661939 15 15 13.125 15.7652 1.14286 1 1852.46 1
237.156 2051.51 118.417 75.1361 71.2866 -2.56858 -2.90538 0.742711 13.125 13.125 13.125 15.7649 1 1 1839.85 1
237.312 2052.06 118.021 74.6804 71.4013 -2.36144 -2.75729 0.591381 13.125 15 13.125 15.7663 1.14286 1 1847.71 1
237.469 2051.14 117.661 74.2521 71.5014 -2.09179 -2.58937 0.573985 15 15 13.125 15.764 1.14286 1 1840.22 1
237.625 2051.03 117.343 73.8488 71.5928 -1.8988 -2.4905 0.396373 15 15 13.125 15.7637 1.14286 1 1827.12 1
237.781 2051.03 117.043 73.4537 71.6477 -1.82758 -2.39349 0.27324 15 15 13.125 15.7637 1.14286 1 1855.76 1
237.938 2050.56 116.763 73.0773 71.693 -1.67858 -2.30942 0.189957 15 13.125 13.125 15.7625 1.14286 1 1845.65 1
238.094 2051.25 116.497 72.6924 71.7133 -1.61559 -2.53027 -0.131609 13.125 15 13.125 15.7642 1.14286 1 1864.84 1
238.25 2050.25 116.244 72.3116 71.728 -1.54304 -2.25482 0.228782 13.125 15 13.125 15.7617 1.14286 1 1847.14 1
238.406 2050.34 115.998 71.9562 71.7772 -1.47845 -2.24265 0.305443 13.125 15 13.125 15.7619 1.14286 1 1840.44 1
238.562 2050.07 115.769 71.5867 71.8397 -1.35279 -2.41438 0.344562 15 15 11.25 15.7612 1.33333 1 1847.87 1
238.719 2049.98 115.56 71.1913 71.8957 -1.26442 -2.58938 0.176401 15 15 11.25 15.761 1.33333 1 1853.66 1
238.875 2049.78 115.366 70.7617 71.9306 -1.11959 -2.74595 0.178796 15 15 11.25 15.7605 1.33333 1 1844.87 1
239.031 2049.58 115.2 70.3113 71.9769 -0.972507 -3.03343 0.17364 15 15 11.25 15.76 1.33333 1 1850.87 1
239.188 2048.78 115.062 69.8121 72.0052 -0.762286 -3.28561 0.0180054 15 15 11.25 15.7579 1.33333 1 1860.29 1
239.344 2048 114.949 69.2693 72.0102 -0.603978 -3.51658 -0.118943 15 13.125 11.25 15.7559 1.33333 1 1849.96 1
239.5 2048.2 114.866 68.7047 72.0169 -0.395843 -3.6573 -0.0175543 15 15 11.25 15.7564 1.33333 1 1856.77 1
239.656 2047.81 114.814 68.0945 72.0172 -0.210113 -4.10442 -0.107985 15 15 11.25 15.7554 1.33333 1 1859.13 1
239.812 2047.59 114.795 67.4096 72.0088 0.100973 -4.45937 -0.0907036 15 13.125 11.25 15.7549 1.33333 1 1831.5 1
239.969 2047.25 114.825 66.6804 72.0142 0.249543 -4.78165 0.0263018 15 15 11.25 15.754 1.33333 1 1843.83 1
240.125 2047.8 114.876 65.8937 72.0281 0.509177 -5.13098 0.0668952 15 13.125 11.25 15.7554 1.33333 1 1846.15 1
240.281 2046.97 114.985 65.0719 72.0598 0.838963 -5.1982 0.249714 15 15 11.25 15.7533 1.33333 1 1835.98 1
240.438 2047.87 115.133 64.2309 72.1076 1.11268 -5.43718 0.207335 15 15 11.25 15.7556 1.33333 1 1839.31 1
240.594 2047.73 115.334 63.3688 72.156 1.46525 -5.34147 0.368481 15 13.125 11.25 15.7552 1.33333 1 1844.82 1
240.75 2047.9 115.591 62.5195 72.2221 1.78851 -5.33091 0.359739 15 15 11.25 15.7557 1.33333 1 1840.56 1
240.906 2047.43 115.894 61.6762 72.2943 2.06161 -5.24259 0.44153 15 13.125 13.125 15.7545 1.14286 1 1843.43 1
241.062 2046.37 116.252 60.8501 72.3699 2.41786 -5.11035 0.438795 13.125 15 13.125 15.7517 1.14286 1 1833.24 1
241.219 2046.72 116.665 60.0416 72.4487 2.83056 -5.00378 0.4844 15 13.125 13.125 15.7526 1.14286 1 1844.84 1
241.375 2046.06 117.132 59.2587 72.5446 3.06818 -4.82151 0.588249 15 15 13.125 15.7509 1.14286 1 1850.83 1
241.531 2046.64 117.638 58.4966 72.6329 3.40615 -4.79138 0.407953 15 15 13.125 15.7524 1.14286 1 1826.33 1
241.688 2046 118.205 57.7257 72.6895 3.72109 -4.78398 0.200439 13.125 15 13.125 15.7508 1.14286 1 1842.28 1
241.844 2046.22 118.82 56.9702 72.7176 4.02801 -4.71059 0.0521741 15 15 13.125 15.7513 1.14286 1 1861.21 1
242 2045.55 119.459 56.228 72.7259 4.05046 -4.59284 0.03767 15 13.125 13.125 15.7496 1.14286 1 1846.07 1
242.156 2045.26 0.0969804 55.5044 72.7355 3.9701 -4.4824 -0.00849304 13.125 15 13.125 15.7489 1.14286 1 1849.83 1
242.312 2045.93 0.727147 54.8001 72.7419 3.93907 -4.40529 -0.00500624 15 15 13.125 15.7506 1.14286 1 1861.09 1
242.469 2044.86 1.33162 54.1025 72.7483 3.65669 -4.2725 0.0960255 15 15 13.125 15.7479 1.14286 1 1850.6 1
242.625 2043.99 1.89766 53.4352 72.7726 3.39453 -4.14822 0.133451 13.125 15 13.125 15.7456 1.14286 1 1847.06 1
242.781 2044.8 2.42567 52.78 72.8053 3.16858 -4.09752 0.187713 15 15 13.125 15.7477 1.14286 1 1823.96 1
242.938 2043.81 2.90506 52.1305 72.8406 2.83075 -3.9798 0.199483 15 15 13.125 15.7452 1.14286 1 1853.14 1
243.094 2044.23 3.32819 51.4972 72.879 2.37026 -3.96465 0.164557 15 15 13.125 15.7462 1.14286 1 1842.17 1
243.25 2044.83 3.68361 50.8698 72.9105 2.00585 -3.93412 0.11319 13.125 15 13.125 15.7478 1.14286 1 1835.78 1
243.406 2044.86 3.9806 50.2439 72.9264 1.54177 -3.71927 0.0908849 13.125 15 13.125 15.7479 1.14286 1 1835.3 1
243.562 2044.51 4.1884 49.6645 72.9618 0.94026 -3.59621 0.25061 15 15 13.125 15.747 1.14286 1 1841.65 1
243.719 2045.03 4.29709 49.0914 73.0066 0.265099 -3.57141 0.191933 15 15 13.125 15.7483 1.14286 1 1831.45 1
243.875 2044.69 4.29925 48.5191 73.0397 -0.303929 -3.56421 0.104475 15 15 13.125 15.7474 1.14286 1 1842.3 1
244.031 2044.46 4.22465 47.9483 73.0594 -0.6997 -3.56329 0.0577565 15 15 13.125 15.7468 1.14286 1 1862.4 1
244.188 2043.47 4.0897 47.387 73.0819 -1.09772 -3.50646 0.108676 13.125 15 13.125 15.7443 1.14286 1 1834.1 1
244.344 2042.68 3.87729 46.833 73.1129 -1.6698 -3.3379 0.194639 13.125 13.125 13.125 15.7423 1 1 1844.74 1
244.5 2042.88 3.57819 46.3034 73.1436 -2.11341 -3.31967 0.0842944 13.125 15 13.125 15.7428 1.14286 1 1847.04 1
244.656 2042.14 3.21793 45.7753 73.1566 -2.48601 -3.28303 -0.0536463 15 15 13.125 15.7409 1.14286 1 1847.24 1
244.812 2041.73 2.79989 45.2517 73.137 -2.7918 -3.3093 -0.255742 15 15 13.125 15.7398 1.14286 1 1837.76 1
244.969 2041.14 2.34175 44.7207 73.1002 -3.02094 -3.30355 -0.293574 15 15 13.125 15.7383 1.14286 1 1825.24 1
245.125 2041.49 1.84449 44.1965 73.0497 -3.26674 -3.30339 -0.502947 13.125 15 13.125 15.7392 1.14286 1 1859.19 1
245.281 2040.65 1.30687 43.6703 72.9565 -3.45492 -3.30022 -0.666079 15 15 13.125 15.737 1.14286 1 1842.25 1
245.438 2041.07 0.746151 43.1414 72.8454 -3.68967 -3.30645 -0.783686 15 13.125 13.125 15.7381 1.14286 1 1827.8 1
245.594 2040.69 0.144245 42.6188 72.7168 -3.90852 -3.20743 -0.902061 13.125 15 13.125 15.7372 1.14286 1 1836.33 1
245.75 2040.33 119.499 42.116 72.5594 -4.16825 -3.07897 -1.06844 15 15 13.125 15.7362 1.14286 1 1854.17 1
245.906 2040.51 118.832 41.6289 72.3839 -4.29122 -3.0484 -1.21268 15 15 11.25 15.7367 1.33333 1 1839.46 1
246.062 2039.73 118.135 41.1448 72.1882 -4.49573 -3.00538 -1.31788 13.125 13.125 11.25 15.7347 1.16667 1 1849.54 1
246.219 2038.54 117.411 40.6717 71.9791 -4.59343 -2.83612 -1.2863 15 15 11.25 15.7316 1.33333 1 1828.05 1
246.375 2037.73 116.671 40.2365 71.7836 -4.81385 -2.63692 -1.238 15 15 13.125 15.7295 1.14286 1 1837.1 1
246.531 2036.74 115.902 39.8405 71.6076 -4.87608 -2.31106 -1.04997 15 15 13.125 15.727 1.14286 1 1829.91 1
246.688 2035.96 115.118 39.498 71.4557 -5.04229 -1.86473 -0.837106 15 15 13.125 15.725 1.14286 1 1846.89 1
246.844 2035.13 114.31 39.2284 71.3431 -5.05088 -1.41049 -0.578891 13.125 13.125 13.125 15.7228 1 1 1812.75 1
247 2035.34 113.5 39.0341 71.2688 -5.13848 -0.904953 -0.406209 15 15 13.125 15.7234 1.14286 1 1844 1
247.156 2035.35 112.684 38.9376 71.2222 -5.09489 -0.170281 -0.214232 13.125 15 13.125 15.7234 1.14286 1 1838.43 0
247.312 2035.42 111.878 38.9431 71.2005 -4.99704 0.280415 -0.120739 15 15 13.125 15.7236 1.14286 1 1853.4 0
247.469 2035.11 111.096 39.0249 71.1958 -4.82605 0.865279 -0.00992612 15 15 13.125 15.7228 1.14286 1 1838.76 0
247.625 2034.79 110.342 39.2029 71.204 -4.5957 1.41397 0.0713214 13.125 13.125 13.125 15.722 1 1 1837.01 0
247.781 2034.58 109.622 39.4724 71.2265 -4.40218 2.01972 0.142068 15 13.125 13.125 15.7214 1.14286 1 1851.75 0
247.938 2034.69 108.949 39.8304 71.2616 -4.01213 2.60879 0.199973 13.125 15 13.125 15.7217 1.14286 1 1836.88 0
248.094 2034.35 108.337 40.2916 71.2957 -3.5775 3.24225 0.211097 13.125 15 13.125 15.7208 1.14286 1 1839.04 0
248.25 2034.17 107.795 40.8435 71.3297 -3.21226 3.75689 0.165579 15 15 13.125 15.7204 1.14286 1 1832.79 0
248.406 2033.98 107.308 41.4716 71.3605 -2.86436 4.14145 0.125454 15 13.125 13.125 15.7199 1.14286 1 1851.93 0
248.562 2033.84 106.879 42.1579 71.3766 -2.45803 4.53357 0.0624795 13.125 15 13.125 15.7195 1.14286 1 1852.8 0
248.719 2033.74 106.512 42.899 71.3814 -2.12301 4.76572 -0.0726271 13.125 13.125 13.125 15.7193 1 1 1836.64 0
248.875 2034.05 106.19 43.667 71.3624 -1.83862 4.85328 -0.175361 15 13.125 13.125 15.7201 1.14286 1 1840.46 0
249.031 2034.36 105.926 44.4471 71.3293 -1.45641 4.99675 -0.311996 15 13.125 13.125 15.7209 1.14286 1 1824.51 0
249.188 2034.56 105.72 45.2511 71.2603 -1.09172 5.07944 -0.557563 15 13.125 13.125 15.7214 1.14286 1 1853.67 0
249.344 2034.58 105.573 46.061 71.1733 -0.723039 5.12579 -0.552298 15 15 13.125 15.7214 1.14286 1 1859.16 0
249.5 2034.47 105.49 46.874 71.0792 -0.222581 5.05249 -0.612316 15 13.125 13.125 15.7212 1.14286 1 1848.99 0
249.656 2034.37 105.475 47.6607 70.9838 0.0136442 4.86869 -0.584496 15 13.125 13.125 15.7209 1.14286 1 1839.34 0
249.812 2034.37 105.487 48.4347 70.8878 0.186989 4.83745 -0.590382 15 13.125 13.125 15.7209 1.14286 1 1870.28 0
249.969 2034.36 105.541 49.1835 70.8033 0.481573 4.54678 -0.439546 15 13.125 13.125 15.7209 1.14286 1 1842.64 0
250.125 2034.57 105.631 49.9005 70.7321 0.67276 4.41195 -0.432163 15 15 13.125 15.7214 1.14286 1 1844.61 0
250.281 2034.31 105.754 50.5812 70.6697 0.936103 4.07902 -0.317771 15 13.125 13.125 15.7207 1.14286 1 1849.91 0
250.438 2034.66 105.915 51.2122 70.6284 1.08235 3.86975 -0.210485 15 13.125 13.125 15.7216 1.14286 1 1820.29 0
250.594 2034.75 106.093 51.8195 70.6058 1.10474 3.73875 -0.0584135 15 13.125 13.125 15.7219 1.14286 1 1819.5 0
250.75 2034.98 106.268 52.3978 70.6079 1.06387 3.51216 0.0724429 15 13.125 13.125 15.7224 1.14286 1 1834.17 0
250.906 2035.24 106.443 52.9421 70.6287 1.11172 3.37221 0.160586 13.125 13.125 13.125 15.7231 1 1 1842.97 0
251.062 2035.06 106.619 53.4702 70.6651 1.01051 3.29091 0.284219 13.125 15 13.125 15.7227 1.14286 1 1805.63 0
251.219 2034.84 106.78 53.9837 70.7192 0.981414 3.09457 0.369554 13.125 13.125 13.125 15.7221 1 1 1812.43 0
251.375 2034.44 106.948 54.4613 70.7979 1.16235 2.9317 0.584309 13.125 13.125 13.125 15.7211 1 1 1861.23 0
251.531 2034.43 107.139 54.9181 70.9017 1.20308 2.84053 0.712717 15 15 13.125 15.721 1.14286 1 1860.52 0
251.688 2034.46 107.325 55.3689 71.0227 1.1699 2.78645 0.737886 15 15 13.125 15.7211 1.14286 1 1841.52 0
251.844 2034.3 107.514 55.8109 71.1473 1.19696 2.77382 0.793809 15 15 13.125 15.7207 1.14286 1 1825.48 0
252 2034.76 107.713 56.2518 71.2812 1.31015 2.78282 0.858092 15 13.125 13.125 15.7219 1.14286 1 1848.6 0
252.156 2035.95 107.925 56.6979 71.4239 1.39455 2.79259 0.814703 15 15 13.125 15.725 1.14286 1 1834.54 0
252.312 2037.18 108.157 57.1408 71.5522 1.58404 2.78062 0.746452 15 15 13.125 15.7281 1.14286 1 1823.89 0
252.469 2038.21 108.419 57.5838 71.6787 1.73876 2.75199 0.727789 13.125 15 13.125 15.7308 1.14286 1 1851.84 0
252.625 2038.7 108.694 58.0106 71.7917 1.65289 2.55907 0.586765 13.125 13.125 13.125 15.732 1 1 1833.66 0
252.781 2039.26 108.959 58.4173 71.8881 1.67623 2.51268 0.519331 13.125 15 13.125 15.7335 1.14286 1 1808.53 0
252.938 2039.85 109.229 58.8138 71.9747 1.67917 2.47294 0.435976 15 15 11.25 15.735 1.33333 1 1829.18 0
253.094 2040.23 109.499 59.2005 72.0472 1.77974 2.41815 0.320196 15 15 11.25 15.736 1.33333 1 1832.81 0
253.25 2040.84 109.79 59.5869 72.0992 1.89107 2.3572 0.263517 15 15 11.25 15.7375 1.33333 1 1822.48 0
253.406 2041.34 110.091 59.9596 72.146 1.90004 2.29956 0.191662 15 13.125 11.25 15.7388 1.33333 1 1827.87 0
253.562 2041.5 110.391 60.3274 72.1816 1.88904 2.31714 0.12001 13.125 15 11.25 15.7392 1.33333 1 1839.83 0
253.719 2041.82 110.692 60.6974 72.2021 1.78389 2.33113 0.0248133 13.125 15 11.25 15.7401 1.33333 1 1842.34 0
253.875 2042.77 110.969 61.067 72.2016 1.63695 2.35435 -0.193653 15 15 11.25 15.7425 1.33333 1 1838.92 0
254.031 2043.4 111.223 61.4513 72.1713 1.51552 2.46333 -0.283067 15 15 11.25 15.7441 1.33333 1 1851.17 0
254.188 2043.23 111.444 61.8461 72.1315 1.22787 2.47315 -0.292252 15 13.125 11.25 15.7437 1.33333 1 1846.95 0
254.344 2043.99 111.624 62.251 72.0813 0.998776 2.59366 -0.488444 15 15 11.25 15.7456 1.33333 1 1846.04 0
254.5 2044.66 111.774 62.6736 71.9933 0.86824 2.77467 -0.769114 15 15 11.25 15.7473 1.33333 1 1847.23 0
254.656 2044.51 111.897 63.1232 71.8698 0.636025 2.91829 -0.842888 15 15 11.25 15.747 1.33333 1 1864.94 0
254.812 2044.65 111.999 63.601 71.7337 0.602672 3.08776 -0.96781 15 13.125 13.125 15.7473 1.14286 1 1831.92 0
254.969 2045.14 112.095 64.1112 71.5796 0.531368 3.37152 -1.09703 15 15 13.125 15.7486 1.14286 1 1831.16 0
255.125 2044.71 112.152 64.6643 71.4082 0.108895 3.65718 -1.10593 15 15 13.125 15.7475 1.14286 1 1849.8 0
255.281 2045.22 112.16 65.2698 71.2319 -0.0630853 3.97974 -1.14715 15 15 13.125 15.7488 1.14286 1 1839.82 0
255.438 2045.24 112.144 65.9217 71.0565 -0.181943 4.16118 -1.19955 15 15 13.125 15.7488 1.14286 1 1846.08 0
255.594 2045.58 112.107 66.5983 70.8591 -0.304743 4.36791 -1.30099 15 15 13.125 15.7497 1.14286 1 1830.35 0
255.75 2045.79 112.054 67.3077 70.6551 -0.363903 4.5086 -1.30579 15 13.125 13.125 15.7503 1.14286 1 1839.4 0
255.906 2045.76 112.009 68.0342 70.4558 -0.164951 4.58788 -1.22963 15 15 11.25 15.7502 1.33333 1 1830.48 0
256.062 2045.66 111.99 68.7715 70.2598 -0.0824637 4.69719 -1.1916 15 15 11.25 15.7499 1.33333 1 1844.4 0
256.219 2045.43 111.974 69.5181 70.085 -0.0942494 4.64696 -1.00621 15 13.125 13.125 15.7493 1.14286 1 1849.84 0
256.375 2045.62 111.963 70.2682 69.9347 -0.0488315 4.80123 -0.9131 15 15 13.125 15.7498 1.14286 1 1840.91 0
256.531 2045.71 111.957 71.0352 69.8012 0.0248355 4.75848 -0.727242 15 13.125 13.125 15.7501 1.14286 1 1865.08 0
256.688 2045.73 111.962 71.7933 69.696 0.024097 4.75505 -0.638487 15 15 13.125 15.7501 1.14286 1 1837.68 0
256.844 2045.94 111.972 72.5457 69.6072 0.150956 4.67676 -0.451045 15 15 13.125 15.7506 1.14286 1 1855.08 0
257 2046.11 112.001 73.2764 69.5489 0.237751 4.4414 -0.304484 15 13.125 13.125 15.7511 1.14286 1 1862.16 0
257.156 2046.22 112.045 73.9693 69.5148 0.334396 4.22126 -0.131714 15 15 13.125 15.7514 1.14286 1 1855.39 0
257.312 2046.53 112.117 74.6247 69.5147 0.591239 3.98624 0.0761261 15 13.125 13.125 15.7522 1.14286 1 1851.08 0
257.469 2046.7 112.217 75.2383 69.5393 0.691779 3.65661 0.214332 13.125 13.125 13.125 15.7526 1 1 1833.74 0
257.625 2046.76 112.336 75.802 69.5934 0.829995 3.43325 0.435575 13.125 15 13.125 15.7527 1.14286 1 1858.99 0
257.781 2046.81 112.479 76.3326 69.6832 0.972714 3.17496 0.610641 13.125 15 13.125 15.7529 1.14286 1 1846.98 0
257.938 2046.78 112.64 76.8126 69.7965 1.04277 2.79093 0.7201 13.125 13.125 13.125 15.7528 1 1 1844.86 0
258.094 2046.85 112.815 77.2421 69.9214 1.16634 2.55271 0.698292 13.125 13.125 13.125 15.753 1 1 1828.14 0
258.25 2046.87 113.005 77.6162 70.0517 1.22333 2.06292 0.83601 15 15 13.125 15.753 1.14286 1 1829.95 1
258.406 2047.04 113.208 77.9132 70.2061 1.36663 1.66163 0.981115 15 15 13.125 15.7535 1.14286 1 1830.09 1
258.562 2047.29 113.439 78.1547 70.3854 1.53375 1.31715 1.1619 15 15 13.125 15.7541 1.14286 1 1853.74 1
258.719 2047.44 113.691 78.3396 70.5891 1.60508 0.888786 1.25756 15 15 13.125 15.7545 1.14286 1 1836.45 1
258.875 2047.63 113.956 78.4501 70.813 1.79021 0.419894 1.38399 13.125 13.125 13.125 15.755 1 1 1829.57 1
259.031 2047.4 114.253 78.4824 71.0473 1.98567 -0.109366 1.41954 13.125 13.125 13.125 15.7544 1 1 1820.43 1
259.188 2047.5 114.576 78.429 71.2915 2.01971 -0.6027 1.55881 13.125 13.125 13.125 15.7546 1 1 1839.79 1
259.344 2048.01 114.901 78.3035 71.5545 2.09941 -0.92671 1.57881 15 15 13.125 15.756 1.14286 1 1867.05 1
259.5 2047.7 115.247 78.1276 71.8173 2.27424 -1.35733 1.52858 15 15 13.125 15.7552 1.14286 1 1864.79 1
259.656 2048.95 115.626 77.88 72.073 2.56558 -1.86879 1.51299 15 15 11.25 15.7583 1.33333 1 1853.35 1
259.812 2049.15 116.044 77.5451 72.3305 2.71129 -2.36728 1.56571 15 15 11.25 15.7589 1.33333 1 1843.19 1
259.969 2049.84 116.49 77.1412 72.5901 2.94881 -2.73737 1.47637 13.125 15 13.125 15.7606 1.14286 1 1848.68 1
260.125 2050.64 116.98 76.6688 72.8302 3.23321 -3.2416 1.3945 15 15 13.125 15.7627 1.14286 1 1841.44 1
260.281 2051.36 117.513 76.1248 73.0542 3.52137 -3.57312 1.30318 15 15 13.125 15.7645 1.14286 1 1854.43 1
260.438 2050.37 118.08 75.5432 73.2692 3.65938 -3.80827 1.27903 13.125 15 13.125 15.762 1.14286 1 1854.33 1
260.594 2051.38 118.668 74.9234 73.4745 3.69193 -3.92113 1.17939 15 13.125 13.125 15.7646 1.14286 1 1838.05 1
260.75 2051.49 119.248 74.2952 73.6603 3.69756 -3.91251 1.01828 15 15 11.25 15.7649 1.33333 1 1854.08 1
260.906 2051.58 119.838 73.6687 73.8124 3.7546 -3.98924 0.708948 15 15 11.25 15.7651 1.33333 1 1861.65 1
261.062 2051.59 0.430937 73.028 73.9258 3.65585 -3.9971 0.614148 15 13.125 11.25 15.7651 1.33333 1 1835.2 1
261.219 2052.08 0.999863 72.3938 74.0265 3.50379 -3.92582 0.600138 15 15 11.25 15.7664 1.33333 1 1864.8 1
261.375 2052.72 1.54044 71.7763 74.1328 3.30946 -3.85867 0.604753 15 15 11.25 15.768 1.33333 1 1852.75 1
261.531 2052.79 2.05777 71.1569 74.2323 3.10355 -3.85229 0.483239 15 13.125 11.25 15.7682 1.33333 1 1848.41 1
261.688 2052.41 2.5373 70.5472 74.3175 2.922 -3.75146 0.485921 15 15 11.25 15.7672 1.33333 1 1853.44 1
261.844 2052.11 2.98682 69.9639 74.4068 2.68336 -3.51719 0.518267 15 15 11.25 15.7665 1.33333 1 1857.31 1
262 2051.5 3.39868 69.4113 74.499 2.4403 -3.39517 0.499701 15 13.125 13.125 15.7649 1.14286 1 1838.12 1
262.156 2051.26 3.76493 68.8748 74.5869 2.09696 -3.25994 0.426636 15 15 13.125 15.7643 1.14286 1 1861.27 1
262.312 2050.47 4.08015 68.3625 74.6678 1.81269 -3.20694 0.456854 15 15 13.125 15.7622 1.14286 1 1836.87 1
262.469 2050.13 4.35061 67.8502 74.7541 1.48539 -3.2811 0.436493 15 15 13.125 15.7614 1.14286 1 1852.53 1
262.625 2050.29 4.55556 67.3203 74.8246 1.04843 -3.37756 0.215811 15 15 13.125 15.7618 1.14286 1 1822.39 1
262.781 2050.84 4.70864 66.7606 74.8498 0.892961 -3.67478 -0.125015 15 15 13.125 15.7632 1.14286 1 1830.83 1
262.938 2049.76 4.82134 66.1683 74.8273 0.296017 -3.67727 -0.201819 15 15 13.125 15.7604 1.14286 1 1836.79 1
263.094 2048.89 4.81964 65.5857 74.8014 -0.431387 -3.68781 -0.254733 15 13.125 13.125 15.7582 1.14286 1 1835.67 1
263.25 2049.53 4.7134 64.9737 74.7565 -0.940277 -4.0294 -0.466192 15 15 13.125 15.7598 1.14286 1 1824.71 1
263.406 2048.55 4.53819 64.3229 74.6774 -1.3754 -4.12396 -0.599119 15 15 13.125 15.7573 1.14286 1 1845.41 1
263.562 2047.59 4.27867 63.6549 74.589 -1.95695 -4.26829 -0.66273 15 13.125 13.125 15.7549 1.14286 1 1832.71 1
263.719 2047.48 3.93475 62.9568 74.4737 -2.34472 -4.52503 -0.922455 13.125 15 13.125 15.7546 1.14286 1 1839.55 1
263.875 2045.98 3.52511 62.2372 74.3266 -2.86273 -4.58382 -1.02309 15 15 13.125 15.7507 1.14286 1 1811.39 1
264.031 2044.66 3.04046 61.502 74.157 -3.28664 -4.54981 -1.15514 15 15 13.125 15.7474 1.14286 1 1832.75 1
264.188 2045.09 2.49281 60.7755 73.9623 -3.67647 -4.67467 -1.35505 15 15 11.25 15.7485 1.33333 1 1841.31 1
264.344 2044.14 1.88994 60.0258 73.7373 -3.98938 -4.68644 -1.44942 13.125 13.125 13.125 15.746 1 1 1825.11 1
264.5 2044.01 1.23234 59.2773 73.5044 -4.37913 -4.66958 -1.53477 15 15 13.125 15.7457 1.14286 1 1835.73 1
264.656 2043.17 0.513785 58.5377 73.2527 -4.70953 -4.69006 -1.57293 13.125 15 13.125 15.7435 1.14286 1 1857.41 1
264.812 2042.47 119.747 57.8024 73.0112 -4.97477 -4.55431 -1.4956 13.125 15 13.125 15.7417 1.14286 1 1866.6 1
264.969 2041.43 118.949 57.0884 72.7737 -5.09925 -4.39695 -1.418 15 15 13.125 15.739 1.14286 1 1856.89 1
265.125 2040.41 118.13 56.3946 72.5446 -5.23463 -4.35005 -1.41927 13.125 13.125 13.125 15.7364 1 1 1852.61 1
265.281 2039.04 117.304 55.7062 72.3265 -5.22871 -4.25131 -1.20795 15 15 13.125 15.7329 1.14286 1 1818.27 1
265.438 2038.16 116.468 55.0421 72.1417 -5.30444 -4.14025 -1.04687 13.125 15 15 15.7306 1.14286 1 1840.05 1
265.594 2036.64 115.635 54.3885 71.9874 -5.2711 -4.02727 -0.803539 13.125 13.125 15 15.7267 1.14286 1 1823.29 1
265.75 2035.88 114.798 53.7608 71.8697 -5.28191 -3.85013 -0.604274 13.125 15 15 15.7248 1.14286 1 1831.56 1
265.906 2035.63 113.969 53.1651 71.7876 -5.21407 -3.68739 -0.383774 13.125 15 13.125 15.7241 1.14286 1 1847.33 1
266.062 2035.52 113.143 52.5857 71.7389 -5.16093 -3.56324 -0.165946 13.125 13.125 13.125 15.7239 1 1 1839.31 0
266.219 2035.5 112.325 52.0324 71.7316 -5.22068 -3.35871 0.10101 13.125 15 13.125 15.7238 1.14286 1 1840.6 0
266.375 2035.25 111.5 51.513 71.7636 -5.21493 -3.16544 0.353441 15 15 13.125 15.7231 1.14286 1 1814.29 0
266.531 2034.93 110.667 51.0321 71.8389 -5.33989 -2.88652 0.564801 13.125 15 13.125 15.7223 1.14286 1 1838.69 0
266.688 2034.59 109.823 50.5851 71.9466 -5.29275 -2.65261 0.826991 13.125 13.125 13.125 15.7215 1 1 1812.02 0
266.844 2034.65 108.985 50.1861 72.1011 -5.30583 -2.33092 1.07183 13.125 15 15 15.7216 1.14286 1 1827.79 0
267 2034.32 108.15 49.8397 72.2913 -5.2698 -1.97025 1.26351 13.125 15 13.125 15.7208 1.14286 1 1830.77 0
267.156 2034.15 107.307 49.5559 72.5038 -5.36162 -1.63247 1.27873 13.125 15 13.125 15.7203 1.14286 1 1850.91 0
267.312 2033.91 106.458 49.3258 72.7183 -5.33926 -1.18356 1.3613 13.125 15 13.125 15.7197 1.14286 1 1846.73 0
267.469 2034.12 105.609 49.1714 72.9432 -5.38977 -0.743273 1.32884 15 15 13.125 15.7202 1.14286 1 1830.53 0
267.625 2034.12 104.752 49.0865 73.1445 -5.39279 -0.172874 1.1472 13.125 15 13.125 15.7202 1.14286 1 1839.23 0
267.781 2034.16 103.892 49.1042 73.3217 -5.43309 0.364883 0.949907 15 15 13.125 15.7204 1.14286 1 1819.38 0
267.938 2033.9 103.035 49.1925 73.469 -5.36685 0.803584 0.758471 13.125 15 13.125 15.7197 1.14286 1 1829.29 0
268.094 2033.79 102.181 49.3541 73.5757 -5.3549 1.2426 0.423579 15 15 13.125 15.7194 1.14286 1 1794.05 0
268.25 2033.57 101.33 49.5835 73.6354 -5.34347 1.68604 0.280641 13.125 15 13.125 15.7188 1.14286 1 1850.46 0
268.406 2033.71 100.479 49.8772 73.6656 -5.40142 2.0509 -0.0284883 15 15 13.125 15.7192 1.14286 1 1839.54 0
268.562 2033.42 99.615 50.2296 73.6526 -5.48383 2.31612 -0.231779 13.125 15 13.125 15.7184 1.14286 1 1820.34 0
268.719 2033.08 98.7429 50.6144 73.6058 -5.48514 2.51115 -0.399849 15 13.125 13.125 15.7176 1.14286 1 1826.26 0
268.875 2033.4 97.8729 51.0316 73.5339 -5.51247 2.68001 -0.524705 15 15 13.125 15.7184 1.14286 1 1827.26 0
269.031 2033.64 96.9931 51.4731 73.4466 -5.5384 2.86709 -0.681808 15 15 13.125 15.719 1.14286 1 1823.81 0
269.188 2033.1 96.1188 51.9437 73.3275 -5.48874 3.05008 -0.766408 15 15 13.125 15.7176 1.14286 1 1840.81 0
269.344 2032.55 95.2558 52.4324 73.2121 -5.34037 3.02118 -0.717896 15 13.125 13.125 15.7162 1.14286 1 1830.85 0
269.5 2032.24 94.4181 52.9113 73.0988 -5.16473 2.94379 -0.695518 15 15 13.125 15.7154 1.14286 1 1837.1 0
269.656 2032.16 93.6059 53.3715 72.9975 -5.04962 2.82223 -0.572091 13.125 15 13.125 15.7152 1.14286 1 1859.88 0
269.812 2032.49 92.8135 53.8129 72.918 -4.89424 2.689 -0.439125 15 15 13.125 15.7161 1.14286 1 1830.63 0
269.969 2031.54 92.0481 54.2333 72.8687 -4.70904 2.5954 -0.166962 13.125 13.125 13.125 15.7136 1 1 1832.89 0
270.125 2030.35 91.3133 54.6365 72.8556 -4.51529 2.37936 0.015353 15 13.125 13.125 15.7105 1.14286 1 1851.18 0
270.281 2029.93 90.6197 54.9911 72.8805 -4.18813 2.03039 0.283058 15 15 13.125 15.7094 1.14286 1 1832.02 0
270.438 2030.62 89.9668 55.2968 72.9372 -4.00685 1.79052 0.363287 13.125 15 13.125 15.7112 1.14286 1 1849.64 0
270.594 2030.28 89.3351 55.5662 73.0082 -3.86915 1.53586 0.513985 15 15 13.125 15.7103 1.14286 1 1824.3 0
270.75 2029.53 88.7326 55.7902 73.1033 -3.72429 1.24692 0.655427 15 15 13.125 15.7084 1.14286 1 1839.83 0
270.906 2028.69 88.1507 55.9693 73.2249 -3.52276 0.934427 0.798735 13.125 13.125 13.125 15.7062 1 1 1806.94 0
271.062 2028.8 87.593 56.0953 73.3552 -3.43265 0.621233 0.780475 15 13.125 13.125 15.7065 1.14286 1 1837.31 0
271.219 2028.57 87.0503 56.1757 73.4877 -3.41787 0.357369 0.725523 15 13.125 13.125 15.7059 1.14286 1 1845.03 0
271.375 2027.93 86.5077 56.214 73.601 -3.32565 0.00993745 0.570478 15 13.125 13.125 15.7043 1.14286 1 1825.74 0
271.531 2027.78 85.9774 56.1876 73.6906 -3.3327 -0.370561 0.377353 13.125 13.125 13.125 15.7039 1 1 1797.12 0
271.688 2027.13 85.4409 56.1152 73.7493 -3.37414 -0.509014 0.227388 15 15 11.25 15.7022 1.33333 1 1829.85 0
271.844 2027.42 84.9013 56.0279 73.7823 -3.48613 -0.58386 -0.0177366 15 15 11.25 15.703 1.33333 1 1820.71 0
272 2027.15 84.3317 55.9224 73.7721 -3.62266 -0.753457 -0.212288 13.125 15 13.125 15.7023 1.14286 1 1822.62 0
272.156 2026.71 83.7471 55.7893 73.7437 -3.69024 -0.788022 -0.225923 15 15 13.125 15.7011 1.14286 1 1835.81 0
272.312 2026.03 83.1548 55.6637 73.7204 -3.8659 -0.81854 -0.210031 15 15 13.125 15.6994 1.14286 1 1832.46 0
272.469 2026.17 82.5252 55.5248 73.6842 -4.05257 -0.87847 -0.302276 13.125 15 11.25 15.6997 1.33333 1 1850.7 0
272.625 2025.68 81.8733 55.3914 73.6407 -4.18994 -0.768638 -0.375538 15 15 11.25 15.6985 1.33333 1 1836.68 0
272.781 2025.84 81.1908 55.2743 73.5831 -4.48936 -0.715381 -0.432602 15 15 11.25 15.6989 1.33333 1 1814.95 0
272.938 2024.58 80.4662 55.1646 73.5217 -4.57943 -0.605077 -0.349657 13.125 15 13.125 15.6956 1.14286 1 1820.58 0
273.094 2024.9 79.7352 55.0761 73.4709 -4.62928 -0.494701 -0.39665 15 15 13.125 15.6965 1.14286 1 1820.87 0
273.25 2024.38 79.008 55.014 73.4202 -4.46066 -0.228574 -0.288147 15 15 13.125 15.6951 1.14286 1 1818.33 0
273.406 2024.49 78.3141 54.9993 73.3875 -4.2451 0.112695 -0.159628 15 15 13.125 15.6954 1.14286 1 1821.62 0
273.562 2024.31 77.6565 55.0447 73.3713 -3.96376 0.550387 -0.0658203 15 15 13.125 15.6949 1.14286 1 1844.77 0
273.719 2023.87 77.048 55.1612 73.3859 -3.53745 0.941501 0.186563 13.125 15 13.125 15.6938 1.14286 1 1836.44 0
273.875 2023.99 76.5104 55.3455 73.4292 -3.16074 1.4947 0.270299 15 15 13.125 15.6941 1.14286 1 1815.55 0
274.031 2023.94 76.0277 55.6226 73.4724 -2.83489 2.07774 0.166285 15 15 13.125 15.694 1.14286 1 1824.07 0
274.188 2023.07 75.6013 55.9871 73.5121 -2.4347 2.59313 0.216278 15 15 13.125 15.6917 1.14286 1 1825.62 0
274.344 2023.5 75.2346 56.4354 73.5525 -2.07658 3.05087 0.18543 13.125 13.125 13.125 15.6928 1 1 1821.26 0
274.5 2023.33 74.9269 56.958 73.5895 -1.65065 3.54073 0.165845 13.125 15 11.25 15.6924 1.33333 1 1822.41 0
274.656 2023.94 74.6739 57.5525 73.6148 -1.42387 4.05414 -0.0457104 15 15 11.25 15.694 1.33333 1 1821.1 0
274.812 2024.37 74.4594 58.2394 73.6016 -1.19306 4.59224 -0.197272 15 13.125 11.25 15.6951 1.33333 1 1790.1 0
274.969 2025.09 74.274 58.9989 73.5717 -1.09072 5.01124 -0.295426 15 15 13.125 15.6969 1.14286 1 1813.39 0
275.125 2025.44 74.1029 59.8175 73.5198 -1.00665 5.33648 -0.465051 15 13.125 13.125 15.6978 1.14286 1 1838.39 0
275.281 2025.31 73.9607 60.6883 73.4452 -0.753114 5.60972 -0.547491 15 15 13.125 15.6975 1.14286 1 1839.31 0
275.438 2025.65 73.8567 61.5985 73.3579 -0.513474 5.88434 -0.604026 15 13.125 13.125 15.6984 1.14286 1 1825.92 0
275.594 2026.79 73.7835 62.5407 73.2621 -0.360627 5.99759 -0.682192 15 15 13.125 15.7013 1.14286 1 1855.8 0
275.75 2026.8 73.7399 63.4914 73.1519 -0.153731 5.97227 -0.656678 15 13.125 13.125 15.7014 1.14286 1 1833.56 0
275.906 2026.86 73.7306 64.4386 73.0495 0.13256 5.91117 -0.650924 15 15 13.125 15.7015 1.14286 1 1841.44 0
276.062 2026.27 73.7684 65.3595 72.9569 0.369771 5.67408 -0.555693 15 13.125 13.125 15.7 1.14286 1 1834.51 0
276.219 2026.85 73.8478 66.2477 72.8752 0.680537 5.3944 -0.46181 15 15 13.125 15.7015 1.14286 1 1822.92 0
276.375 2027.18 73.9737 67.0744 72.8209 0.94014 4.97451 -0.299028 15 13.125 13.125 15.7024 1.14286 1 1843.04 0
276.531 2027.35 74.1363 67.8438 72.7903 1.16173 4.56122 -0.121727 15 13.125 13.125 15.7028 1.14286 1 1824.21 0
276.688 2027.32 74.331 68.5269 72.7922 1.35002 3.9888 0.116589 15 15 13.125 15.7027 1.14286 1 1837.97 0
276.844 2027.22 74.5599 69.1252 72.8278 1.56039 3.4504 0.26845 15 13.125 13.125 15.7024 1.14286 1 1837.43 0
277 2027.12 74.819 69.6349 72.8864 1.73422 2.78971 0.38419 15 13.125 13.125 15.7022 1.14286 1 1831.81 0
277.156 2027.19 75.1152 70.0437 72.9578 1.99206 2.26116 0.43726 13.125 15 13.125 15.7024 1.14286 1 1837.08 0
277.312 2027.32 75.4462 70.3709 73.0396 2.13133 1.7596 0.459784 15 15 13.125 15.7027 1.14286 1 1822.16 0
277.469 2027.19 75.7929 70.6124 73.1259 2.25015 1.16168 0.466627 15 15 13.125 15.7024 1.14286 1 1825.21 0
277.625 2027.38 76.1565 70.7723 73.1963 2.38497 0.789577 0.245804 15 15 13.125 15.7029 1.14286 1 1839.21 0
277.781 2027.3 76.5371 70.8706 73.2366 2.42753 0.380803 0.169454 15 15 13.125 15.7027 1.14286 1 1819.13 0
277.938 2027.2 76.9269 70.8975 73.281 2.40866 -0.091273 0.238631 13.125 15 13.125 15.7024 1.14286 1 1820.89 0
278.094 2027.2 77.3084 70.8628 73.3109 2.33422 -0.371324 0.00591689 15 15 13.125 15.7024 1.14286 1 1807.55 0
278.25 2027.22 77.6731 70.7848 73.3109 2.23065 -0.611985 -0.12726 15 15 13.125 15.7025 1.14286 1 1816.98 0
278.406 2027.19 78.0217 70.6769 73.2944 2.19039 -0.743451 -0.251909 15 15 13.125 15.7024 1.14286 1 1826.36 0
278.562 2027.2 78.3726 70.5436 73.2501 2.15926 -0.950453 -0.37613 15 15 13.125 15.7024 1.14286 1 1805.92 0
278.719 2027.18 78.7062 70.3797 73.1978 2.00159 -1.1298 -0.383753 13.125 15 13.125 15.7024 1.14286 1 1824.09 0
278.875 2027.31 79.0253 70.1858 73.1418 1.97122 -1.34531 -0.468836 15 15 13.125 15.7027 1.14286 1 1820.81 0
279.031 2027.33 79.3399 69.9599 73.0639 1.92158 -1.46455 -0.595894 15 15 13.125 15.7027 1.14286 1 1811.72 0
279.188 2027.22 79.6544 69.7247 72.9713 2.06959 -1.43296 -0.658779 15 15 13.125 15.7025 1.14286 1 1816.5 0
279.344 2027.1 79.9973 69.4915 72.8798 2.29548 -1.52931 -0.618178 15 13.125 13.125 15.7021 1.14286 1 1803.63 0
279.5 2026.94 80.3748 69.2284 72.7957 2.44214 -1.78183 -0.577196 15 13.125 11.25 15.7017 1.33333 1 1819.65 0
279.656 2027.09 80.7796 68.9256 72.7144 2.67942 -2.02279 -0.617775 15 15 11.25 15.7021 1.33333 1 1812.99 0
279.812 2027.18 81.2279 68.5895 72.6297 3.01096 -2.24023 -0.610412 15 15 11.25 15.7023 1.33333 1 1823.99 0
279.969 2027.39 81.7212 68.2204 72.5415 3.24287 -2.40163 -0.561804 15 15 11.25 15.7029 1.33333 1 1817.23 0
