# t frame_uz frame_z ub_dans_repere
160.001 3.73833e-05 3.84998e-08 0.0362992
160.019 0.0122875 0.000129377 0.72604
160.051 0.040203 0.00104895 0.960587
160.092 0.0869041 0.00384345 1.22567
160.14 0.152208 0.0097384 1.4973
160.19 0.236931 0.0199383 1.79096
160.243 0.340039 0.0356407 2.06109
160.297 0.459491 0.0577913 2.31285
160.352 0.593796 0.0874099 2.53241
160.407 0.73982 0.124796 2.73986
160.463 0.899678 0.17153 2.92948
160.519 1.06927 0.227546 3.09375
160.575 1.24733 0.293344 3.23609
160.631 1.43273 0.36936 3.35945
160.687 1.62439 0.45597 3.46238
160.743 1.82112 0.553484 3.54392
160.798 2.02155 0.662138 3.60651
160.854 2.22504 0.782118 3.65196
160.91 2.43058 0.913562 3.68399
160.966 2.63797 1.05657 3.71462
161.022 2.84689 1.21147 3.73479
161.079 3.05712 1.37849 3.74466
161.135 3.26762 1.55734 3.75271
161.191 3.47803 1.74801 3.74005
161.247 3.68766 1.95047 3.72604
161.303 3.89665 2.16469 3.7156
161.36 4.10476 2.39062 3.69729
161.416 4.31216 2.62822 3.68758
161.472 4.51838 2.87743 3.66364
161.528 4.72348 3.13819 3.64081
161.584 4.92719 3.41043 3.61242
161.64 5.12879 3.69404 3.57067
161.697 5.32794 3.9889 3.52729
161.753 5.52448 4.29486 3.4779
161.809 5.71816 4.61177 3.42648
161.865 5.90874 4.93945 3.37264
161.921 6.09635 5.27774 3.31652
161.978 6.28079 5.62646 3.26098
162.034 6.46168 5.98543 3.1905
162.09 6.63851 6.35442 3.12087
162.146 6.81167 6.73323 3.05422
162.202 6.98079 7.12163 2.98019
162.258 7.14587 7.51939 2.908
162.315 7.30661 7.92628 2.83516
162.371 7.46335 8.34206 2.75891
162.427 7.61595 8.76652 2.68555
162.483 7.76464 9.19941 2.61991
162.539 7.90961 9.64053 2.55658
162.596 8.05109 10.0897 2.49065
162.652 8.18858 10.5466 2.41542
162.708 8.32207 11.0112 2.35372
162.764 8.45249 11.4831 2.29876
162.82 8.57986 11.9623 2.2462
162.876 8.70385 12.4485 2.18419
162.933 8.82459 12.9416 2.12925
162.989 8.94216 13.4413 2.06765
163.045 9.05666 13.9475 2.0202
163.101 9.16832 14.4601 1.96846
163.157 9.2772 14.9789 1.91648
163.213 9.38281 15.5036 1.85791
163.27 9.48526 16.0342 1.79813
163.326 9.58439 16.5705 1.74338
163.382 9.68073 17.1122 1.6942
163.438 9.77409 17.6592 1.63985
163.494 9.86434 18.2114 1.58623
163.551 9.95146 18.7685 1.53065
163.607 10.0359 19.3304 1.48394
163.663 10.1178 19.897 1.4441
163.719 10.1974 20.4681 1.40075
163.775 10.2746 21.0436 1.35236
163.831 10.3489 21.6234 1.3014
163.888 10.4202 22.2072 1.25052
163.944 10.4888 22.7949 1.19928
164 10.5547 23.3864 1.15614
164.056 10.6181 23.9815 1.11137
164.112 10.6792 24.5801 1.07063
164.169 10.7383 25.1821 1.04157
164.225 10.7957 25.7873 1.00905
164.281 10.8515 26.3957 0.981849
164.337 10.9059 27.0071 0.958644
164.393 10.959 27.6216 0.936965
164.449 11.0109 28.2391 0.915587
164.506 11.0619 28.8594 0.901118
164.562 11.112 29.4825 0.885663
164.618 11.1612 30.1084 0.864851
164.674 11.2094 30.7371 0.849602
164.73 11.2564 31.3684 0.829128
164.787 11.3021 32.0024 0.802618
164.843 11.3464 32.6388 0.780518
164.899 11.3892 33.2777 0.75117
164.955 11.4305 33.9189 0.723446
165.011 11.4706 34.5625 0.706245
165.067 11.5094 35.2082 0.684146
165.124 11.5473 35.8561 0.667121
165.18 11.5843 36.506 0.65536
165.236 11.6207 37.1581 0.639464
165.292 11.6561 37.8121 0.625196
165.348 11.6909 38.4681 0.613863
165.404 11.7248 39.1261 0.597803
165.461 11.7579 39.7859 0.583069
165.517 11.7904 40.4475 0.575055
165.573 11.8223 41.111 0.563413
165.629 11.8536 41.7762 0.55309
165.685 11.8845 42.4432 0.547103
165.742 11.9149 43.1119 0.538314
165.798 11.9449 43.7823 0.532278
165.854 11.9746 44.4544 0.52588
165.91 12.0039 45.1281 0.519998
165.966 12.0328 45.8034 0.510888
166.022 12.0613 46.4804 0.501803
166.079 12.089 47.1589 0.490628
166.135 12.1161 47.839 0.476503
166.191 12.1425 48.5206 0.465583
166.247 12.1681 49.2036 0.447229
166.303 12.1925 49.888 0.425671
166.36 12.2157 50.5738 0.402619
166.416 12.2376 51.2608 0.381993
166.472 12.2584 51.949 0.360979
166.528 12.278 52.6384 0.34458
166.584 12.2969 53.3288 0.329698
166.64 12.3149 54.0202 0.310875
166.697 12.332 54.7127 0.298505
166.753 12.348 55.406 0.276225
166.809 12.3628 56.1002 0.252847
166.865 12.3762 56.7952 0.229383
166.921 12.3882 57.4909 0.20705
166.978 12.3993 58.1873 0.18869
167.034 12.4093 58.8842 0.171833
167.09 12.4183 59.5817 0.152311
167.146 12.4263 60.2796 0.137523
167.202 12.4337 60.978 0.124611
167.258 12.4402 61.6767 0.106787
167.315 12.4457 62.3758 0.0906949
167.371 12.4502 63.0751 0.0759101
167.427 12.4539 63.7747 0.0573005
167.483 12.4566 64.4745 0.0419341
167.539 12.4586 65.1743 0.0323036
167.596 12.4598 65.8743 0.0116817
167.652 12.4597 66.5743 -0.0106446
167.708 12.4584 67.2742 -0.0286866
167.764 12.4561 67.9741 -0.049303
167.82 12.4528 68.6738 -0.0658603
167.876 12.4487 69.3732 -0.0758172
167.933 12.4441 70.0724 -0.0850846
167.989 12.4388 70.7714 -0.10073
168.045 12.4328 71.47 -0.107396
168.101 12.4265 72.1682 -0.113547
168.157 12.4199 72.8661 -0.120904
168.213 12.4131 73.5636 -0.120786
168.27 12.4062 74.2608 -0.124488
168.326 12.3993 74.9575 -0.124295
168.382 12.3923 75.6539 -0.124657
168.438 12.3851 76.3498 -0.13128
168.494 12.3778 77.0454 -0.128487
168.551 12.3709 77.7405 -0.11816
168.607 12.3645 78.4353 -0.109809
168.663 12.3584 79.1297 -0.106031
168.719 12.3528 79.8238 -0.0952766
168.775 12.3478 80.5176 -0.0862939
168.831 12.3434 81.2112 -0.0722475
168.888 12.3396 81.9045 -0.0639524
168.944 12.3362 82.5976 -0.0567126
169 12.3337 83.2906 -0.036919
169.056 12.3322 83.9834 -0.0203795
169.112 12.3312 84.6762 -0.0159474
169.169 12.3307 85.369 -0.00616097
169.225 12.3306 86.0617 0.00346378
169.281 12.331 86.7544 0.0110662
169.337 12.3323 87.4472 0.0275343
169.393 12.3343 88.1401 0.0431966
169.449 12.337 88.8331 0.0517458
169.506 12.3402 89.5263 0.0601105
169.562 12.3439 90.2197 0.0713363
169.618 12.3482 90.9133 0.0819203
169.674 12.3533 91.6072 0.095047
169.73 12.3592 92.3014 0.109927
169.787 12.3658 92.996 0.125634
169.843 12.3733 93.6909 0.136264
169.899 12.3812 94.3863 0.144307
169.955 12.3896 95.0822 0.152277
170.011 12.3984 95.7785 0.159753
170.067 12.4078 96.4754 0.173413
170.124 12.4179 97.1728 0.185544
170.18 12.4287 97.8708 0.19241
170.236 12.4398 98.5694 0.203645
170.292 12.4515 99.2687 0.210962
170.348 12.4637 99.9686 0.222857
170.404 12.4764 100.669 0.230376
170.461 12.4896 101.371 0.234637
170.517 12.5028 102.073 0.23614
170.573 12.5159 102.776 0.231962
170.629 12.529 103.479 0.232853
170.685 12.5421 104.183 0.236446
170.742 12.5557 104.889 0.244339
170.798 12.5696 105.594 0.250169
170.854 12.584 106.301 0.258547
170.91 12.5988 107.008 0.265545
170.966 12.6137 107.717 0.26824
171.022 12.6288 108.426 0.267731
171.079 12.6439 109.136 0.270144
171.135 12.6591 109.847 0.270183
171.191 12.6742 110.558 0.268224
171.247 12.6894 111.271 0.270753
171.303 12.7045 111.984 0.267382
171.36 12.7195 112.699 0.264666
171.416 12.7344 113.414 0.264703
171.472 12.7491 114.13 0.260166
171.528 12.7635 114.846 0.254108
171.584 12.7777 115.564 0.251371
171.64 12.7916 116.282 0.24719
171.697 12.8051 117.001 0.233021
171.753 12.818 117.721 0.225915
171.809 12.8302 118.442 0.211289
171.865 12.8416 119.163 0.196371
171.921 12.8524 119.885 0.187309
171.978 12.8627 120.607 0.178761
172.034 12.8724 121.33 0.171047
172.09 12.8819 122.053 0.168751
172.146 12.891 122.777 0.16179
172.202 12.8999 123.502 0.155593
172.258 12.9083 124.227 0.146801
172.315 12.9163 124.952 0.138902
172.371 12.9239 125.678 0.129254
172.427 12.9308 126.405 0.120474
172.483 12.9369 127.131 0.101629
172.539 12.9421 127.858 0.0852281
172.596 12.9465 128.585 0.0735694
172.652 12.95 129.313 0.054922
172.708 12.9525 130.041 0.0378268
172.764 12.9541 130.768 0.0240049
172.82 12.9551 131.496 0.0128849
172.876 12.9555 132.224 0.00332025
172.933 12.9555 132.952 -0.00260357
172.989 12.955 133.68 -0.0114052
173.045 12.9543 134.407 -0.0157299
173.101 12.9533 135.135 -0.0190763
173.157 12.952 135.863 -0.0260169
173.213 12.9503 136.59 -0.0348819
173.27 12.9478 137.318 -0.0462438
173.326 12.9449 138.045 -0.0529898
173.382 12.9419 138.772 -0.0525881
173.438 12.939 139.499 -0.0481502
173.494 12.9364 140.226 -0.0460161
173.551 12.9339 140.953 -0.0431469
173.607 12.9316 141.679 -0.0403842
173.663 12.9293 142.406 -0.0431173
173.719 12.9271 143.132 -0.0366101
173.775 12.9251 143.858 -0.0313175
173.831 12.9237 144.584 -0.0219335
173.888 12.923 145.31 -0.00528367
173.944 12.9231 146.036 0.00842357
174 12.9239 146.762 0.0165294
174.056 12.9252 147.488 0.028148
174.112 12.9271 148.215 0.0383773
174.169 12.9297 148.941 0.0528104
174.225 12.9332 149.667 0.0700249
174.281 12.9378 150.394 0.0900584
174.337 12.9437 151.121 0.113759
174.393 12.9509 151.849 0.138871
174.449 12.9593 152.576 0.157757
174.506 12.9688 153.305 0.176964
174.562 12.9795 154.034 0.196834
174.618 12.9909 154.763 0.207732
174.674 13.0033 155.494 0.227222
174.73 13.017 156.225 0.253582
174.787 13.0322 156.956 0.281441
174.843 13.0488 157.689 0.303062
174.899 13.0664 158.423 0.316607
174.955 13.0847 159.157 0.332578
175.011 13.1039 159.893 0.348017
175.067 13.124 160.63 0.364211
175.124 13.145 161.368 0.381111
175.18 13.167 162.107 0.401873
175.236 13.1904 162.848 0.421675
175.292 13.2145 163.59 0.432069
175.348 13.2394 164.333 0.445769
175.404 13.2649 165.077 0.461869
175.461 13.2908 165.824 0.466929
175.517 13.3169 166.571 0.469671
175.573 13.3437 167.32 0.483097
175.629 13.3712 168.071 0.488564
175.685 13.3989 168.823 0.497151
175.742 13.4271 169.576 0.503202
175.798 13.4556 170.332 0.509993
175.854 13.4844 171.089 0.513296
175.91 13.5134 171.847 0.517501
175.966 13.5426 172.607 0.52164
176.022 13.5718 173.369 0.521818
176.079 13.6011 174.133 0.517913
176.135 13.6302 174.898 0.518407
176.191 13.659 175.664 0.509568
176.247 13.6872 176.433 0.496199
176.303 13.7147 177.203 0.483304
176.36 13.7412 177.974 0.467657
176.416 13.7671 178.747 0.45366
176.472 13.7922 179.521 0.445829
176.528 13.817 180.297 0.438965
176.584 13.8414 181.074 0.431522
176.64 13.8654 181.852 0.42442
176.697 13.889 182.632 0.413852
176.753 13.9116 183.413 0.393877
176.809 13.933 184.195 0.373972
176.865 13.9531 184.979 0.350159
176.921 13.9722 185.763 0.331003
176.978 13.9903 186.549 0.316983
177.034 14.0075 187.335 0.300032
177.09 14.0237 188.123 0.280653
177.146 14.0391 188.911 0.267527
177.202 14.0536 189.701 0.251896
177.258 14.0671 190.491 0.231259
177.315 14.0794 191.281 0.20944
177.371 14.0902 192.073 0.185157
177.427 14.0998 192.864 0.159861
177.483 14.1079 193.657 0.132275
177.539 14.1145 194.45 0.109415
177.596 14.1198 195.243 0.0849154
177.652 14.1238 196.036 0.0610855
177.708 14.1263 196.83 0.0374372
177.764 14.128 197.623 0.0213139
177.82 14.1286 198.417 0.00638376
177.876 14.1281 199.211 -0.0180535
177.933 14.1266 200.005 -0.0328877
177.989 14.1243 200.798 -0.0458376
178.045 14.1212 201.592 -0.0591144
178.101 14.1174 202.385 -0.0742001
178.157 14.1128 203.178 -0.0866173
178.213 14.1073 203.97 -0.104219
178.27 14.101 204.763 -0.119962
178.326 14.0941 205.555 -0.122921
178.382 14.0871 206.346 -0.125765
178.438 14.0799 207.137 -0.129585
178.494 14.0725 207.928 -0.13386
178.551 14.0647 208.718 -0.14232
178.607 14.0568 209.508 -0.139
178.663 14.0492 210.298 -0.133502
178.719 14.0419 211.087 -0.13077
178.775 14.0344 211.875 -0.131875
178.831 14.0274 212.664 -0.121099
178.888 14.0206 213.452 -0.119518
178.944 14.0142 214.239 -0.111666
179 14.0083 215.026 -0.101065
179.056 14.0028 215.813 -0.0950689
179.112 13.9976 216.599 -0.0917577
179.169 13.9926 217.386 -0.0857861
179.225 13.9879 218.172 -0.0816557
179.281 13.9836 218.957 -0.0721374
179.337 13.98 219.743 -0.059593
179.393 13.9771 220.528 -0.0458512
179.449 13.9748 221.313 -0.0346351
179.506 13.9733 222.098 -0.0219653
179.562 13.9725 222.883 -0.00781114
179.618 13.9726 223.668 0.00359983
179.674 13.9733 224.453 0.0192683
179.73 13.9747 225.238 0.0303107
179.787 13.9768 226.023 0.0419449
179.843 13.9797 226.809 0.0599279
179.899 13.9834 227.594 0.071082
179.955 13.9877 228.38 0.0776165
180.011 13.9924 229.166 0.0885374
180.067 13.9975 229.952 0.094249
180.124 14.0031 230.739 0.101944
180.18 14.0091 231.526 0.111903
180.236 14.0158 232.313 0.121615
180.292 14.0229 233.1 0.12923
180.348 14.0306 233.889 0.141914
180.404 14.0384 234.677 0.140382
180.461 14.0465 235.466 0.144854
180.517 14.0548 236.255 0.150651
180.573 14.0634 237.045 0.154725
180.629 14.0723 237.836 0.161502
180.685 14.0817 238.627 0.169437
180.742 14.0912 239.418 0.170196
180.798 14.1008 240.21 0.166664
180.854 14.11 241.002 0.164488
180.91 14.1191 241.795 0.157624
180.966 14.1279 242.589 0.1536
181.022 14.1364 243.383 0.151561
181.079 14.1447 244.177 0.143439
181.135 14.1526 244.972 0.138704
181.191 14.1603 245.768 0.135892
181.247 14.1676 246.563 0.124856
181.303 14.1744 247.36 0.117888
181.36 14.1807 248.156 0.110016
181.416 14.1863 248.953 0.0919197
181.472 14.1911 249.75 0.0810451
181.528 14.1951 250.548 0.0641659
181.584 14.1982 251.345 0.0505402
181.64 14.2005 252.143 0.0360565
181.697 14.202 252.941 0.0210607
181.753 14.2026 253.739 0.00388811
181.809 14.2023 254.536 -0.0108961
181.865 14.2012 255.334 -0.0223749
181.921 14.1995 256.132 -0.033613
181.978 14.1975 256.93 -0.0388453
182.034 14.1951 257.727 -0.0459942
182.09 14.1921 258.525 -0.0600684
182.146 14.1882 259.322 -0.0749665
182.202 14.1835 260.119 -0.0908652
182.258 14.1778 260.915 -0.107518
182.315 14.1713 261.712 -0.122962
182.371 14.164 262.508 -0.133849
182.427 14.1559 263.303 -0.14905
182.483 14.1474 264.098 -0.153596
182.539 14.1386 264.893 -0.153603
182.596 14.1297 265.687 -0.160477
182.652 14.1204 266.48 -0.169539
182.708 14.1108 267.273 -0.174587
182.764 14.1009 268.065 -0.177588
182.82 14.091 268.857 -0.174141
182.876 14.0815 269.649 -0.16557
182.933 14.0724 270.439 -0.157783
182.989 14.0639 271.23 -0.148086
183.045 14.0562 272.019 -0.131316
183.101 14.049 272.809 -0.125874
183.157 14.0424 273.598 -0.114417
183.213 14.0365 274.387 -0.0994879
183.27 14.0314 275.175 -0.0849587
183.326 14.0271 275.963 -0.0696943
183.382 14.0237 276.751 -0.0545621
183.438 14.0213 277.539 -0.035013
183.494 14.0199 278.327 -0.0170623
183.551 14.0194 279.114 -0.00321471
183.607 14.0198 279.902 0.0126501
183.663 14.0209 280.689 0.0257763
183.719 14.0228 281.477 0.0394547
183.775 14.0256 282.265 0.0592609
183.831 14.0294 283.053 0.0749722
183.888 14.0343 283.841 0.0964099
183.944 14.0404 284.63 0.114653
184 14.0474 285.419 0.129865
184.056 14.0553 286.209 0.14629
184.112 14.0639 286.999 0.157427
184.169 14.0731 287.789 0.167935
184.225 14.0831 288.58 0.185388
184.281 14.094 289.371 0.200175
184.337 14.1056 290.164 0.212264
184.393 14.1181 290.956 0.229436
184.449 14.1315 291.75 0.243911
184.506 14.1458 292.544 0.260061
184.562 14.1611 293.34 0.282791
184.618 14.1775 294.136 0.296582
184.674 14.1946 294.933 0.311991
184.73 14.2128 295.731 0.331537
184.787 14.2319 296.53 0.344601
184.843 14.2518 297.33 0.361238
184.899 14.2726 298.132 0.376497
184.955 14.294 298.934 0.384801
185.011 14.3158 299.738 0.389064
185.067 14.3379 300.543 0.39452
185.124 14.36 301.349 0.394756
185.18 14.3823 302.157 0.395022
185.236 14.4044 302.965 0.395838
185.292 14.4263 303.775 0.38855
185.348 14.4481 304.587 0.383908
185.404 14.4696 305.399 0.382255
185.461 14.4908 306.213 0.376285
185.517 14.5118 307.027 0.3695
185.573 14.5323 307.843 0.365178
185.629 14.5526 308.66 0.358371
185.685 14.5723 309.479 0.345418
185.742 14.5912 310.298 0.330833
185.798 14.6091 311.118 0.310597
185.854 14.626 311.94 0.293449
185.91 14.6421 312.762 0.279438
185.966 14.6571 313.585 0.259336
186.022 14.6711 314.409 0.242142
186.079 14.6843 315.234 0.228725
186.135 14.6962 316.059 0.203361
186.191 14.707 316.885 0.183288
186.247 14.7166 317.711 0.162448
186.303 14.7247 318.539 0.134236
186.36 14.7314 319.366 0.107078
186.416 14.7366 320.194 0.0826159
186.472 14.7403 321.022 0.0561315
186.528 14.7426 321.85 0.0259819
186.584 14.7433 322.678 0.000792216
186.64 14.7421 323.507 -0.0369798
186.697 14.7389 324.335 -0.0709892
186.753 14.734 325.163 -0.0973421
186.809 14.7275 325.99 -0.128815
186.865 14.7192 326.817 -0.159023
186.921 14.7096 327.644 -0.179506
186.978 14.6986 328.47 -0.206023
187.034 14.6861 329.295 -0.231195
187.09 14.6725 330.12 -0.250265
187.146 14.6579 330.944 -0.267923
187.202 14.642 331.767 -0.293993
187.258 14.6245 332.589 -0.32312
187.315 14.6055 333.409 -0.347787
187.371 14.5855 334.229 -0.362938
187.427 14.5645 335.048 -0.376876
187.483 14.5428 335.866 -0.394295
187.539 14.5203 336.682 -0.405553
187.596 14.4973 337.497 -0.408644
187.652 14.4738 338.31 -0.424977
187.708 14.4496 339.123 -0.436104
187.764 14.4248 339.934 -0.44575
187.82 14.3997 340.743 -0.446702
187.876 14.3745 341.551 -0.44967
187.933 14.3493 342.358 -0.449051
187.989 14.3239 343.163 -0.452249
188.045 14.2989 343.967 -0.448761
188.101 14.2735 344.77 -0.450053
188.157 14.2479 345.571 -0.460342
188.213 14.222 346.37 -0.459622
188.27 14.1964 347.168 -0.452138
188.326 14.1714 347.965 -0.439793
188.382 14.1469 348.76 -0.436313
188.438 14.1226 349.554 -0.426487
188.494 14.0991 350.347 -0.414894
188.551 14.076 351.138 -0.40848
188.607 14.0535 351.928 -0.395503
188.663 14.0314 352.717 -0.388449
188.719 14.0101 353.505 -0.376521
188.775 13.9896 354.291 -0.355561
188.831 13.97 355.076 -0.344067
188.888 13.9513 355.86 -0.327604
188.944 13.9334 356.644 -0.313403
189 13.9162 357.426 -0.298973
189.056 13.9 358.207 -0.28368
189.112 13.8846 358.987 -0.268741
189.169 13.8699 359.767 -0.255898
189.225 13.8562 360.546 -0.237182
189.281 13.8432 361.324 -0.22608
189.337 13.8311 362.101 -0.209462
189.393 13.82 362.878 -0.193144
189.449 13.8094 363.654 -0.184829
189.506 13.7993 364.429 -0.176825
189.562 13.7895 365.204 -0.175086
189.618 13.7797 365.978 -0.172228
189.674 13.7702 366.752 -0.16374
189.73 13.7613 367.526 -0.15826
189.787 13.7524 368.298 -0.156365
189.843 13.7436 369.071 -0.155372
189.899 13.7348 369.843 -0.157005
189.955 13.7261 370.614 -0.15584
190.011 13.7173 371.385 -0.154816
190.067 13.7086 372.155 -0.156027
190.124 13.6995 372.925 -0.167396
190.18 13.6894 373.694 -0.186148
190.236 13.6786 374.463 -0.198787
190.292 13.667 375.231 -0.211779
190.348 13.6544 375.998 -0.227594
190.404 13.6411 376.765 -0.243878
190.461 13.627 377.531 -0.254706
190.517 13.6122 378.296 -0.268485
190.573 13.5967 379.06 -0.283612
190.629 13.5801 379.823 -0.304022
190.685 13.5622 380.586 -0.325443
190.742 13.5435 381.347 -0.34103
190.798 13.524 382.107 -0.348445
190.854 13.5038 382.866 -0.367422
190.91 13.4824 383.624 -0.39259
190.966 13.4596 384.381 -0.414492
191.022 13.4358 385.136 -0.4291
191.079 13.411 385.89 -0.449632
191.135 13.3852 386.643 -0.463601
191.191 13.3586 387.394 -0.479343
191.247 13.3312 388.144 -0.495497
191.303 13.3029 388.892 -0.50837
191.36 13.2738 389.638 -0.52524
191.416 13.2438 390.383 -0.539434
191.472 13.2131 391.126 -0.54999
191.528 13.1818 391.867 -0.563398
191.584 13.1497 392.606 -0.576016
191.64 13.117 393.344 -0.585831
191.697 13.0832 394.08 -0.610101
191.753 13.0485 394.814 -0.624405
191.809 13.013 395.546 -0.634342
191.865 12.9769 396.275 -0.644983
191.921 12.9407 397.003 -0.644973
191.978 12.9043 397.729 -0.650213
192.034 12.8677 398.453 -0.649263
192.09 12.8309 399.174 -0.65825
192.146 12.7937 399.894 -0.665267
192.202 12.7561 400.611 -0.672438
192.258 12.7184 401.327 -0.668586
192.315 12.6811 402.04 -0.657749
192.371 12.6446 402.751 -0.645615
192.427 12.6086 403.46 -0.639893
192.483 12.573 404.168 -0.629942
192.539 12.5378 404.873 -0.624845
192.596 12.5029 405.576 -0.617844
192.652 12.4684 406.277 -0.611371
192.708 12.4343 406.976 -0.603448
192.764 12.4009 407.674 -0.591234
192.82 12.368 408.369 -0.579524
192.876 12.3359 409.063 -0.566035
192.933 12.3048 409.755 -0.549456
192.989 12.2745 410.445 -0.530834
193.045 12.2451 411.134 -0.52022
193.101 12.2164 411.821 -0.5045
193.157 12.1887 412.506 -0.483575
193.213 12.1621 413.19 -0.466564
193.27 12.1363 413.873 -0.449943
193.326 12.112 414.554 -0.423515
193.382 12.0891 415.233 -0.399769
193.438 12.0674 415.912 -0.374194
193.494 12.0474 416.589 -0.343665
193.551 12.029 417.265 -0.316853
193.607 12.0121 417.94 -0.290472
193.663 11.9968 418.615 -0.258576
193.719 11.9835 419.288 -0.220959
193.775 11.9723 419.961 -0.189204
193.831 11.963 420.633 -0.150666
193.888 11.9556 421.305 -0.117208
193.944 11.9502 421.977 -0.0829551
194 11.9467 422.648 -0.0501527
194.056 11.9449 423.319 -0.0193265
194.112 11.9451 423.99 0.0198421
194.169 11.9475 424.661 0.0597639
194.225 11.9518 425.332 0.087014
194.281 11.9576 426.004 0.116539
194.337 11.9652 426.676 0.144848
194.393 11.9743 427.349 0.173213
194.449 11.985 428.022 0.202136
194.506 11.9974 428.695 0.232346
194.562 12.0113 429.37 0.257872
194.618 12.0266 430.045 0.280375
194.674 12.0431 430.721 0.302687
194.73 12.0603 431.399 0.313442
194.787 12.0785 432.077 0.330127
194.843 12.0974 432.756 0.34282
194.899 12.117 433.436 0.354052
194.955 12.1374 434.118 0.365669
195.011 12.1583 434.8 0.375529
195.067 12.1796 435.484 0.381508
195.124 12.2012 436.169 0.387631
195.18 12.2231 436.855 0.39017
195.236 12.2451 437.543 0.392537
195.292 12.267 438.231 0.391083
195.348 12.2889 438.921 0.385952
195.404 12.3106 439.612 0.383094
195.461 12.3318 440.305 0.374502
195.517 12.3525 440.998 0.362998
195.573 12.3727 441.693 0.353765
195.629 12.3924 442.388 0.345179
195.685 12.4112 443.085 0.326534
195.742 12.429 443.783 0.309777
195.798 12.4456 444.482 0.287579
195.854 12.4612 445.182 0.271218
195.91 12.476 445.882 0.259078
195.966 12.4902 446.584 0.246878
196.022 12.5036 447.286 0.233728
196.079 12.5164 447.989 0.225288
196.135 12.5288 448.692 0.218422
196.191 12.5406 449.397 0.202515
196.247 12.5515 450.101 0.188054
196.303 12.5617 450.807 0.175044
196.36 12.5711 451.513 0.164906
196.416 12.5797 452.219 0.143665
196.472 12.5872 452.926 0.12574
196.528 12.5938 453.634 0.113447
196.584 12.5998 454.342 0.095773
196.64 12.6047 455.05 0.08145
196.697 12.609 455.758 0.0749706
196.753 12.6129 456.466 0.0676793
196.809 12.6166 457.175 0.0620174
196.865 12.6198 457.884 0.0514547
196.921 12.622 458.593 0.0316748
196.978 12.6234 459.302 0.0190193
197.034 12.6241 460.011 0.0116067
197.09 12.6246 460.721 0.0068202
197.146 12.6248 461.43 -0.000951517
197.202 12.6245 462.139 -0.00926471
197.258 12.6235 462.848 -0.0215028
197.315 12.622 463.558 -0.0302873
197.371 12.6201 464.267 -0.0378242
197.427 12.6177 464.975 -0.0442922
197.483 12.6153 465.684 -0.0417141
197.539 12.6129 466.393 -0.0462692
197.596 12.6101 467.101 -0.0493549
197.652 12.6072 467.81 -0.0533471
197.708 12.6041 468.518 -0.0555685
197.764 12.6012 469.226 -0.049451
197.82 12.5984 469.934 -0.053322
197.876 12.5955 470.641 -0.0500764
197.933 12.5927 471.349 -0.0506295
197.989 12.5897 472.056 -0.0579164
198.045 12.5868 472.763 -0.0474604
198.101 12.5842 473.471 -0.0422358
198.157 12.5821 474.177 -0.0355487
198.213 12.5803 474.884 -0.0294458
198.27 12.5782 475.591 -0.0417171
198.326 12.5759 476.297 -0.0405146
198.382 12.5738 477.004 -0.0341446
198.438 12.572 477.71 -0.0283381
198.494 12.5709 478.416 -0.0166182
198.551 12.57 479.123 -0.0159218
198.607 12.5691 479.829 -0.0181257
198.663 12.5685 480.535 -0.0073002
198.719 12.5685 481.241 0.00519882
198.775 12.5691 481.947 0.0171615
198.831 12.5703 482.653 0.025367
198.888 12.5722 483.36 0.0377627
198.944 12.5742 484.066 0.0350139
199 12.5764 484.772 0.038628
199.056 12.579 485.479 0.0505831
199.112 12.5823 486.186 0.0666586
199.169 12.5864 486.893 0.0794722
199.225 12.5914 487.6 0.0923837
199.281 12.5969 488.308 0.10081
199.337 12.6028 489.016 0.108449
199.393 12.6093 489.724 0.122069
199.449 12.6165 490.432 0.129522
199.506 12.6242 491.141 0.144519
199.562 12.6332 491.851 0.166668
199.618 12.6431 492.561 0.183841
199.674 12.6539 493.272 0.194452
199.73 12.6653 493.983 0.210521
199.787 12.6773 494.695 0.217631
199.843 12.6899 495.408 0.226779
199.899 12.7032 496.121 0.244898
199.955 12.7173 496.835 0.25505
200.011 12.732 497.55 0.267142
200.067 12.7474 498.266 0.27782
200.124 12.7632 498.982 0.284007
200.18 12.7795 499.7 0.293048
200.236 12.7963 500.419 0.301744
200.292 12.8136 501.138 0.312863
200.348 12.8316 501.859 0.322671
200.404 12.85 502.58 0.330416
200.461 12.8686 503.303 0.332176
200.517 12.8874 504.026 0.334701
200.573 12.9062 504.751 0.33601
200.629 12.9249 505.476 0.328925
200.685 12.9432 506.203 0.322458
200.742 12.9611 506.931 0.317098
200.798 12.9785 507.66 0.306091
200.854 12.9955 508.389 0.299421
200.91 13.0122 509.12 0.294613
200.966 13.0283 509.852 0.28373
201.022 13.0438 510.584 0.268819
201.079 13.0585 511.317 0.256037
201.135 13.0722 512.051 0.233189
201.191 13.0844 512.786 0.206911
201.247 13.0951 513.522 0.1797
201.303 13.1042 514.258 0.151433
201.36 13.1118 514.994 0.121882
201.416 13.1177 515.731 0.0932542
201.472 13.1219 516.468 0.0643143
201.528 13.1245 517.205 0.0338082
201.584 13.1254 517.943 0.0033715
201.64 13.1244 518.68 -0.031466
201.697 13.1215 519.417 -0.0679953
201.753 13.1166 520.154 -0.101361
201.809 13.1097 520.891 -0.137124
201.865 13.1006 521.627 -0.175946
201.921 13.0895 522.363 -0.211964
201.978 13.0764 523.098 -0.249351
202.034 13.0611 523.832 -0.2893
202.09 13.0435 524.565 -0.327819
202.146 13.0237 525.297 -0.367294
202.202 13.0018 526.028 -0.402786
202.258 12.9782 526.758 -0.433827
202.315 12.9526 527.486 -0.467382
202.371 12.9251 528.213 -0.505658
202.427 12.8955 528.938 -0.539477
202.483 12.8641 529.661 -0.572576
202.539 12.8311 530.383 -0.600607
202.596 12.7963 531.103 -0.631632
202.652 12.7595 531.82 -0.666245
202.708 12.7208 532.536 -0.705468
202.764 12.6801 533.249 -0.731284
202.82 12.6381 533.96 -0.756041
202.876 12.5953 534.669 -0.763134
202.933 12.5522 535.375 -0.770704
202.989 12.5083 536.078 -0.787605
203.045 12.4636 536.78 -0.80291
203.101 12.4184 537.478 -0.802558
203.157 12.3733 538.175 -0.804071
203.213 12.3282 538.868 -0.80122
203.27 12.2834 539.559 -0.793663
203.326 12.2392 540.248 -0.779132
203.382 12.1959 540.934 -0.764834
203.438 12.1535 541.618 -0.747449
203.494 12.1127 542.299 -0.713403
203.551 12.0737 542.978 -0.682606
203.607 12.0366 543.655 -0.648363
203.663 12.001 544.33 -0.621585
203.719 11.9674 545.003 -0.582128
203.775 11.9362 545.675 -0.537192
203.831 11.9075 546.344 -0.491133
203.888 11.8816 547.012 -0.440835
203.944 11.8583 547.679 -0.398101
204 11.8376 548.344 -0.347389
204.056 11.8197 549.009 -0.298211
204.112 11.8047 549.672 -0.245923
204.169 11.7927 550.335 -0.193029
204.225 11.7836 550.997 -0.144772
204.281 11.7771 551.659 -0.0942335
204.337 11.7739 552.321 -0.0326736
204.393 11.7741 552.982 0.0277002
204.449 11.7772 553.644 0.07378
204.506 11.7827 554.305 0.113588
204.562 11.7906 554.968 0.159945
204.618 11.8011 555.63 0.206267
204.674 11.8144 556.294 0.257046
204.73 11.8303 556.958 0.300084
204.787 11.8484 557.623 0.336538
204.843 11.8683 558.29 0.363712
204.899 11.8896 558.957 0.389727
204.955 11.9125 559.626 0.415889
205.011 11.9367 560.296 0.441384
205.067 11.962 560.967 0.459253
205.124 11.9884 561.64 0.478744
205.18 12.0158 562.315 0.493003
205.236 12.044 562.991 0.505323
205.292 12.0727 563.668 0.515751
205.348 12.1019 564.347 0.51952
205.404 12.1311 565.028 0.517737
205.461 12.1597 565.711 0.505169
205.517 12.1877 566.395 0.498128
205.573 12.2151 567.08 0.481179
205.629 12.2418 567.768 0.470007
205.685 12.2678 568.456 0.460286
205.742 12.2929 569.146 0.436812
205.798 12.3167 569.838 0.41396
205.854 12.3393 570.53 0.394496
205.91 12.3609 571.224 0.374755
205.966 12.3813 571.92 0.355862
206.022 12.4004 572.616 0.330657
206.079 12.4182 573.313 0.306866
206.135 12.4346 574.011 0.281742
206.191 12.4494 574.71 0.251398
206.247 12.4624 575.41 0.215785
206.303 12.4734 576.111 0.184413
206.36 12.4826 576.812 0.147908
206.416 12.4899 577.513 0.116497
206.472 12.4954 578.215 0.0851205
206.528 12.499 578.917 0.0518067
206.584 12.5009 579.619 0.0179227
206.64 12.5007 580.322 -0.0149603
206.697 12.4986 581.024 -0.0517312
206.753 12.4946 581.726 -0.0824283
206.809 12.489 582.428 -0.112756
206.865 12.4816 583.129 -0.143798
206.921 12.4725 583.83 -0.173146
206.978 12.4619 584.53 -0.204407
207.034 12.4492 585.23 -0.236129
207.09 12.4353 585.929 -0.257424
207.146 12.4201 586.627 -0.277675
207.202 12.4038 587.324 -0.295471
207.258 12.3864 588.021 -0.3167
207.315 12.3682 588.716 -0.328437
207.371 12.3492 589.41 -0.343524
207.427 12.3296 590.103 -0.353133
207.483 12.3096 590.795 -0.357853
207.539 12.2892 591.486 -0.367484
207.596 12.2684 592.176 -0.372432
207.652 12.2474 592.864 -0.375316
207.708 12.2262 593.552 -0.374819
207.764 12.2052 594.238 -0.373016
207.82 12.1845 594.923 -0.365281
207.876 12.1639 595.607 -0.367557
207.933 12.1435 596.289 -0.36213
207.989 12.1236 596.971 -0.349425
208.045 12.1044 597.651 -0.33236
208.101 12.0862 598.331 -0.320378
208.157 12.0686 599.009 -0.306693
208.213 12.0518 599.687 -0.293323
208.27 12.0359 600.363 -0.277004
208.326 12.0211 601.039 -0.254739
208.382 12.0074 601.714 -0.233626
208.438 11.9949 602.388 -0.215861
208.494 11.9835 603.061 -0.194348
208.551 11.9733 603.734 -0.173254
208.607 11.9644 604.407 -0.148455
208.663 11.957 605.078 -0.120844
208.719 11.9509 605.75 -0.103272
208.775 11.9456 606.421 -0.0902888
208.831 11.9412 607.092 -0.0677601
208.888 11.9379 607.763 -0.0486899
208.944 11.936 608.433 -0.0255223
209 11.9351 609.104 -0.00857907
209.056 11.935 609.774 0.000249652
209.112 11.9353 610.445 0.00991286
209.169 11.9363 611.116 0.0238453
209.225 11.9382 611.786 0.0417451
209.281 11.9411 612.457 0.0551498
209.337 11.9444 613.128 0.0619484
209.393 11.9479 613.799 0.0636265
209.449 11.9516 614.47 0.0643395
209.506 11.9555 615.142 0.070507
209.562 11.9596 615.814 0.0779889
209.618 11.9643 616.486 0.0871988
209.674 11.9694 617.158 0.0921304
209.73 11.9744 617.831 0.0878144
209.787 11.9792 618.504 0.0819533
209.843 11.9838 619.177 0.0825258
209.899 11.9885 619.85 0.0872425
209.955 11.9937 620.524 0.0908265
210.011 11.9989 621.198 0.0950407
210.067 12.0041 621.872 0.0915451
210.124 12.0089 622.547 0.083123
210.18 12.0134 623.222 0.0783065
210.236 12.0173 623.897 0.0651193
210.292 12.0205 624.572 0.0518676
210.348 12.0231 625.247 0.0419219
210.404 12.0249 625.923 0.023509
210.461 12.0256 626.598 0.00295733
210.517 12.025 627.274 -0.0194505
210.573 12.0231 627.949 -0.0437053
210.629 12.0197 628.625 -0.0707503
210.685 12.0149 629.3 -0.096416
210.742 12.0087 629.975 -0.120262
210.798 12.0008 630.649 -0.156638
210.854 11.991 631.323 -0.184831
210.91 11.9796 631.996 -0.214602
210.966 11.9667 632.669 -0.240652
211.022 11.9522 633.341 -0.269045
211.079 11.936 634.011 -0.302446
211.135 11.9177 634.681 -0.340484
211.191 11.8975 635.35 -0.373174
211.247 11.8754 636.018 -0.406911
211.303 11.8515 636.684 -0.437322
211.36 11.8262 637.349 -0.459922
211.416 11.7994 638.013 -0.487695
211.472 11.7712 638.675 -0.509965
211.528 11.7417 639.335 -0.534378
211.584 11.711 639.994 -0.555838
211.64 11.6792 640.651 -0.573801
211.697 11.6464 641.306 -0.592456
211.753 11.6125 641.959 -0.608045
211.809 11.5778 642.61 -0.624907
211.865 11.5425 643.259 -0.631159
211.921 11.5067 643.906 -0.643536
211.978 11.4701 644.552 -0.656688
212.034 11.4332 645.195 -0.65714
212.09 11.3965 645.836 -0.652128
212.146 11.36 646.475 -0.648982
212.202 11.3236 647.112 -0.650696
212.258 11.287 647.747 -0.648148
212.315 11.2507 648.38 -0.641673
212.371 11.215 649.011 -0.62952
212.427 11.1801 649.639 -0.613247
212.483 11.146 650.266 -0.602175
212.539 11.1128 650.891 -0.58366
212.596 11.0806 651.515 -0.565388
212.652 11.0495 652.136 -0.547548
212.708 11.0195 652.756 -0.523449
212.764 10.9913 653.374 -0.487832
212.82 10.965 653.991 -0.456203
212.876 10.9407 654.606 -0.418639
212.933 10.9183 655.22 -0.383179
212.989 10.8981 655.832 -0.343791
213.045 10.8802 656.444 -0.302232
213.101 10.8648 657.055 -0.254704
213.157 10.852 657.665 -0.209925
213.213 10.8421 658.274 -0.155103
213.27 10.8352 658.883 -0.100785
213.326 10.8313 659.491 -0.0462842
213.382 10.8308 660.1 0.0162917
213.438 10.8337 660.708 0.0729087
213.494 10.8399 661.317 0.133443
213.551 10.8493 661.926 0.192485
213.607 10.8622 662.536 0.25219
213.663 10.8786 663.147 0.317623
213.719 10.8984 663.759 0.377672
213.775 10.9215 664.372 0.430209
213.831 10.9474 664.986 0.482142
213.888 10.9763 665.602 0.536546
213.944 11.0084 666.22 0.591501
214 11.0437 666.84 0.652621
214.056 11.0822 667.461 0.707366
214.112 11.1236 668.085 0.756168
214.169 11.1676 668.712 0.797216
214.225 11.2134 669.341 0.82509
214.281 11.2608 669.972 0.856698
214.337 11.3098 670.607 0.883773
214.393 11.3605 671.244 0.911227
214.449 11.4124 671.884 0.932316
214.506 11.4653 672.527 0.94792
214.562 11.519 673.173 0.961359
214.618 11.5728 673.821 0.958853
214.674 11.6268 674.473 0.958859
214.73 11.6805 675.128 0.953894
214.787 11.7337 675.786 0.944067
214.843 11.7861 676.447 0.925546
214.899 11.8373 677.111 0.903796
214.955 11.8872 677.778 0.878166
215.011 11.9356 678.447 0.849744
215.067 11.9823 679.12 0.819922
215.124 12.0266 679.794 0.772119
215.18 12.0688 680.471 0.736573
215.236 12.1089 681.151 0.699817
215.292 12.147 681.832 0.663547
215.348 12.1831 682.516 0.629712
215.404 12.2174 683.202 0.595303
215.461 12.2497 683.889 0.561462
215.517 12.2801 684.578 0.52757
215.573 12.3084 685.269 0.488692
215.629 12.3345 685.961 0.448614
215.685 12.3585 686.655 0.410221
215.742 12.3806 687.35 0.381964
215.798 12.4008 688.046 0.344695
215.854 12.4191 688.744 0.314076
215.91 12.4358 689.442 0.287931
215.966 12.4509 690.141 0.254868
216.022 12.4641 690.841 0.220608
216.079 12.4752 691.542 0.182203
216.135 12.484 692.243 0.140026
216.191 12.4905 692.945 0.0985874
216.247 12.4949 693.646 0.0658589
216.303 12.4975 694.348 0.0352162
216.36 12.4985 695.051 0.00603843
216.416 12.4978 695.753 -0.0251407
216.472 12.4951 696.455 -0.0643628
216.528 12.4901 697.157 -0.104308
216.584 12.4832 697.858 -0.13778
216.64 12.4742 698.559 -0.171619
216.697 12.4635 699.26 -0.202563
216.753 12.4514 699.959 -0.227859
216.809 12.4375 700.658 -0.255685
216.865 12.4224 701.357 -0.279146
216.921 12.4061 702.054 -0.298095
216.978 12.3884 702.75 -0.327303
217.034 12.3691 703.446 -0.352538
217.09 12.3487 704.14 -0.370603
217.146 12.3271 704.833 -0.391169
217.202 12.3048 705.525 -0.406061
217.258 12.2817 706.215 -0.413447
217.315 12.2581 706.904 -0.422813
217.371 12.2342 707.592 -0.428579
217.427 12.2098 708.279 -0.436245
217.483 12.1851 708.964 -0.442341
217.539 12.16 709.648 -0.452211
217.596 12.1344 710.33 -0.45853
217.652 12.1085 711.011 -0.460571
217.708 12.0827 711.69 -0.457128
217.764 12.0575 712.368 -0.441571
217.82 12.033 713.045 -0.432646
217.876 12.009 713.72 -0.422808
217.933 11.9857 714.394 -0.409859
217.989 11.9629 715.066 -0.399666
218.045 11.9408 715.738 -0.38901
218.101 11.9194 716.408 -0.373387
218.157 11.899 717.077 -0.359938
218.213 11.8793 717.744 -0.345388
218.27 11.8603 718.411 -0.332686
218.326 11.842 719.077 -0.319216
218.382 11.8247 719.742 -0.304165
218.438 11.8083 720.405 -0.282617
218.494 11.7932 721.068 -0.26089
218.551 11.7793 721.73 -0.238952
218.607 11.7666 722.392 -0.215058
218.663 11.7553 723.052 -0.192163
218.719 11.7455 723.712 -0.161761
218.775 11.7374 724.372 -0.134516
218.831 11.7306 725.031 -0.114536
218.888 11.7248 725.69 -0.0924708
218.944 11.7204 726.348 -0.0724034
219 11.717 727.007 -0.0559244
219.056 11.7147 727.665 -0.0290656
219.112 11.7139 728.323 -0.00290608
219.169 11.7144 728.981 0.0169665
219.225 11.7162 729.639 0.0385136
219.281 11.719 730.298 0.0587228
219.337 11.7227 730.956 0.0703947
219.393 11.7274 731.615 0.0906903
219.449 11.7333 732.274 0.113384
219.506 11.7402 732.933 0.130361
219.562 11.7483 733.593 0.152784
219.618 11.7576 734.253 0.174071
219.674 11.7677 734.914 0.181089
219.73 11.778 735.576 0.184944
219.787 11.7888 736.238 0.195939
219.843 11.8001 736.9 0.207687
219.899 11.8118 737.564 0.210131
219.955 11.8238 738.228 0.21843
220.011 11.8362 738.892 0.220643
220.067 11.8487 739.558 0.221168
220.124 11.8611 740.224 0.220912
220.18 11.8734 740.891 0.218319
220.236 11.8856 741.558 0.214254
220.292 11.8973 742.226 0.205633
220.348 11.9084 742.895 0.192461
220.404 11.9188 743.564 0.179277
220.461 11.9286 744.234 0.169598
220.517 11.9375 744.905 0.151661
220.573 11.9455 745.576 0.133914
220.629 11.9523 746.247 0.115426
220.685 11.958 746.919 0.0931092
220.742 11.9625 747.591 0.0709273
220.798 11.9655 748.263 0.0407075
220.854 11.9667 748.935 0.0109964
220.91 11.9665 749.607 -0.0150529
220.966 11.9646 750.28 -0.0454772
221.022 11.9609 750.952 -0.0785827
221.079 11.9552 751.623 -0.116688
221.135 11.9474 752.295 -0.153476
221.191 11.9373 752.966 -0.196763
221.247 11.925 753.636 -0.234937
221.303 11.9106 754.305 -0.270633
221.36 11.8941 754.974 -0.30998
221.416 11.8754 755.641 -0.349013
221.472 11.8548 756.308 -0.376979
221.528 11.8325 756.973 -0.410752
221.584 11.8084 757.637 -0.442857
221.64 11.7828 758.3 -0.463688
221.697 11.7554 758.961 -0.497189
221.753 11.7266 759.62 -0.524289
221.809 11.6965 760.278 -0.540602
221.865 11.6654 760.934 -0.559554
221.921 11.6334 761.588 -0.576319
221.978 11.6008 762.241 -0.58228
222.034 11.5677 762.891 -0.590994
222.09 11.5344 763.54 -0.597595
222.146 11.5008 764.187 -0.595238
222.202 11.4675 764.832 -0.59121
222.258 11.4345 765.475 -0.589827
222.315 11.4021 766.116 -0.570119
222.371 11.3706 766.756 -0.551631
222.427 11.3402 767.394 -0.536187
222.483 11.3109 768.03 -0.512226
222.539 11.2831 768.664 -0.480896
222.596 11.2572 769.297 -0.45039
222.652 11.233 769.929 -0.414358
222.708 11.211 770.559 -0.372893
222.764 11.1914 771.188 -0.336242
222.82 11.1737 771.817 -0.299542
222.876 11.1583 772.444 -0.25542
222.933 11.1455 773.07 -0.211878
222.989 11.1351 773.696 -0.168232
223.045 11.1271 774.321 -0.123438
223.101 11.122 774.946 -0.0714035
223.157 11.1196 775.571 -0.0260813
223.213 11.1196 776.196 0.0171516
223.27 11.1223 776.82 0.070312
223.326 11.1281 777.445 0.12251
223.382 11.1363 778.071 0.162823
223.438 11.1469 778.697 0.20231
223.494 11.1598 779.323 0.250621
223.551 11.1756 779.951 0.299308
223.607 11.1938 780.579 0.337678
223.663 11.2139 781.209 0.372281
223.719 11.236 781.84 0.40652
223.775 11.2602 782.472 0.444582
223.831 11.2863 783.105 0.478435
223.888 11.3139 783.74 0.497902
223.944 11.3429 784.377 0.525024
224 11.3732 785.015 0.547678
224.056 11.4044 785.655 0.563016
224.112 11.4365 786.297 0.573795
224.169 11.4691 786.94 0.582415
224.225 11.5019 787.586 0.583718
224.281 11.5346 788.233 0.58147
224.337 11.5673 788.882 0.583567
224.393 11.6001 789.533 0.581164
224.449 11.6326 790.186 0.573057
224.506 11.6643 790.841 0.557463
224.562 11.695 791.497 0.541424
224.618 11.7249 792.155 0.527311
224.674 11.7541 792.815 0.510518
224.73 11.782 793.476 0.486821
224.787 11.8084 794.139 0.457065
224.843 11.8331 794.803 0.43007
224.899 11.8562 795.468 0.397793
224.955 11.8775 796.135 0.366297
225.011 11.8969 796.803 0.331422
225.067 11.9142 797.472 0.290515
225.124 11.9292 798.142 0.248943
225.18 11.9417 798.813 0.20991
225.236 11.9521 799.484 0.167589
225.292 11.96 800.156 0.122444
225.348 11.9653 800.828 0.0791249
225.404 11.9684 801.5 0.0388603
225.461 11.9694 802.172 0.00331826
225.517 11.9683 802.845 -0.0351486
225.573 11.9649 803.517 -0.0764148
225.629 11.959 804.189 -0.12364
225.685 11.9506 804.861 -0.163189
225.742 11.9401 805.532 -0.202329
225.798 11.9276 806.202 -0.238378
225.854 11.9132 806.872 -0.267116
225.91 11.897 807.541 -0.298808
225.966 11.8792 808.208 -0.328928
226.022 11.86 808.875 -0.351434
226.079 11.8395 809.541 -0.373131
226.135 11.8182 810.205 -0.382955
226.191 11.7965 810.868 -0.389966
226.247 11.7741 811.53 -0.403295
226.303 11.7511 812.191 -0.411589
226.36 11.7278 812.85 -0.418101
226.416 11.7042 813.508 -0.419472
226.472 11.681 814.165 -0.407541
226.528 11.6586 814.821 -0.394259
226.584 11.6367 815.475 -0.38363
226.64 11.6159 816.128 -0.364439
226.697 11.5959 816.78 -0.347401
226.753 11.5767 817.431 -0.337807
226.809 11.5581 818.08 -0.326102
226.865 11.5404 818.729 -0.30182
226.921 11.5242 819.377 -0.280836
226.978 11.5094 820.024 -0.253129
227.034 11.4958 820.67 -0.231668
227.09 11.4835 821.315 -0.209768
227.146 11.4724 821.96 -0.189844
227.202 11.4624 822.604 -0.171927
227.258 11.4534 823.248 -0.151966
227.315 11.4453 823.891 -0.138575
227.371 11.4381 824.534 -0.121203
227.427 11.4316 825.176 -0.112947
227.483 11.4256 825.818 -0.103047
227.539 11.4202 826.46 -0.091536
227.596 11.4153 827.101 -0.0814353
227.652 11.4113 827.743 -0.067167
227.708 11.4078 828.383 -0.0582801
227.764 11.4046 829.024 -0.054393
227.82 11.4018 829.665 -0.0492479
227.876 11.3992 830.305 -0.04395
227.933 11.3969 830.946 -0.0381295
227.989 11.395 831.586 -0.0294677
228.045 11.3937 832.226 -0.0197545
228.101 11.3927 832.866 -0.017248
228.157 11.3918 833.506 -0.0146514
228.213 11.391 834.146 -0.0112245
228.27 11.3906 834.786 -0.00476687
228.326 11.3907 835.426 0.00611649
228.382 11.3912 836.066 0.0100328
228.438 11.3917 836.706 0.010278
228.494 11.3922 837.346 0.00627742
228.551 11.3923 837.986 -0.000357183
228.607 11.3921 838.626 -0.00581602
228.663 11.3917 839.266 -0.0105535
228.719 11.3909 839.906 -0.0170296
228.775 11.3896 840.546 -0.0239031
228.831 11.3883 841.185 -0.0284997
228.888 11.3862 841.825 -0.0413187
228.944 11.3837 842.465 -0.0465922
229 11.3812 843.104 -0.0470581
229.056 11.3785 843.744 -0.0504723
229.112 11.3753 844.383 -0.0629577
229.169 11.3713 845.022 -0.0782462
229.225 11.3666 845.66 -0.0873249
229.281 11.3612 846.299 -0.101371
229.337 11.355 846.937 -0.117775
229.393 11.348 847.574 -0.130266
229.449 11.3399 848.212 -0.151464
229.506 11.3309 848.848 -0.167276
229.562 11.321 849.485 -0.1795
229.618 11.3104 850.12 -0.19408
229.674 11.299 850.755 -0.205716
229.73 11.2875 851.39 -0.20733
229.787 11.2756 852.024 -0.214888
229.843 11.2635 852.657 -0.215599
229.899 11.2511 853.289 -0.221647
229.955 11.2385 853.921 -0.226291
230.011 11.2257 854.552 -0.229762
230.067 11.2128 855.182 -0.228122
230.124 11.1999 855.811 -0.229815
230.18 11.1871 856.44 -0.224702
230.236 11.1747 857.068 -0.21915
230.292 11.1625 857.695 -0.214266
230.348 11.1509 858.322 -0.200419
230.404 11.1402 858.948 -0.183001
230.461 11.1304 859.574 -0.171329
230.517 11.1212 860.199 -0.160286
230.573 11.1129 860.823 -0.135389
230.629 11.1061 861.447 -0.113424
230.685 11.1004 862.071 -0.0912224
230.742 11.0961 862.695 -0.0639325
230.798 11.0934 863.318 -0.0365692
230.854 11.0924 863.941 -0.00766901
230.91 11.0928 864.564 0.0189652
230.966 11.0947 865.187 0.0457812
231.022 11.0983 865.811 0.0758445
231.079 11.1037 866.435 0.111708
231.135 11.111 867.059 0.141607
231.191 11.12 867.683 0.172702
231.247 11.131 868.308 0.213127
231.303 11.1441 868.934 0.241578
231.36 11.1587 869.561 0.274329
231.416 11.175 870.188 0.302095
231.472 11.1929 870.816 0.329456
231.528 11.2121 871.446 0.348326
231.584 11.2326 872.076 0.375409
231.64 11.2543 872.708 0.391609
231.697 11.2767 873.341 0.403915
231.753 11.2998 873.975 0.418071
231.809 11.3239 874.611 0.435174
231.865 11.3489 875.248 0.451386
231.921 11.3746 875.887 0.462898
231.978 11.401 876.526 0.474154
232.034 11.4281 877.168 0.484324
232.09 11.4556 877.811 0.490624
232.146 11.4833 878.455 0.494764
232.202 11.5113 879.101 0.501108
232.258 11.5396 879.749 0.502348
232.315 11.5675 880.398 0.494878
232.371 11.5952 881.049 0.491296
232.427 11.6228 881.701 0.489472
232.483 11.6502 882.355 0.49032
232.539 11.6777 883.011 0.488109
232.596 11.7049 883.668 0.479912
232.652 11.7313 884.326 0.462601
232.708 11.7571 884.986 0.459127
232.764 11.7826 885.648 0.451899
232.82 11.8076 886.31 0.443247
232.876 11.8323 886.974 0.437533
232.933 11.8566 887.64 0.429352
232.989 11.8805 888.307 0.4252
233.045 11.9041 888.975 0.414803
233.101 11.9272 889.645 0.410644
233.157 11.95 890.316 0.402046
233.213 11.9724 890.988 0.39659
233.27 11.9946 891.661 0.390993
233.326 12.0163 892.336 0.382665
233.382 12.0375 893.011 0.373309
233.438 12.0583 893.688 0.370706
233.494 12.079 894.367 0.366552
233.551 12.0995 895.046 0.362031
233.607 12.1199 895.726 0.366805
233.663 12.1407 896.408 0.369144
233.719 12.1616 897.091 0.377015
233.775 12.1831 897.775 0.385384
233.831 12.205 898.46 0.391689
233.888 12.2271 899.146 0.393337
233.944 12.2494 899.834 0.404987
234 12.2726 900.523 0.418951
234.056 12.2965 901.213 0.42637
234.112 12.3208 901.905 0.437801
234.169 12.3456 902.598 0.445584
234.225 12.371 903.292 0.455813
234.281 12.3971 903.988 0.470603
234.337 12.424 904.685 0.482898
234.393 12.4515 905.384 0.491906
234.449 12.4793 906.085 0.49678
234.506 12.5071 906.787 0.495615
234.562 12.535 907.49 0.496985
234.618 12.5631 908.195 0.504224
234.674 12.5915 908.902 0.506067
234.73 12.62 909.611 0.508043
234.787 12.6491 910.321 0.523073
234.843 12.6782 911.032 0.51713
234.899 12.7073 911.745 0.513685
234.955 12.736 912.46 0.510361
235.011 12.7644 913.177 0.50426
235.067 12.7925 913.895 0.497015
235.124 12.8203 914.614 0.493409
235.18 12.8479 915.336 0.49242
235.236 12.8757 916.058 0.492839
235.292 12.9034 916.783 0.494572
235.348 12.9309 917.508 0.48706
235.404 12.958 918.236 0.47665
235.461 12.9843 918.965 0.464032
235.517 13.0096 919.695 0.445444
235.573 13.034 920.427 0.424145
235.629 13.0571 921.16 0.404876
235.685 13.0792 921.894 0.385702
235.742 13.1004 922.629 0.369595
235.798 13.1206 923.366 0.352247
235.854 13.1395 924.104 0.323662
235.91 13.1566 924.843 0.291412
235.966 13.172 925.582 0.262731
236.022 13.1856 926.323 0.230721
236.079 13.1977 927.064 0.203958
236.135 13.2082 927.806 0.178584
236.191 13.2171 928.548 0.143929
236.247 13.2241 929.291 0.111479
236.303 13.2293 930.034 0.0807422
236.36 13.2328 930.777 0.0519641
236.416 13.2348 931.521 0.0222654
236.472 13.2354 932.264 0.000179303
236.528 13.2343 933.008 -0.0332661
236.584 13.2315 933.751 -0.0585251
236.64 13.2276 934.495 -0.0762021
236.697 13.2225 935.238 -0.0993185
236.753 13.2162 935.98 -0.122933
236.809 13.2085 936.722 -0.144943
236.865 13.1997 937.464 -0.163522
236.921 13.1901 938.205 -0.177824
236.978 13.1796 938.946 -0.189926
237.034 13.1683 939.686 -0.209741
237.09 13.1559 940.425 -0.226166
237.146 13.1428 941.164 -0.239402
237.202 13.129 941.902 -0.24736
237.258 13.1149 942.639 -0.25533
237.315 13.1005 943.375 -0.258386
237.371 13.0857 944.111 -0.263971
237.427 13.0709 944.846 -0.264131
237.483 13.056 945.579 -0.264071
237.539 13.0411 946.312 -0.264265
237.596 13.0263 947.045 -0.261097
237.652 13.0119 947.776 -0.253441
237.708 12.9977 948.506 -0.251861
237.764 12.9839 949.236 -0.2444
237.82 12.9704 949.965 -0.236143
237.876 12.9571 950.693 -0.236114
237.933 12.9439 951.421 -0.235163
237.989 12.9308 952.148 -0.233525
238.045 12.9177 952.874 -0.230562
238.101 12.9051 953.599 -0.223463
238.157 12.8929 954.323 -0.212694
238.213 12.8811 955.047 -0.207969
238.27 12.8695 955.771 -0.205149
238.326 12.8581 956.493 -0.201356
238.382 12.8467 957.215 -0.204604
238.438 12.835 957.937 -0.211155
238.494 12.8229 958.657 -0.216756
238.551 12.8105 959.377 -0.223011
238.607 12.7978 960.096 -0.227187
238.663 12.7851 960.815 -0.22892
238.719 12.7721 961.533 -0.230868
238.775 12.759 962.25 -0.23522
238.831 12.7458 962.966 -0.237803
238.888 12.7318 963.682 -0.254464
238.944 12.7172 964.397 -0.264986
239 12.7022 965.111 -0.267978
239.056 12.6869 965.824 -0.273329
239.112 12.6716 966.536 -0.274684
239.169 12.656 967.247 -0.279672
239.225 12.64 967.958 -0.286449
239.281 12.6238 968.667 -0.292209
239.337 12.6073 969.376 -0.294671
239.393 12.5903 970.084 -0.306024
239.449 12.5729 970.79 -0.309255
239.506 12.5555 971.496 -0.309714
239.562 12.5381 972.201 -0.309685
239.618 12.5206 972.905 -0.314346
239.674 12.5029 973.608 -0.314447
239.73 12.4852 974.309 -0.316765
239.787 12.4673 975.01 -0.320493
239.843 12.4491 975.71 -0.323737
239.899 12.4307 976.409 -0.331786
239.955 12.4119 977.106 -0.337633
240.011 12.3927 977.803 -0.343888
240.067 12.3735 978.499 -0.339396
240.124 12.3543 979.193 -0.344822
240.18 12.3347 979.887 -0.349333
240.236 12.3148 980.579 -0.354613
240.292 12.2948 981.27 -0.356051
240.348 12.275 981.96 -0.349136
240.404 12.2556 982.649 -0.343512
240.461 12.2366 983.337 -0.33654
240.517 12.218 984.024 -0.326551
240.573 12.2 984.71 -0.316778
240.629 12.1827 985.394 -0.300548
240.685 12.1665 986.078 -0.279954
240.742 12.1513 986.761 -0.265817
240.798 12.1369 987.443 -0.251542
240.854 12.1236 988.125 -0.226271
240.91 12.1117 988.805 -0.204926
240.966 12.1011 989.486 -0.177558
241.022 12.092 990.165 -0.148305
241.079 12.0844 990.844 -0.127056
241.135 12.0782 991.523 -0.0967109
241.191 12.0737 992.201 -0.0741811
241.247 12.0705 992.879 -0.0451106
241.303 12.0689 993.557 -0.0180535
241.36 12.0688 994.235 0.00972297
241.416 12.0702 994.914 0.0346968
241.472 12.0729 995.592 0.0553542
241.528 12.0766 996.27 0.0716183
241.584 12.0811 996.949 0.0893533
241.64 12.087 997.628 0.113717
241.697 12.094 998.307 0.134075
241.753 12.102 998.987 0.148609
241.809 12.1109 999.667 0.161935
241.865 12.1206 1000.35 0.180208
241.921 12.1312 1001.03 0.198669
241.978 12.1428 1001.71 0.211569
242.034 12.1553 1002.39 0.229073
242.09 12.1686 1003.08 0.242444
242.146 12.1825 1003.76 0.249082
242.202 12.1966 1004.45 0.254188
242.258 12.2109 1005.13 0.255625
242.315 12.2255 1005.82 0.262467
242.371 12.2407 1006.51 0.275574
242.427 12.2564 1007.19 0.282796
242.483 12.2725 1007.88 0.284559
242.539 12.2883 1008.57 0.282332
242.596 12.304 1009.26 0.277014
242.652 12.3194 1009.96 0.271117
242.708 12.3345 1010.65 0.265572
242.764 12.3492 1011.34 0.260618
242.82 12.3637 1012.04 0.256258
242.876 12.378 1012.73 0.251812
242.933 12.3918 1013.43 0.240984
242.989 12.405 1014.12 0.232165
243.045 12.418 1014.82 0.230804
243.101 12.4309 1015.52 0.228535
243.157 12.4437 1016.22 0.227803
243.213 12.4563 1016.92 0.221009
243.27 12.4683 1017.62 0.210519
243.326 12.4798 1018.32 0.202283
243.382 12.4911 1019.02 0.200958
243.438 12.5023 1019.72 0.200996
243.494 12.5139 1020.42 0.209655
243.551 12.5258 1021.13 0.212845
243.607 12.5377 1021.83 0.211787
243.663 12.5494 1022.54 0.204883
243.719 12.5608 1023.24 0.201986
243.775 12.5721 1023.95 0.20065
243.831 12.5834 1024.65 0.200705
243.888 12.5947 1025.36 0.203636
243.944 12.6063 1026.07 0.209428
244 12.6182 1026.78 0.211555
244.056 12.6303 1027.49 0.218705
244.112 12.6427 1028.2 0.222867
244.169 12.6555 1028.91 0.228436
244.225 12.6688 1029.62 0.240308
244.281 12.6825 1030.33 0.248444
244.337 12.6967 1031.04 0.256289
244.393 12.7114 1031.76 0.263795
244.449 12.7264 1032.47 0.266285
244.506 12.7416 1033.19 0.272955
244.562 12.7572 1033.91 0.282335
244.618 12.7734 1034.62 0.293359
244.674 12.7904 1035.34 0.309262
244.73 12.8084 1036.06 0.325531
244.787 12.827 1036.78 0.335764
244.843 12.8463 1037.5 0.346895
244.899 12.8664 1038.22 0.365246
244.955 12.8873 1038.95 0.376122
245.011 12.9089 1039.67 0.389377
245.067 12.9313 1040.4 0.4044
245.124 12.9543 1041.13 0.414306
245.18 12.9777 1041.85 0.418268
245.236 13.0015 1042.58 0.426648
245.292 13.0254 1043.31 0.425208
245.348 13.0498 1044.05 0.433853
245.404 13.0744 1044.78 0.439028
245.461 13.0988 1045.52 0.437184
245.517 13.1234 1046.25 0.437337
245.573 13.1483 1046.99 0.445306
245.629 13.1732 1047.73 0.440784
245.685 13.198 1048.47 0.444177
245.742 13.2231 1049.21 0.449324
245.798 13.2482 1049.96 0.443524
245.854 13.2731 1050.7 0.442403
245.91 13.298 1051.45 0.443895
245.966 13.3227 1052.2 0.437392
246.022 13.3471 1052.95 0.430274
246.079 13.371 1053.7 0.425775
246.135 13.3946 1054.45 0.416234
246.191 13.4178 1055.2 0.409696
246.247 13.4404 1055.96 0.397997
246.303 13.4622 1056.71 0.381639
246.36 13.4832 1057.47 0.367184
246.416 13.5033 1058.23 0.349335
246.472 13.5222 1058.99 0.329132
246.528 13.54 1059.75 0.310184
246.584 13.5569 1060.51 0.29602
246.64 13.573 1061.27 0.281788
246.697 13.5883 1062.03 0.26358
246.753 13.6026 1062.8 0.251721
246.809 13.6162 1063.56 0.235458
246.865 13.6287 1064.33 0.211486
246.921 13.6401 1065.09 0.195574
246.978 13.6503 1065.86 0.175202
247.034 13.6596 1066.63 0.158063
247.09 13.6681 1067.4 0.147277
247.146 13.676 1068.16 0.137581
247.202 13.6833 1068.93 0.12369
247.258 13.69 1069.7 0.117936
247.315 13.6962 1070.47 0.107585
247.371 13.7019 1071.24 0.0941967
247.427 13.7067 1072.01 0.08438
247.483 13.711 1072.78 0.072688
247.539 13.7148 1073.55 0.0630382
247.596 13.7181 1074.32 0.0564529
247.652 13.7209 1075.09 0.0477503
247.708 13.7231 1075.86 0.0315663
247.764 13.725 1076.63 0.0335715
247.82 13.7264 1077.41 0.0236944
247.876 13.7274 1078.18 0.0126091
247.933 13.728 1078.95 0.00632516
247.989 13.7275 1079.72 -0.0155333
248.045 13.726 1080.49 -0.0369286
248.101 13.7231 1081.26 -0.0611222
248.157 13.7187 1082.03 -0.0888296
248.213 13.7129 1082.8 -0.114024
248.27 13.7058 1083.57 -0.133886
248.326 13.6974 1084.34 -0.158932
248.382 13.6873 1085.11 -0.195598
248.438 13.6751 1085.88 -0.230431
248.494 13.6608 1086.65 -0.271499
248.551 13.6443 1087.41 -0.306623
248.607 13.6262 1088.18 -0.334129
248.663 13.6062 1088.95 -0.370589
248.719 13.5843 1089.71 -0.401648
248.775 13.5609 1090.47 -0.424548
248.831 13.536 1091.23 -0.453906
248.888 13.5097 1091.99 -0.479755
248.944 13.4821 1092.75 -0.498013
249 13.4534 1093.51 -0.518428
249.056 13.4237 1094.26 -0.537189
249.112 13.393 1095.01 -0.552839
249.169 13.3614 1095.77 -0.567353
249.225 13.3291 1096.52 -0.582311
249.281 13.2961 1097.26 -0.590087
249.337 13.2628 1098.01 -0.594175
249.393 13.2291 1098.75 -0.605654
249.449 13.195 1099.5 -0.608356
249.506 13.1606 1100.24 -0.612571
249.562 13.1262 1100.97 -0.613126
249.618 13.0919 1101.71 -0.608341
249.674 13.0576 1102.44 -0.611584
249.73 13.0231 1103.18 -0.614556
249.787 12.9888 1103.91 -0.609603
249.843 12.9546 1104.64 -0.606488
249.899 12.9208 1105.36 -0.596162
249.955 12.8877 1106.09 -0.588923
250.011 12.8545 1106.81 -0.588465
250.067 12.8217 1107.53 -0.580393
250.124 12.7897 1108.25 -0.564099
250.18 12.7586 1108.97 -0.545146
250.236 12.7287 1109.68 -0.526915
250.292 12.6996 1110.4 -0.508285
250.348 12.6716 1111.11 -0.492296
250.404 12.6449 1111.82 -0.467381
250.461 12.6193 1112.53 -0.447207
250.517 12.5949 1113.24 -0.425572
250.573 12.5718 1113.95 -0.400122
250.629 12.55 1114.65 -0.380669
250.685 12.5291 1115.36 -0.364875
250.742 12.5094 1116.06 -0.345435
250.798 12.4904 1116.76 -0.332695
250.854 12.4723 1117.46 -0.314142
250.91 12.4551 1118.16 -0.301453
250.966 12.4387 1118.86 -0.283995
251.022 12.4232 1119.56 -0.271016
251.079 12.4085 1120.26 -0.25772
251.135 12.3944 1120.95 -0.244088
251.191 12.3809 1121.65 -0.235736
251.247 12.3682 1122.34 -0.222415
251.303 12.3561 1123.04 -0.214788
251.36 12.3439 1123.73 -0.218029
251.416 12.3318 1124.43 -0.213506
251.472 12.3202 1125.12 -0.199411
251.528 12.3092 1125.81 -0.194267
251.584 12.2986 1126.5 -0.188699
251.64 12.2881 1127.19 -0.187464
251.697 12.2774 1127.88 -0.191445
251.753 12.2664 1128.57 -0.198572
251.809 12.2553 1129.26 -0.195013
251.865 12.2446 1129.95 -0.188385
251.921 12.234 1130.64 -0.189124
251.978 12.2234 1131.32 -0.183516
252.034 12.2134 1132.01 -0.176146
252.09 12.2038 1132.69 -0.16942
252.146 12.1946 1133.38 -0.159672
252.202 12.1858 1134.06 -0.152764
252.258 12.1774 1134.75 -0.147898
252.315 12.1694 1135.43 -0.140687
252.371 12.1619 1136.12 -0.124491
252.427 12.1555 1136.8 -0.10883
252.483 12.1502 1137.48 -0.0851193
252.539 12.1457 1138.16 -0.0753129
252.596 12.1417 1138.85 -0.0696032
252.652 12.1383 1139.53 -0.0535696
252.708 12.1357 1140.21 -0.0417985
252.764 12.134 1140.89 -0.0218664
252.82 12.1335 1141.57 0.0011816
252.876 12.1342 1142.26 0.0186489
252.933 12.1356 1142.94 0.0281952
252.989 12.1376 1143.62 0.0390644
253.045 12.14 1144.3 0.0475606
253.101 12.1432 1144.98 0.061932
253.157 12.1473 1145.67 0.0805194
253.213 12.1523 1146.35 0.0967135
253.27 12.1583 1147.03 0.111358
253.326 12.1651 1147.71 0.126857
253.382 12.1726 1148.4 0.138276
253.438 12.1807 1149.08 0.147341
253.494 12.1894 1149.77 0.160868
253.551 12.1986 1150.45 0.167208
253.607 12.2084 1151.14 0.179153
253.663 12.2188 1151.82 0.189989
253.719 12.23 1152.51 0.204142
253.775 12.2417 1153.2 0.213204
253.831 12.2542 1153.89 0.226265
253.888 12.267 1154.57 0.232848
253.944 12.2804 1155.26 0.241384
254 12.2943 1155.95 0.249458
254.056 12.3084 1156.65 0.253594
254.112 12.3231 1157.34 0.263757
254.169 12.3382 1158.03 0.272475
254.225 12.3537 1158.72 0.276385
254.281 12.3692 1159.42 0.275317
254.337 12.3847 1160.11 0.276096
254.393 12.4001 1160.81 0.2733
254.449 12.4154 1161.51 0.272292
254.506 12.4308 1162.21 0.274483
254.562 12.4462 1162.9 0.274936
254.618 12.4617 1163.6 0.273557
254.674 12.4771 1164.31 0.275438
254.73 12.4925 1165.01 0.273238
254.787 12.5074 1165.71 0.263801
254.843 12.522 1166.41 0.257409
254.899 12.5363 1167.12 0.252754
254.955 12.5503 1167.82 0.244653
255.011 12.5639 1168.53 0.240301
255.067 12.577 1169.23 0.230618
255.124 12.5896 1169.94 0.219453
255.18 12.6018 1170.65 0.214433
255.236 12.6135 1171.36 0.205298
255.292 12.6246 1172.06 0.192337
255.348 12.6352 1172.77 0.185061
255.404 12.6453 1173.48 0.178892
255.461 12.6551 1174.2 0.169195
255.517 12.6644 1174.91 0.161754
255.573 12.6731 1175.62 0.151701
255.629 12.6814 1176.33 0.144677
255.685 12.6894 1177.04 0.139362
255.742 12.6969 1177.76 0.130593
255.798 12.704 1178.47 0.121018
255.854 12.7107 1179.18 0.117224
255.91 12.717 1179.9 0.110907
255.966 12.7231 1180.61 0.105914
256.022 12.7291 1181.33 0.108746
256.079 12.7355 1182.04 0.114779
256.135 12.742 1182.76 0.115171
256.191 12.7485 1183.47 0.116352
256.247 12.7548 1184.19 0.10877
256.303 12.7608 1184.91 0.105336
256.36 12.7667 1185.63 0.10357
256.416 12.7723 1186.34 0.100432
256.472 12.7779 1187.06 0.0961323
256.528 12.7833 1187.78 0.0970387
256.584 12.7886 1188.5 0.0935671
256.64 12.794 1189.22 0.0956801
256.697 12.7994 1189.93 0.0993347
256.753 12.805 1190.65 0.101582
256.809 12.8108 1191.37 0.105255
256.865 12.8169 1192.09 0.110169
256.921 12.8232 1192.81 0.11314
256.978 12.8297 1193.53 0.115892
257.034 12.8363 1194.25 0.117179
257.09 12.8428 1194.98 0.11634
257.146 12.8495 1195.7 0.119475
257.202 12.8563 1196.42 0.124612
257.258 12.8637 1197.14 0.133116
257.315 12.8716 1197.87 0.143949
257.371 12.8799 1198.59 0.152411
257.427 12.8887 1199.31 0.159454
257.483 12.898 1200.04 0.16554
257.539 12.9074 1200.76 0.169232
257.596 12.9169 1201.49 0.170888
257.652 12.9268 1202.21 0.178875
257.708 12.9374 1202.94 0.195957
257.764 12.9488 1203.67 0.206596
257.82 12.9609 1204.4 0.222127
257.876 12.9739 1205.12 0.235694
257.933 12.9874 1205.85 0.242819
257.989 13.0014 1206.58 0.252521
258.045 13.0159 1207.31 0.261764
258.101 13.0309 1208.05 0.270173
258.157 13.0465 1208.78 0.282575
258.213 13.0626 1209.51 0.291938
258.27 13.0791 1210.25 0.294302
258.326 13.0959 1210.98 0.295978
258.382 13.1129 1211.72 0.307839
258.438 13.1305 1212.46 0.315694
258.494 13.1485 1213.19 0.324372
258.551 13.167 1213.93 0.335195
258.607 13.1862 1214.67 0.348561
258.663 13.2061 1215.41 0.356084
258.719 13.2264 1216.16 0.367471
258.775 13.2472 1216.9 0.372875
258.831 13.2684 1217.65 0.377852
258.888 13.29 1218.39 0.3867
258.944 13.3119 1219.14 0.391156
259 13.3338 1219.89 0.386755
259.056 13.3555 1220.64 0.387139
259.112 13.3771 1221.39 0.387356
259.169 13.3991 1222.14 0.395159
259.225 13.4214 1222.89 0.40091
259.281 13.444 1223.65 0.400611
259.337 13.4666 1224.41 0.403529
259.393 13.4892 1225.16 0.402005
259.449 13.5117 1225.92 0.400598
259.506 13.5342 1226.68 0.397946
259.562 13.5566 1227.44 0.399493
259.618 13.579 1228.2 0.398578
259.674 13.6011 1228.97 0.389019
259.73 13.6229 1229.73 0.384007
259.787 13.6443 1230.5 0.381887
259.843 13.6658 1231.27 0.37936
259.899 13.6868 1232.04 0.37068
259.955 13.707 1232.8 0.353774
260.011 13.7267 1233.58 0.347759
260.067 13.7461 1234.35 0.344741
260.124 13.7653 1235.12 0.336732
260.18 13.784 1235.89 0.329421
260.236 13.8021 1236.67 0.316937
260.292 13.8192 1237.45 0.299162
260.348 13.8356 1238.22 0.287195
260.404 13.8514 1239 0.275153
260.461 13.8663 1239.78 0.259482
260.517 13.8803 1240.56 0.237027
260.573 13.8929 1241.34 0.220643
260.629 13.9046 1242.12 0.203827
260.685 13.9157 1242.9 0.190713
260.742 13.9257 1243.68 0.171866
260.798 13.9346 1244.47 0.15186
260.854 13.9427 1245.25 0.135469
260.91 13.9499 1246.03 0.120356
260.966 13.9559 1246.82 0.0997707
261.022 13.9608 1247.6 0.0763152
261.079 13.9644 1248.38 0.0568075
261.135 13.9668 1249.17 0.0337595
261.191 13.9677 1249.95 0.00585152
261.247 13.9672 1250.74 -0.0176161
261.303 13.9653 1251.52 -0.0429301
261.36 13.9623 1252.31 -0.065697
261.416 13.9582 1253.09 -0.0766754
261.472 13.9529 1253.88 -0.103675
261.528 13.9465 1254.66 -0.121454
261.584 13.9392 1255.44 -0.13798
261.64 13.9308 1256.23 -0.154309
261.697 13.9216 1257.01 -0.173125
261.753 13.9116 1257.79 -0.180354
261.809 13.9011 1258.57 -0.194603
261.865 13.8898 1259.35 -0.204265
261.921 13.8782 1260.13 -0.207011
261.978 13.8663 1260.91 -0.212499
262.034 13.8544 1261.69 -0.212911
262.09 13.8427 1262.47 -0.202942
262.146 13.8316 1263.24 -0.193211
262.202 13.821 1264.02 -0.184698
262.258 13.8109 1264.8 -0.174095
262.315 13.8017 1265.57 -0.158433
262.371 13.7935 1266.35 -0.14315
262.427 13.7862 1267.12 -0.121713
262.483 13.7799 1267.9 -0.101331
262.539 13.775 1268.67 -0.0806385
262.596 13.7713 1269.44 -0.0586411
262.652 13.7684 1270.22 -0.0463048
262.708 13.7664 1270.99 -0.0301041
262.764 13.7653 1271.77 -0.0124422
262.82 13.7651 1272.54 0.00289704
262.876 13.7655 1273.31 0.00940865
262.933 13.7667 1274.09 0.0299431
262.989 13.7687 1274.86 0.0413419
263.045 13.7715 1275.63 0.0552747
263.101 13.7751 1276.41 0.0688828
263.157 13.779 1277.18 0.0723594
263.213 13.783 1277.95 0.0690774
263.27 13.787 1278.73 0.0728357
263.326 13.7907 1279.5 0.0661579
263.382 13.7942 1280.28 0.0587596
263.438 13.7975 1281.05 0.0564487
263.494 13.8003 1281.83 0.0473771
263.551 13.8027 1282.6 0.0380056
263.607 13.8048 1283.38 0.0368176
263.663 13.8064 1284.16 0.0288593
263.719 13.8078 1284.93 0.0167148
263.775 13.8086 1285.71 0.00749932
263.831 13.8085 1286.48 -0.00740438
263.888 13.8074 1287.26 -0.0295648
263.944 13.8051 1288.03 -0.0495658
264 13.8013 1288.81 -0.0783336
264.056 13.7963 1289.58 -0.0980764
264.112 13.7901 1290.36 -0.117921
264.169 13.7826 1291.13 -0.14133
264.225 13.7736 1291.91 -0.172542
264.281 13.7632 1292.68 -0.194118
264.337 13.7513 1293.45 -0.222778
264.393 13.7379 1294.23 -0.248938
264.449 13.7232 1295 -0.269108
264.506 13.7072 1295.77 -0.294756
264.562 13.6898 1296.54 -0.319494
264.618 13.6711 1297.31 -0.341925
264.674 13.651 1298.07 -0.366893
264.73 13.6294 1298.84 -0.396979
264.787 13.6067 1299.6 -0.412215
264.843 13.583 1300.37 -0.426134
264.899 13.5588 1301.13 -0.435228
264.955 13.5341 1301.89 -0.442942
265.011 13.5087 1302.65 -0.454353
265.067 13.4828 1303.41 -0.467651
265.124 13.4565 1304.17 -0.466613
265.18 13.4302 1304.92 -0.467798
265.236 13.4041 1305.67 -0.463429
265.292 13.3784 1306.43 -0.452561
265.348 13.353 1307.18 -0.449726
265.404 13.3281 1307.93 -0.442055
265.461 13.3036 1308.67 -0.432879
265.517 13.2798 1309.42 -0.41861
265.573 13.2567 1310.17 -0.40905
265.629 13.2341 1310.91 -0.394749
265.685 13.2124 1311.65 -0.378639
265.742 13.1919 1312.39 -0.358033
265.798 13.1725 1313.13 -0.337152
265.854 13.1539 1313.87 -0.326525
265.91 13.136 1314.61 -0.313656
265.966 13.1189 1315.35 -0.296506
266.022 13.103 1316.09 -0.27652
266.079 13.0881 1316.82 -0.256568
266.135 13.0745 1317.56 -0.232675
266.191 13.062 1318.29 -0.214345
266.247 13.0505 1319.02 -0.20023
266.303 13.04 1319.76 -0.17568
266.36 13.0306 1320.49 -0.158476
266.416 13.0225 1321.22 -0.137242
266.472 13.0157 1321.95 -0.109761
266.528 13.0101 1322.68 -0.0925174
266.584 13.0056 1323.41 -0.0750635
266.64 13.0022 1324.14 -0.0501964
266.697 13.0001 1324.88 -0.0289287
266.753 12.9992 1325.61 -0.00772949
266.809 12.9998 1326.34 0.0219689
266.865 13.0017 1327.07 0.0416994
266.921 13.0046 1327.8 0.056314
266.978 13.0085 1328.53 0.0751625
267.034 13.0132 1329.26 0.0916974
267.09 13.0189 1329.99 0.108363
267.146 13.0255 1330.72 0.124273
267.202 13.0329 1331.45 0.133398
267.258 13.0409 1332.19 0.146344
267.315 13.0499 1332.92 0.169422
267.371 13.0598 1333.65 0.184241
267.427 13.0708 1334.39 0.201044
267.483 13.0826 1335.12 0.217176
267.539 13.095 1335.86 0.22526
267.596 13.1079 1336.59 0.230397
267.652 13.1209 1337.33 0.233914
267.708 13.1341 1338.07 0.235423
267.764 13.1473 1338.81 0.237294
267.82 13.1607 1339.54 0.239955
267.876 13.1741 1340.28 0.241368
267.933 13.1879 1341.02 0.245436
267.989 13.2019 1341.77 0.251423
268.045 13.2161 1342.51 0.256384
268.101 13.2307 1343.25 0.261099
268.157 13.2456 1343.99 0.269724
268.213 13.2607 1344.74 0.26754
268.27 13.2757 1345.48 0.264836
268.326 13.2905 1346.23 0.263358
268.382 13.3054 1346.98 0.268362
268.438 13.3206 1347.73 0.271451
268.494 13.3359 1348.48 0.272147
268.551 13.3511 1349.23 0.269294
268.607 13.366 1349.98 0.261138
268.663 13.3807 1350.73 0.26147
268.719 13.3952 1351.48 0.259846
268.775 13.41 1352.23 0.262281
268.831 13.4249 1352.99 0.267424
268.888 13.4395 1353.74 0.25508
268.944 13.4536 1354.5 0.250243
269 13.4678 1355.25 0.251942
269.056 13.4819 1356.01 0.252489
269.112 13.4963 1356.77 0.256499
269.169 13.5108 1357.53 0.257326
269.225 13.5249 1358.29 0.249978
269.281 13.5389 1359.05 0.249565
269.337 13.5531 1359.81 0.251694
269.393 13.5672 1360.57 0.250996
269.449 13.5813 1361.33 0.251627
269.506 13.5957 1362.1 0.257719
269.562 13.61 1362.86 0.254723
269.618 13.6242 1363.62 0.251576
269.674 13.6385 1364.39 0.256073
269.73 13.6529 1365.16 0.258012
269.787 13.6675 1365.92 0.259969
269.843 13.6822 1366.69 0.26109
269.899 13.697 1367.46 0.264175
269.955 13.7118 1368.23 0.261707
270.011 13.7265 1369 0.263396
270.067 13.7412 1369.77 0.260719
270.124 13.7556 1370.55 0.251451
270.18 13.7698 1371.32 0.25274
270.236 13.7836 1372.09 0.243652
270.292 13.7973 1372.87 0.244612
270.348 13.811 1373.64 0.24315
270.404 13.8244 1374.42 0.235766
270.461 13.8373 1375.2 0.22639
270.517 13.8498 1375.98 0.219861
270.573 13.8618 1376.75 0.211674
270.629 13.8736 1377.53 0.206676
270.685 13.885 1378.31 0.200908
270.742 13.8959 1379.09 0.188551
270.798 13.9061 1379.87 0.175374
270.854 13.9156 1380.66 0.163696
270.91 13.9244 1381.44 0.151236
270.966 13.9328 1382.22 0.145815
271.022 13.9408 1383 0.140788
271.079 13.9483 1383.79 0.130812
271.135 13.9554 1384.57 0.121498
271.191 13.9622 1385.36 0.121671
271.247 13.9685 1386.14 0.109041
271.303 13.9744 1386.93 0.100882
271.36 13.9798 1387.71 0.0925636
271.416 13.9848 1388.5 0.0878668
271.472 13.9897 1389.28 0.0856343
271.528 13.9946 1390.07 0.0864021
271.584 13.9992 1390.85 0.081032
271.64 14.0036 1391.64 0.0748571
271.697 14.0076 1392.43 0.0704313
271.753 14.0112 1393.21 0.063966
271.809 14.0148 1394 0.0633408
271.865 14.0184 1394.79 0.0654622
271.921 14.0222 1395.58 0.0686118
271.978 14.0261 1396.37 0.06842
272.034 14.03 1397.15 0.0708338
272.09 14.0339 1397.94 0.0681592
272.146 14.0378 1398.73 0.0682605
272.202 14.0415 1399.52 0.0658995
272.258 14.0451 1400.31 0.0642535
272.315 14.0486 1401.1 0.0597005
272.371 14.0521 1401.89 0.0624351
272.427 14.0555 1402.68 0.0595661
272.483 14.0587 1403.47 0.0532398
272.539 14.0615 1404.26 0.0454055
272.596 14.0639 1405.05 0.0390041
272.652 14.0657 1405.84 0.0275065
272.708 14.0667 1406.63 0.00615203
272.764 14.0668 1407.42 -0.00439134
272.82 14.0658 1408.21 -0.026886
272.876 14.0637 1409 -0.0459229
272.933 14.0606 1409.79 -0.0647409
272.989 14.0562 1410.58 -0.0875886
273.045 14.0505 1411.37 -0.110969
273.101 14.0434 1412.16 -0.135056
273.157 14.0348 1412.94 -0.164906
273.213 14.025 1413.73 -0.182011
273.27 14.0138 1414.52 -0.208339
273.326 14.0014 1415.31 -0.230412
273.382 13.9876 1416.09 -0.253018
273.438 13.9726 1416.88 -0.277712
273.494 13.9559 1417.66 -0.304536
273.551 13.938 1418.45 -0.327332
273.607 13.9189 1419.23 -0.348612
273.663 13.8987 1420.01 -0.367528
273.719 13.8774 1420.79 -0.386577
273.775 13.855 1421.57 -0.407431
273.831 13.8314 1422.35 -0.427479
273.888 13.8068 1423.12 -0.444365
273.944 13.7812 1423.9 -0.462876
274 13.7548 1424.67 -0.477051
274.056 13.7278 1425.44 -0.483187
274.112 13.7001 1426.21 -0.497589
274.169 13.6721 1426.98 -0.49817
274.225 13.6443 1427.75 -0.494906
274.281 13.6163 1428.51 -0.497011
274.337 13.5884 1429.28 -0.495905
274.393 13.5606 1430.04 -0.49472
274.449 13.5328 1430.8 -0.492347
274.506 13.5055 1431.56 -0.484081
274.562 13.4786 1432.32 -0.475305
274.618 13.4524 1433.07 -0.463019
274.674 13.427 1433.83 -0.44556
274.73 13.4025 1434.58 -0.427803
274.787 13.3789 1435.34 -0.413759
274.843 13.3561 1436.09 -0.400575
274.899 13.3341 1436.84 -0.382706
274.955 13.3128 1437.58 -0.375158
275.011 13.2922 1438.33 -0.363819
275.067 13.2723 1439.08 -0.347074
275.124 13.2535 1439.82 -0.3261
275.18 13.236 1440.57 -0.302108
275.236 13.2202 1441.31 -0.26812
275.292 13.2057 1442.05 -0.252661
275.348 13.1921 1442.79 -0.235838
275.404 13.1795 1443.53 -0.216856
275.461 13.1677 1444.27 -0.201905
275.517 13.1571 1445.01 -0.182208
275.573 13.1479 1445.75 -0.152555
275.629 13.1402 1446.49 -0.122695
275.685 13.1342 1447.23 -0.0972439
275.742 13.1298 1447.97 -0.0673209
275.798 13.1266 1448.7 -0.0466833
275.854 13.125 1449.44 -0.0182109
275.91 13.1248 1450.18 0.00737642
275.966 13.126 1450.92 0.0331465
276.022 13.1289 1451.65 0.0631145
276.079 13.1335 1452.39 0.0929231
276.135 13.1394 1453.13 0.116518
276.191 13.1467 1453.87 0.133978
276.247 13.1549 1454.61 0.153751
276.303 13.164 1455.35 0.170817
276.36 13.1742 1456.09 0.190276
276.416 13.1859 1456.83 0.217899
276.472 13.1986 1457.57 0.2329
276.528 13.2123 1458.31 0.249139
276.584 13.2269 1459.05 0.267534
276.64 13.242 1459.8 0.272734
276.697 13.2579 1460.54 0.288013
276.753 13.2743 1461.29 0.295153
276.809 13.2914 1462.03 0.310053
276.865 13.309 1462.78 0.317071
276.921 13.3274 1463.53 0.331699
276.978 13.3462 1464.28 0.340802
277.034 13.3655 1465.03 0.341985
277.09 13.3852 1465.78 0.35513
277.146 13.4049 1466.53 0.350934
277.202 13.4246 1467.29 0.347137
277.258 13.4441 1468.04 0.346276
277.315 13.4633 1468.8 0.343786
277.371 13.4825 1469.55 0.341935
277.427 13.5016 1470.31 0.337706
277.483 13.5207 1471.07 0.339662
277.539 13.5395 1471.83 0.333893
277.596 13.5581 1472.59 0.328903
277.652 13.5766 1473.35 0.328445
277.708 13.5947 1474.12 0.318104
277.764 13.6127 1474.88 0.320983
277.82 13.6304 1475.65 0.311126
277.876 13.6475 1476.41 0.299219
277.933 13.664 1477.18 0.289195
277.989 13.6798 1477.95 0.277009
278.045 13.6948 1478.72 0.258374
278.101 13.709 1479.49 0.246785
278.157 13.7222 1480.26 0.225433
278.213 13.7343 1481.03 0.208898
278.27 13.7455 1481.8 0.193904
278.326 13.7559 1482.57 0.180046
278.382 13.7657 1483.35 0.167096
278.438 13.7742 1484.12 0.142339
278.494 13.7814 1484.9 0.123341
278.551 13.7877 1485.67 0.100034
278.607 13.7926 1486.44 0.0819688
278.663 13.7964 1487.22 0.0581557
278.719 13.799 1487.99 0.0345549
278.775 13.8003 1488.77 0.0171379
278.831 13.8006 1489.55 -0.00164776
278.888 13.7999 1490.32 -0.0202581
278.944 13.7983 1491.1 -0.0351203
279 13.7958 1491.87 -0.0519236
279.056 13.7924 1492.65 -0.0655104
279.112 13.7884 1493.42 -0.0767789
279.169 13.7833 1494.19 -0.0950799
279.225 13.7776 1494.97 -0.106957
279.281 13.7711 1495.74 -0.11881
279.337 13.7641 1496.52 -0.129645
279.393 13.7566 1497.29 -0.136407
279.449 13.7487 1498.06 -0.142892
279.506 13.7402 1498.83 -0.157286
279.562 13.7311 1499.61 -0.167423
279.618 13.7214 1500.38 -0.175807
279.674 13.7114 1501.15 -0.180438
279.73 13.7011 1501.92 -0.186761
279.787 13.6904 1502.69 -0.19149
279.843 13.6795 1503.46 -0.192849
279.899 13.6687 1504.22 -0.192347
279.955 13.658 1504.99 -0.189808
