# t frame_uz frame_z ub_dans_repere
160.001 -3.37209e-05 -3.4728e-08 -0.032743
160.019 -0.00844689 -9.40774e-05 -0.428681
160.051 -0.0171044 -0.000557907 -0.161548
160.092 -0.0160149 -0.00128176 0.146042
160.14 0.00012624 -0.00163793 0.472439
160.19 0.0342518 -0.000664371 0.805869
160.243 0.0868964 0.00273921 1.12143
160.297 0.157461 0.00963809 1.42961
160.352 0.245341 0.0211189 1.7092
160.407 0.347845 0.0379158 1.96582
160.463 0.466077 0.0612981 2.20613
160.519 0.596864 0.0917271 2.41713
160.575 0.738614 0.129852 2.60415
160.631 0.88987 0.176236 2.76649
160.687 1.04995 0.231386 2.91859
160.743 1.21776 0.295761 3.04843
160.798 1.39214 0.369757 3.1562
160.854 1.57164 0.453691 3.24012
160.91 1.75562 0.547825 3.31577
160.966 1.94314 0.652382 3.37022
161.022 2.13341 0.7677 3.40603
161.079 2.32576 0.894033 3.432
161.135 2.51915 1.03121 3.44512
161.191 2.71289 1.17926 3.45356
161.247 2.90621 1.33819 3.43493
161.303 3.09876 1.50796 3.42324
161.36 3.29083 1.68852 3.41192
161.416 3.48181 1.87984 3.38802
161.472 3.67137 2.08185 3.36489
161.528 3.85952 2.29445 3.33773
161.584 4.0461 2.51758 3.30847
161.64 4.23089 2.75112 3.27505
161.697 4.41366 2.99498 3.24015
161.753 4.59475 3.24905 3.21241
161.809 4.77434 3.51325 3.18316
161.865 4.95203 3.78747 3.14743
161.921 5.12727 4.07159 3.09922
161.978 5.29991 4.36547 3.05805
162.034 5.46995 4.66896 3.0089
162.09 5.63731 4.98191 2.95911
162.146 5.80214 5.30418 2.91571
162.202 5.96366 5.63561 2.8464
162.258 6.1215 5.97598 2.78697
162.315 6.27609 6.32511 2.72742
162.371 6.42744 6.68282 2.67222
162.427 6.5758 7.04892 2.61992
162.483 6.72126 7.42327 2.56601
162.539 6.86315 7.80566 2.50083
162.596 7.0016 8.19591 2.44132
162.652 7.1368 8.59383 2.38415
162.708 7.26899 8.99925 2.33364
162.764 7.39845 9.41199 2.28397
162.82 7.52517 9.83192 2.23782
162.876 7.64926 10.2589 2.18891
162.933 7.77065 10.6927 2.14049
162.989 7.88919 11.1333 2.09214
163.045 8.00536 11.5804 2.05335
163.101 8.11963 12.034 2.01959
163.157 8.23179 12.494 1.98387
163.213 8.34197 12.9601 1.946
163.27 8.44995 13.4324 1.90788
163.326 8.55595 13.9107 1.87268
163.382 8.65986 14.3949 1.83505
163.438 8.76164 14.8849 1.79459
163.494 8.86136 15.3805 1.7598
163.551 8.95867 15.8816 1.71758
163.607 9.05424 16.3881 1.68901
163.663 9.14787 16.8999 1.65434
163.719 9.23965 17.417 1.62349
163.775 9.32941 17.9391 1.5777
163.831 9.41711 18.4662 1.54872
163.888 9.50311 18.9981 1.52037
163.944 9.58701 19.5349 1.47785
164 9.66863 20.0762 1.43877
164.056 9.7479 20.6221 1.3966
164.112 9.82494 21.1723 1.35737
164.169 9.89996 21.7268 1.32189
164.225 9.97328 22.2855 1.29613
164.281 10.0456 22.8482 1.27975
164.337 10.1169 23.415 1.2613
164.393 10.1868 23.9857 1.23267
164.449 10.2553 24.5603 1.20943
164.506 10.3225 25.1387 1.18902
164.562 10.3885 25.7209 1.16442
164.618 10.4529 26.3067 1.13453
164.674 10.5158 26.896 1.10754
164.73 10.5769 27.4889 1.07755
164.787 10.6365 28.0851 1.04902
164.843 10.6946 28.6846 1.02378
164.899 10.7513 29.2874 1.00096
164.955 10.8068 29.8933 0.979726
165.011 10.8612 30.5022 0.961489
165.067 10.9146 31.1142 0.943879
165.124 10.9671 31.7292 0.926951
165.18 11.0188 32.347 0.914428
165.236 11.0697 32.9678 0.903788
165.292 11.1201 33.5914 0.891488
165.348 11.1697 34.2178 0.876573
165.404 11.2183 34.8469 0.856102
165.461 11.2657 35.4788 0.83371
165.517 11.3116 36.1132 0.809442
165.573 11.356 36.7502 0.781006
165.629 11.3991 37.3897 0.757842
165.685 11.441 38.0315 0.736776
165.742 11.4817 38.6756 0.717762
165.798 11.5215 39.322 0.700238
165.854 11.5602 39.9706 0.683447
165.91 11.5979 40.6213 0.663592
165.966 11.6347 41.2741 0.645883
166.022 11.6705 41.929 0.631773
166.079 11.7054 42.5858 0.615072
166.135 11.7395 43.2445 0.600695
166.191 11.7728 43.9052 0.587146
166.247 11.8053 44.5677 0.5716
166.303 11.837 45.232 0.558742
166.36 11.8679 45.898 0.548791
166.416 11.8981 46.5658 0.531263
166.472 11.9274 47.2352 0.512025
166.528 11.9559 47.9062 0.505114
166.584 11.9835 48.5789 0.486663
166.64 12.0105 49.253 0.471237
166.697 12.0368 49.9286 0.467586
166.753 12.0627 50.6057 0.455099
166.809 12.0878 51.2843 0.439936
166.865 12.1119 51.9642 0.422848
166.921 12.1347 52.6454 0.395826
166.978 12.1561 53.3279 0.368376
167.034 12.1764 54.0115 0.352
167.09 12.1954 54.6962 0.330318
167.146 12.2133 55.3819 0.309869
167.202 12.23 56.0686 0.291244
167.258 12.2458 56.7562 0.273484
167.315 12.2607 57.4447 0.259222
167.371 12.2748 58.134 0.243842
167.427 12.2881 58.824 0.231099
167.483 12.301 59.5148 0.223595
167.539 12.313 60.2063 0.206923
167.596 12.3239 60.8984 0.18777
167.652 12.3338 61.5911 0.166545
167.708 12.3426 62.2843 0.151514
167.764 12.3503 62.978 0.130473
167.82 12.3571 63.6721 0.114741
167.876 12.3631 64.3665 0.102733
167.933 12.3684 65.0612 0.0888676
167.989 12.3729 65.7562 0.0715318
168.045 12.3765 66.4515 0.0567599
168.101 12.379 67.1469 0.0372154
168.157 12.3803 67.8424 0.0124061
168.213 12.3805 68.5379 -0.00311672
168.27 12.3799 69.2334 -0.0145306
168.326 12.3785 69.9289 -0.0318001
168.382 12.3761 70.6242 -0.0492093
168.438 12.3726 71.3194 -0.0745182
168.494 12.3676 72.0143 -0.0960303
168.551 12.3616 72.7089 -0.115415
168.607 12.3544 73.4032 -0.135864
168.663 12.3463 74.097 -0.151856
168.719 12.3372 74.7903 -0.167629
168.775 12.3272 75.483 -0.186574
168.831 12.3163 76.1752 -0.199906
168.888 12.3046 76.8668 -0.215786
168.944 12.2921 77.5576 -0.225883
169 12.2793 78.2477 -0.230145
169.056 12.2661 78.9371 -0.238563
169.112 12.2523 79.6258 -0.250468
169.169 12.2379 80.3136 -0.25751
169.225 12.2235 81.0007 -0.255625
169.281 12.2091 81.6869 -0.256718
169.337 12.1947 82.3723 -0.255337
169.393 12.1803 83.0569 -0.255601
169.449 12.166 83.7407 -0.25429
169.506 12.1518 84.4237 -0.25175
169.562 12.1379 85.106 -0.242739
169.618 12.1242 85.7874 -0.246202
169.674 12.1106 86.4681 -0.242191
169.73 12.0969 87.148 -0.242066
169.787 12.0833 87.8271 -0.242303
169.843 12.0698 88.5055 -0.239777
169.899 12.0564 89.1831 -0.238281
169.955 12.0431 89.86 -0.23384
170.011 12.0302 90.5362 -0.229386
170.067 12.0176 91.2116 -0.22112
170.124 12.0053 91.8863 -0.217272
170.18 11.9933 92.5604 -0.214198
170.236 11.9812 93.2337 -0.212629
170.292 11.9693 93.9064 -0.212691
170.348 11.9575 94.5785 -0.209014
170.404 11.946 95.2498 -0.201546
170.461 11.9347 95.9206 -0.19905
170.517 11.9236 96.5907 -0.199505
170.573 11.9127 97.2602 -0.194089
170.629 11.9016 97.9291 -0.197973
170.685 11.8905 98.5973 -0.196135
170.742 11.8796 99.265 -0.194189
170.798 11.8687 99.932 -0.19184
170.854 11.8579 100.598 -0.190178
170.91 11.8475 101.264 -0.184279
170.966 11.8374 101.929 -0.176739
171.022 11.8277 102.594 -0.169195
171.079 11.8185 103.258 -0.16086
171.135 11.8095 103.922 -0.158399
171.191 11.8007 104.585 -0.157027
171.247 11.792 105.248 -0.154233
171.303 11.7832 105.91 -0.158182
171.36 11.7743 106.572 -0.159098
171.416 11.7656 107.233 -0.153972
171.472 11.757 107.894 -0.151538
171.528 11.7486 108.554 -0.149375
171.584 11.7403 109.214 -0.145746
171.64 11.7322 109.873 -0.145165
171.697 11.7244 110.532 -0.136064
171.753 11.7171 111.19 -0.12474
171.809 11.7103 111.848 -0.116551
171.865 11.7042 112.506 -0.105423
171.921 11.6986 113.163 -0.0953698
171.978 11.6936 113.82 -0.0858897
172.034 11.6891 114.477 -0.0740775
172.09 11.6855 115.134 -0.0590277
172.146 11.6825 115.79 -0.0489904
172.202 11.6801 116.446 -0.0398202
172.258 11.6782 117.102 -0.0274733
172.315 11.677 117.758 -0.0188524
172.371 11.6762 118.414 -0.0104654
172.427 11.676 119.07 0.00291276
172.483 11.6765 119.726 0.0128512
172.539 11.6776 120.382 0.0215793
172.596 11.6792 121.038 0.0346003
172.652 11.6816 121.695 0.0467289
172.708 11.6847 122.351 0.0587648
172.764 11.6884 123.008 0.0714994
172.82 11.6927 123.664 0.0815676
172.876 11.6976 124.321 0.0914358
172.933 11.703 124.979 0.0974127
172.989 11.7087 125.636 0.10711
173.045 11.715 126.294 0.114095
173.101 11.7217 126.953 0.124177
173.157 11.7291 127.612 0.136812
173.213 11.7372 128.271 0.148287
173.27 11.746 128.93 0.164472
173.326 11.7555 129.591 0.171859
173.382 11.7653 130.251 0.173798
173.438 11.7754 130.913 0.183172
173.494 11.7859 131.575 0.18801
173.551 11.7967 132.237 0.19462
173.607 11.8078 132.9 0.200173
173.663 11.8193 133.564 0.207371
173.719 11.8311 134.228 0.212441
173.775 11.8432 134.893 0.217363
173.831 11.8553 135.559 0.216544
173.888 11.8676 136.226 0.218911
173.944 11.8798 136.893 0.219222
174 11.8923 137.561 0.223143
174.056 11.905 138.229 0.229349
174.112 11.9181 138.898 0.236138
174.169 11.9315 139.568 0.23972
174.225 11.945 140.239 0.239522
174.281 11.9582 140.911 0.23597
174.337 11.9713 141.583 0.233561
174.393 11.9843 142.256 0.23351
174.449 11.9974 142.93 0.230624
174.506 12.0104 143.604 0.23453
174.562 12.0237 144.279 0.238649
174.618 12.0372 144.955 0.237488
174.674 12.0505 145.632 0.236813
174.73 12.0638 146.309 0.23572
174.787 12.0772 146.987 0.240659
174.843 12.0906 147.666 0.240811
174.899 12.1042 148.346 0.24183
174.955 12.1179 149.027 0.242829
175.011 12.1316 149.708 0.244008
175.067 12.1453 150.39 0.245734
175.124 12.159 151.073 0.244923
175.18 12.1728 151.756 0.246004
175.236 12.1868 152.441 0.250707
175.292 12.201 153.126 0.257428
175.348 12.2156 153.812 0.26039
175.404 12.2303 154.498 0.261843
175.461 12.2451 155.186 0.265408
175.517 12.26 155.874 0.266534
175.573 12.2751 156.564 0.266618
175.629 12.29 157.254 0.265916
175.685 12.3047 157.945 0.253376
175.742 12.3193 158.636 0.260136
175.798 12.3339 159.329 0.261694
175.854 12.3486 160.023 0.25767
175.91 12.3631 160.717 0.257527
175.966 12.3776 161.412 0.256841
176.022 12.392 162.108 0.258349
176.079 12.4066 162.804 0.260915
176.135 12.4212 163.502 0.260483
176.191 12.4358 164.2 0.256589
176.247 12.4502 164.899 0.25607
176.303 12.4646 165.599 0.254807
176.36 12.4789 166.3 0.25044
176.416 12.4929 167.001 0.248713
176.472 12.5067 167.704 0.244146
176.528 12.5204 168.407 0.242162
176.584 12.5339 169.111 0.239676
176.64 12.5472 169.815 0.236073
176.697 12.5604 170.521 0.234236
176.753 12.5734 171.227 0.229185
176.809 12.586 171.934 0.22215
176.865 12.5983 172.641 0.214581
176.921 12.6103 173.349 0.211761
176.978 12.6219 174.058 0.204194
177.034 12.6333 174.767 0.201637
177.09 12.6446 175.478 0.198258
177.146 12.6554 176.188 0.187269
177.202 12.6654 176.9 0.173637
177.258 12.6745 177.612 0.156206
177.315 12.6826 178.324 0.138628
177.371 12.6899 179.037 0.124819
177.427 12.6966 179.75 0.114222
177.483 12.7026 180.463 0.104217
177.539 12.7083 181.177 0.098829
177.596 12.7139 181.891 0.0987587
177.652 12.7194 182.606 0.0977029
177.708 12.7248 183.32 0.0975809
177.764 12.7304 184.035 0.0993611
177.82 12.7359 184.751 0.0971968
177.876 12.7413 185.467 0.0942412
177.933 12.7464 186.183 0.088639
177.989 12.7513 186.899 0.0858769
178.045 12.756 187.615 0.0833048
178.101 12.7607 188.332 0.0795514
178.157 12.7654 189.049 0.0858207
178.213 12.7701 189.766 0.0824106
178.27 12.7745 190.484 0.0758372
178.326 12.7788 191.202 0.0766034
178.382 12.7831 191.92 0.0808581
178.438 12.7874 192.638 0.0729218
178.494 12.7916 193.357 0.0769874
178.551 12.7957 194.075 0.0715875
178.607 12.7998 194.794 0.0704684
178.663 12.8036 195.514 0.0652794
178.719 12.8069 196.233 0.0567315
178.775 12.8101 196.953 0.0559457
178.831 12.8131 197.672 0.0519964
178.888 12.8162 198.392 0.058459
178.944 12.8196 199.113 0.0626311
179 12.8232 199.833 0.0640989
179.056 12.8266 200.553 0.0592139
179.112 12.8299 201.274 0.0573035
179.169 12.8332 201.995 0.0584681
179.225 12.8365 202.716 0.0599889
179.281 12.84 203.437 0.060982
179.337 12.8433 204.159 0.0571522
179.393 12.8465 204.88 0.05737
179.449 12.8496 205.602 0.0547602
179.506 12.8526 206.324 0.0529734
179.562 12.8556 207.046 0.0517893
179.618 12.8583 207.769 0.0440123
179.674 12.8609 208.491 0.0480726
179.73 12.8636 209.214 0.0484042
179.787 12.8661 209.937 0.0402474
179.843 12.8681 210.659 0.0319529
179.899 12.8697 211.382 0.0262026
179.955 12.8709 212.105 0.0172303
180.011 12.8716 212.829 0.0114514
180.067 12.872 213.552 0.00156298
180.124 12.8716 214.275 -0.0124284
180.18 12.8707 214.998 -0.0201222
180.236 12.869 215.721 -0.0363313
180.292 12.8664 216.444 -0.0530707
180.348 12.8629 217.167 -0.0669191
180.404 12.8587 217.889 -0.0802957
180.461 12.8537 218.611 -0.0941841
180.517 12.8479 219.333 -0.109571
180.573 12.8415 220.055 -0.11954
180.629 12.8342 220.776 -0.138541
180.685 12.8256 221.497 -0.160185
180.742 12.816 222.217 -0.177191
180.798 12.8057 222.937 -0.190902
180.854 12.7943 223.656 -0.209988
180.91 12.7817 224.374 -0.230204
180.966 12.7684 225.092 -0.242359
181.022 12.7544 225.809 -0.253388
181.079 12.7398 226.525 -0.266356
181.135 12.7244 227.24 -0.280642
181.191 12.708 227.954 -0.298805
181.247 12.6905 228.667 -0.320037
181.303 12.672 229.38 -0.335755
181.36 12.6526 230.091 -0.35107
181.416 12.6323 230.801 -0.370213
181.472 12.6113 231.51 -0.381349
181.528 12.5895 232.218 -0.389818
181.584 12.5672 232.924 -0.400578
181.64 12.5446 233.63 -0.403265
181.697 12.5217 234.334 -0.410697
181.753 12.4985 235.036 -0.415232
181.809 12.4751 235.738 -0.419585
181.865 12.4514 236.438 -0.419627
181.921 12.4278 237.136 -0.419765
181.978 12.4044 237.834 -0.414896
182.034 12.3812 238.53 -0.413202
182.09 12.358 239.225 -0.413175
182.146 12.3349 239.918 -0.412275
182.202 12.3119 240.61 -0.405184
182.258 12.2891 241.301 -0.405612
182.315 12.2666 241.991 -0.398066
182.371 12.2447 242.679 -0.386192
182.427 12.2233 243.367 -0.374943
182.483 12.2029 244.053 -0.35711
182.539 12.1834 244.738 -0.33998
182.596 12.1647 245.421 -0.329174
182.652 12.1467 246.104 -0.314813
182.708 12.1295 246.786 -0.299989
182.764 12.113 247.467 -0.289322
182.82 12.0974 248.147 -0.269045
182.876 12.083 248.826 -0.246458
182.933 12.0697 249.504 -0.231508
182.989 12.0574 250.182 -0.21267
183.045 12.0461 250.859 -0.193043
183.101 12.0356 251.535 -0.18155
183.157 12.0259 252.211 -0.165844
183.213 12.0174 252.886 -0.142579
183.27 12.0101 253.561 -0.123305
183.326 12.0037 254.236 -0.109536
183.382 11.9978 254.91 -0.0974056
183.438 11.9928 255.584 -0.0861279
183.494 11.9884 256.258 -0.0725955
183.551 11.9848 256.931 -0.0582548
183.607 11.982 257.604 -0.0439703
183.663 11.9802 258.277 -0.0269506
183.719 11.979 258.95 -0.0159443
183.775 11.9782 259.623 -0.0138454
183.831 11.9776 260.296 -0.011496
183.888 11.9769 260.969 -0.0109216
183.944 11.9764 261.642 -0.0085612
184 11.9763 262.315 0.00303185
184.056 11.9768 262.987 0.0117656
184.112 11.9774 263.66 0.0118634
184.169 11.9781 264.333 0.00995178
184.225 11.9785 265.006 0.00763604
184.281 11.9787 265.679 0.00160515
184.337 11.9786 266.352 -0.00545835
184.393 11.9782 267.025 -0.00727412
184.449 11.9776 267.698 -0.0137045
184.506 11.9767 268.371 -0.0187852
184.562 11.9754 269.044 -0.0257046
184.618 11.9736 269.716 -0.0370303
184.674 11.9709 270.389 -0.0537681
184.73 11.9673 271.061 -0.069712
184.787 11.9629 271.733 -0.0855281
184.843 11.9576 272.405 -0.100225
184.899 11.9515 273.077 -0.113908
184.955 11.9446 273.748 -0.132392
185.011 11.9366 274.419 -0.146264
185.067 11.9281 275.089 -0.157675
185.124 11.9188 275.759 -0.171635
185.18 11.9086 276.428 -0.186901
185.236 11.8976 277.097 -0.202041
185.292 11.8857 277.765 -0.216228
185.348 11.8731 278.432 -0.22985
185.404 11.8599 279.099 -0.239555
185.461 11.846 279.765 -0.252825
185.517 11.8311 280.43 -0.27244
185.573 11.8153 281.094 -0.28743
185.629 11.7988 281.757 -0.298681
185.685 11.7818 282.419 -0.306098
185.742 11.7645 283.081 -0.306482
185.798 11.7471 283.741 -0.30973
185.854 11.7297 284.4 -0.313436
185.91 11.7118 285.059 -0.321014
185.966 11.6935 285.716 -0.328478
186.022 11.6749 286.372 -0.330833
186.079 11.6565 287.028 -0.325792
186.135 11.6381 287.682 -0.328223
186.191 11.6196 288.335 -0.332611
186.247 11.6009 288.987 -0.331218
186.303 11.5824 289.638 -0.32764
186.36 11.5641 290.288 -0.325769
186.416 11.5461 290.938 -0.318411
186.472 11.5283 291.586 -0.314438
186.528 11.5106 292.233 -0.315903
186.584 11.493 292.879 -0.310212
186.64 11.4758 293.524 -0.303313
186.697 11.4592 294.168 -0.291852
186.753 11.443 294.811 -0.284047
186.809 11.4269 295.454 -0.286997
186.865 11.4111 296.095 -0.276447
186.921 11.3957 296.736 -0.272721
186.978 11.3805 297.375 -0.27157
187.034 11.3655 298.014 -0.26781
187.09 11.3504 298.652 -0.268141
187.146 11.3354 299.289 -0.264104
187.202 11.3208 299.926 -0.257563
187.258 11.3067 300.561 -0.246749
187.315 11.2931 301.196 -0.237884
187.371 11.2802 301.83 -0.226655
187.427 11.2678 302.463 -0.215849
187.483 11.2558 303.096 -0.211328
187.539 11.2441 303.728 -0.206367
187.596 11.2325 304.359 -0.205301
187.652 11.2209 304.99 -0.207456
187.708 11.2094 305.62 -0.203364
187.764 11.1983 306.249 -0.192646
187.82 11.1876 306.878 -0.190018
187.876 11.1772 307.506 -0.18388
187.933 11.1671 308.134 -0.177942
187.989 11.157 308.761 -0.179443
188.045 11.1468 309.387 -0.181921
188.101 11.1368 310.013 -0.177393
188.157 11.1269 310.638 -0.17279
188.213 11.1173 311.263 -0.172061
188.27 11.1078 311.887 -0.166747
188.326 11.0984 312.511 -0.166073
188.382 11.0891 313.134 -0.167182
188.438 11.0797 313.757 -0.168232
188.494 11.0701 314.379 -0.171124
188.551 11.0606 315.001 -0.17039
188.607 11.0509 315.622 -0.174719
188.663 11.0409 316.242 -0.175575
188.719 11.0311 316.862 -0.17782
188.775 11.0209 317.481 -0.184041
188.831 11.0104 318.1 -0.184965
188.888 11.0001 318.718 -0.183889
188.944 10.9899 319.336 -0.178662
189 10.9798 319.953 -0.178894
189.056 10.9699 320.57 -0.174595
189.112 10.9602 321.186 -0.168272
189.169 10.9506 321.801 -0.172751
189.225 10.9406 322.416 -0.181384
189.281 10.9305 323.03 -0.178008
189.337 10.9206 323.644 -0.173531
189.393 10.9111 324.257 -0.168482
189.449 10.9018 324.87 -0.161924
189.506 10.8927 325.482 -0.161709
189.562 10.8838 326.094 -0.158086
189.618 10.875 326.705 -0.154472
189.674 10.8665 327.315 -0.145555
189.73 10.8588 327.926 -0.133466
189.787 10.8517 328.535 -0.120671
189.843 10.8451 329.145 -0.115344
189.899 10.8388 329.754 -0.10917
189.955 10.8331 330.363 -0.0967715
190.011 10.8278 330.971 -0.0890025
190.067 10.8232 331.579 -0.0739901
190.124 10.8199 332.187 -0.0505684
190.18 10.8174 332.795 -0.0398774
190.236 10.8157 333.403 -0.0258737
190.292 10.8147 334.01 -0.0112396
190.348 10.8146 334.618 0.00645243
190.404 10.8158 335.225 0.0315723
190.461 10.8183 335.833 0.0527262
190.517 10.822 336.441 0.0745602
190.573 10.827 337.049 0.0946212
190.629 10.8329 337.657 0.112399
190.685 10.8397 338.266 0.126517
190.742 10.8474 338.876 0.144652
190.798 10.8563 339.485 0.16469
190.854 10.8661 340.095 0.181901
190.91 10.877 340.706 0.199103
190.966 10.8887 341.318 0.215583
191.022 10.9013 341.93 0.229669
191.079 10.9148 342.543 0.246714
191.135 10.9292 343.156 0.262433
191.191 10.9443 343.771 0.275303
191.247 10.96 344.386 0.28274
191.303 10.9764 345.003 0.297389
191.36 10.9935 345.62 0.307826
191.416 11.0111 346.238 0.317174
191.472 11.0293 346.857 0.323869
191.528 11.0476 347.477 0.32812
191.584 11.0663 348.099 0.335791
191.64 11.0853 348.721 0.341211
191.697 11.1045 349.345 0.344298
191.753 11.1239 349.969 0.345701
191.809 11.1435 350.595 0.351155
191.865 11.1632 351.221 0.351489
191.921 11.183 351.849 0.350811
191.978 11.2029 352.478 0.355129
192.034 11.2228 353.108 0.354695
192.09 11.2427 353.739 0.353609
192.146 11.2627 354.372 0.357548
192.202 11.2828 355.005 0.357944
192.258 11.3029 355.64 0.357348
192.315 11.3228 356.275 0.355084
192.371 11.3425 356.912 0.347606
192.427 11.3617 357.55 0.335822
192.483 11.3801 358.189 0.324231
192.539 11.3979 358.829 0.308514
192.596 11.4146 359.47 0.287255
192.652 11.4304 360.111 0.276588
192.708 11.4456 360.754 0.269382
192.764 11.4607 361.398 0.267031
192.82 11.4755 362.042 0.261353
192.876 11.4898 362.687 0.252966
192.933 11.5039 363.333 0.247967
192.989 11.5177 363.98 0.24532
193.045 11.5314 364.627 0.241847
193.101 11.5448 365.276 0.235454
193.157 11.5579 365.925 0.232365
193.213 11.5705 366.574 0.221917
193.27 11.5831 367.225 0.224102
193.326 11.5958 367.876 0.227702
193.382 11.6087 368.528 0.232256
193.438 11.6219 369.181 0.236668
193.494 11.6355 369.834 0.245709
193.551 11.6493 370.488 0.245724
193.607 11.6631 371.143 0.24302
193.663 11.6767 371.799 0.24262
193.719 11.6901 372.455 0.237267
193.775 11.7033 373.112 0.233738
193.831 11.7164 373.77 0.234683
193.888 11.7295 374.429 0.232383
193.944 11.7425 375.088 0.230893
194 11.7556 375.748 0.233948
194.056 11.7686 376.409 0.233586
194.112 11.7817 377.071 0.232662
194.169 11.7948 377.733 0.234214
194.225 11.8079 378.396 0.229827
194.281 11.8209 379.06 0.233411
194.337 11.8343 379.725 0.24186
194.393 11.848 380.39 0.247245
194.449 11.8622 381.056 0.255496
194.506 11.8767 381.723 0.25887
194.562 11.8912 382.391 0.254186
194.618 11.9055 383.059 0.251987
194.674 11.9194 383.729 0.246999
194.73 11.9333 384.399 0.247951
194.787 11.9474 385.07 0.25175
194.843 11.9617 385.741 0.256612
194.899 11.9762 386.414 0.261357
194.955 11.9911 387.087 0.266624
195.011 12.0063 387.761 0.272343
195.067 12.0216 388.436 0.276115
195.124 12.037 389.112 0.271805
195.18 12.0523 389.789 0.274006
195.236 12.0675 390.466 0.268757
195.292 12.0826 391.145 0.269012
195.348 12.0978 391.824 0.268619
195.404 12.113 392.504 0.269089
195.461 12.1277 393.185 0.258641
195.517 12.142 393.867 0.250465
195.573 12.1557 394.55 0.23994
195.629 12.169 395.233 0.23278
195.685 12.182 395.917 0.231712
195.742 12.195 396.602 0.233687
195.798 12.2082 397.288 0.232015
195.854 12.2212 397.974 0.231453
195.91 12.2339 398.661 0.225452
195.966 12.2465 399.349 0.224828
196.022 12.2592 400.037 0.228302
196.079 12.2718 400.726 0.222183
196.135 12.2842 401.416 0.217163
196.191 12.2964 402.107 0.21552
196.247 12.3083 402.798 0.211413
196.303 12.3199 403.49 0.203366
196.36 12.3312 404.182 0.199701
196.416 12.3422 404.875 0.193441
196.472 12.3528 405.569 0.187836
196.528 12.3633 406.263 0.187295
196.584 12.3737 406.958 0.181734
196.64 12.3835 407.654 0.17076
196.697 12.3929 408.35 0.164978
196.753 12.4017 409.046 0.151541
196.809 12.4099 409.743 0.144064
196.865 12.4176 410.441 0.133338
196.921 12.4247 411.139 0.12194
196.978 12.4314 411.837 0.11441
197.034 12.4376 412.536 0.110163
197.09 12.4435 413.234 0.0999963
197.146 12.4488 413.934 0.0882521
197.202 12.4531 414.633 0.0699838
197.258 12.4569 415.333 0.0651731
197.315 12.4602 416.033 0.0541031
197.371 12.4627 416.733 0.041976
197.427 12.4647 417.433 0.0337278
197.483 12.4663 418.134 0.0223711
197.539 12.4671 418.834 0.0121532
197.596 12.4676 419.534 0.00726411
197.652 12.4678 420.235 -0.0020403
197.708 12.4674 420.935 -0.00941426
197.764 12.4667 421.636 -0.0162224
197.82 12.4653 422.336 -0.0305456
197.876 12.4631 423.036 -0.0441787
197.933 12.4601 423.736 -0.0578694
197.989 12.4565 424.436 -0.0720701
198.045 12.4518 425.136 -0.0897671
198.101 12.4462 425.835 -0.107506
198.157 12.4393 426.534 -0.132131
198.213 12.4311 427.233 -0.154819
198.27 12.4218 427.931 -0.168918
198.326 12.412 428.628 -0.181045
198.382 12.4014 429.325 -0.191935
198.438 12.3903 430.022 -0.203374
198.494 12.3787 430.717 -0.207451
198.551 12.3665 431.412 -0.224826
198.607 12.3532 432.107 -0.243347
198.663 12.3391 432.8 -0.255897
198.719 12.3246 433.493 -0.261112
198.775 12.3095 434.185 -0.272703
198.831 12.294 434.876 -0.277127
198.888 12.2782 435.566 -0.286005
198.944 12.2617 436.255 -0.294991
199 12.245 436.943 -0.301333
199.056 12.228 437.631 -0.30073
199.112 12.2115 438.317 -0.290271
199.169 12.1954 439.003 -0.283981
199.225 12.1796 439.687 -0.278523
199.281 12.1642 440.371 -0.271822
199.337 12.1491 441.054 -0.270339
199.393 12.1341 441.736 -0.263216
199.449 12.1198 442.417 -0.248677
199.506 12.1067 443.098 -0.227886
199.562 12.0945 443.777 -0.210806
199.618 12.0831 444.456 -0.196539
199.674 12.0726 445.135 -0.182457
199.73 12.0629 445.813 -0.161868
199.787 12.0544 446.49 -0.141847
199.843 12.0471 447.167 -0.121644
199.899 12.0412 447.844 -0.0943154
199.955 12.0362 448.52 -0.0824245
200.011 12.0327 449.196 -0.0506806
200.067 12.0305 449.872 -0.0306191
200.124 12.0293 450.548 -0.0121763
200.18 12.0294 451.224 0.0067005
200.236 12.0303 451.899 0.0231721
200.292 12.0319 452.575 0.0350015
200.348 12.0342 453.251 0.0418727
200.404 12.0368 453.928 0.0481655
200.461 12.0395 454.604 0.0503201
200.517 12.0425 455.28 0.0538071
200.573 12.0456 455.957 0.059958
200.629 12.0488 456.634 0.0604359
200.685 12.0525 457.311 0.0686799
200.742 12.0566 457.988 0.0743678
200.798 12.0608 458.666 0.0755118
200.854 12.0652 459.343 0.0782237
200.91 12.0697 460.021 0.0815703
200.966 12.0742 460.7 0.0773931
201.022 12.0785 461.378 0.0738028
201.079 12.0826 462.057 0.0729747
201.135 12.0864 462.736 0.0645493
201.191 12.0898 463.415 0.0575414
201.247 12.0927 464.094 0.0484666
201.303 12.0951 464.773 0.0386638
201.36 12.097 465.453 0.0298543
201.416 12.0985 466.133 0.0255862
201.472 12.0997 466.812 0.0176791
201.528 12.1004 467.492 0.00767624
201.584 12.1004 468.172 -0.00428851
201.64 12.0997 468.852 -0.015881
201.697 12.0986 469.532 -0.023755
201.753 12.0967 470.211 -0.0387354
201.809 12.0942 470.891 -0.0483949
201.865 12.0911 471.57 -0.0586673
201.921 12.0874 472.249 -0.0710851
201.978 12.0829 472.928 -0.0868218
202.034 12.0777 473.607 -0.0953053
202.09 12.072 474.285 -0.106337
202.146 12.0656 474.963 -0.117089
202.202 12.0588 475.641 -0.124514
202.258 12.0515 476.318 -0.134096
202.315 12.0434 476.995 -0.151167
202.371 12.0346 477.671 -0.159241
202.427 12.0254 478.347 -0.165053
202.483 12.0156 479.022 -0.179417
202.539 12.0054 479.697 -0.185248
202.596 11.9947 480.371 -0.193402
202.652 11.9835 481.044 -0.204133
202.708 11.9718 481.717 -0.207571
202.764 11.9601 482.389 -0.209255
202.82 11.9481 483.061 -0.214338
202.876 11.9359 483.732 -0.217285
202.933 11.9236 484.402 -0.22118
202.989 11.911 485.071 -0.225608
203.045 11.8984 485.74 -0.223108
203.101 11.8859 486.408 -0.222067
203.157 11.8734 487.075 -0.220868
203.213 11.861 487.742 -0.219983
203.27 11.8489 488.408 -0.214919
203.326 11.8369 489.073 -0.212547
203.382 11.8251 489.738 -0.206383
203.438 11.8136 490.402 -0.203662
203.494 11.8025 491.065 -0.194822
203.551 11.7918 491.728 -0.18564
203.607 11.7818 492.39 -0.176543
203.663 11.772 493.051 -0.174072
203.719 11.7625 493.712 -0.164923
203.775 11.7534 494.373 -0.159459
203.831 11.7446 495.033 -0.152503
203.888 11.7364 495.692 -0.14458
203.944 11.7288 496.352 -0.130531
204 11.7217 497.01 -0.123453
204.056 11.7149 497.669 -0.119929
204.112 11.7084 498.326 -0.11128
204.169 11.7023 498.984 -0.106253
204.225 11.6967 499.641 -0.0966664
204.281 11.6916 500.298 -0.0871136
204.337 11.687 500.955 -0.077305
204.393 11.683 501.611 -0.0692259
204.449 11.6793 502.268 -0.0626172
204.506 11.676 502.924 -0.0567581
204.562 11.6729 503.579 -0.0538646
204.618 11.6704 504.235 -0.0418712
204.674 11.6681 504.891 -0.0395439
204.73 11.6658 505.546 -0.0362017
204.787 11.6639 506.201 -0.0314209
204.843 11.6622 506.857 -0.0300885
204.899 11.6605 507.512 -0.0286292
204.955 11.6591 508.167 -0.020826
205.011 11.6582 508.822 -0.01387
205.067 11.6575 509.477 -0.00937282
205.124 11.6572 510.132 -0.00386642
205.18 11.6571 510.787 -0.000201717
205.236 11.6573 511.441 0.00529504
205.292 11.6577 512.096 0.00857241
205.348 11.6581 512.751 0.00829461
205.404 11.6586 513.406 0.00677542
205.461 11.6591 514.061 0.0115182
205.517 11.6597 514.716 0.0120615
205.573 11.6605 515.371 0.0150361
205.629 11.6615 516.026 0.0195109
205.685 11.6625 516.682 0.017567
205.742 11.6635 517.337 0.0155785
205.798 11.6643 517.992 0.0161348
205.854 11.6651 518.647 0.0120098
205.91 11.6658 519.303 0.0108285
205.966 11.6663 519.958 0.0115636
206.022 11.667 520.614 0.0141975
206.079 11.6679 521.269 0.0158182
206.135 11.6689 521.925 0.0163915
206.191 11.6697 522.58 0.0131442
206.247 11.6703 523.236 0.0107877
206.303 11.6709 523.892 0.0112281
206.36 11.6715 524.547 0.00792673
206.416 11.6718 525.203 0.00350604
206.472 11.6721 525.859 0.00427948
206.528 11.6723 526.514 0.00340406
206.584 11.6724 527.17 -0.00246135
206.64 11.6722 527.826 -0.00197473
206.697 11.6719 528.482 -0.00624445
206.753 11.6713 529.137 -0.0146411
206.809 11.6705 529.793 -0.0141519
206.865 11.6695 530.449 -0.0200716
206.921 11.6684 531.104 -0.0213094
206.978 11.6671 531.76 -0.0209823
207.034 11.6659 532.415 -0.0218768
207.09 11.6644 533.07 -0.026387
207.146 11.663 533.726 -0.0246926
207.202 11.6615 534.381 -0.0263333
207.258 11.6599 535.036 -0.0301885
207.315 11.6582 535.691 -0.0295921
207.371 11.6566 536.346 -0.0272625
207.427 11.6552 537.001 -0.0240859
207.483 11.654 537.655 -0.0208685
207.539 11.6526 538.31 -0.0249579
207.596 11.6514 538.965 -0.0197075
207.652 11.6506 539.619 -0.0129803
207.708 11.6501 540.274 -0.00821576
207.764 11.6497 540.928 -0.0078758
207.82 11.6494 541.583 -0.00293133
207.876 11.6492 542.237 -0.00350004
207.933 11.6491 542.892 -0.00122045
207.989 11.6491 543.546 0.00214778
208.045 11.6493 544.2 0.00781954
208.101 11.6501 544.855 0.0180416
208.157 11.6514 545.509 0.0278973
208.213 11.6532 546.164 0.0342371
208.27 11.6556 546.819 0.0438096
208.326 11.658 547.474 0.0445945
208.382 11.6606 548.129 0.0450532
208.438 11.6631 548.784 0.0460671
208.494 11.6658 549.439 0.0499015
208.551 11.6688 550.095 0.0552296
208.607 11.6721 550.75 0.0611023
208.663 11.6758 551.406 0.069834
208.719 11.68 552.062 0.0793477
208.775 11.6847 552.719 0.0881747
208.831 11.6902 553.375 0.104095
208.888 11.6964 554.032 0.113714
208.944 11.7032 554.69 0.126758
209 11.7106 555.347 0.137539
209.056 11.7188 556.005 0.151941
209.112 11.7273 556.664 0.153493
209.169 11.7365 557.323 0.165478
209.225 11.7463 557.983 0.177024
209.281 11.7562 558.643 0.182906
209.337 11.7667 559.304 0.190348
209.393 11.7776 559.965 0.197006
209.449 11.7889 560.627 0.202632
209.506 11.8004 561.29 0.205232
209.562 11.8122 561.953 0.211176
209.618 11.8243 562.618 0.216762
209.674 11.8364 563.282 0.215802
209.73 11.8487 563.948 0.217855
209.787 11.861 564.614 0.218668
209.843 11.8732 565.28 0.218193
209.899 11.8853 565.948 0.2136
209.955 11.8974 566.616 0.213891
210.011 11.9095 567.285 0.217369
210.067 11.9217 567.954 0.219467
210.124 11.934 568.624 0.223399
210.18 11.9468 569.295 0.227316
210.236 11.9596 569.967 0.229354
210.292 11.9725 570.639 0.228811
210.348 11.9855 571.312 0.231086
210.404 11.9983 571.986 0.227112
210.461 12.0108 572.661 0.222054
210.517 12.0231 573.336 0.215893
210.573 12.0351 574.012 0.213528
210.629 12.0471 574.688 0.208445
210.685 12.0587 575.365 0.208606
210.742 12.0702 576.043 0.200719
210.798 12.0814 576.722 0.196394
210.854 12.0925 577.401 0.19691
210.91 12.1031 578.08 0.183995
210.966 12.1129 578.761 0.165967
211.022 12.1218 579.442 0.155637
211.079 12.1302 580.123 0.143735
211.135 12.1375 580.805 0.124488
211.191 12.1441 581.487 0.111857
211.247 12.1497 582.169 0.0925516
211.303 12.1546 582.852 0.0809188
211.36 12.1587 583.535 0.0676573
211.416 12.1622 584.218 0.0588153
211.472 12.1653 584.901 0.0507908
211.528 12.1678 585.585 0.0428297
211.584 12.1698 586.269 0.0300475
211.64 12.1712 586.952 0.0185205
211.697 12.1717 587.636 0.00471834
211.753 12.1713 588.32 -0.0158402
211.809 12.1701 589.004 -0.0270299
211.865 12.168 589.687 -0.04204
211.921 12.1653 590.371 -0.0529578
211.978 12.162 591.054 -0.060882
212.034 12.1582 591.737 -0.072419
212.09 12.1536 592.42 -0.0886188
212.146 12.1483 593.103 -0.0992375
212.202 12.1425 593.785 -0.105817
212.258 12.1362 594.467 -0.115075
212.315 12.1295 595.149 -0.123594
212.371 12.1222 595.83 -0.133519
212.427 12.1143 596.511 -0.147345
212.483 12.1059 597.191 -0.153362
212.539 12.0971 597.871 -0.159873
212.596 12.0878 598.55 -0.165194
212.652 12.0785 599.229 -0.167948
212.708 12.069 599.907 -0.169373
212.764 12.0592 600.585 -0.177478
212.82 12.0491 601.262 -0.180344
212.876 12.0389 601.938 -0.182296
212.933 12.0287 602.614 -0.183144
212.989 12.0184 603.29 -0.183571
213.045 12.0083 603.965 -0.177343
213.101 11.9983 604.639 -0.180546
213.157 11.9879 605.313 -0.188379
213.213 11.9775 605.986 -0.182163
213.27 11.9673 606.658 -0.180156
213.326 11.9571 607.33 -0.18133
213.382 11.9472 608.002 -0.174659
213.438 11.9375 608.673 -0.170317
213.494 11.9282 609.343 -0.163961
213.551 11.9193 610.013 -0.154032
213.607 11.9108 610.682 -0.150743
213.663 11.9026 611.351 -0.14276
213.719 11.8948 612.019 -0.134029
213.775 11.8876 612.687 -0.12573
213.831 11.8807 613.355 -0.122279
213.888 11.8742 614.022 -0.112265
213.944 11.8681 614.689 -0.106005
214 11.8625 615.356 -0.0949958
214.056 11.8575 616.022 -0.0866429
214.112 11.8528 616.688 -0.0800354
214.169 11.8488 617.354 -0.0658464
214.225 11.8454 618.019 -0.0591453
214.281 11.8422 618.685 -0.0547551
214.337 11.8395 619.35 -0.0441153
214.393 11.8372 620.015 -0.0358433
214.449 11.8354 620.68 -0.029865
214.506 11.8342 621.345 -0.0177941
214.562 11.8335 622.009 -0.00651894
214.618 11.8333 622.674 -0.00303614
214.674 11.8335 623.339 0.00686746
214.73 11.8341 624.004 0.0128958
214.787 11.8349 624.669 0.0174548
214.843 11.8361 625.334 0.0222766
214.899 11.8378 625.999 0.0352328
214.955 11.84 626.664 0.0421308
215.011 11.8427 627.329 0.0505396
215.067 11.8459 627.994 0.0598671
215.124 11.8494 628.66 0.0630282
215.18 11.8531 629.326 0.0659229
215.236 11.8569 629.992 0.0696645
215.292 11.8611 630.658 0.0750558
215.348 11.8654 631.325 0.0768637
215.404 11.8702 631.991 0.0932026
215.461 11.8757 632.658 0.0998624
215.517 11.8814 633.326 0.0997053
215.573 11.8869 633.994 0.0999793
215.629 11.8925 634.662 0.0989526
215.685 11.8982 635.33 0.101196
215.742 11.904 635.998 0.107909
215.798 11.9104 636.667 0.115283
215.854 11.9172 637.337 0.122595
215.91 11.9243 638.007 0.127888
215.966 11.9314 638.677 0.123851
216.022 11.9382 639.347 0.122293
216.079 11.945 640.018 0.122727
216.135 11.9517 640.689 0.120617
216.191 11.9584 641.361 0.11963
216.247 11.9652 642.033 0.122356
216.303 11.9723 642.706 0.125522
216.36 11.9795 643.378 0.128499
216.416 11.9869 644.052 0.131034
216.472 11.9941 644.725 0.128436
216.528 12.0013 645.399 0.124787
216.584 12.0082 646.074 0.123252
216.64 12.015 646.749 0.119654
216.697 12.0217 647.424 0.117943
216.753 12.0283 648.1 0.117745
216.809 12.0348 648.776 0.115398
216.865 12.0411 649.452 0.110927
216.921 12.0475 650.129 0.115396
216.978 12.0538 650.806 0.111011
217.034 12.06 651.483 0.107791
217.09 12.066 652.161 0.105515
217.146 12.0719 652.839 0.104648
217.202 12.0778 653.517 0.105668
217.258 12.0837 654.196 0.101555
217.315 12.0892 654.875 0.0922524
217.371 12.0942 655.554 0.0853565
217.427 12.0989 656.234 0.0806863
217.483 12.1032 656.914 0.0737884
217.539 12.1072 657.594 0.0659158
217.596 12.1106 658.274 0.0588688
217.652 12.1135 658.955 0.0459239
217.708 12.1159 659.635 0.0392298
217.764 12.1179 660.316 0.0350005
217.82 12.1197 660.997 0.029764
217.876 12.1213 661.678 0.0264146
217.933 12.1225 662.359 0.0212794
217.989 12.1234 663.04 0.0132216
218.045 12.1242 663.721 0.0145582
218.101 12.1249 664.402 0.0082833
218.157 12.1251 665.083 0.00228517
218.213 12.1251 665.764 -0.00260244
218.27 12.1245 666.446 -0.0133841
218.326 12.1232 667.127 -0.0299688
218.382 12.1212 667.808 -0.0414741
218.438 12.1185 668.489 -0.0498558
218.494 12.1155 669.169 -0.0587271
218.551 12.1119 669.85 -0.0673417
218.607 12.1079 670.53 -0.0716893
218.663 12.1036 671.21 -0.0792791
218.719 12.0992 671.89 -0.0800601
218.775 12.0945 672.57 -0.0857704
218.831 12.0895 673.249 -0.0921965
218.888 12.0841 673.928 -0.0977716
218.944 12.0785 674.607 -0.101633
219 12.0724 675.285 -0.112151
219.056 12.0659 675.963 -0.118722
219.112 12.0589 676.641 -0.130382
219.169 12.0511 677.318 -0.147668
219.225 12.0424 677.995 -0.159321
219.281 12.033 678.671 -0.170778
219.337 12.0231 679.347 -0.180424
219.393 12.0129 680.022 -0.182843
219.449 12.0026 680.696 -0.184499
219.506 11.992 681.37 -0.189081
219.562 11.9812 682.043 -0.195322
219.618 11.9701 682.716 -0.197933
219.674 11.9589 683.388 -0.200607
219.73 11.9475 684.06 -0.203871
219.787 11.9362 684.731 -0.20041
219.843 11.9247 685.401 -0.208815
219.899 11.9128 686.07 -0.212729
219.955 11.9008 686.739 -0.217383
220.011 11.8885 687.407 -0.221704
220.067 11.876 688.075 -0.223974
220.124 11.8632 688.742 -0.229859
220.18 11.8502 689.408 -0.233047
220.236 11.8373 690.073 -0.2295
220.292 11.8241 690.737 -0.233757
220.348 11.811 691.401 -0.234614
220.404 11.7979 692.064 -0.230095
220.461 11.7851 692.727 -0.223682
220.517 11.7726 693.388 -0.222936
220.573 11.7601 694.049 -0.222988
220.629 11.7476 694.71 -0.219123
220.685 11.7355 695.369 -0.21389
220.742 11.7235 696.028 -0.212698
220.798 11.7118 696.686 -0.205886
220.854 11.7003 697.344 -0.203699
220.91 11.6892 698.001 -0.194551
220.966 11.6786 698.657 -0.18415
221.022 11.6686 699.313 -0.176541
221.079 11.659 699.968 -0.164593
221.135 11.6499 700.623 -0.163421
221.191 11.641 701.277 -0.155061
221.247 11.6326 701.931 -0.146195
221.303 11.6246 702.584 -0.141135
221.36 11.6168 703.237 -0.137037
221.416 11.6093 703.889 -0.133034
221.472 11.6019 704.541 -0.130962
221.528 11.5947 705.193 -0.125395
221.584 11.5878 705.844 -0.121329
221.64 11.5814 706.495 -0.112447
221.697 11.5753 707.145 -0.102044
221.753 11.5699 707.795 -0.0931992
221.809 11.565 708.445 -0.0832847
221.865 11.5606 709.095 -0.0747932
221.921 11.5567 709.744 -0.0658389
221.978 11.5534 710.393 -0.0543204
222.034 11.5507 711.042 -0.045552
222.09 11.5485 711.691 -0.037023
222.146 11.5467 712.34 -0.0284175
222.202 11.5454 712.988 -0.0198717
222.258 11.5445 713.637 -0.012127
222.315 11.5442 714.285 -0.00178143
222.371 11.5443 714.934 0.00586165
222.427 11.5448 715.583 0.0117687
222.483 11.5457 716.231 0.0193439
222.539 11.547 716.88 0.0262779
222.596 11.5489 717.529 0.036435
222.652 11.5513 718.177 0.0488802
222.708 11.5541 718.827 0.0532896
222.764 11.5573 719.476 0.0580389
222.82 11.5609 720.125 0.0684127
222.876 11.5649 720.775 0.0746422
222.933 11.5695 721.425 0.0829382
222.989 11.5745 722.075 0.0936376
223.045 11.5801 722.725 0.103356
223.101 11.5861 723.376 0.110723
223.157 11.5928 724.027 0.123253
223.213 11.5997 724.679 0.125692
223.27 11.6069 725.331 0.129864
223.326 11.6143 725.983 0.132161
223.382 11.6219 726.636 0.140321
223.438 11.6302 727.289 0.150657
223.494 11.639 727.942 0.158117
223.551 11.648 728.597 0.160115
223.607 11.6573 729.251 0.170969
223.663 11.6673 729.907 0.182035
223.719 11.6779 730.562 0.192579
223.775 11.6891 731.219 0.19852
223.831 11.7006 731.876 0.209966
223.888 11.7125 732.534 0.213451
223.944 11.7247 733.192 0.216722
224 11.737 733.851 0.221823
224.056 11.7495 734.511 0.223775
224.112 11.7623 735.171 0.231906
224.169 11.7758 735.833 0.245638
224.225 11.7896 736.495 0.246341
224.281 11.8037 737.158 0.253626
224.337 11.8185 737.821 0.266192
224.393 11.8336 738.486 0.269204
224.449 11.8488 739.151 0.273792
224.506 11.8643 739.817 0.278784
224.562 11.8803 740.484 0.286886
224.618 11.8967 741.152 0.293786
224.674 11.9135 741.821 0.303783
224.73 11.9309 742.491 0.312594
224.787 11.9487 743.162 0.321197
224.843 11.9671 743.834 0.330373
224.899 11.9859 744.507 0.337143
224.955 12.005 745.181 0.340581
225.011 12.0243 745.856 0.344855
225.067 12.0436 746.532 0.343809
225.124 12.063 747.209 0.346196
225.18 12.0828 747.888 0.353979
225.236 12.1027 748.567 0.35623
225.292 12.1224 749.248 0.35008
225.348 12.1419 749.929 0.349904
225.404 12.1616 750.612 0.349907
225.461 12.1812 751.296 0.347374
225.517 12.2009 751.981 0.351273
225.573 12.2207 752.667 0.352678
225.629 12.2405 753.354 0.35063
225.685 12.26 754.043 0.344951
225.742 12.279 754.732 0.33575
225.798 12.2979 755.423 0.334216
225.854 12.3167 756.114 0.335716
225.91 12.3352 756.807 0.326235
225.966 12.3533 757.5 0.317595
226.022 12.3709 758.195 0.308555
226.079 12.388 758.89 0.30366
226.135 12.4051 759.587 0.302804
226.191 12.4221 760.284 0.302567
226.247 12.4387 760.983 0.291105
226.303 12.4548 761.682 0.285389
226.36 12.471 762.383 0.289401
226.416 12.487 763.084 0.281196
226.472 12.5026 763.786 0.272266
226.528 12.5181 764.489 0.275413
226.584 12.5333 765.192 0.269598
226.64 12.5483 765.897 0.264254
226.697 12.5631 766.603 0.261138
226.753 12.5776 767.309 0.256105
226.809 12.5919 768.016 0.251676
226.865 12.6059 768.724 0.248231
226.921 12.6198 769.432 0.249855
226.978 12.6338 770.142 0.244746
227.034 12.6476 770.852 0.247515
227.09 12.6615 771.563 0.245781
227.146 12.6752 772.275 0.240755
227.202 12.6886 772.987 0.239923
227.258 12.702 773.701 0.238035
227.315 12.7151 774.415 0.226549
227.371 12.7277 775.13 0.223312
227.427 12.74 775.845 0.218229
227.483 12.7522 776.561 0.212826
227.539 12.7639 777.278 0.207655
227.596 12.7753 777.995 0.200494
227.652 12.7864 778.713 0.195087
227.708 12.7973 779.432 0.190696
227.764 12.8079 780.151 0.190249
227.82 12.8185 780.871 0.186129
227.876 12.8287 781.592 0.181026
227.933 12.8386 782.313 0.171196
227.989 12.8478 783.035 0.161844
228.045 12.8568 783.757 0.156271
228.101 12.8654 784.479 0.153285
228.157 12.8741 785.202 0.153997
228.213 12.8828 785.926 0.154997
228.27 12.8914 786.65 0.152907
228.326 12.8998 787.374 0.146326
228.382 12.908 788.099 0.143592
228.438 12.9158 788.825 0.135494
228.494 12.9232 789.551 0.128886
228.551 12.9303 790.277 0.124715
228.607 12.937 791.004 0.114689
228.663 12.9433 791.731 0.107861
228.719 12.9491 792.458 0.100791
228.775 12.9545 793.186 0.0942792
228.831 12.9595 793.914 0.0837828
228.888 12.9639 794.642 0.0738298
228.944 12.9675 795.37 0.0573222
229 12.9706 796.099 0.0484703
229.056 12.9729 796.828 0.0387282
229.112 12.9745 797.556 0.0247772
229.169 12.9755 798.285 0.0122012
229.225 12.976 799.014 0.00533403
229.281 12.9759 799.743 -0.00540918
229.337 12.9751 800.472 -0.0206279
229.393 12.9735 801.201 -0.0346053
229.449 12.9709 801.93 -0.0521565
229.506 12.9674 802.659 -0.072808
229.562 12.9627 803.387 -0.0884129
229.618 12.9571 804.115 -0.106544
229.674 12.9507 804.843 -0.119108
229.73 12.9437 805.57 -0.13142
229.787 12.9359 806.297 -0.142479
229.843 12.9273 807.023 -0.159056
229.899 12.9181 807.749 -0.167377
229.955 12.908 808.475 -0.180713
230.011 12.8976 809.2 -0.189025
230.067 12.8871 809.924 -0.188417
230.124 12.8761 810.647 -0.197175
230.18 12.8647 811.37 -0.205052
230.236 12.8531 812.093 -0.207793
230.292 12.8411 812.814 -0.214442
230.348 12.8288 813.535 -0.223099
230.404 12.8162 814.256 -0.225755
230.461 12.8032 814.975 -0.233834
230.517 12.7897 815.694 -0.246271
230.573 12.7756 816.412 -0.254906
230.629 12.7609 817.129 -0.266502
230.685 12.7456 817.846 -0.276136
230.742 12.7298 818.561 -0.282972
230.798 12.7136 819.276 -0.292886
230.854 12.697 819.99 -0.298397
230.91 12.68 820.702 -0.302865
230.966 12.6628 821.414 -0.30771
231.022 12.6455 822.125 -0.310916
231.079 12.628 822.835 -0.310725
231.135 12.6104 823.544 -0.312653
231.191 12.5929 824.251 -0.313011
231.247 12.5754 824.958 -0.313961
231.303 12.5575 825.664 -0.319168
231.36 12.5394 826.369 -0.323671
231.416 12.5212 827.073 -0.323669
231.472 12.5029 827.776 -0.325144
231.528 12.4847 828.478 -0.324893
231.584 12.4665 829.178 -0.321659
231.64 12.4484 829.878 -0.323704
231.697 12.4302 830.577 -0.326064
231.753 12.4119 831.275 -0.323046
231.809 12.3938 831.971 -0.319213
231.865 12.3762 832.667 -0.315334
231.921 12.3587 833.362 -0.306989
231.978 12.3415 834.055 -0.304572
232.034 12.3246 834.748 -0.298336
232.09 12.308 835.44 -0.29074
232.146 12.2917 836.131 -0.289634
232.202 12.2757 836.821 -0.284493
232.258 12.2599 837.51 -0.27787
232.315 12.2444 838.198 -0.272901
232.371 12.2293 838.886 -0.269012
232.427 12.2145 839.572 -0.256479
232.483 12.2005 840.258 -0.243716
232.539 12.1874 840.943 -0.225026
232.596 12.1752 841.627 -0.210885
232.652 12.1636 842.311 -0.204287
232.708 12.1523 842.994 -0.198342
232.764 12.1415 843.676 -0.189366
232.82 12.131 844.358 -0.181854
232.876 12.1213 845.039 -0.172621
232.933 12.1119 845.72 -0.159437
232.989 12.1032 846.4 -0.152629
233.045 12.0948 847.079 -0.147585
233.101 12.087 847.759 -0.130736
233.157 12.0804 848.437 -0.107752
233.213 12.0748 849.116 -0.0922553
233.27 12.0702 849.794 -0.0749142
233.326 12.0661 850.472 -0.0674118
233.382 12.0625 851.15 -0.0589989
233.438 12.0596 851.827 -0.0457186
233.494 12.0576 852.505 -0.0286827
233.551 12.0566 853.182 -0.0112203
233.607 12.0566 853.86 0.00657897
233.663 12.0573 854.537 0.018407
233.719 12.0589 855.214 0.0347692
233.775 12.0616 855.892 0.0567501
233.831 12.0653 856.57 0.0706604
233.888 12.0698 857.248 0.087987
233.944 12.0755 857.926 0.108383
234 12.082 858.604 0.122525
234.056 12.0894 859.283 0.134105
234.112 12.0974 859.963 0.14602
234.169 12.106 860.643 0.161155
234.225 12.1158 861.323 0.179733
234.281 12.1264 862.004 0.195239
234.337 12.1378 862.686 0.207012
234.393 12.1499 863.368 0.219085
234.449 12.1628 864.051 0.23868
234.506 12.1767 864.735 0.251193
234.562 12.1911 865.42 0.259673
234.618 12.2059 866.105 0.265835
234.674 12.2209 866.791 0.269404
234.73 12.2364 867.478 0.280273
234.787 12.2526 868.166 0.293897
234.843 12.2695 868.855 0.306063
234.899 12.2869 869.545 0.311539
234.955 12.3047 870.236 0.317272
235.011 12.3226 870.928 0.322179
235.067 12.3411 871.621 0.331405
235.124 12.36 872.315 0.339304
235.18 12.3792 873.01 0.343168
235.236 12.3984 873.706 0.343796
235.292 12.4182 874.403 0.357234
235.348 12.4385 875.101 0.363931
235.404 12.4592 875.801 0.367619
235.461 12.4799 876.502 0.368681
235.517 12.5005 877.203 0.36407
235.573 12.521 877.906 0.366079
235.629 12.5415 878.61 0.365781
235.685 12.5617 879.316 0.356983
235.742 12.5814 880.022 0.343623
235.798 12.6004 880.73 0.33579
235.854 12.6189 881.438 0.325169
235.91 12.637 882.148 0.31852
235.966 12.6546 882.858 0.310707
236.022 12.6719 883.57 0.304459
236.079 12.6888 884.282 0.296206
236.135 12.7051 884.996 0.286422
236.191 12.7208 885.71 0.274448
236.247 12.7358 886.425 0.262668
236.303 12.7502 887.141 0.252724
236.36 12.764 887.858 0.241396
236.416 12.7773 888.575 0.230519
236.472 12.7898 889.294 0.219334
236.528 12.8017 890.012 0.206181
236.584 12.8131 890.732 0.197356
236.64 12.8239 891.452 0.191568
236.697 12.8345 892.173 0.186731
236.753 12.8447 892.894 0.177391
236.809 12.8544 893.616 0.171999
236.865 12.8636 894.339 0.159943
236.921 12.8723 895.062 0.150758
236.978 12.8806 895.785 0.14525
237.034 12.8884 896.509 0.136189
237.09 12.8959 897.233 0.128988
237.146 12.9029 897.958 0.124017
237.202 12.9095 898.683 0.112284
237.258 12.9157 899.409 0.109597
237.315 12.9219 900.135 0.109799
237.371 12.9278 900.861 0.103358
237.427 12.9335 901.587 0.0978556
237.483 12.9389 902.314 0.0938964
237.539 12.9438 903.041 0.0858429
237.596 12.9487 903.768 0.0854077
237.652 12.9536 904.496 0.0895922
237.708 12.9585 905.224 0.0856427
237.764 12.9633 905.952 0.0854088
237.82 12.9682 906.681 0.0855871
237.876 12.9729 907.409 0.0815011
237.933 12.9772 908.138 0.0740658
237.989 12.9812 908.867 0.0694689
238.045 12.9849 909.597 0.0642428
238.101 12.9884 910.326 0.0606177
238.157 12.9916 911.056 0.0548639
238.213 12.9944 911.786 0.0472701
238.27 12.9969 912.516 0.0427301
238.326 12.9992 913.246 0.0380518
238.382 13.001 913.977 0.0279075
238.438 13.0022 914.707 0.0177913
238.494 13.003 915.438 0.0102398
238.551 13.0031 916.168 -0.00176016
238.607 13.0026 916.899 -0.0170249
238.663 13.0011 917.629 -0.0309177
238.719 12.9988 918.36 -0.0464214
238.775 12.9957 919.09 -0.0663236
238.831 12.9915 919.82 -0.0800474
238.888 12.9864 920.549 -0.0983053
238.944 12.9802 921.279 -0.119946
239 12.973 922.008 -0.130455
239.056 12.9652 922.736 -0.142805
239.112 12.9569 923.464 -0.150705
239.169 12.9485 924.192 -0.152834
239.225 12.9395 924.919 -0.162736
239.281 12.93 925.646 -0.175223
239.337 12.9198 926.372 -0.185257
239.393 12.909 927.097 -0.194841
239.449 12.8977 927.822 -0.209199
239.506 12.8856 928.546 -0.217797
239.562 12.873 929.27 -0.229053
239.618 12.8598 929.993 -0.238699
239.674 12.8462 930.715 -0.24923
239.73 12.8319 931.436 -0.25777
239.787 12.817 932.156 -0.271546
239.843 12.8016 932.876 -0.275422
239.899 12.786 933.594 -0.278721
239.955 12.7703 934.312 -0.281985
240.011 12.7543 935.029 -0.285478
240.067 12.7382 935.745 -0.286133
240.124 12.7222 936.46 -0.285681
240.18 12.7063 937.174 -0.282669
240.236 12.6902 937.888 -0.288404
240.292 12.6737 938.6 -0.298093
240.348 12.6568 939.311 -0.300697
240.404 12.6397 940.022 -0.303413
240.461 12.6227 940.732 -0.303653
240.517 12.6058 941.44 -0.298802
240.573 12.589 942.148 -0.295928
240.629 12.5725 942.854 -0.293281
240.685 12.5562 943.56 -0.286469
240.742 12.5403 944.265 -0.28131
240.798 12.5248 944.969 -0.272298
240.854 12.51 945.672 -0.25851
240.91 12.4956 946.374 -0.254402
240.966 12.4814 947.076 -0.250552
241.022 12.4677 947.777 -0.238172
241.079 12.4545 948.477 -0.232041
241.135 12.4419 949.176 -0.222139
241.191 12.4297 949.875 -0.211905
241.247 12.4181 950.572 -0.203923
241.303 12.407 951.27 -0.193169
241.36 12.3965 951.966 -0.183812
241.416 12.3863 952.662 -0.178303
241.472 12.3765 953.358 -0.173099
241.528 12.3671 954.053 -0.16439
241.584 12.3583 954.747 -0.151497
241.64 12.3502 955.441 -0.141344
241.697 12.3426 956.135 -0.1309
241.753 12.3354 956.828 -0.124475
241.809 12.3287 957.521 -0.11856
241.865 12.3224 958.213 -0.105557
241.921 12.3168 958.905 -0.0961085
241.978 12.3118 959.597 -0.0866668
242.034 12.3075 960.289 -0.0692435
242.09 12.3039 960.98 -0.0599493
242.146 12.3008 961.671 -0.0539208
242.202 12.2981 962.362 -0.0451021
242.258 12.2956 963.053 -0.0419341
242.315 12.2934 963.744 -0.0374977
242.371 12.2915 964.434 -0.0293559
242.427 12.2902 965.125 -0.0170927
242.483 12.2896 965.815 -0.0105015
242.539 12.2894 966.506 -0.000638566
242.596 12.2896 967.196 0.00485154
242.652 12.2902 967.886 0.0127605
242.708 12.2911 968.577 0.0188471
242.764 12.2924 969.268 0.0240507
242.82 12.2937 969.958 0.0247313
242.876 12.2952 970.649 0.0246165
242.933 12.2968 971.34 0.0289878
242.989 12.2986 972.031 0.0322937
243.045 12.3006 972.722 0.0380197
243.101 12.3028 973.413 0.041999
243.157 12.3052 974.104 0.0411687
243.213 12.3077 974.795 0.0460776
243.27 12.3102 975.487 0.0470651
243.326 12.3129 976.178 0.0480416
243.382 12.3157 976.87 0.0515078
243.438 12.3188 977.562 0.0575803
243.494 12.322 978.254 0.0582276
243.551 12.3253 978.947 0.0575121
243.607 12.3286 979.639 0.0610796
243.663 12.332 980.332 0.0616947
243.719 12.3356 981.025 0.0641598
243.775 12.3393 981.718 0.0668487
243.831 12.3432 982.412 0.0723048
243.888 12.3474 983.105 0.0750275
243.944 12.3516 983.799 0.0734832
244 12.3557 984.493 0.072108
244.056 12.3594 985.187 0.0629416
244.112 12.3629 985.882 0.0621113
244.169 12.3662 986.576 0.0579561
244.225 12.3696 987.271 0.0630689
244.281 12.373 987.966 0.0600726
244.337 12.3764 988.661 0.0597937
244.393 12.3798 989.357 0.0630271
244.449 12.3834 990.053 0.0631664
244.506 12.387 990.748 0.0631298
244.562 12.3906 991.444 0.0653855
244.618 12.3943 992.141 0.0664498
244.674 12.3982 992.837 0.0694769
244.73 12.4024 993.534 0.0777279
244.787 12.4069 994.231 0.0816342
244.843 12.4116 994.928 0.0838001
244.899 12.4165 995.625 0.0900761
244.955 12.4216 996.323 0.092904
245.011 12.4269 997.021 0.0957816
245.067 12.4324 997.719 0.0972354
245.124 12.4379 998.418 0.0996989
245.18 12.4436 999.117 0.102283
245.236 12.4495 999.816 0.107257
245.292 12.4557 1000.52 0.111699
245.348 12.4622 1001.22 0.118856
245.404 12.4694 1001.92 0.132459
245.461 12.4772 1002.62 0.143545
245.517 12.4856 1003.32 0.153421
245.573 12.4946 1004.02 0.163586
245.629 12.504 1004.72 0.170004
245.685 12.5138 1005.42 0.179705
245.742 12.5241 1006.13 0.187053
245.798 12.5346 1006.83 0.18642
245.854 12.5453 1007.54 0.189711
245.91 12.556 1008.24 0.194112
245.966 12.567 1008.95 0.196971
246.022 12.5783 1009.65 0.207973
246.079 12.59 1010.36 0.209981
246.135 12.602 1011.07 0.216778
246.191 12.6144 1011.78 0.221313
246.247 12.6269 1012.49 0.224393
246.303 12.6394 1013.2 0.219762
246.36 12.6517 1013.91 0.21523
246.416 12.6633 1014.62 0.203152
246.472 12.6743 1015.33 0.189206
246.528 12.6844 1016.04 0.171381
246.584 12.6935 1016.75 0.154246
246.64 12.7016 1017.47 0.139313
246.697 12.709 1018.18 0.125615
246.753 12.7156 1018.9 0.110918
246.809 12.7213 1019.61 0.0965286
246.865 12.7262 1020.33 0.0800792
246.921 12.7303 1021.04 0.0676315
246.978 12.7335 1021.76 0.0513776
247.034 12.736 1022.47 0.0370326
247.09 12.7378 1023.19 0.0308987
247.146 12.739 1023.9 0.0137758
247.202 12.7393 1024.62 -0.00343325
247.258 12.7388 1025.33 -0.0113365
247.315 12.7376 1026.05 -0.0261587
247.371 12.736 1026.77 -0.0324981
247.427 12.7341 1027.48 -0.0342933
247.483 12.7316 1028.2 -0.0475838
247.539 12.7285 1028.91 -0.0613963
247.596 12.725 1029.63 -0.063736
247.652 12.7211 1030.34 -0.0737797
247.708 12.7166 1031.06 -0.0847926
247.764 12.7116 1031.77 -0.0899824
247.82 12.7062 1032.48 -0.0994369
247.876 12.7004 1033.2 -0.10729
247.933 12.6942 1033.91 -0.112839
247.989 12.6876 1034.62 -0.119554
248.045 12.6808 1035.34 -0.120433
248.101 12.6739 1036.05 -0.124781
248.157 12.6668 1036.76 -0.127458
248.213 12.6595 1037.47 -0.128986
248.27 12.6523 1038.18 -0.126606
248.326 12.6453 1038.89 -0.123022
248.382 12.6385 1039.6 -0.119837
248.438 12.632 1040.31 -0.114797
248.494 12.6256 1041.02 -0.111446
248.551 12.6194 1041.73 -0.107876
248.607 12.6137 1042.44 -0.0965923
248.663 12.6087 1043.15 -0.0830876
248.719 12.6045 1043.86 -0.0703826
248.775 12.601 1044.56 -0.0583034
248.831 12.5981 1045.27 -0.0473004
248.888 12.5958 1045.98 -0.0365013
248.944 12.5942 1046.69 -0.0221571
249 12.5935 1047.4 -0.00368752
249.056 12.5938 1048.1 0.0091719
249.112 12.5948 1048.81 0.0227295
249.169 12.5964 1049.52 0.0317982
249.225 12.5986 1050.23 0.0442321
249.281 12.6014 1050.93 0.0570808
249.337 12.6047 1051.64 0.0613555
249.393 12.6084 1052.35 0.0671992
249.449 12.6125 1053.06 0.081455
249.506 12.6172 1053.77 0.087312
249.562 12.6223 1054.48 0.0894223
249.618 12.6278 1055.19 0.100827
249.674 12.6336 1055.9 0.108357
249.73 12.6398 1056.61 0.110591
249.787 12.6461 1057.32 0.11221
249.843 12.6524 1058.03 0.111791
249.899 12.6587 1058.74 0.111292
249.955 12.6651 1059.45 0.115875
250.011 12.6716 1060.16 0.117684
250.067 12.6783 1060.87 0.117596
250.124 12.6852 1061.58 0.124319
250.18 12.6922 1062.3 0.12554
250.236 12.6992 1063.01 0.123778
250.292 12.706 1063.72 0.122466
250.348 12.7128 1064.44 0.12197
250.404 12.7196 1065.15 0.123156
250.461 12.7265 1065.87 0.122148
250.517 12.7335 1066.58 0.122006
250.573 12.7404 1067.3 0.1212
250.629 12.7471 1068.01 0.117779
250.685 12.7533 1068.73 0.106018
250.742 12.7592 1069.45 0.100294
250.798 12.7646 1070.16 0.0915939
250.854 12.7691 1070.88 0.0769955
250.91 12.7732 1071.6 0.0657048
250.966 12.7765 1072.32 0.056778
251.022 12.7793 1073.04 0.0468297
251.079 12.7817 1073.75 0.0385704
251.135 12.784 1074.47 0.0434129
251.191 12.7863 1075.19 0.0416061
251.247 12.7886 1075.91 0.0407496
251.303 12.791 1076.63 0.0437457
251.36 12.7928 1077.35 0.0260943
251.416 12.794 1078.06 0.0158321
251.472 12.7947 1078.78 0.0130189
251.528 12.7951 1079.5 0.00520769
251.584 12.7952 1080.22 -0.00300049
251.64 12.7949 1080.94 -0.00410087
251.697 12.7947 1081.66 -0.00124765
251.753 12.7947 1082.38 -0.000607288
251.809 12.7948 1083.1 0.00532013
251.865 12.795 1083.81 0.000316597
251.921 12.7947 1084.53 -0.0105352
251.978 12.7939 1085.25 -0.0151154
252.034 12.7928 1085.97 -0.0200019
252.09 12.7917 1086.69 -0.0223211
252.146 12.7906 1087.41 -0.0167522
252.202 12.79 1088.13 -0.0044035
252.258 12.7901 1088.85 0.00393937
252.315 12.7907 1089.56 0.016093
252.371 12.7915 1090.28 0.0142641
252.427 12.7918 1091 0.00126581
252.483 12.7917 1091.72 -0.00251725
252.539 12.7913 1092.44 -0.00901328
252.596 12.7909 1093.16 -0.00571607
252.652 12.791 1093.88 0.00847189
252.708 12.7917 1094.59 0.0183173
252.764 12.7932 1095.31 0.0302142
252.82 12.7951 1096.03 0.0357109
252.876 12.7968 1096.75 0.0284963
252.933 12.7983 1097.47 0.0233021
252.989 12.7995 1098.19 0.0220664
253.045 12.8007 1098.91 0.0205565
253.101 12.8021 1099.63 0.0267223
253.157 12.804 1100.35 0.0392617
253.213 12.8062 1101.07 0.0365458
253.27 12.8079 1101.78 0.0250581
253.326 12.8091 1102.5 0.0211525
253.382 12.8102 1103.22 0.0175162
253.438 12.8111 1103.94 0.0130041
253.494 12.8116 1104.66 0.00507587
253.551 12.8118 1105.38 -0.000153915
253.607 12.8115 1106.1 -0.00906009
253.663 12.8107 1106.82 -0.0156744
253.719 12.8097 1107.54 -0.019893
253.775 12.8084 1108.26 -0.0262139
253.831 12.8069 1108.98 -0.0276406
253.888 12.8049 1109.7 -0.0417404
253.944 12.8021 1110.42 -0.0568166
254 12.7988 1111.14 -0.0605606
254.056 12.7952 1111.86 -0.0647047
254.112 12.7914 1112.58 -0.0703982
254.169 12.7871 1113.3 -0.0819104
254.225 12.7818 1114.01 -0.0983681
254.281 12.776 1114.73 -0.108563
254.337 12.7699 1115.45 -0.107748
254.393 12.7635 1116.17 -0.115243
254.449 12.7569 1116.88 -0.122392
254.506 12.7499 1117.6 -0.126479
254.562 12.7424 1118.32 -0.136447
254.618 12.7345 1119.03 -0.146026
254.674 12.7263 1119.75 -0.143977
254.73 12.7183 1120.46 -0.141586
254.787 12.7103 1121.18 -0.142953
254.843 12.7023 1121.89 -0.14086
254.899 12.6945 1122.6 -0.137784
254.955 12.6869 1123.32 -0.132921
255.011 12.6797 1124.03 -0.127744
255.067 12.6724 1124.74 -0.129284
255.124 12.6653 1125.45 -0.124916
255.18 12.6587 1126.16 -0.112964
255.236 12.6527 1126.87 -0.102828
255.292 12.6473 1127.58 -0.0924535
255.348 12.6423 1128.29 -0.0874285
255.404 12.6378 1129.01 -0.0759055
255.461 12.6341 1129.71 -0.0602663
255.517 12.6311 1130.42 -0.047626
255.573 12.6286 1131.13 -0.0386894
255.629 12.6268 1131.84 -0.0316741
255.685 12.6254 1132.55 -0.0200241
255.742 12.6244 1133.26 -0.0132212
255.798 12.624 1133.97 -0.00479846
255.854 12.6241 1134.68 0.00396681
255.91 12.6242 1135.39 0.00279582
255.966 12.6243 1136.1 0.00176774
256.022 12.6245 1136.81 0.00622812
256.079 12.6248 1137.52 0.00190239
256.135 12.6247 1138.23 -0.0053686
256.191 12.6242 1138.94 -0.0103552
256.247 12.6232 1139.65 -0.0219502
256.303 12.6218 1140.35 -0.0291628
256.36 12.62 1141.06 -0.0346984
256.416 12.6176 1141.77 -0.0499666
256.472 12.6142 1142.48 -0.0704002
256.528 12.61 1143.19 -0.07739
256.584 12.6052 1143.9 -0.0905718
256.64 12.5997 1144.61 -0.103238
256.697 12.5937 1145.31 -0.11064
256.753 12.587 1146.02 -0.125265
256.809 12.5795 1146.73 -0.139878
256.865 12.5712 1147.43 -0.155651
256.921 12.5621 1148.14 -0.167665
256.978 12.5522 1148.85 -0.185686
257.034 12.5411 1149.55 -0.202253
257.09 12.529 1150.25 -0.225984
257.146 12.5158 1150.96 -0.243638
257.202 12.5016 1151.66 -0.25911
257.258 12.4862 1152.36 -0.279753
257.315 12.4699 1153.06 -0.301035
257.371 12.4523 1153.76 -0.319199
257.427 12.4335 1154.46 -0.344018
257.483 12.4136 1155.16 -0.36132
257.539 12.3928 1155.86 -0.377698
257.596 12.3709 1156.55 -0.399725
257.652 12.3478 1157.25 -0.420798
257.708 12.3235 1157.94 -0.438845
257.764 12.2981 1158.63 -0.461738
257.82 12.2715 1159.32 -0.480559
257.876 12.2439 1160.01 -0.496945
257.933 12.2154 1160.7 -0.515441
257.989 12.186 1161.38 -0.529083
258.045 12.1559 1162.06 -0.541381
258.101 12.125 1162.75 -0.556342
258.157 12.0934 1163.43 -0.566029
258.213 12.0615 1164.11 -0.570576
258.27 12.0293 1164.78 -0.572054
258.326 11.9971 1165.46 -0.574436
258.382 11.9648 1166.13 -0.576455
258.438 11.9321 1166.8 -0.583412
258.494 11.8994 1167.47 -0.583362
258.551 11.8669 1168.14 -0.574745
258.607 11.8343 1168.8 -0.579298
258.663 11.802 1169.47 -0.573025
258.719 11.7701 1170.13 -0.563272
258.775 11.7386 1170.79 -0.557956
258.831 11.7076 1171.45 -0.549234
258.888 11.6773 1172.1 -0.530908
258.944 11.648 1172.76 -0.514373
259 11.6196 1173.41 -0.503778
259.056 11.5918 1174.06 -0.484935
259.112 11.565 1174.71 -0.47145
259.169 11.5391 1175.36 -0.45361
259.225 11.5145 1176.01 -0.426996
259.281 11.4913 1176.66 -0.400307
259.337 11.4698 1177.3 -0.37471
259.393 11.4498 1177.95 -0.343951
259.449 11.4313 1178.59 -0.31729
259.506 11.4144 1179.23 -0.292594
259.562 11.399 1179.87 -0.26254
259.618 11.3852 1180.51 -0.229759
259.674 11.3734 1181.15 -0.19728
259.73 11.3632 1181.79 -0.17298
259.787 11.3544 1182.43 -0.143989
259.843 11.3474 1183.06 -0.109671
259.899 11.3426 1183.7 -0.0698637
259.955 11.3399 1184.34 -0.0352198
260.011 11.3389 1184.98 -0.00351108
260.067 11.34 1185.61 0.0342269
260.124 11.3426 1186.25 0.0560325
260.18 11.3466 1186.89 0.0796251
260.236 11.3521 1187.52 0.109133
260.292 11.359 1188.16 0.133222
260.348 11.3676 1188.8 0.165336
260.404 11.3779 1189.44 0.194356
260.461 11.3896 1190.08 0.220542
260.517 11.403 1190.72 0.250878
260.573 11.4183 1191.36 0.283478
260.629 11.4351 1192 0.311113
260.685 11.4535 1192.65 0.335546
260.742 11.4732 1193.29 0.360455
260.798 11.4943 1193.94 0.386615
260.854 11.5168 1194.58 0.40877
260.91 11.5408 1195.23 0.440322
260.966 11.5664 1195.88 0.467325
261.022 11.5933 1196.53 0.484281
261.079 11.6211 1197.18 0.500515
261.135 11.6497 1197.84 0.513601
261.191 11.6787 1198.49 0.519609
261.247 11.7085 1199.15 0.537045
261.303 11.7393 1199.81 0.555527
261.36 11.771 1200.47 0.568883
261.416 11.8031 1201.13 0.572297
261.472 11.8355 1201.79 0.57749
261.528 11.868 1202.46 0.581037
261.584 11.9007 1203.13 0.583308
261.64 11.9338 1203.8 0.591415
261.697 11.9671 1204.47 0.594073
261.753 12.0007 1205.14 0.601646
261.809 12.0347 1205.82 0.606775
261.865 12.069 1206.5 0.613399
261.921 12.1038 1207.17 0.621082
261.978 12.1388 1207.86 0.624922
262.034 12.174 1208.54 0.62712
262.09 12.2092 1209.22 0.627265
262.146 12.2441 1209.91 0.619711
262.202 12.2787 1210.6 0.614008
262.258 12.3131 1211.29 0.611457
262.315 12.3472 1211.98 0.602653
262.371 12.381 1212.68 0.599388
262.427 12.4144 1213.38 0.592212
262.483 12.4474 1214.07 0.583546
262.539 12.4799 1214.77 0.57604
262.596 12.5119 1215.48 0.569885
262.652 12.5436 1216.18 0.559259
262.708 12.5747 1216.89 0.548075
262.764 12.6053 1217.59 0.542165
262.82 12.6354 1218.3 0.534807
262.876 12.6653 1219.01 0.53043
262.933 12.6952 1219.73 0.532495
262.989 12.7248 1220.44 0.527168
263.045 12.7543 1221.16 0.52341
263.101 12.7835 1221.87 0.516411
263.157 12.8123 1222.59 0.510545
263.213 12.8408 1223.31 0.50548
263.27 12.8691 1224.04 0.501881
263.326 12.897 1224.76 0.4946
263.382 12.9246 1225.49 0.48638
263.438 12.9519 1226.21 0.485417
263.494 12.9788 1226.94 0.474394
263.551 13.0052 1227.67 0.466198
263.607 13.0311 1228.4 0.457389
263.663 13.0563 1229.14 0.446046
263.719 13.0809 1229.87 0.430426
263.775 13.1048 1230.61 0.425609
263.831 13.1285 1231.34 0.417534
263.888 13.1515 1232.08 0.401659
263.944 13.1733 1232.82 0.3799
264 13.1938 1233.56 0.354887
264.056 13.2132 1234.3 0.339555
264.112 13.232 1235.05 0.332157
264.169 13.2502 1235.79 0.322256
264.225 13.2679 1236.54 0.308456
264.281 13.2846 1237.28 0.292225
264.337 13.3004 1238.03 0.277824
264.393 13.3157 1238.78 0.266384
264.449 13.3305 1239.52 0.260255
264.506 13.3447 1240.27 0.251044
264.562 13.3584 1241.02 0.238974
264.618 13.3718 1241.77 0.235997
264.674 13.3846 1242.53 0.223078
264.73 13.3967 1243.28 0.209775
264.787 13.4083 1244.03 0.203968
264.843 13.4193 1244.79 0.191505
264.899 13.4298 1245.54 0.181973
264.955 13.4396 1246.29 0.170351
265.011 13.4486 1247.05 0.155778
265.067 13.4572 1247.81 0.148846
265.124 13.4653 1248.56 0.141891
265.18 13.473 1249.32 0.13336
265.236 13.4802 1250.08 0.126449
265.292 13.4873 1250.83 0.125475
265.348 13.494 1251.59 0.117979
265.404 13.5008 1252.35 0.12224
265.461 13.5077 1253.11 0.123649
265.517 13.5144 1253.87 0.117127
265.573 13.5208 1254.63 0.114475
265.629 13.5275 1255.39 0.122804
265.685 13.5344 1256.15 0.12129
265.742 13.5415 1256.91 0.128989
265.798 13.549 1257.67 0.134359
265.854 13.5567 1258.43 0.139359
265.91 13.5646 1259.19 0.140695
265.966 13.573 1259.95 0.151477
266.022 13.5816 1260.72 0.156696
266.079 13.5908 1261.48 0.167513
266.135 13.6006 1262.24 0.179977
266.191 13.611 1263.01 0.189434
266.247 13.6218 1263.77 0.188273
266.303 13.6325 1264.54 0.194092
266.36 13.6434 1265.31 0.193902
266.416 13.6542 1266.07 0.191555
266.472 13.665 1266.84 0.19369
266.528 13.6759 1267.61 0.193491
266.584 13.6868 1268.38 0.193835
266.64 13.6977 1269.15 0.193913
266.697 13.7083 1269.92 0.18804
266.753 13.7187 1270.69 0.179176
266.809 13.7286 1271.46 0.172703
266.865 13.7379 1272.23 0.162425
266.921 13.7466 1273 0.148545
266.978 13.7548 1273.77 0.142159
267.034 13.7622 1274.55 0.127678
267.09 13.769 1275.32 0.112763
267.146 13.775 1276.09 0.105762
267.202 13.78 1276.87 0.0789904
267.258 13.7836 1277.64 0.0509158
267.315 13.7857 1278.42 0.0265274
267.371 13.7861 1279.19 -0.00160505
267.427 13.7848 1279.97 -0.0387584
267.483 13.7814 1280.74 -0.0753508
267.539 13.7762 1281.51 -0.107248
267.596 13.7691 1282.29 -0.139155
267.652 13.7601 1283.06 -0.174259
267.708 13.7489 1283.83 -0.214342
267.764 13.7357 1284.61 -0.252027
267.82 13.7203 1285.38 -0.287416
267.876 13.7025 1286.15 -0.334429
267.933 13.6824 1286.92 -0.37526
267.989 13.66 1287.68 -0.417431
268.045 13.635 1288.45 -0.463238
268.101 13.6073 1289.22 -0.513389
268.157 13.5767 1289.98 -0.561841
268.213 13.5435 1290.74 -0.609125
268.27 13.5081 1291.5 -0.64645
268.326 13.4707 1292.26 -0.678344
268.382 13.4314 1293.01 -0.71428
268.438 13.3902 1293.77 -0.744778
268.494 13.3471 1294.52 -0.78147
268.551 13.3023 1295.27 -0.806685
268.607 13.256 1296.01 -0.832997
268.663 13.2087 1296.75 -0.847366
268.719 13.1606 1297.49 -0.861047
268.775 13.1121 1298.23 -0.866544
268.831 13.063 1298.97 -0.876603
268.888 13.0137 1299.7 -0.876828
268.944 12.9645 1300.43 -0.874453
269 12.9159 1301.16 -0.861423
269.056 12.8677 1301.88 -0.84978
269.112 12.8206 1302.6 -0.832056
269.169 12.7745 1303.32 -0.813235
269.225 12.7294 1304.04 -0.793858
269.281 12.6856 1304.75 -0.772557
269.337 12.6435 1305.46 -0.734695
269.393 12.6032 1306.17 -0.703434
269.449 12.5649 1306.88 -0.668277
269.506 12.5286 1307.58 -0.631621
269.562 12.4944 1308.28 -0.593043
269.618 12.4625 1308.98 -0.553822
269.674 12.4327 1309.68 -0.511351
269.73 12.405 1310.38 -0.477498
269.787 12.3795 1311.08 -0.440363
269.843 12.3564 1311.77 -0.38911
269.899 12.3363 1312.47 -0.334803
269.955 12.3194 1313.16 -0.280681
270.011 12.3055 1313.85 -0.22434
270.067 12.2946 1314.54 -0.174253
270.124 12.2864 1315.23 -0.127287
270.18 12.2808 1315.92 -0.0788037
270.236 12.2778 1316.61 -0.0361944
270.292 12.2774 1317.3 0.0103554
270.348 12.2799 1317.99 0.0660334
270.404 12.2851 1318.68 0.113988
270.461 12.2932 1319.37 0.159429
270.517 12.3034 1320.06 0.194312
270.573 12.3152 1320.75 0.223979
270.629 12.3289 1321.45 0.255302
270.685 12.3443 1322.14 0.290224
270.742 12.3613 1322.83 0.312012
270.798 12.3798 1323.53 0.338956
270.854 12.3998 1324.22 0.369093
270.91 12.4211 1324.92 0.389565
270.966 12.4439 1325.62 0.411441
271.022 12.4677 1326.32 0.431969
271.079 12.4924 1327.02 0.446536
271.135 12.5179 1327.72 0.457961
271.191 12.5442 1328.43 0.472383
271.247 12.571 1329.13 0.482415
271.303 12.5983 1329.84 0.486557
271.36 12.6264 1330.55 0.503072
271.416 12.6548 1331.26 0.509507
271.472 12.6834 1331.97 0.504776
271.528 12.7115 1332.69 0.498053
271.584 12.7395 1333.4 0.497657
271.64 12.7672 1334.12 0.492026
271.697 12.795 1334.84 0.494494
271.753 12.8226 1335.56 0.4917
271.809 12.8502 1336.28 0.487726
271.865 12.8775 1337 0.485006
271.921 12.9043 1337.72 0.473433
271.978 12.9304 1338.45 0.456144
272.034 12.9558 1339.18 0.44727
272.09 12.9803 1339.91 0.432621
272.146 13.0042 1340.64 0.41907
272.202 13.0273 1341.37 0.409356
272.258 13.0497 1342.1 0.395644
272.315 13.0714 1342.83 0.376726
272.371 13.0921 1343.57 0.362392
272.427 13.1116 1344.3 0.339564
272.483 13.1301 1345.04 0.320937
272.539 13.1474 1345.78 0.29857
272.596 13.1633 1346.52 0.275399
272.652 13.1781 1347.26 0.250798
272.708 13.1916 1348 0.233111
272.764 13.204 1348.74 0.213324
272.82 13.2151 1349.48 0.180713
272.876 13.2245 1350.23 0.154023
272.933 13.2318 1350.97 0.119865
272.989 13.2376 1351.71 0.0868476
273.045 13.2424 1352.46 0.0802196
273.101 13.2462 1353.2 0.0597528
273.157 13.2489 1353.95 0.0405306
273.213 13.2505 1354.69 0.0184281
273.27 13.2504 1355.43 -0.0166431
273.326 13.2485 1356.18 -0.0456205
273.382 13.2453 1356.92 -0.0637842
273.438 13.2409 1357.67 -0.0893279
273.494 13.2351 1358.41 -0.11545
273.551 13.2279 1359.15 -0.137094
273.607 13.2191 1359.9 -0.1683
273.663 13.2091 1360.64 -0.186566
273.719 13.1981 1361.38 -0.20338
273.775 13.1857 1362.12 -0.229254
273.831 13.1721 1362.86 -0.253277
273.888 13.1572 1363.6 -0.27106
273.944 13.1411 1364.34 -0.298707
274 13.124 1365.08 -0.309788
274.056 13.1059 1365.81 -0.330538
274.112 13.0867 1366.55 -0.347344
274.169 13.0668 1367.28 -0.357508
274.225 13.0466 1368.02 -0.363729
274.281 13.0257 1368.75 -0.375779
274.337 13.0042 1369.48 -0.387697
274.393 12.9822 1370.21 -0.393004
274.449 12.96 1370.94 -0.394655
274.506 12.9378 1371.67 -0.39405
274.562 12.9157 1372.39 -0.393461
274.618 12.8934 1373.12 -0.395701
274.674 12.8716 1373.84 -0.385909
274.73 12.8503 1374.56 -0.373451
274.787 12.8297 1375.29 -0.360212
274.843 12.81 1376.01 -0.345449
274.899 12.7914 1376.72 -0.3206
274.955 12.7738 1377.44 -0.303986
275.011 12.7576 1378.16 -0.282472
275.067 12.7425 1378.88 -0.256529
275.124 12.729 1379.59 -0.232233
275.18 12.7167 1380.31 -0.210085
275.236 12.7059 1381.02 -0.18193
275.292 12.6962 1381.73 -0.163099
275.348 12.6878 1382.45 -0.144151
275.404 12.6804 1383.16 -0.123092
275.461 12.674 1383.87 -0.106412
275.517 12.6686 1384.58 -0.0937209
275.573 12.6636 1385.29 -0.0828341
275.629 12.6592 1386.01 -0.0760292
275.685 12.6551 1386.72 -0.0724647
275.742 12.6514 1387.43 -0.0626341
275.798 12.6478 1388.14 -0.0632356
275.854 12.6444 1388.85 -0.061029
275.91 12.6411 1389.56 -0.0579535
275.966 12.6377 1390.27 -0.0639489
276.022 12.6338 1390.98 -0.0755866
276.079 12.6291 1391.69 -0.0872148
276.135 12.6236 1392.4 -0.105543
276.191 12.6171 1393.11 -0.124839
276.247 12.6096 1393.82 -0.141075
276.303 12.6009 1394.52 -0.164194
276.36 12.5909 1395.23 -0.189669
276.416 12.5794 1395.94 -0.213867
276.472 12.5658 1396.64 -0.255682
276.528 12.5501 1397.35 -0.297466
276.584 12.5323 1398.05 -0.331151
276.64 12.5122 1398.76 -0.374445
276.697 12.4896 1399.46 -0.421702
276.753 12.4644 1400.16 -0.467494
276.809 12.4364 1400.86 -0.519759
276.865 12.4053 1401.56 -0.576278
276.921 12.3713 1402.25 -0.624833
276.978 12.3348 1402.95 -0.667469
277.034 12.2958 1403.64 -0.709104
277.09 12.2547 1404.33 -0.746888
277.146 12.2113 1405.02 -0.788346
277.202 12.1658 1405.7 -0.825267
277.258 12.1183 1406.38 -0.858257
277.315 12.0688 1407.06 -0.893858
277.371 12.0174 1407.74 -0.926727
277.427 11.9647 1408.41 -0.943272
277.483 11.9111 1409.08 -0.959605
277.539 11.8567 1409.75 -0.974774
277.596 11.8017 1410.41 -0.981352
277.652 11.7463 1411.07 -0.989392
277.708 11.6907 1411.73 -0.991331
277.764 11.6351 1412.39 -0.987245
277.82 11.5799 1413.04 -0.980303
277.876 11.525 1413.69 -0.975029
277.933 11.4712 1414.33 -0.946871
277.989 11.4188 1414.98 -0.924582
278.045 11.3674 1415.62 -0.910787
278.101 11.3166 1416.25 -0.897121
278.157 11.2669 1416.89 -0.876252
278.213 11.2186 1417.52 -0.849398
278.27 11.1718 1418.15 -0.816498
278.326 11.1271 1418.77 -0.782986
278.382 11.0844 1419.4 -0.742784
278.438 11.0437 1420.02 -0.710914
278.494 11.005 1420.64 -0.674132
278.551 10.9686 1421.25 -0.63058
278.607 10.9346 1421.87 -0.590581
278.663 10.9028 1422.48 -0.548722
278.719 10.8734 1423.09 -0.504815
278.775 10.8465 1423.7 -0.459433
278.831 10.8221 1424.31 -0.420911
278.888 10.7999 1424.92 -0.377902
278.944 10.7802 1425.52 -0.333119
279 10.7631 1426.13 -0.286623
279.056 10.7483 1426.73 -0.247984
279.112 10.7358 1427.34 -0.205592
279.169 10.725 1427.94 -0.179467
279.225 10.7163 1428.54 -0.142634
279.281 10.7091 1429.14 -0.119447
279.337 10.7032 1429.75 -0.0937265
279.393 10.699 1430.35 -0.0652914
279.449 10.6962 1430.95 -0.0385223
279.506 10.6947 1431.55 -0.0215827
279.562 10.6943 1432.15 0.00209919
279.618 10.6951 1432.75 0.021253
279.674 10.697 1433.35 0.0421851
279.73 10.7001 1433.95 0.0603105
279.787 10.7038 1434.55 0.0702011
279.843 10.708 1435.16 0.0813908
279.899 10.7129 1435.76 0.0916432
279.955 10.7185 1436.36 0.104351
