# t frame_uz frame_z ub_dans_repere
160.009 -0.0335781 -0.000191889 -3.92789
160.037 -0.133958 -0.00278397 -3.48483
160.075 -0.252389 -0.010729 -2.84087
160.12 -0.359366 -0.0251531 -2.07164
160.17 -0.438513 -0.0453859 -1.30225
160.222 -0.483055 -0.0697015 -0.569605
160.275 -0.491191 -0.0960249 0.11395
160.33 -0.463819 -0.122097 0.750247
160.385 -0.404151 -0.145743 1.29864
160.44 -0.3159 -0.165368 1.7629
160.496 -0.205246 -0.179415 2.09772
160.552 -0.0809414 -0.186771 2.28079
160.608 0.0484344 -0.186961 2.31426
160.664 0.176096 -0.179946 2.25184
160.72 0.297304 -0.165979 2.10341
160.776 0.408774 -0.145547 1.91447
160.832 0.508834 -0.119248 1.69475
160.888 0.595483 -0.0877928 1.44734
160.944 0.668355 -0.0519495 1.19852
161 0.727508 -0.0124911 0.958571
161.056 0.772563 0.0299577 0.705664
161.112 0.803853 0.0744783 0.463168
161.169 0.821169 0.120287 0.208399
161.225 0.823865 0.166579 -0.0615785
161.281 0.811031 0.212505 -0.347893
161.337 0.781783 0.257158 -0.64036
161.393 0.734545 0.299571 -0.973848
161.449 0.668494 0.338696 -1.30943
161.506 0.583945 0.37348 -1.62297
161.562 0.48338 0.402964 -1.89606
161.618 0.368648 0.426314 -2.14028
161.674 0.241385 0.442788 -2.34833
161.73 0.103474 0.451742 -2.51842
161.787 -0.0429429 0.452657 -2.66417
161.843 -0.196635 0.445094 -2.78092
161.899 -0.355424 0.428714 -2.85402
161.955 -0.516857 0.40331 -2.88082
162.011 -0.67886 0.368813 -2.88376
162.067 -0.840431 0.325224 -2.86647
162.124 -0.999402 0.272629 -2.79742
162.18 -1.15315 0.211271 -2.68518
162.236 -1.29826 0.141549 -2.50664
162.292 -1.43126 0.0640675 -2.26806
162.348 -1.54941 -0.0203956 -1.98355
162.404 -1.65037 -0.110925 -1.66687
162.461 -1.73234 -0.206502 -1.30665
162.517 -1.79327 -0.305974 -0.934709
162.573 -1.83353 -0.40817 -0.565409
162.629 -1.8529 -0.511923 -0.197997
162.685 -1.85186 -0.616073 0.15858
162.742 -1.83141 -0.719506 0.501268
162.798 -1.79264 -0.821167 0.813524
162.854 -1.73713 -0.920077 1.09977
162.91 -1.66635 -1.01535 1.36733
162.966 -1.58155 -1.10617 1.60291
163.022 -1.48423 -1.19179 1.81823
163.079 -1.37557 -1.27156 2.01415
163.135 -1.25643 -1.34487 2.18567
163.191 -1.12884 -1.41119 2.33192
163.247 -0.994456 -1.47011 2.43493
163.303 -0.854254 -1.52127 2.536
163.36 -0.708839 -1.56438 2.61806
163.416 -0.559786 -1.59919 2.673
163.472 -0.408376 -1.62555 2.70562
163.528 -0.255628 -1.64335 2.73158
163.584 -0.10184 -1.65253 2.74083
163.64 0.0522891 -1.65306 2.74918
163.697 0.206729 -1.64491 2.74687
163.753 0.360619 -1.62811 2.73487
163.809 0.513909 -1.60268 2.72246
163.865 0.667171 -1.56864 2.72791
163.921 0.819648 -1.52602 2.7052
163.978 0.971366 -1.47485 2.69001
164.034 1.12124 -1.41522 2.65352
164.09 1.2689 -1.34724 2.6097
164.146 1.41324 -1.27107 2.54274
164.202 1.55382 -1.18691 2.47053
164.258 1.68919 -1.09503 2.36938
164.315 1.81827 -0.995753 2.24943
164.371 1.93992 -0.889466 2.11194
164.427 2.05247 -0.776649 1.93022
164.483 2.15591 -0.657809 1.7686
164.539 2.24865 -0.533513 1.56287
164.596 2.33048 -0.404374 1.37441
164.652 2.39989 -0.27105 1.13919
164.708 2.45667 -0.134253 0.916595
164.764 2.49986 0.00528035 0.670107
164.82 2.52959 0.146782 0.436067
164.876 2.54631 0.289514 0.209652
164.933 2.55088 0.432774 -0.00624229
164.989 2.54285 0.575868 -0.23185
165.045 2.52283 0.718101 -0.43882
165.101 2.49204 0.85884 -0.617094
165.157 2.45262 0.997548 -0.757665
165.213 2.40604 1.13379 -0.876103
165.27 2.35385 1.26723 -0.961363
165.326 2.29771 1.39759 -1.01886
165.382 2.23982 1.52472 -1.03263
165.438 2.18225 1.64861 -1.01418
165.494 2.12655 1.76932 -0.975124
165.551 2.07383 1.88699 -0.910414
165.607 2.0253 2.00185 -0.830573
165.663 1.98181 2.11414 -0.737417
165.719 1.94365 2.22416 -0.640561
165.775 1.91102 2.33223 -0.541511
165.831 1.88375 2.43865 -0.446808
165.888 1.86199 2.54372 -0.348299
165.944 1.84591 2.64776 -0.247045
166 1.83532 2.75108 -0.149806
166.056 1.8307 2.854 -0.0362645
166.112 1.8326 2.95688 0.0826208
166.169 1.84139 3.0601 0.20742
166.225 1.85773 3.16407 0.34945
166.281 1.88258 3.26923 0.506685
166.337 1.91697 3.37611 0.684158
166.393 1.96178 3.48527 0.875404
166.449 2.01793 3.59732 1.08666
166.506 2.08661 3.71294 1.31281
166.562 2.16836 3.83286 1.5504
166.618 2.2637 3.95783 1.79655
166.674 2.37292 4.08862 2.04376
166.73 2.49566 4.22601 2.27778
166.787 2.63133 4.37073 2.50287
166.843 2.77888 4.52349 2.70397
166.899 2.93736 4.6849 2.89624
166.955 3.1061 4.85556 3.07271
167.011 3.28389 5.03602 3.21984
167.067 3.46901 5.22671 3.34609
167.124 3.66065 5.42803 3.45183
167.18 3.85764 5.64031 3.5447
167.236 4.05952 5.86382 3.6219
167.292 4.26422 6.09877 3.65376
167.348 4.47056 6.34528 3.68284
167.404 4.67765 6.60342 3.67726
167.461 4.88398 6.87317 3.66335
167.517 5.08915 7.15447 3.64471
167.573 5.29299 7.44726 3.62006
167.629 5.49521 7.75144 3.58536
167.685 5.69546 8.06692 3.55457
167.742 5.89405 8.39359 3.52485
167.798 6.09133 8.73137 3.50371
167.854 6.28783 9.0802 3.49246
167.91 6.48372 9.44006 3.48751
167.966 6.67927 9.8109 3.47593
168.022 6.87421 10.1927 3.46827
168.079 7.06903 10.5855 3.46957
168.135 7.26425 10.9892 3.47744
168.191 7.4603 11.4039 3.49315
168.247 7.65766 11.8297 3.51647
168.303 7.85605 12.2665 3.54068
168.36 8.05556 12.7146 3.55872
168.416 8.25623 13.1739 3.58794
168.472 8.45793 13.6446 3.60012
168.528 8.65958 14.1265 3.58646
168.584 8.86038 14.6198 3.56443
168.64 9.05942 15.1243 3.52707
168.697 9.25672 15.6399 3.49867
168.753 9.45198 16.1665 3.4546
168.809 9.64426 16.704 3.39868
168.865 9.83291 17.2522 3.32963
168.921 10.0173 17.8109 3.24958
168.978 10.1975 18.3797 3.17902
169.034 10.3734 18.9586 3.09758
169.09 10.5442 19.5471 3.00237
169.146 10.7095 20.1451 2.90591
169.202 10.87 20.7522 2.82492
169.258 11.0257 21.3681 2.73951
169.315 11.1768 21.9927 2.65607
169.371 11.3231 22.6255 2.57293
169.427 11.4654 23.2665 2.50756
169.483 11.6043 23.9153 2.45015
169.539 11.7402 24.5718 2.3944
169.596 11.873 25.2359 2.34387
169.652 12.0028 25.9073 2.28835
169.708 12.1298 26.5859 2.2438
169.764 12.2543 27.2716 2.19795
169.82 12.3765 27.9641 2.15866
169.876 12.4965 28.6635 2.12531
169.933 12.6148 29.3695 2.09124
169.989 12.7312 30.0822 2.05941
170.045 12.8458 30.8013 2.02622
170.101 12.9585 31.5267 1.99376
170.157 13.0695 32.2585 1.96313
170.213 13.1784 32.9964 1.92592
170.27 13.2857 33.7404 1.89813
170.326 13.3908 34.4903 1.85124
170.382 13.4936 35.2461 1.81522
170.438 13.5939 36.0076 1.76326
170.494 13.6908 36.7746 1.69457
170.551 13.783 37.5468 1.60205
170.607 13.8692 38.3241 1.49237
170.663 13.948 39.106 1.33972
170.719 14.0173 39.8919 1.15764
170.775 14.0755 40.6815 0.945637
170.831 14.1206 41.4738 0.700742
170.888 14.151 42.2682 0.430276
170.944 14.1654 43.0637 0.143344
171 14.1632 43.8595 -0.160056
171.056 14.1442 44.6547 -0.460227
171.112 14.108 45.4481 -0.761242
171.169 14.0556 46.239 -1.04481
171.225 13.9879 47.0265 -1.30541
171.281 13.9063 47.8096 -1.54668
171.337 13.8122 48.5877 -1.75306
171.393 13.7077 49.3602 -1.92543
171.449 13.5947 50.1265 -2.0631
171.506 13.4754 50.8863 -2.16308
171.562 13.3524 51.6392 -2.19873
171.618 13.2288 52.3852 -2.19214
171.674 13.1078 53.1243 -2.12498
171.73 12.9918 53.8567 -2.01569
171.787 12.8833 54.5829 -1.86966
171.843 12.7846 55.3033 -1.67829
171.899 12.6974 56.0185 -1.4675
171.955 12.6225 56.7293 -1.23876
172.011 12.5607 57.4363 -1.00419
172.067 12.5115 58.1402 -0.792335
172.124 12.4732 58.8418 -0.615445
172.18 12.4434 59.5415 -0.479275
172.236 12.4196 60.2397 -0.389973
172.292 12.3994 60.9368 -0.34023
172.348 12.3809 61.6327 -0.323806
172.404 12.3625 62.3277 -0.33311
172.461 12.3433 63.0216 -0.348534
172.517 12.3227 63.7143 -0.379149
172.573 12.3 64.4059 -0.423584
172.629 12.2743 65.096 -0.480184
172.685 12.2446 65.7846 -0.56264
172.742 12.2104 66.4714 -0.635227
172.798 12.1724 67.1561 -0.703026
172.854 12.1308 67.8385 -0.753795
172.91 12.0889 68.5186 -0.734786
172.966 12.0499 69.1964 -0.664465
173.022 12.0162 69.8722 -0.545654
173.079 11.9914 70.5464 -0.368682
173.135 11.9778 71.2196 -0.155653
173.191 11.9764 71.8924 0.0704278
173.247 11.9885 72.5656 0.308303
173.303 12.0135 73.2399 0.532108
173.36 12.0495 73.9159 0.70719
173.416 12.0935 74.5943 0.819081
173.472 12.1405 75.2753 0.833153
173.528 12.1844 75.9589 0.733622
173.584 12.2198 76.6447 0.54105
173.64 12.2403 77.3319 0.234157
173.697 12.24 78.0197 -0.175175
173.753 12.2139 78.7066 -0.664597
173.809 12.1581 79.391 -1.21857
173.865 12.0703 80.0712 -1.79119
173.921 11.9504 80.7454 -2.3594
173.978 11.7989 81.4118 -2.92015
174.033 11.6171 82.0658 -3.46113
174.09 11.4061 82.7102 -3.96838
174.146 11.1684 83.3433 -4.40257
174.202 10.908 83.9623 -4.77689
174.258 10.6286 84.566 -5.09694
174.314 10.3332 85.1535 -5.34961
174.371 10.0267 85.7239 -5.51224
174.427 9.71376 86.2769 -5.59869
174.483 9.39928 86.8122 -5.5878
174.539 9.08704 87.3299 -5.52595
174.595 8.78044 87.8303 -5.40688
174.652 8.48101 88.3136 -5.27222
174.708 8.1894 88.7804 -5.12622
174.764 7.90561 89.2311 -4.99614
174.82 7.6296 89.666 -4.8607
174.876 7.35957 90.0857 -4.77218
174.933 7.09313 90.4903 -4.72452
174.989 6.82838 90.8801 -4.71026
175.045 6.56333 91.2548 -4.72737
175.101 6.29668 91.6145 -4.76156
175.157 6.02874 91.9592 -4.78157
175.213 5.7595 92.2889 -4.79577
175.27 5.49075 92.6034 -4.76547
175.326 5.22567 92.9029 -4.67987
175.382 4.96716 93.1877 -4.54025
175.438 4.71828 93.4583 -4.34895
175.494 4.48151 93.7153 -4.11642
175.551 4.25954 93.9596 -3.81835
175.607 4.05469 94.1919 -3.51445
175.663 3.86853 94.4133 -3.17263
175.719 3.70232 94.6249 -2.82255
175.775 3.55727 94.828 -2.43013
175.831 3.43289 95.0235 -2.07324
175.888 3.32909 95.2128 -1.70357
175.944 3.24529 95.3969 -1.34736
176 3.18131 95.577 -1.00071
176.056 3.13636 95.7541 -0.665681
176.112 3.10964 95.9293 -0.353587
176.169 3.09959 96.1036 -0.058407
176.225 3.10619 96.2779 0.247287
176.281 3.128 96.4531 0.492221
176.337 3.16374 96.6299 0.728173
176.393 3.21209 96.8092 0.94607
176.449 3.27168 96.9917 1.14709
176.506 3.34234 97.1778 1.33036
176.562 3.42236 97.3682 1.48892
176.618 3.51087 97.5634 1.63358
176.674 3.60695 97.7639 1.76168
176.73 3.70972 97.97 1.87516
176.787 3.81838 98.182 1.97153
176.843 3.9323 98.4003 2.06505
176.899 4.0507 98.6252 2.13665
176.955 4.17269 98.8569 2.18845
177.011 4.29654 99.0955 2.22104
177.067 4.42205 99.3411 2.23844
177.124 4.548 99.5938 2.24166
177.18 4.67364 99.8535 2.23222
177.236 4.79843 100.12 2.21823
177.292 4.92265 100.394 2.20432
177.348 5.04575 100.675 2.18123
177.404 5.1673 100.962 2.15264
177.461 5.28681 101.257 2.11242
177.517 5.40421 101.558 2.07583
177.573 5.51919 101.865 2.02909
177.629 5.63169 102.179 1.99465
177.685 5.74253 102.499 1.95788
177.742 5.85102 102.825 1.91519
177.798 5.95675 103.158 1.85889
177.854 6.05907 103.496 1.79642
177.91 6.15796 103.84 1.73872
177.966 6.25379 104.189 1.68414
178.022 6.34614 104.543 1.61732
178.079 6.43395 104.903 1.52871
178.135 6.5178 105.267 1.46333
178.191 6.59746 105.636 1.39414
178.247 6.67379 106.009 1.3373
178.303 6.74682 106.387 1.27649
178.36 6.81677 106.768 1.22837
178.416 6.88474 107.153 1.1976
178.472 6.95107 107.542 1.16784
178.528 7.01575 107.935 1.14389
178.584 7.07938 108.331 1.1256
178.64 7.14209 108.731 1.11123
178.697 7.20408 109.134 1.09859
178.753 7.26544 109.541 1.09062
178.809 7.32683 109.951 1.09182
178.865 7.38835 110.365 1.10018
178.921 7.45044 110.782 1.10596
178.978 7.51307 111.203 1.12069
179.034 7.57706 111.627 1.15201
179.09 7.64251 112.055 1.17282
179.146 7.70907 112.487 1.19251
179.202 7.77701 112.922 1.22188
179.258 7.84665 113.361 1.25163
179.315 7.91727 113.804 1.25785
179.371 7.98814 114.252 1.25467
179.427 8.0586 114.703 1.2458
179.483 8.12787 115.158 1.22453
179.539 8.19537 115.617 1.18431
179.596 8.26022 116.079 1.13379
179.652 8.32191 116.546 1.0753
179.708 8.37946 117.015 0.990675
179.764 8.43174 117.488 0.887958
179.82 8.47792 117.963 0.773762
179.876 8.51741 118.441 0.648736
179.933 8.54899 118.92 0.501979
179.989 8.57182 119.401 0.342975
180.045 8.58537 119.883 0.17608
180.101 8.58894 120.366 -0.0103244
180.157 8.58152 120.848 -0.20993
180.213 8.56262 121.33 -0.418675
180.27 8.53243 121.81 -0.616987
180.326 8.49086 122.288 -0.829129
180.382 8.43798 122.763 -1.02122
180.438 8.37407 123.235 -1.22059
180.494 8.29951 123.703 -1.39611
180.551 8.21433 124.166 -1.59378
180.607 8.11868 124.625 -1.76928
180.663 8.01396 125.077 -1.93126
180.719 7.90029 125.524 -2.08526
180.775 7.77834 125.963 -2.22763
180.831 7.64883 126.396 -2.35145
180.888 7.51276 126.821 -2.45768
180.944 7.37119 127.239 -2.55588
181 7.22484 127.648 -2.64064
181.056 7.07395 128.049 -2.71705
181.112 6.91972 128.441 -2.76253
181.169 6.76302 128.824 -2.79453
181.225 6.60507 129.199 -2.81677
181.281 6.44699 129.565 -2.8122
181.337 6.28975 129.922 -2.78982
181.393 6.13375 130.27 -2.76511
181.449 5.98006 130.609 -2.71891
181.506 5.83068 130.94 -2.63234
181.562 5.68611 131.263 -2.5348
181.618 5.54741 131.577 -2.4185
181.674 5.41633 131.885 -2.27521
181.73 5.29431 132.185 -2.10305
181.787 5.18252 132.478 -1.91245
181.843 5.08228 132.766 -1.69724
181.899 4.99481 133.049 -1.45547
181.955 4.9219 133.327 -1.18974
182.011 4.86457 133.601 -0.905804
182.067 4.82342 133.873 -0.608716
182.124 4.79955 134.143 -0.301468
182.18 4.79314 134.412 0.0140506
182.236 4.80435 134.682 0.323188
182.292 4.83269 134.953 0.625798
182.348 4.87712 135.226 0.895255
182.404 4.93537 135.502 1.12926
182.461 5.00482 135.781 1.30455
182.517 5.08226 136.065 1.41931
182.573 5.16406 136.353 1.47013
182.629 5.24661 136.646 1.45559
182.685 5.32537 136.943 1.35596
182.742 5.39589 137.245 1.1789
182.798 5.45376 137.55 0.91996
182.854 5.49449 137.858 0.587237
182.91 5.51475 138.168 0.20029
182.966 5.51156 138.477 -0.234495
183.022 5.4832 138.786 -0.688593
183.079 5.42864 139.092 -1.15715
183.135 5.34793 139.395 -1.62293
183.191 5.24134 139.692 -2.07528
183.247 5.11093 139.982 -2.47935
183.303 4.95901 140.264 -2.8445
183.36 4.78987 140.537 -3.11286
183.416 4.60836 140.8 -3.30973
183.472 4.41972 141.053 -3.38344
183.528 4.22945 141.295 -3.3755
183.584 4.04262 141.526 -3.27963
183.64 3.86354 141.747 -3.11635
183.697 3.69613 141.958 -2.88258
183.753 3.54343 142.161 -2.6022
183.809 3.40775 142.355 -2.2902
183.865 3.29038 142.542 -1.95178
183.921 3.19178 142.724 -1.62233
183.978 3.11148 142.9 -1.29882
184.034 3.0489 143.073 -0.997124
184.09 3.00213 143.243 -0.723689
184.146 2.96978 143.41 -0.480245
184.202 2.95036 143.576 -0.256445
184.258 2.94308 143.742 -0.0445488
184.315 2.94706 143.907 0.147126
184.371 2.96078 144.073 0.308721
184.427 2.98281 144.24 0.447157
184.483 3.01169 144.409 0.556187
184.539 3.04609 144.579 0.650061
184.596 3.08504 144.751 0.721213
184.652 3.12798 144.926 0.795938
184.708 3.17508 145.104 0.864521
184.764 3.22524 145.284 0.912459
184.82 3.27812 145.467 0.959506
184.876 3.33295 145.653 0.986708
184.933 3.38909 145.842 1.0035
184.989 3.44505 146.034 0.988991
185.045 3.49955 146.229 0.956025
185.101 3.55171 146.428 0.907783
185.157 3.60053 146.629 0.842382
185.213 3.64578 146.833 0.780039
185.27 3.68755 147.039 0.720446
185.326 3.72646 147.247 0.680659
185.382 3.76277 147.458 0.628394
185.438 3.79707 147.671 0.598189
185.494 3.82997 147.885 0.581835
185.551 3.86176 148.101 0.559419
185.607 3.89291 148.319 0.551319
185.663 3.92356 148.539 0.541362
185.719 3.95391 148.76 0.535174
185.775 3.98327 148.984 0.514633
185.831 4.01154 149.208 0.495496
185.888 4.03826 149.435 0.460577
185.944 4.06257 149.662 0.415365
186 4.08397 149.891 0.353947
186.056 4.10153 150.121 0.283935
186.112 4.11533 150.352 0.218191
186.169 4.12496 150.584 0.142905
186.225 4.13079 150.816 0.0774972
186.281 4.13322 151.048 0.0197349
186.337 4.13263 151.28 -0.0309036
186.393 4.12968 151.512 -0.0643723
186.449 4.12566 151.744 -0.075559
186.506 4.12147 151.976 -0.0732303
186.562 4.1182 152.207 -0.0443013
186.618 4.11695 152.438 -0.0139735
186.674 4.1185 152.67 0.0494846
186.73 4.12367 152.901 0.121185
186.787 4.13296 153.133 0.1977
186.843 4.14664 153.366 0.276917
186.899 4.16514 153.599 0.365158
186.955 4.1883 153.834 0.443011
187.011 4.21564 154.07 0.517013
187.067 4.24723 154.308 0.593551
187.124 4.28337 154.548 0.673749
187.18 4.32355 154.79 0.741809
187.236 4.36763 155.034 0.815126
187.292 4.41574 155.281 0.883501
187.348 4.46792 155.531 0.95847
187.404 4.52413 155.784 1.0256
187.461 4.58434 156.04 1.10067
187.517 4.64883 156.3 1.18081
187.573 4.71789 156.563 1.26102
187.629 4.79159 156.831 1.34915
187.685 4.87049 157.103 1.43953
187.742 4.95467 157.379 1.53736
187.798 5.0444 157.661 1.63903
187.854 5.14009 157.947 1.75052
187.91 5.24226 158.239 1.86531
187.966 5.35099 158.538 1.98287
188.022 5.46577 158.842 2.08144
188.079 5.58539 159.153 2.15778
188.135 5.70879 159.471 2.22108
188.191 5.83472 159.796 2.2546
188.247 5.9616 160.128 2.25636
188.303 6.08739 160.467 2.22567
188.36 6.21075 160.813 2.17523
188.416 6.33069 161.166 2.10193
188.472 6.44594 161.526 2.00983
188.528 6.55546 161.892 1.907
188.584 6.65873 162.264 1.79214
188.64 6.75505 162.641 1.66299
188.697 6.84385 163.023 1.52605
188.753 6.9249 163.411 1.38988
188.809 6.99886 163.802 1.26685
188.865 7.06594 164.198 1.14365
188.921 7.12614 164.597 1.02861
188.978 7.1804 164.999 0.930057
189.034 7.22964 165.404 0.845039
189.09 7.27491 165.812 0.780767
189.146 7.31729 166.222 0.735608
189.202 7.35735 166.634 0.700246
189.258 7.3958 167.049 0.674061
189.315 7.43324 167.466 0.664386
189.371 7.47007 167.885 0.655918
189.427 7.50667 168.305 0.64417
189.483 7.54214 168.728 0.622117
189.539 7.57677 169.153 0.6103
189.596 7.61054 169.58 0.59892
189.652 7.64348 170.009 0.581572
189.708 7.67577 170.439 0.573142
189.764 7.70811 170.872 0.58337
189.82 7.74133 171.306 0.59581
189.876 7.77497 171.742 0.602434
189.933 7.80891 172.18 0.606566
189.989 7.84283 172.619 0.597134
190.045 7.87528 173.061 0.560319
190.101 7.90547 173.505 0.50854
190.157 7.92995 173.95 0.376627
190.213 7.94516 174.396 0.19629
190.27 7.94856 174.842 -0.051122
190.326 7.93533 175.288 -0.367751
190.382 7.90345 175.733 -0.711141
190.438 7.85043 176.176 -1.09784
190.494 7.77543 176.614 -1.48837
190.551 7.67891 177.048 -1.86733
190.607 7.56236 177.475 -2.20105
190.663 7.42934 177.896 -2.47376
190.719 7.28306 178.308 -2.67957
190.775 7.12788 178.712 -2.81218
190.831 6.96732 179.107 -2.87484
190.888 6.80551 179.493 -2.87928
190.944 6.64501 179.87 -2.84113
191 6.48857 180.238 -2.74004
191.056 6.33849 180.598 -2.6246
191.112 6.19603 180.949 -2.46826
191.169 6.06272 181.292 -2.29395
191.225 5.94046 181.629 -2.09817
191.281 5.83084 181.959 -1.84835
191.337 5.73568 182.283 -1.59636
191.393 5.65335 182.603 -1.37144
191.449 5.58291 182.918 -1.18061
191.506 5.52293 183.229 -0.992668
191.562 5.47296 183.538 -0.821747
191.618 5.43228 183.844 -0.663755
191.674 5.40025 184.148 -0.51006
191.73 5.37702 184.451 -0.34851
191.787 5.36155 184.752 -0.229175
191.843 5.35244 185.053 -0.11987
191.899 5.3482 185.354 -0.0519436
191.955 5.34601 185.654 -0.0362649
192.011 5.34326 185.954 -0.059319
192.067 5.33804 186.254 -0.116814
192.124 5.32909 186.554 -0.19043
192.18 5.31623 186.853 -0.252504
192.236 5.30035 187.151 -0.301155
192.292 5.28302 187.448 -0.310036
192.348 5.26638 187.744 -0.280552
192.404 5.25268 188.04 -0.211293
192.461 5.24443 188.334 -0.0956891
192.517 5.24414 188.629 0.0564002
192.573 5.25267 188.924 0.216246
192.629 5.27047 189.22 0.384574
192.685 5.29761 189.517 0.547183
192.742 5.33322 189.815 0.688506
192.798 5.376 190.116 0.808485
192.854 5.42499 190.42 0.910976
192.91 5.47889 190.727 0.988439
192.966 5.5364 191.036 1.04422
193.022 5.59612 191.349 1.07278
193.079 5.65666 191.666 1.07434
193.135 5.71634 191.986 1.04897
193.191 5.7729 192.309 0.972889
193.247 5.82417 192.635 0.86285
193.303 5.86725 192.963 0.697794
193.36 5.89981 193.294 0.494885
193.416 5.91956 193.626 0.252877
193.472 5.92468 193.959 -0.0189896
193.528 5.91348 194.292 -0.317821
193.584 5.88467 194.623 -0.643041
193.64 5.83713 194.952 -0.983263
193.697 5.7703 195.278 -1.33222
193.753 5.68299 195.599 -1.70789
193.809 5.57382 195.915 -2.1066
193.865 5.44111 196.224 -2.53802
193.921 5.28409 196.524 -2.96851
193.978 5.1019 196.815 -3.42421
194.034 4.89335 197.095 -3.90302
194.09 4.65886 197.362 -4.35131
194.146 4.39945 197.615 -4.78669
194.202 4.11663 197.853 -5.20159
194.258 3.81452 198.074 -5.50102
194.315 3.4966 198.277 -5.75025
194.371 3.16795 198.463 -5.90149
194.427 2.83544 198.63 -5.9141
194.483 2.50722 198.778 -5.77726
194.539 2.19047 198.908 -5.53018
194.596 1.89005 199.021 -5.21975
194.652 1.60819 199.117 -4.87611
194.708 1.34537 199.199 -4.54823
194.764 1.10074 199.266 -4.22166
194.82 0.874422 199.32 -3.90416
194.876 0.665589 199.362 -3.59655
194.933 0.47272 199.393 -3.33125
194.989 0.293808 199.414 -3.09577
195.045 0.126683 199.424 -2.91254
195.101 -0.0317616 199.426 -2.75981
195.157 -0.18161 199.419 -2.6102
195.213 -0.322335 199.404 -2.43309
195.27 -0.451179 199.382 -2.20375
195.326 -0.564673 199.352 -1.89355
195.382 -0.658272 199.317 -1.50208
195.438 -0.726622 199.278 -1.0203
195.494 -0.765608 199.236 -0.468509
195.551 -0.770686 199.192 0.1695
195.607 -0.737333 199.15 0.88179
195.663 -0.662611 199.111 1.63834
195.719 -0.543657 199.078 2.43339
195.775 -0.381289 199.052 3.19514
195.831 -0.178143 199.038 3.87896
195.888 0.0587849 199.035 4.42832
195.944 0.322833 199.048 4.86144
196 0.605466 199.075 5.1114
196.056 0.897334 199.119 5.23399
196.112 1.1904 199.179 5.18079
196.169 1.47659 199.256 5.02043
196.225 1.75082 199.348 4.77461
196.281 2.00928 199.455 4.48498
196.337 2.25098 199.576 4.17497
196.393 2.4738 199.71 3.82145
196.449 2.67598 199.856 3.44968
196.506 2.85742 200.013 3.08359
196.562 3.01739 200.179 2.68505
196.618 3.15393 200.353 2.25864
196.674 3.2656 200.534 1.80259
196.73 3.35046 200.721 1.31262
196.787 3.40775 200.911 0.826994
196.843 3.43748 201.103 0.326089
196.899 3.43852 201.297 -0.173312
196.955 3.41391 201.489 -0.616054
197.011 3.36627 201.679 -0.995607
197.067 3.2989 201.866 -1.3323
197.124 3.21367 202.049 -1.6328
197.18 3.113 202.226 -1.89316
197.236 2.99813 202.397 -2.14302
197.292 2.86931 202.561 -2.39792
197.348 2.72525 202.718 -2.66569
197.404 2.56664 202.866 -2.92712
197.461 2.39273 203.004 -3.20927
197.517 2.20259 203.132 -3.50533
197.573 1.99527 203.249 -3.8134
197.629 1.77052 203.354 -4.12626
197.685 1.52876 203.445 -4.41937
197.742 1.271 203.522 -4.69794
197.798 0.997873 203.584 -4.96528
197.854 0.711008 203.631 -5.20065
197.91 0.411877 203.661 -5.40211
197.966 0.10281 203.674 -5.55777
198.022 -0.212938 203.669 -5.64807
198.079 -0.531806 203.646 -5.68758
198.135 -0.850831 203.605 -5.6625
198.191 -1.16648 203.547 -5.5852
198.247 -1.4761 203.471 -5.45243
198.303 -1.77613 203.378 -5.26015
198.36 -2.06448 203.268 -5.04302
198.416 -2.3392 203.143 -4.77974
198.472 -2.59796 203.003 -4.48786
198.528 -2.8401 202.849 -4.18792
198.584 -3.06525 202.681 -3.88703
198.64 -3.27349 202.502 -3.58576
198.697 -3.4644 202.312 -3.27319
198.753 -3.63782 202.111 -2.96309
198.809 -3.79396 201.901 -2.65858
198.865 -3.93312 201.683 -2.35505
198.921 -4.05524 201.458 -2.05496
198.978 -4.16083 201.227 -1.76513
199.034 -4.25001 200.99 -1.46746
199.09 -4.32274 200.749 -1.1802
199.146 -4.3792 200.504 -0.88459
199.202 -4.41897 200.256 -0.591099
199.258 -4.44235 200.007 -0.2988
199.315 -4.44915 199.757 -0.00708685
199.371 -4.43972 199.508 0.282701
199.427 -4.41434 199.259 0.561835
199.483 -4.37378 199.012 0.828298
199.539 -4.31808 198.768 1.09711
199.596 -4.24787 198.528 1.34864
199.652 -4.16427 198.292 1.581
199.708 -4.06792 198.062 1.80392
199.764 -3.95969 197.837 2.00225
199.82 -3.84136 197.618 2.16983
199.876 -3.71392 197.407 2.33314
199.933 -3.57864 197.202 2.45302
199.989 -3.4373 197.006 2.55851
200.045 -3.29047 196.818 2.6463
200.101 -3.13946 196.638 2.71578
200.157 -2.98464 196.467 2.78202
200.213 -2.82581 196.305 2.85549
200.27 -2.66352 196.151 2.9146
200.326 -2.49731 196.007 2.98713
200.382 -2.32756 195.873 3.04574
200.438 -2.15446 195.748 3.10414
200.494 -1.97801 195.633 3.17232
200.551 -1.7969 195.528 3.25845
200.607 -1.61043 195.433 3.36253
200.663 -1.41787 195.349 3.46853
200.719 -1.21983 195.276 3.56831
200.775 -1.01581 195.214 3.67253
200.831 -0.805532 195.164 3.79007
200.888 -0.589414 195.126 3.88154
200.944 -0.368195 195.101 3.97137
201 -0.142117 195.087 4.05839
201.056 0.0889073 195.087 4.15038
201.112 0.324221 195.1 4.21621
201.169 0.563643 195.126 4.28792
201.225 0.806064 195.166 4.32901
201.281 1.0501 195.22 4.35528
201.337 1.29462 195.287 4.34371
201.393 1.53752 195.368 4.3081
201.449 1.77773 195.462 4.24936
201.506 2.01413 195.57 4.17467
201.562 2.24578 195.691 4.09198
201.618 2.47234 195.825 3.99017
201.674 2.69227 195.971 3.86306
201.73 2.90571 196.13 3.75427
201.787 3.11314 196.3 3.64902
201.843 3.31428 196.482 3.53046
201.899 3.50848 196.675 3.40818
201.955 3.69609 196.878 3.29244
202.011 3.8773 197.092 3.18639
202.067 4.05349 197.316 3.1029
202.124 4.2254 197.549 3.02989
202.18 4.3932 197.792 2.95975
202.236 4.55747 198.045 2.90516
202.292 4.71995 198.306 2.88645
202.348 4.88195 198.577 2.88624
202.404 5.04343 198.856 2.86845
202.461 5.20445 199.145 2.86444
202.517 5.36512 199.443 2.85429
202.573 5.52518 199.75 2.84854
202.629 5.68454 200.066 2.83072
202.685 5.84347 200.39 2.81591
202.742 6.00023 200.724 2.76943
202.798 6.15387 201.066 2.70967
202.854 6.30293 201.417 2.61691
202.91 6.44693 201.776 2.5283
202.966 6.58549 202.143 2.424
203.022 6.71748 202.517 2.30116
203.079 6.84251 202.899 2.17069
203.135 6.95988 203.287 2.03911
203.191 7.07011 203.682 1.91052
203.247 7.17318 204.083 1.78669
203.303 7.26993 204.489 1.68267
203.36 7.36071 204.901 1.57249
203.416 7.44624 205.317 1.49257
203.472 7.52789 205.738 1.43192
203.528 7.60751 206.164 1.41081
203.584 7.6873 206.594 1.42926
203.64 7.76944 207.028 1.49023
203.697 7.85736 207.468 1.61924
203.753 7.9536 207.912 1.78543
203.809 8.06129 208.363 2.0104
203.865 8.18257 208.82 2.26217
203.921 8.31938 209.284 2.55138
203.978 8.47297 209.756 2.86212
204.034 8.64431 210.238 3.1782
204.09 8.83351 210.73 3.48355
204.146 9.03766 211.233 3.73332
204.199 9.24094 211.717 3.91529
204.253 9.45705 212.223 4.05037
204.305 9.67181 212.726 4.10294
204.352 9.86277 213.183 4.07742
204.395 10.0351 213.612 3.94522
204.439 10.2029 214.054 3.76902
204.478 10.3463 214.459 3.54305
204.519 10.4841 214.884 3.25632
204.559 10.6064 215.309 2.89158
204.601 10.7183 215.762 2.46023
204.647 10.8129 216.248 1.84258
204.694 10.88 216.765 1.10637
204.743 10.906 217.293 0.128393
204.793 10.8756 217.846 -1.10706
204.838 10.7949 218.327 -2.31545
204.875 10.6858 218.724 -3.37611
204.916 10.5167 219.162 -4.55208
204.947 10.3625 219.481 -5.36818
204.98 10.1679 219.822 -6.15998
205.015 9.9341 220.176 -6.90777
205.058 9.62038 220.592 -7.64562
205.106 9.23702 221.038 -8.30083
205.156 8.79919 221.495 -8.78297
205.209 8.32362 221.945 -9.11228
205.263 7.82436 222.379 -9.30817
205.318 7.31163 222.792 -9.3205
205.373 6.80043 223.178 -9.20421
205.429 6.29431 223.542 -8.91922
205.485 5.81025 223.877 -8.44807
205.539 5.37512 224.176 -7.8234
205.594 4.97165 224.456 -7.07021
205.649 4.61179 224.717 -6.20535
205.704 4.29868 224.96 -5.38199
205.758 4.03012 225.185 -4.64461
205.811 3.80663 225.389 -3.99486
205.863 3.61532 225.584 -3.40495
205.916 3.45356 225.768 -2.85277
205.968 3.32015 225.946 -2.32946
206.022 3.21131 226.122 -1.80688
206.079 3.12819 226.299 -1.26123
206.135 3.07561 226.473 -0.722669
206.191 3.05261 226.645 -0.200784
206.247 3.05771 226.816 0.284238
206.303 3.08746 226.989 0.686902
206.36 3.13701 227.164 0.995225
206.416 3.20099 227.342 1.22642
206.472 3.27547 227.525 1.38443
206.528 3.35683 227.711 1.48488
206.584 3.44273 227.903 1.55421
206.64 3.53257 228.099 1.62684
206.697 3.62665 228.301 1.70877
206.753 3.72534 228.508 1.78567
206.809 3.82796 228.721 1.85513
206.865 3.93449 228.939 1.91807
206.921 4.04371 229.164 1.95881
206.978 4.15404 229.395 1.9615
207.034 4.26335 229.632 1.93112
207.09 4.3699 229.875 1.86901
207.146 4.47209 230.124 1.78227
207.202 4.56927 230.379 1.69265
207.258 4.66143 230.638 1.60765
207.315 4.74905 230.903 1.52708
207.371 4.83284 231.173 1.467
207.427 4.91379 231.447 1.42561
207.483 4.99299 231.726 1.40026
207.539 5.07115 232.009 1.38916
207.596 5.14936 232.297 1.39616
207.652 5.22861 232.589 1.42035
207.708 5.30904 232.885 1.4362
207.764 5.38915 233.186 1.41786
207.82 5.46707 233.491 1.36429
207.876 5.54098 233.801 1.28029
207.933 5.60908 234.115 1.16453
207.989 5.66958 234.432 1.01742
208.045 5.72133 234.752 0.853934
208.101 5.76299 235.075 0.66342
208.157 5.79447 235.4 0.487002
208.213 5.81542 235.726 0.299262
208.27 5.82599 236.053 0.115991
208.326 5.82651 236.381 -0.0612222
208.382 5.81743 236.708 -0.22075
208.438 5.79947 237.034 -0.381318
208.494 5.77343 237.359 -0.517634
208.551 5.73997 237.682 -0.64563
208.607 5.69902 238.003 -0.781693
208.663 5.65088 238.322 -0.909774
208.719 5.59562 238.638 -1.03085
208.775 5.53368 238.95 -1.15191
208.831 5.46475 239.258 -1.27475
208.888 5.38884 239.563 -1.4017
208.944 5.30611 239.863 -1.51772
209 5.21653 240.158 -1.64855
209.056 5.11928 240.448 -1.78847
209.112 5.01438 240.732 -1.91801
209.169 4.90122 241.01 -2.07585
209.225 4.77864 241.281 -2.25544
209.281 4.64561 241.545 -2.44283
209.337 4.50123 241.801 -2.65482
209.393 4.34473 242.049 -2.87358
209.449 4.17547 242.287 -3.10283
209.506 3.99395 242.516 -3.31756
209.562 3.8008 242.734 -3.5193
209.618 3.59677 242.941 -3.71189
209.674 3.38323 243.135 -3.86423
209.73 3.16162 243.318 -3.98813
209.787 2.93423 243.488 -4.08366
209.843 2.70218 243.645 -4.15555
209.899 2.4676 243.789 -4.18519
209.955 2.23279 243.92 -4.16887
210.011 2.00024 244.037 -4.11406
210.067 1.77222 244.142 -4.01944
210.124 1.55088 244.234 -3.88165
210.18 1.33861 244.314 -3.70518
210.236 1.13819 244.382 -3.47214
210.292 0.952118 244.44 -3.20313
210.348 0.782504 244.488 -2.89491
210.404 0.63086 244.526 -2.56955
210.461 0.498288 244.557 -2.21893
210.517 0.385921 244.581 -1.85496
210.573 0.29394 244.6 -1.49634
210.629 0.221779 244.614 -1.14356
210.685 0.16903 244.624 -0.807325
210.742 0.134639 244.633 -0.485499
210.798 0.117991 244.64 -0.175852
210.854 0.117913 244.646 0.112823
210.91 0.133624 244.653 0.385789
210.966 0.16379 244.662 0.634898
211.022 0.207368 244.672 0.86723
211.079 0.263501 244.686 1.08107
211.135 0.330894 244.703 1.27474
211.191 0.409107 244.724 1.46372
211.247 0.49709 244.75 1.63015
211.303 0.593761 244.781 1.77876
211.36 0.698151 244.818 1.90745
211.416 0.808615 244.861 2.00145
211.472 0.923828 244.91 2.08219
211.528 1.04245 244.966 2.1299
211.584 1.16332 245.029 2.16199
211.64 1.28542 245.098 2.17954
211.697 1.40811 245.175 2.18224
211.753 1.53063 245.258 2.17967
211.809 1.65292 245.348 2.17243
211.865 1.77503 245.445 2.17563
211.921 1.89763 245.549 2.1878
211.978 2.02094 245.659 2.19991
212.034 2.14478 245.777 2.2085
212.09 2.26896 245.902 2.21463
212.146 2.39382 246.034 2.22757
212.202 2.51929 246.172 2.23523
212.258 2.64464 246.318 2.22213
212.315 2.76903 246.471 2.20686
212.371 2.89205 246.63 2.18169
212.427 3.01392 246.797 2.15702
212.483 3.13381 246.97 2.10613
212.539 3.25146 247.15 2.07514
212.596 3.36592 247.337 2.01844
212.652 3.47679 247.53 1.94849
212.708 3.58346 247.729 1.86824
212.764 3.68559 247.934 1.7863
212.82 3.78314 248.144 1.70428
212.876 3.87598 248.36 1.61278
212.933 3.96376 248.58 1.53183
212.989 4.04684 248.806 1.44711
213.045 4.12553 249.036 1.37288
213.101 4.20021 249.27 1.3051
213.157 4.2715 249.509 1.24523
213.213 4.33922 249.751 1.18306
213.27 4.40398 249.997 1.12802
213.326 4.46606 250.246 1.09079
213.382 4.52624 250.499 1.05891
213.438 4.58509 250.756 1.04097
213.494 4.64363 251.015 1.0466
213.551 4.70262 251.278 1.05074
213.607 4.7627 251.544 1.08203
213.663 4.82585 251.814 1.15095
213.719 4.89295 252.087 1.22265
213.775 4.9644 252.365 1.30482
213.831 5.04067 252.646 1.39623
213.888 5.12306 252.932 1.51383
213.944 5.21216 253.223 1.63207
214 5.30761 253.519 1.74552
214.056 5.40944 253.82 1.85826
214.112 5.51751 254.128 1.96952
214.169 5.63209 254.442 2.08848
214.225 5.75307 254.762 2.19317
214.281 5.87991 255.09 2.30178
214.337 6.01325 255.424 2.41913
214.393 6.15312 255.767 2.53337
214.449 6.29936 256.117 2.65068
214.506 6.45204 256.476 2.76104
214.562 6.61082 256.844 2.87016
214.618 6.77508 257.221 2.96022
214.674 6.94369 257.607 3.02296
214.73 7.11455 258.003 3.04942
214.787 7.28581 258.409 3.03986
214.843 7.45469 258.824 2.97871
214.899 7.61813 259.248 2.85639
214.955 7.7731 259.681 2.68649
215.011 7.91635 260.123 2.45669
215.067 8.04522 260.572 2.17938
215.124 8.15724 261.028 1.85788
215.18 8.25117 261.489 1.53472
215.236 8.32532 261.956 1.17723
215.292 8.37925 262.425 0.818256
215.348 8.41232 262.897 0.43614
215.404 8.4239 263.37 0.0512502
215.461 8.41346 263.843 -0.343898
215.517 8.38057 264.315 -0.747603
215.573 8.32501 264.784 -1.15029
215.629 8.24716 265.249 -1.53789
215.685 8.14772 265.709 -1.92169
215.742 8.02812 266.163 -2.26588
215.798 7.88963 266.609 -2.59271
215.854 7.73406 267.047 -2.88131
215.91 7.56385 267.476 -3.12118
215.966 7.38188 267.895 -3.3129
216.022 7.18995 268.303 -3.47989
216.079 6.98979 268.701 -3.61064
216.135 6.78461 269.085 -3.70334
216.19 6.57766 269.451 -3.79452
216.245 6.36479 269.809 -3.85105
216.301 6.14995 270.155 -3.88292
216.356 5.93375 270.49 -3.90531
216.412 5.7167 270.812 -3.91009
216.467 5.49982 271.122 -3.90764
216.523 5.28375 271.42 -3.88162
216.578 5.06911 271.706 -3.85903
216.634 4.85619 271.98 -3.82026
216.689 4.64635 272.243 -3.75071
216.745 4.44081 272.494 -3.66869
216.8 4.24081 272.734 -3.55407
216.856 4.0481 272.963 -3.41675
216.911 3.86393 273.181 -3.24805
216.967 3.68997 273.39 -3.05484
217.022 3.52704 273.59 -2.8293
217.079 3.37674 273.783 -2.56797
217.135 3.24257 273.968 -2.26788
217.191 3.12556 274.146 -1.95256
217.247 3.02743 274.319 -1.60538
217.303 2.9504 274.486 -1.20644
217.36 2.89668 274.65 -0.786858
217.416 2.86723 274.811 -0.345284
217.472 2.86256 274.972 0.0869014
217.528 2.88216 275.134 0.522892
217.584 2.92577 275.297 0.951759
217.64 2.9938 275.463 1.37978
217.697 3.08605 275.635 1.81841
217.753 3.20297 275.812 2.25186
217.809 3.34344 275.996 2.66075
217.865 3.50378 276.189 2.98202
217.921 3.68215 276.392 3.30489
217.978 3.87783 276.606 3.5918
218.034 4.08677 276.83 3.79626
218.09 4.30595 277.067 3.9755
218.146 4.53439 277.317 4.11354
218.202 4.7682 277.58 4.19377
218.258 5.00604 277.855 4.25195
218.315 5.24658 278.145 4.28526
218.371 5.48698 278.448 4.26882
218.427 5.72607 278.764 4.24567
218.483 5.96288 279.094 4.18925
218.539 6.19609 279.437 4.10668
218.596 6.42316 279.792 3.99262
218.652 6.64266 280.161 3.84851
218.708 6.85269 280.541 3.66014
218.764 7.05146 280.933 3.45524
218.82 7.23745 281.335 3.21474
218.876 7.40972 281.748 2.96795
218.933 7.56736 282.169 2.68987
218.989 7.70809 282.599 2.38691
219.045 7.83223 283.037 2.08849
219.101 7.93826 283.48 1.74858
219.157 8.02509 283.929 1.40219
219.213 8.09182 284.382 1.04121
219.27 8.13709 284.839 0.654864
219.326 8.16153 285.297 0.29568
219.382 8.16723 285.755 -0.0155121
219.438 8.15762 286.214 -0.265449
219.494 8.13784 286.672 -0.397889
219.551 8.11327 287.128 -0.45184
219.607 8.08927 287.583 -0.398112
219.663 8.07128 288.037 -0.258179
219.719 8.06247 288.49 -0.0780874
219.775 8.06528 288.943 0.135277
219.831 8.08029 289.396 0.361228
219.888 8.10806 289.851 0.573883
219.944 8.1468 290.308 0.762795
220 8.19555 290.767 0.933179
220.056 8.25179 291.23 1.04073
220.112 8.31327 291.695 1.12394
220.169 8.37763 292.164 1.14575
220.225 8.44098 292.637 1.11006
220.281 8.50054 293.114 1.01826
220.337 8.55363 293.593 0.894855
220.393 8.5985 294.075 0.734372
220.449 8.63422 294.559 0.566224
220.506 8.66014 295.045 0.392587
220.562 8.67646 295.532 0.222304
220.618 8.68347 296.02 0.0574651
220.674 8.68031 296.508 -0.130404
220.73 8.66665 296.995 -0.318058
220.787 8.6421 297.481 -0.5223
220.843 8.60504 297.966 -0.748665
220.899 8.55399 298.447 -1.00714
220.955 8.48932 298.926 -1.25111
221.011 8.41066 299.4 -1.49654
221.067 8.31893 299.87 -1.722
221.124 8.21514 300.334 -1.92647
221.18 8.10112 300.791 -2.09308
221.236 7.97896 301.242 -2.2281
221.292 7.85142 301.686 -2.3063
221.348 7.72042 302.123 -2.35215
221.404 7.58664 302.552 -2.39842
221.461 7.45053 302.974 -2.4383
221.517 7.31277 303.388 -2.45916
221.573 7.17383 303.794 -2.48114
221.629 7.0337 304.192 -2.50301
221.685 6.8929 304.583 -2.51363
221.742 6.75188 304.965 -2.50368
221.798 6.61235 305.34 -2.46637
221.854 6.47581 305.707 -2.40236
221.91 6.34342 306.066 -2.31873
221.966 6.21657 306.418 -2.21525
222.022 6.09644 306.763 -2.0838
222.079 5.98441 307.102 -1.92676
222.135 5.88171 307.435 -1.7593
222.191 5.78913 307.762 -1.57111
222.247 5.70727 308.084 -1.38436
222.303 5.63572 308.402 -1.19825
222.36 5.57467 308.717 -1.01507
222.416 5.52372 309.028 -0.83874
222.472 5.48184 309.337 -0.686664
222.528 5.44835 309.644 -0.538209
222.584 5.42287 309.949 -0.399004
222.64 5.40416 310.253 -0.28889
222.697 5.39147 310.556 -0.186512
222.753 5.3839 310.859 -0.103483
222.809 5.38041 311.161 -0.0373571
222.865 5.3805 311.464 0.0299933
222.921 5.38405 311.766 0.0866773
222.978 5.39097 312.069 0.149076
223.034 5.4013 312.372 0.208721
223.09 5.4147 312.676 0.261499
223.146 5.43119 312.98 0.317856
223.202 5.45095 313.286 0.376449
223.258 5.47386 313.593 0.425974
223.315 5.49924 313.902 0.466668
223.371 5.52706 314.211 0.510629
223.427 5.55712 314.523 0.55315
223.483 5.58948 314.836 0.592704
223.539 5.62409 315.151 0.63526
223.596 5.66128 315.469 0.678866
223.652 5.70081 315.788 0.717858
223.708 5.74236 316.11 0.752979
223.764 5.78566 316.434 0.784677
223.82 5.83046 316.76 0.806497
223.876 5.87635 317.089 0.821119
223.933 5.92259 317.421 0.828319
223.989 5.96873 317.755 0.817246
224.045 6.01458 318.092 0.821051
224.101 6.06025 318.432 0.80745
224.157 6.10512 318.774 0.793698
224.213 6.14981 319.118 0.798971
224.27 6.19453 319.465 0.797863
224.326 6.24015 319.815 0.822956
224.382 6.28738 320.167 0.855716
224.438 6.33679 320.522 0.89898
224.494 6.38975 320.879 0.974339
224.551 6.44771 321.24 1.06833
224.607 6.51081 321.605 1.1615
224.663 6.57927 321.973 1.25804
224.719 6.65333 322.345 1.35798
224.775 6.73273 322.721 1.44991
224.831 6.81647 323.102 1.51538
224.888 6.90354 323.488 1.57187
224.944 6.993 323.879 1.60028
225 7.08348 324.275 1.6122
225.056 7.17365 324.676 1.60181
225.112 7.26326 325.082 1.5881
225.169 7.35155 325.493 1.5645
225.225 7.43865 325.909 1.54354
225.281 7.52423 326.33 1.50933
225.337 7.60798 326.755 1.47965
225.393 7.69057 327.185 1.46344
225.449 7.7717 327.62 1.44375
225.506 7.85226 328.06 1.43047
225.562 7.93305 328.503 1.44906
225.618 8.01485 328.952 1.47025
225.674 8.098 329.405 1.49639
225.73 8.18437 329.863 1.56772
225.787 8.27585 330.326 1.67065
225.843 8.37385 330.794 1.79814
225.899 8.47926 331.268 1.93212
225.955 8.59303 331.748 2.08973
226.011 8.71604 332.235 2.25967
226.067 8.84901 332.729 2.4437
226.124 8.99309 333.231 2.6497
226.18 9.14923 333.741 2.86096
226.236 9.31656 334.261 3.05382
226.292 9.49392 334.79 3.22471
226.348 9.68045 335.33 3.37903
226.404 9.87515 335.88 3.5202
226.461 10.0767 336.442 3.63424
226.517 10.2843 337.015 3.73165
226.573 10.4964 337.6 3.80441
226.629 10.7122 338.197 3.86228
226.685 10.9305 338.806 3.90105
226.742 11.1502 339.427 3.91267
226.798 11.3699 340.061 3.90735
226.854 11.5887 340.707 3.88375
226.91 11.805 341.366 3.82175
226.966 12.0167 342.036 3.72823
227.022 12.2217 342.718 3.58685
227.079 12.4172 343.411 3.42122
227.135 12.6026 344.115 3.21665
227.191 12.7754 344.829 2.97944
227.247 12.9336 345.552 2.69835
227.303 13.0752 346.284 2.39815
227.36 13.1994 347.022 2.07786
227.416 13.305 347.768 1.75128
227.472 13.3925 348.518 1.43086
227.528 13.4628 349.273 1.1308
227.584 13.5172 350.031 0.864636
227.64 13.5575 350.792 0.620009
227.697 13.5853 351.555 0.416129
227.753 13.6031 352.319 0.252543
227.809 13.6138 353.083 0.153355
227.865 13.6202 353.848 0.0907645
227.921 13.6242 354.614 0.0685427
227.978 13.6284 355.379 0.0844769
228.034 13.6346 356.145 0.128468
228.09 13.6441 356.911 0.191948
228.146 13.6575 357.678 0.27224
228.202 13.675 358.446 0.336022
228.258 13.6963 359.215 0.401922
228.315 13.7195 359.985 0.415742
228.371 13.7424 360.757 0.395535
228.427 13.7625 361.529 0.328324
228.483 13.7776 362.303 0.220017
228.539 13.7852 363.078 0.0811329
228.596 13.7842 363.852 -0.0942735
228.652 13.7727 364.626 -0.2711
228.708 13.7515 365.399 -0.449284
228.764 13.7209 366.171 -0.602974
228.82 13.6827 366.94 -0.737382
228.876 13.6365 367.707 -0.87514
228.933 13.5847 368.472 -0.954959
228.989 13.5283 369.233 -1.03379
229.045 13.4681 369.991 -1.09149
229.101 13.4056 370.746 -1.12378
229.157 13.3426 371.497 -1.10862
229.213 13.2816 372.244 -1.06444
229.27 13.2237 372.988 -1.01447
229.326 13.1694 373.729 -0.935251
229.382 13.1191 374.468 -0.86317
229.438 13.0734 375.203 -0.778045
229.494 13.0325 375.936 -0.697252
229.551 12.9955 376.667 -0.644885
229.607 12.9621 377.396 -0.574226
229.663 12.9312 378.123 -0.534509
229.719 12.9017 378.849 -0.521399
229.775 12.8719 379.572 -0.539068
229.831 12.8402 380.294 -0.5844
229.888 12.8054 381.015 -0.645122
229.944 12.7665 381.733 -0.722848
230 12.7232 382.449 -0.805714
230.056 12.6749 383.162 -0.897228
230.112 12.6212 383.872 -0.99745
230.169 12.5617 384.579 -1.10021
230.225 12.4965 385.283 -1.19533
230.281 12.4263 385.982 -1.28337
230.337 12.3517 386.678 -1.35887
230.393 12.2732 387.369 -1.42641
230.449 12.1911 388.056 -1.47888
230.506 12.1069 388.738 -1.51139
230.562 12.0215 389.415 -1.52379
230.618 11.9358 390.088 -1.52425
230.674 11.8507 390.755 -1.50163
230.73 11.768 391.418 -1.44837
230.787 11.6888 392.077 -1.38278
230.843 11.6144 392.731 -1.27911
230.899 11.5472 393.381 -1.1415
230.955 11.4882 394.028 -0.986184
231.011 11.4392 394.672 -0.797345
231.067 11.4 395.313 -0.626373
231.124 11.3713 395.952 -0.437523
231.18 11.3528 396.591 -0.267956
231.236 11.3432 397.228 -0.111737
231.292 11.3413 397.865 0.0108793
231.348 11.344 398.502 0.0645667
231.404 11.3485 399.14 0.0909988
231.461 11.3515 399.777 0.00925971
231.517 11.3472 400.415 -0.139119
231.573 11.3316 401.052 -0.381552
231.629 11.3 401.688 -0.688824
231.685 11.2497 402.321 -1.04229
231.742 11.178 402.951 -1.43797
231.798 11.0841 403.576 -1.82552
231.854 10.9686 404.194 -2.20597
231.91 10.8333 404.806 -2.53373
231.966 10.6818 405.41 -2.79792
232.022 10.5176 406.004 -2.99284
232.079 10.3451 406.589 -3.11406
232.135 10.1676 407.165 -3.18294
232.191 9.98724 407.73 -3.21342
232.247 9.8075 408.285 -3.18653
232.303 9.63006 408.83 -3.13199
232.359 9.45858 409.357 -3.07862
232.414 9.29049 409.874 -3.01892
232.469 9.12498 410.382 -2.97971
232.525 8.9607 410.881 -2.96982
232.58 8.79657 411.371 -2.97292
232.635 8.63157 411.852 -2.99919
232.69 8.46377 412.324 -3.06412
232.746 8.29113 412.786 -3.16114
232.801 8.11283 413.238 -3.27513
232.856 7.92715 413.681 -3.41661
232.912 7.73257 414.113 -3.59187
232.967 7.5283 414.533 -3.77071
233.022 7.3121 414.945 -3.96753
233.079 7.08205 415.348 -4.17768
233.135 6.84053 415.738 -4.38624
233.191 6.58665 416.114 -4.60738
233.247 6.32005 416.475 -4.83488
233.303 6.04137 416.821 -5.03855
233.36 5.75223 417.15 -5.21206
233.416 5.4544 417.464 -5.35488
233.472 5.15008 417.76 -5.45037
233.528 4.84238 418.039 -5.48531
233.584 4.53378 418.3 -5.49768
233.64 4.22575 418.545 -5.47211
233.697 3.92023 418.772 -5.41487
233.753 3.61821 418.982 -5.34291
233.809 3.32091 419.175 -5.25951
233.865 3.02835 419.352 -5.17024
233.921 2.74155 419.512 -5.06246
233.978 2.46159 419.657 -4.92713
234.034 2.19037 419.786 -4.75642
234.09 1.92961 419.9 -4.55269
234.146 1.68184 420 -4.30851
234.202 1.44896 420.087 -4.02788
234.258 1.23305 420.161 -3.7148
234.315 1.03588 420.223 -3.37095
234.371 0.858446 420.275 -3.01072
234.427 0.702488 420.318 -2.61734
234.483 0.568854 420.353 -2.21935
234.539 0.4578 420.381 -1.81562
234.596 0.368953 420.404 -1.43183
234.652 0.301485 420.422 -1.05316
234.708 0.254269 420.437 -0.702622
234.764 0.225936 420.451 -0.373671
234.82 0.215523 420.463 -0.0593859
234.876 0.222223 420.475 0.231295
234.933 0.245154 420.488 0.525746
234.989 0.284173 420.503 0.8057
235.045 0.338771 420.521 1.08065
235.101 0.408594 420.542 1.34956
235.157 0.493738 420.568 1.62511
235.213 0.594008 420.599 1.89018
235.27 0.708681 420.636 2.14295
235.326 0.837055 420.68 2.37996
235.382 0.978091 420.732 2.59114
235.438 1.13029 420.792 2.78469
235.494 1.29264 420.861 2.95864
235.551 1.46404 420.939 3.10942
235.607 1.64325 421.028 3.24091
235.663 1.82923 421.126 3.35042
235.719 2.02026 421.235 3.42846
235.775 2.21505 421.356 3.49344
235.831 2.4128 421.487 3.5393
235.888 2.61275 421.629 3.56892
235.944 2.81378 421.782 3.58164
236 3.01536 421.947 3.59072
236.056 3.21681 422.124 3.58391
236.112 3.41775 422.311 3.57043
236.169 3.61733 422.51 3.53854
236.225 3.81492 422.72 3.49905
236.281 4.00995 422.941 3.4549
236.337 4.2019 423.172 3.39437
236.393 4.39027 423.415 3.32326
236.449 4.57431 423.668 3.24562
236.506 4.75322 423.931 3.14129
236.562 4.92612 424.204 3.03807
236.618 5.09271 424.486 2.91154
236.674 5.25213 424.777 2.78494
236.73 5.40404 425.078 2.65079
236.787 5.54777 425.386 2.49671
236.843 5.68293 425.702 2.34267
236.899 5.80916 426.026 2.18178
236.955 5.92618 426.356 2.01502
237.011 6.03305 426.693 1.83254
237.067 6.12973 427.035 1.6493
237.124 6.21594 427.382 1.45618
237.18 6.291 427.734 1.2502
237.236 6.35465 428.09 1.04934
237.292 6.4066 428.449 0.840724
237.348 6.44623 428.81 0.614488
237.404 6.47321 429.173 0.390232
237.461 6.48752 429.537 0.163031
237.517 6.4887 429.902 -0.0723197
237.573 6.47663 430.266 -0.307652
237.629 6.45155 430.629 -0.534695
237.685 6.41368 430.99 -0.760535
237.742 6.36383 431.349 -0.9731
237.798 6.30217 431.705 -1.17916
237.854 6.2294 432.056 -1.37456
237.91 6.14607 432.403 -1.55232
237.966 6.05316 432.746 -1.72347
238.022 5.9512 433.082 -1.87612
238.079 5.84121 433.413 -2.01081
238.135 5.72407 433.737 -2.12924
238.191 5.60086 434.055 -2.2353
238.247 5.47266 434.365 -2.30945
238.303 5.3409 434.668 -2.3661
238.36 5.20625 434.964 -2.41637
238.416 5.06901 435.251 -2.46392
238.472 4.92971 435.531 -2.48913
238.528 4.78874 435.804 -2.5217
238.584 4.64567 436.068 -2.55687
238.64 4.50054 436.324 -2.5958
238.697 4.35395 436.572 -2.62421
238.753 4.20534 436.812 -2.66311
238.809 4.05421 437.043 -2.70379
238.865 3.90175 437.265 -2.72154
238.921 3.74822 437.479 -2.73983
238.978 3.59395 437.685 -2.74971
239.034 3.43996 437.881 -2.72762
239.09 3.28808 438.07 -2.68385
239.146 3.13979 438.249 -2.60871
239.202 2.99646 438.421 -2.50627
239.258 2.86021 438.585 -2.36634
239.315 2.73296 438.741 -2.19578
239.371 2.61674 438.89 -1.97969
239.427 2.51365 439.034 -1.73246
239.483 2.42565 439.172 -1.45201
239.539 2.35445 439.306 -1.13826
239.596 2.30194 439.436 -0.795241
239.652 2.26926 439.564 -0.434138
239.708 2.2574 439.691 -0.0586496
239.764 2.26674 439.818 0.314047
239.82 2.29719 439.947 0.691542
239.876 2.34844 440.077 1.05274
239.933 2.41965 440.212 1.41079
239.989 2.51037 440.351 1.7502
240.045 2.61975 440.495 2.07672
240.101 2.74698 440.647 2.3809
240.157 2.89124 440.806 2.68049
240.213 3.05055 440.973 2.93468
240.27 3.2233 441.151 3.16516
240.326 3.40809 441.338 3.36159
240.382 3.60201 441.536 3.51223
240.438 3.80267 441.745 3.59808
240.494 4.0074 441.965 3.65639
240.551 4.2128 442.198 3.64315
240.607 4.4166 442.441 3.60372
240.663 4.61529 442.696 3.48198
240.719 4.8056 442.962 3.31751
240.775 4.98537 443.238 3.11441
240.831 5.1516 443.524 2.85386
240.888 5.30256 443.818 2.56795
240.944 5.43653 444.121 2.26073
241 5.55233 444.43 1.92876
241.056 5.64945 444.745 1.59382
241.112 5.72817 445.065 1.27466
241.169 5.78925 445.389 0.966996
241.225 5.83374 445.716 0.677275
241.281 5.8633 446.045 0.427908
241.337 5.87972 446.375 0.210363
241.393 5.88493 446.706 0.0178824
241.449 5.88024 447.036 -0.147441
241.506 5.86741 447.366 -0.277778
241.562 5.84814 447.695 -0.386562
241.618 5.82303 448.023 -0.485141
241.674 5.79265 448.349 -0.576902
241.73 5.75752 448.673 -0.657792
241.787 5.71741 448.995 -0.750947
241.843 5.67186 449.315 -0.848967
241.899 5.62114 449.632 -0.934734
241.955 5.56586 449.946 -1.02085
242.011 5.5057 450.256 -1.10178
242.067 5.44164 450.564 -1.16116
242.124 5.37397 450.867 -1.22583
242.18 5.30382 451.167 -1.26182
242.236 5.23236 451.462 -1.27946
242.292 5.16012 451.754 -1.27891
242.348 5.08898 452.041 -1.25635
242.404 5.01945 452.325 -1.22362
242.461 4.95241 452.604 -1.17063
242.517 4.88869 452.881 -1.10897
242.573 4.82932 453.153 -1.0211
242.629 4.77511 453.423 -0.924203
242.685 4.7269 453.689 -0.813466
242.742 4.68481 453.953 -0.705673
242.798 4.64882 454.215 -0.599109
242.854 4.61818 454.475 -0.514751
242.91 4.59176 454.734 -0.442067
242.966 4.56839 454.991 -0.399227
243.022 4.54658 455.247 -0.38873
243.079 4.52405 455.502 -0.41301
243.135 4.49922 455.755 -0.46344
243.191 4.47058 456.007 -0.547479
243.247 4.43646 456.257 -0.650588
243.303 4.39557 456.505 -0.780438
243.36 4.3471 456.75 -0.92464
243.416 4.28995 456.992 -1.08423
243.472 4.223 457.231 -1.26808
243.528 4.14584 457.466 -1.44036
243.584 4.0586 457.696 -1.62271
243.64 3.96088 457.921 -1.81275
243.697 3.85356 458.14 -1.97507
243.753 3.73785 458.352 -2.10762
243.809 3.61535 458.558 -2.22441
243.865 3.48853 458.757 -2.28057
243.921 3.35954 458.949 -2.29777
243.978 3.2308 459.133 -2.27987
244.034 3.10575 459.31 -2.1895
244.09 2.98723 459.481 -2.04705
244.146 2.87872 459.645 -1.84521
244.202 2.78356 459.803 -1.58705
244.258 2.70473 459.957 -1.27137
244.315 2.64479 460.107 -0.925003
244.371 2.60517 460.254 -0.553403
244.427 2.58715 460.4 -0.16453
244.483 2.59146 460.545 0.238892
244.539 2.61777 460.691 0.619936
244.596 2.6651 460.84 0.984305
244.652 2.73207 460.992 1.32783
244.708 2.81706 461.148 1.62843
244.764 2.91759 461.31 1.89304
244.82 3.03167 461.477 2.11581
244.876 3.15673 461.652 2.2923
244.933 3.29041 461.834 2.43385
244.989 3.42979 462.023 2.50896
245.045 3.57218 462.221 2.54807
245.101 3.71541 462.426 2.55086
245.157 3.85748 462.64 2.50863
245.213 3.99607 462.861 2.43474
245.27 4.1301 463.09 2.35167
245.326 4.25805 463.327 2.22521
245.382 4.3787 463.57 2.09521
245.438 4.49136 463.82 1.94659
245.494 4.59526 464.076 1.78289
245.551 4.68956 464.337 1.60893
245.607 4.77406 464.603 1.43383
245.663 4.84803 464.874 1.2427
245.719 4.91152 465.149 1.05573
245.775 4.96458 465.426 0.870937
245.831 5.00789 465.707 0.708149
245.888 5.04338 465.989 0.569615
245.944 5.07148 466.274 0.45805
246 5.09291 466.559 0.328614
246.056 5.10753 466.846 0.212441
246.112 5.11561 467.133 0.100818
246.169 5.11717 467.421 -0.0236065
246.225 5.11205 467.708 -0.137938
246.281 5.09992 467.995 -0.27118
246.337 5.07921 468.281 -0.437632
246.393 5.04874 468.565 -0.613882
246.449 5.00735 468.847 -0.819235
246.506 4.95328 469.127 -1.06242
246.562 4.8862 469.403 -1.28976
246.618 4.80584 469.675 -1.52131
246.674 4.7123 469.942 -1.75416
246.73 4.60629 470.203 -1.96982
246.787 4.48861 470.458 -2.17763
246.843 4.36014 470.706 -2.35686
246.899 4.22254 470.946 -2.51047
246.955 4.07715 471.178 -2.63173
247.011 3.92576 471.402 -2.73513
247.067 3.76943 471.618 -2.80757
247.124 3.60941 471.824 -2.8735
247.18 3.44696 472.021 -2.89695
247.236 3.2835 472.21 -2.91851
247.292 3.11978 472.389 -2.90851
247.348 2.95728 472.558 -2.88169
247.404 2.79687 472.719 -2.83524
247.461 2.63995 472.871 -2.75633
247.517 2.48935 473.014 -2.62762
247.573 2.347 473.149 -2.46625
247.629 2.21506 473.276 -2.26726
247.685 2.09517 473.397 -2.04083
247.742 1.98853 473.511 -1.80284
247.798 1.89533 473.619 -1.55785
247.854 1.81678 473.723 -1.29139
247.91 1.75299 473.823 -1.03132
247.966 1.70394 473.92 -0.770214
248.022 1.66952 474.014 -0.504492
248.079 1.64984 474.107 -0.246861
248.135 1.64429 474.2 0.000844663
248.191 1.65263 474.292 0.246197
248.247 1.67482 474.386 0.494454
248.303 1.71103 474.481 0.74424
248.36 1.76139 474.579 0.997663
248.416 1.82577 474.68 1.24408
248.472 1.9039 474.785 1.48841
248.528 1.9961 474.895 1.74454
248.584 2.10216 475.011 1.98325
248.64 2.22213 475.133 2.23453
248.697 2.35573 475.262 2.47689
248.753 2.50253 475.399 2.70264
248.809 2.66196 475.545 2.92578
248.865 2.83257 475.7 3.10934
248.921 3.01288 475.866 3.2729
248.978 3.201 476.041 3.38976
249.034 3.39348 476.227 3.44461
249.09 3.58693 476.425 3.43464
249.146 3.77851 476.633 3.38778
249.202 3.9654 476.851 3.2734
249.258 4.14412 477.08 3.11321
249.315 4.31192 477.319 2.89823
249.371 4.4665 477.566 2.64916
249.427 4.60578 477.822 2.36488
249.483 4.72891 478.085 2.0726
249.539 4.83465 478.354 1.75692
249.596 4.92271 478.629 1.43966
249.652 4.99307 478.908 1.13224
249.708 5.04633 479.19 0.826355
249.764 5.08239 479.475 0.517589
249.82 5.10148 479.761 0.221819
249.876 5.10324 480.048 -0.0913369
249.933 5.08764 480.334 -0.39917
249.989 5.05553 480.619 -0.686036
250.045 5.00718 480.901 -0.978569
250.101 4.94208 481.181 -1.27698
250.157 4.86071 481.456 -1.56819
250.213 4.7622 481.725 -1.87582
250.27 4.64698 481.989 -2.16481
250.326 4.51592 482.246 -2.44345
250.382 4.3692 482.495 -2.72396
250.438 4.20717 482.735 -2.98876
250.494 4.03131 482.965 -3.22299
250.551 3.84297 483.185 -3.4376
250.607 3.64368 483.395 -3.61332
250.663 3.43569 483.592 -3.75477
250.719 3.2216 483.778 -3.8457
250.775 3.00443 483.952 -3.87589
250.831 2.7869 484.113 -3.86202
250.888 2.57265 484.263 -3.78216
250.944 2.36357 484.4 -3.67468
251 2.16211 484.526 -3.51907
251.056 1.97077 484.641 -3.3203
251.112 1.79191 484.746 -3.08587
251.169 1.62684 484.841 -2.83808
251.225 1.47678 484.927 -2.55746
251.281 1.34218 485.005 -2.28269
251.337 1.22375 485.077 -1.98991
251.393 1.12153 485.142 -1.70403
251.449 1.03519 485.202 -1.4285
251.506 0.964176 485.258 -1.15583
251.562 0.908219 485.31 -0.889312
251.618 0.867361 485.359 -0.621895
251.674 0.841245 485.407 -0.362698
251.73 0.829644 485.454 -0.0991035
251.787 0.83312 485.501 0.164471
251.843 0.851338 485.548 0.434654
251.899 0.884605 485.597 0.697064
251.955 0.932927 485.648 0.968209
252.011 0.995973 485.703 1.22366
252.067 1.07294 485.761 1.46105
252.124 1.16226 485.824 1.67241
252.18 1.26278 485.893 1.86002
252.236 1.37193 485.968 1.99402
252.292 1.48801 486.049 2.10811
252.348 1.60874 486.136 2.17686
252.404 1.73314 486.231 2.23563
252.461 1.85972 486.332 2.26289
252.517 1.98744 486.441 2.27475
252.573 2.11603 486.557 2.29539
252.629 2.24532 486.68 2.30139
252.685 2.37449 486.811 2.3007
252.742 2.50407 486.949 2.31132
252.798 2.63405 487.094 2.31723
252.854 2.76453 487.246 2.32679
252.91 2.89574 487.406 2.34161
252.966 3.02777 487.573 2.35758
253.022 3.16091 487.748 2.37521
253.079 3.29495 487.93 2.39645
253.135 3.43109 488.119 2.43824
253.191 3.56965 488.317 2.48763
253.247 3.7113 488.522 2.543
253.303 3.85635 488.735 2.60949
253.36 4.0053 488.957 2.68008
253.416 4.15815 489.187 2.74792
253.472 4.31484 489.426 2.80898
253.528 4.47419 489.674 2.84632
253.584 4.63432 489.931 2.85108
253.64 4.79403 490.196 2.83093
253.697 4.95214 490.471 2.79393
253.753 5.10677 490.754 2.71475
253.809 5.25632 491.046 2.61822
253.865 5.39935 491.347 2.49593
253.921 5.53468 491.655 2.35123
253.978 5.66074 491.97 2.16513
254.034 5.77606 492.292 1.97457
254.09 5.88043 492.62 1.76806
254.146 5.97339 492.953 1.57628
254.202 6.05461 493.292 1.35834
254.258 6.12331 493.634 1.13985
254.315 6.17999 493.98 0.919721
254.371 6.22359 494.329 0.68229
254.427 6.25431 494.68 0.456275
254.483 6.27197 495.032 0.215685
254.539 6.27616 495.384 -0.0180242
254.596 6.26672 495.737 -0.265675
254.652 6.24368 496.088 -0.508598
254.708 6.20679 496.437 -0.755752
254.764 6.15629 496.785 -0.99782
254.82 6.09194 497.128 -1.24124
254.876 6.01338 497.468 -1.5025
254.933 5.92072 497.803 -1.74795
254.989 5.81439 498.132 -1.98921
255.045 5.69465 498.455 -2.22814
255.101 5.56184 498.77 -2.45045
255.157 5.41711 499.078 -2.65887
255.213 5.26125 499.377 -2.85285
255.27 5.09544 499.667 -3.02307
255.326 4.921 499.947 -3.15759
255.382 4.73941 500.218 -3.27663
255.438 4.5522 500.478 -3.36556
255.494 4.36111 500.727 -3.41902
255.551 4.16812 500.965 -3.43779
255.607 3.97569 501.193 -3.41023
255.663 3.78609 501.41 -3.33997
255.719 3.60172 501.616 -3.2306
255.775 3.42541 501.813 -3.0712
255.831 3.25926 502 -2.88139
255.888 3.10577 502.177 -2.63369
255.944 2.96703 502.347 -2.35638
256 2.84488 502.51 -2.0515
256.056 2.74024 502.666 -1.73291
256.112 2.65472 502.817 -1.38139
256.169 2.58921 502.964 -1.01716
256.225 2.54476 503.108 -0.639329
256.281 2.52174 503.25 -0.257761
256.337 2.51994 503.391 0.124615
256.393 2.54066 503.533 0.530336
256.449 2.58439 503.677 0.945585
256.506 2.65168 503.825 1.36928
256.562 2.74352 503.977 1.81087
256.618 2.86024 504.135 2.25752
256.674 3.00264 504.3 2.7212
256.73 3.17138 504.474 3.19408
256.787 3.36718 504.659 3.67818
256.843 3.58954 504.856 4.15072
256.899 3.8387 505.065 4.62474
256.955 4.11392 505.29 5.07898
257.011 4.41354 505.531 5.50028
257.067 4.73506 505.79 5.87125
257.124 5.07594 506.068 6.19336
257.18 5.43255 506.365 6.43974
257.236 5.80074 506.682 6.62109
257.292 6.17552 507.021 6.68484
257.348 6.55141 507.38 6.68609
257.404 6.92348 507.761 6.57162
257.461 7.28694 508.162 6.37845
257.517 7.63475 508.583 6.05949
257.573 7.9619 509.023 5.6562
257.629 8.26406 509.481 5.18448
257.685 8.53682 509.955 4.62235
257.742 8.77549 510.442 3.99335
257.798 8.97654 510.942 3.29189
257.854 9.13698 511.452 2.55799
257.91 9.25491 511.97 1.79971
257.966 9.33092 512.492 1.05854
258.022 9.3662 513.018 0.343736
258.079 9.36314 513.544 -0.311262
258.135 9.32452 514.069 -0.926549
258.191 9.25381 514.591 -1.46686
258.247 9.15517 515.107 -1.94044
258.303 9.03101 515.618 -2.38708
258.36 8.88264 516.12 -2.81215
258.416 8.71097 516.614 -3.2175
258.472 8.51716 517.096 -3.60151
258.528 8.30164 517.568 -3.9955
258.584 8.06374 518.026 -4.38534
258.64 7.80469 518.471 -4.76253
258.697 7.52456 518.9 -5.12806
258.753 7.22577 519.312 -5.44454
258.809 6.91068 519.708 -5.7214
258.865 6.58261 520.085 -5.90214
258.921 6.24729 520.444 -5.9959
258.978 5.91026 520.783 -5.98324
259.034 5.57678 521.104 -5.88658
259.09 5.25294 521.406 -5.67052
259.146 4.94361 521.691 -5.38274
259.202 4.65256 521.959 -5.03739
259.258 4.38334 522.211 -4.62198
259.315 4.13827 522.449 -4.17519
259.371 3.92059 522.674 -3.66946
259.427 3.73285 522.888 -3.12108
259.483 3.5769 523.092 -2.5431
259.539 3.45475 523.289 -1.92912
259.596 3.36731 523.48 -1.31483
259.652 3.31298 523.667 -0.740016
259.708 3.28901 523.852 -0.229486
259.764 3.29135 524.037 0.215742
259.82 3.31632 524.222 0.594722
259.876 3.36059 524.41 0.900605
259.933 3.42074 524.601 1.16786
259.989 3.49327 524.795 1.36775
260.045 3.57585 524.994 1.52777
260.101 3.6657 525.198 1.64026
260.157 3.76081 525.407 1.72383
260.213 3.85869 525.622 1.74136
260.27 3.95713 525.842 1.74509
260.326 4.05397 526.068 1.70962
260.382 4.1473 526.299 1.62967
260.438 4.2354 526.535 1.52635
260.494 4.31676 526.775 1.39471
260.551 4.39015 527.02 1.23812
260.607 4.4537 527.269 1.05836
260.663 4.50655 527.521 0.862596
260.719 4.54807 527.776 0.654049
260.775 4.57699 528.032 0.420653
260.831 4.59225 528.29 0.171037
260.888 4.59312 528.548 -0.0866553
260.944 4.57948 528.806 -0.349138
261 4.5517 529.062 -0.593644
261.056 4.50982 529.317 -0.841862
261.112 4.4547 529.568 -1.07366
261.169 4.38732 529.816 -1.27825
261.225 4.30911 530.06 -1.46559
261.281 4.22117 530.299 -1.63175
261.337 4.12439 530.533 -1.78004
261.393 4.01993 530.761 -1.9078
261.449 3.90947 530.984 -2.00165
261.506 3.79448 531.199 -2.07317
261.562 3.67587 531.409 -2.13018
261.618 3.55519 531.611 -2.15815
261.674 3.43323 531.807 -2.17666
261.73 3.31151 531.995 -2.15493
261.787 3.19224 532.177 -2.09938
261.843 3.07662 532.353 -2.02812
261.899 2.96571 532.522 -1.93445
261.955 2.86103 532.685 -1.81685
262.011 2.76373 532.842 -1.67218
262.067 2.67517 532.995 -1.50505
262.124 2.59647 533.142 -1.33164
262.18 2.52789 533.286 -1.14234
262.236 2.46982 533.426 -0.96018
262.292 2.42262 533.563 -0.761657
262.348 2.38631 533.698 -0.566475
262.404 2.36098 533.831 -0.377733
262.461 2.3461 533.963 -0.186197
262.517 2.34167 534.095 -0.00707796
262.573 2.34697 534.226 0.152894
262.629 2.36106 534.359 0.311805
262.685 2.3828 534.492 0.438445
262.742 2.41133 534.627 0.55136
262.798 2.44535 534.763 0.642867
262.854 2.48412 534.902 0.721024
262.91 2.52674 535.043 0.790302
262.966 2.5732 535.186 0.857253
263.022 2.62294 535.333 0.913
263.079 2.676 535.482 0.96325
263.135 2.73202 535.634 1.01516
263.191 2.79099 535.789 1.06862
263.247 2.85288 535.948 1.11942
263.303 2.9176 536.111 1.1663
263.36 2.98533 536.277 1.22413
263.416 3.05582 536.447 1.27172
263.472 3.12867 536.621 1.31216
263.528 3.20342 536.799 1.33768
263.584 3.27918 536.982 1.34819
263.64 3.35567 537.169 1.3664
263.697 3.43272 537.36 1.37641
263.753 3.51001 537.555 1.36766
263.809 3.58575 537.755 1.33756
263.865 3.65989 537.959 1.30607
263.921 3.73162 538.167 1.25461
263.978 3.80065 538.379 1.21108
264.034 3.86694 538.595 1.15575
264.09 3.92996 538.814 1.09976
264.146 3.9899 539.037 1.04681
264.202 4.04669 539.263 0.986847
264.258 4.1 539.492 0.924644
264.315 4.14989 539.724 0.861463
264.371 4.19539 539.959 0.775804
264.427 4.2356 540.196 0.672784
264.483 4.26992 540.435 0.56495
264.539 4.29713 540.676 0.429051
264.596 4.31606 540.918 0.271961
264.652 4.32615 541.161 0.112932
264.708 4.32645 541.404 -0.0659275
264.764 4.31603 541.647 -0.26016
264.82 4.29515 541.889 -0.451439
264.876 4.26396 542.129 -0.622516
264.933 4.2237 542.367 -0.779191
264.989 4.17501 542.603 -0.926489
265.045 4.11953 542.836 -1.02837
265.101 4.05857 543.065 -1.11663
265.157 3.99378 543.291 -1.16518
265.213 3.92806 543.513 -1.17103
265.27 3.86314 543.731 -1.13656
265.326 3.80082 543.946 -1.08277
265.382 3.74261 544.158 -0.998665
265.438 3.69015 544.366 -0.887569
265.494 3.64464 544.572 -0.756074
265.551 3.60689 544.776 -0.615531
265.607 3.5771 544.977 -0.464327
265.663 3.5556 545.177 -0.328163
265.719 3.54211 545.377 -0.189191
265.775 3.53592 545.575 -0.0583238
265.831 3.53684 545.774 0.0639204
265.888 3.5438 545.973 0.163383
265.944 3.55625 546.172 0.257901
266 3.57367 546.373 0.330645
266.056 3.59495 546.574 0.404302
266.112 3.6194 546.777 0.454157
266.169 3.64685 546.981 0.508126
266.225 3.67697 547.187 0.555208
266.281 3.7097 547.395 0.601455
266.337 3.74521 547.604 0.64706
266.393 3.78354 547.816 0.703488
266.449 3.82487 548.03 0.756365
266.506 3.8693 548.246 0.813766
266.562 3.91684 548.465 0.873806
266.618 3.96831 548.687 0.943375
266.674 4.02455 548.912 1.03591
266.73 4.0859 549.14 1.13305
266.787 4.15261 549.372 1.21947
266.843 4.224 549.607 1.30662
266.899 4.30012 549.847 1.38452
266.955 4.38016 550.092 1.4533
267.011 4.46351 550.34 1.50207
267.067 4.54892 550.594 1.52705
267.124 4.63444 550.853 1.51885
267.18 4.71882 551.116 1.48674
267.236 4.8005 551.384 1.42793
267.292 4.87779 551.656 1.33705
267.348 4.94888 551.932 1.21598
267.404 5.01221 552.213 1.06754
267.461 5.06636 552.496 0.889178
267.517 5.10937 552.782 0.676526
267.573 5.13934 553.07 0.431797
267.629 5.15487 553.36 0.173322
267.685 5.15486 553.649 -0.116245
267.742 5.13772 553.938 -0.433448
267.798 5.10218 554.226 -0.765548
267.854 5.04756 554.511 -1.11792
267.91 4.97303 554.792 -1.47213
267.966 4.87782 555.068 -1.84458
268.022 4.76173 555.338 -2.21895
268.079 4.62467 555.601 -2.59147
268.135 4.46686 555.856 -2.95672
268.191 4.28855 556.101 -3.31519
268.247 4.09089 556.335 -3.64994
268.303 3.87505 556.558 -3.96581
268.36 3.64197 556.768 -4.266
268.416 3.39291 556.964 -4.54074
268.472 3.12965 557.146 -4.77957
268.528 2.85351 557.313 -5.00602
268.584 2.5657 557.463 -5.19173
268.64 2.26838 557.597 -5.36007
268.697 1.96208 557.715 -5.50768
268.753 1.6481 557.814 -5.63593
268.809 1.32757 557.896 -5.75058
268.865 1.00183 557.96 -5.83497
268.921 0.671447 558.005 -5.90608
268.978 0.337648 558.031 -5.96171
269.034 0.00113178 558.039 -6.00913
269.09 -0.335685 558.028 -5.99283
269.146 -0.671328 557.997 -5.95935
269.202 -1.00387 557.949 -5.89211
269.258 -1.331 557.881 -5.77183
269.315 -1.64961 557.796 -5.60553
269.371 -1.95802 557.692 -5.40417
269.427 -2.25329 557.572 -5.14856
269.483 -2.53276 557.436 -4.85396
269.539 -2.79435 557.285 -4.52016
269.596 -3.03571 557.12 -4.14133
269.652 -3.25443 556.942 -3.71936
269.708 -3.44842 556.752 -3.27327
269.764 -3.61688 556.553 -2.80998
269.82 -3.7585 556.345 -2.3259
269.876 -3.87274 556.13 -1.83513
269.933 -3.95961 555.909 -1.3553
269.989 -4.01953 555.684 -0.874875
270.045 -4.05254 555.457 -0.397879
270.101 -4.05976 555.229 0.0470226
270.157 -4.04298 555.002 0.462603
270.213 -4.00366 554.776 0.857439
270.27 -3.94292 554.553 1.22472
270.326 -3.86303 554.334 1.55207
270.382 -3.76612 554.12 1.83822
270.438 -3.65403 553.912 2.09509
270.494 -3.52853 553.711 2.31938
270.551 -3.39211 553.517 2.49872
270.607 -3.24636 553.332 2.65688
270.663 -3.09227 553.155 2.79661
270.719 -2.93165 552.986 2.89506
270.775 -2.76647 552.827 2.9669
270.831 -2.59807 552.677 3.01572
270.888 -2.42738 552.537 3.04893
270.944 -2.25543 552.407 3.07208
271 -2.08238 552.286 3.083
271.056 -1.90927 552.174 3.08013
271.112 -1.73774 552.074 3.07615
271.167 -1.56632 551.983 3.10106
271.223 -1.39319 551.901 3.10476
271.28 -1.2177 551.829 3.12547
271.336 -1.04132 551.766 3.13907
271.392 -0.863679 551.714 3.16642
271.448 -0.684934 551.671 3.18797
271.505 -0.504021 551.639 3.22842
271.561 -0.320801 551.616 3.27504
271.617 -0.134877 551.605 3.32521
271.674 0.0539404 551.603 3.3815
271.73 0.246883 551.613 3.45971
271.786 0.444219 551.633 3.54171
271.842 0.64708 551.665 3.63683
271.899 0.8552 551.709 3.7373
271.955 1.06938 551.764 3.85205
272.011 1.2907 551.832 3.99041
272.067 1.5198 551.912 4.13771
272.124 1.75753 552.005 4.30058
272.18 2.00575 552.112 4.49426
272.236 2.26429 552.234 4.66949
272.292 2.53191 552.37 4.83203
272.348 2.80953 552.521 5.0099
272.404 3.09617 552.689 5.1585
272.461 3.39047 552.873 5.28898
272.517 3.69149 553.073 5.40809
272.573 3.99834 553.291 5.48567
272.629 4.30791 553.526 5.5337
272.685 4.61915 553.779 5.52662
272.742 4.92687 554.048 5.44036
272.798 5.22725 554.335 5.26384
272.854 5.51405 554.639 4.98385
272.91 5.78205 554.958 4.61112
272.966 6.02662 555.291 4.17107
273.022 6.24343 555.637 3.64456
273.079 6.42903 555.994 3.06809
273.135 6.58092 556.361 2.45834
273.191 6.69867 556.734 1.8578
273.247 6.78411 557.114 1.3031
273.303 6.8404 557.497 0.812143
273.358 6.87078 557.87 0.401549
273.411 6.88136 558.235 0.0747592
273.465 6.87632 558.608 -0.20093
273.52 6.85771 558.982 -0.426888
273.574 6.82832 559.358 -0.609161
273.63 6.78876 559.739 -0.763509
273.686 6.74098 560.117 -0.914061
273.742 6.68572 560.493 -1.02836
273.798 6.62447 560.865 -1.14048
273.854 6.55683 561.234 -1.25649
273.91 6.48266 561.599 -1.37288
273.966 6.40108 561.959 -1.50685
274.022 6.31195 562.315 -1.64634
274.079 6.21425 562.666 -1.80008
274.135 6.10758 563.012 -1.96455
274.191 5.99127 563.351 -2.14165
274.247 5.86504 563.684 -2.32242
274.303 5.72783 564.008 -2.5271
274.36 5.57957 564.325 -2.70738
274.416 5.42112 564.633 -2.89486
274.472 5.25292 564.932 -3.06483
274.528 5.07505 565.222 -3.22849
274.584 4.88839 565.5 -3.38093
274.64 4.69294 565.768 -3.53883
274.697 4.48911 566.025 -3.6891
274.753 4.27732 566.27 -3.81946
274.809 4.05896 566.503 -3.92561
274.865 3.83525 566.724 -4.00967
274.921 3.60793 566.932 -4.07442
274.978 3.3783 567.127 -4.09837
275.034 3.14779 567.309 -4.10802
275.09 2.91745 567.478 -4.09145
275.146 2.68794 567.634 -4.07786
275.202 2.45925 567.777 -4.06754
275.258 2.23189 567.908 -4.02831
275.315 2.00687 568.025 -3.9848
275.371 1.78515 568.131 -3.9186
275.427 1.56839 568.224 -3.80636
275.483 1.35881 568.305 -3.67974
275.539 1.15725 568.374 -3.51832
275.596 0.965977 568.433 -3.32364
275.652 0.786515 568.481 -3.10596
275.708 0.620243 568.519 -2.86203
275.764 0.468028 568.549 -2.60656
275.82 0.330941 568.571 -2.32689
275.876 0.209776 568.585 -2.03956
275.933 0.105372 568.593 -1.73897
275.989 0.0181127 568.596 -1.42524
276.045 -0.0507326 568.595 -1.09208
276.101 -0.100426 568.59 -0.746786
276.157 -0.130337 568.583 -0.38381
276.213 -0.139398 568.576 -0.0121868
276.27 -0.127338 568.568 0.368597
276.326 -0.0936101 568.562 0.757782
276.382 -0.0378628 568.559 1.14655
276.438 0.0391123 568.559 1.51466
276.494 0.136367 568.564 1.8712
276.551 0.252188 568.576 2.18979
276.607 0.384403 568.594 2.45462
276.663 0.529951 568.621 2.67777
276.719 0.686244 568.656 2.85071
276.775 0.851048 568.7 2.98003
276.831 1.02218 568.753 3.08378
276.888 1.19792 568.817 3.1527
276.944 1.37728 568.89 3.21621
277 1.5596 568.974 3.26401
277.056 1.74469 569.067 3.31648
277.112 1.9325 569.172 3.36012
277.169 2.12265 569.287 3.4054
277.225 2.31559 569.413 3.45179
277.281 2.51102 569.549 3.49863
277.337 2.70923 569.697 3.54936
277.393 2.91012 569.856 3.59207
277.449 3.1129 570.026 3.62492
277.506 3.31786 570.208 3.6664
277.562 3.52507 570.401 3.70376
277.618 3.73465 570.606 3.74989
277.674 3.9464 570.823 3.78141
277.73 4.16016 571.052 3.81879
277.787 4.37577 571.293 3.84773
277.843 4.59262 571.546 3.86685
277.899 4.81004 571.812 3.87038
277.955 5.02737 572.089 3.86758
278.011 5.24407 572.379 3.85868
278.067 5.46059 572.681 3.84862
278.124 5.67675 572.995 3.84647
278.18 5.89325 573.321 3.85871
278.236 6.11075 573.66 3.88056
278.292 6.32884 574.01 3.87828
278.348 6.5458 574.373 3.85205
278.404 6.76119 574.748 3.81959
278.461 6.97412 575.135 3.76612
278.517 7.18361 575.534 3.70152
278.573 7.38907 575.945 3.62778
278.629 7.58946 576.366 3.52469
278.685 7.78384 576.799 3.42137
278.742 7.9724 577.243 3.31063
278.798 8.15428 577.697 3.18903
278.854 8.32943 578.161 3.06496
278.91 8.49753 578.635 2.94134
278.966 8.65851 579.118 2.8178
279.022 8.81293 579.609 2.69901
279.079 8.96044 580.109 2.57897
279.135 9.10159 580.618 2.47318
279.191 9.23729 581.134 2.38088
279.247 9.36816 581.657 2.30007
279.303 9.4951 582.188 2.23486
279.36 9.61917 582.725 2.18934
279.416 9.74082 583.27 2.14922
279.472 9.86041 583.821 2.11694
279.528 9.9787 584.379 2.09028
279.584 10.0958 584.943 2.07748
279.64 10.2119 585.515 2.05793
279.697 10.3261 586.092 2.01121
279.753 10.4377 586.676 1.96807
279.809 10.547 587.266 1.92175
279.865 10.6543 587.862 1.89783
279.921 10.7601 588.464 1.87219
279.978 10.8649 589.072 1.86427
