# t frame_uz frame_z ub_dans_repere
160.001 7.70887e-05 7.9391e-08 0.0748531
160.019 0.0243089 0.000257727 1.42368
160.051 0.0748269 0.00200493 1.65791
160.092 0.150818 0.00695894 1.95303
160.14 0.252228 0.0168796 2.28626
160.19 0.378214 0.0333709 2.63728
160.243 0.529013 0.0580134 3.00555
160.297 0.701936 0.0920696 3.33575
160.352 0.893942 0.136899 3.59674
160.407 1.09815 0.192699 3.78573
160.463 1.31419 0.261398 3.89796
160.519 1.53398 0.342333 3.94191
160.575 1.75503 0.43562 3.95275
160.631 1.9755 0.541271 3.9259
160.687 2.19429 0.659206 3.89694
160.743 2.41114 0.789326 3.85741
160.798 2.626 0.931514 3.82926
160.854 2.83996 1.08569 3.81834
160.91 3.05332 1.25183 3.80821
160.966 3.2666 1.4299 3.81331
161.022 3.48076 1.62022 3.82389
161.079 3.69631 1.82303 3.84267
161.135 3.91285 2.03798 3.86315
161.191 4.1309 2.26515 3.89532
161.247 4.3512 2.50463 3.94121
161.303 4.57454 2.7566 3.99876
161.36 4.80115 3.02122 4.05481
161.416 5.03071 3.29867 4.10767
161.472 5.26267 3.5891 4.14433
161.528 5.49652 3.89264 4.17375
161.584 5.73186 4.20936 4.19528
161.64 5.96741 4.53931 4.185
161.697 6.2011 4.88245 4.14193
161.753 6.43176 5.23862 4.07665
161.809 6.6572 5.60758 3.97034
161.865 6.87522 5.98897 3.81836
161.921 7.084 6.3823 3.6461
161.978 7.28224 6.78701 3.45267
162.034 7.46982 7.20249 3.26126
162.09 7.64618 7.62814 3.05943
162.146 7.81163 8.06333 2.86619
162.202 7.96698 8.50746 2.69537
162.258 8.11308 8.96001 2.53958
162.315 8.25134 9.42049 2.41314
162.371 8.38294 9.88852 2.29782
162.427 8.5091 10.3637 2.21327
162.483 8.63139 10.8459 2.15685
162.539 8.75193 11.3349 2.13171
162.596 8.87165 11.8306 2.13362
162.652 8.9926 12.3331 2.16767
162.708 9.11586 12.8424 2.21269
162.764 9.24207 13.3588 2.27171
162.82 9.37182 13.8824 2.33383
162.876 9.5053 14.4134 2.40197
162.933 9.64179 14.952 2.45312
162.989 9.78098 15.4983 2.49427
163.045 9.92147 16.0525 2.5031
163.101 10.0617 16.6147 2.49039
163.157 10.2004 17.1846 2.44898
163.213 10.3359 17.7622 2.37717
163.27 10.4661 18.3473 2.27292
163.326 10.5892 18.9395 2.13738
163.382 10.7045 19.5383 1.99165
163.438 10.8107 20.1433 1.82086
163.494 10.9069 20.754 1.6409
163.551 10.9931 21.3697 1.46136
163.607 11.069 21.9898 1.27765
163.663 11.1342 22.6139 1.08392
163.719 11.1884 23.2413 0.882189
163.775 11.2313 23.8714 0.689244
163.831 11.2635 24.5035 0.496415
163.888 11.2848 25.1371 0.302578
163.944 11.2959 25.7714 0.124646
164 11.2967 26.4061 -0.0548754
164.056 11.2876 27.0405 -0.234931
164.112 11.2686 27.674 -0.403935
164.169 11.2403 28.3062 -0.568232
164.225 11.2025 28.9364 -0.746656
164.281 11.1545 29.5642 -0.922559
164.337 11.0967 30.189 -1.10059
164.393 11.0282 30.8101 -1.29903
164.449 10.9487 31.4271 -1.49384
164.506 10.8581 32.0392 -1.69298
164.562 10.756 32.6458 -1.90171
164.618 10.6422 33.2463 -2.10817
164.674 10.5166 33.8399 -2.32299
164.73 10.3791 34.4262 -2.52678
164.787 10.2307 35.0043 -2.71512
164.843 10.0721 35.5738 -2.89299
164.899 9.90392 36.134 -3.06033
164.955 9.72745 36.6845 -3.19195
165.011 9.5439 37.2248 -3.31357
165.067 9.35426 37.7546 -3.41224
165.124 9.16003 38.2736 -3.48493
165.18 8.96241 38.7816 -3.53775
165.236 8.76282 39.2784 -3.55824
165.292 8.56305 39.7639 -3.5519
165.348 8.36383 40.2383 -3.53896
165.404 8.16596 40.7015 -3.508
165.461 7.97087 41.1536 -3.44886
165.517 7.7789 41.5949 -3.39103
165.573 7.5905 42.0256 -3.32358
165.629 7.40638 42.4458 -3.24569
165.685 7.22698 42.8558 -3.1601
165.742 7.05239 43.2559 -3.07371
165.798 6.88257 43.6464 -2.9894
165.854 6.71735 44.0275 -2.91151
165.91 6.55666 44.3994 -2.82471
165.966 6.40121 44.7625 -2.72581
166.022 6.25092 45.117 -2.63664
166.079 6.10547 45.4633 -2.55552
166.135 5.96507 45.8015 -2.4598
166.191 5.83007 46.1321 -2.36288
166.247 5.70108 46.4552 -2.2522
166.303 5.57854 46.7713 -2.13309
166.36 5.46296 47.0808 -2.00525
166.416 5.35481 47.384 -1.86753
166.472 5.25445 47.6814 -1.73292
166.528 5.16174 47.9735 -1.59543
166.584 5.07697 48.2606 -1.45076
166.64 5.00046 48.5432 -1.30434
166.697 4.93198 48.8218 -1.16167
166.753 4.87175 49.0968 -1.01255
166.809 4.81977 49.3687 -0.867201
166.865 4.77581 49.6379 -0.727175
166.921 4.73988 49.905 -0.585523
166.978 4.71195 50.1703 -0.435894
167.034 4.69246 50.4343 -0.288765
167.09 4.68122 50.6975 -0.140303
167.146 4.67838 50.9604 0.00967009
167.202 4.68423 51.2234 0.166323
167.258 4.69856 51.487 0.313665
167.315 4.72128 51.7517 0.466563
167.371 4.75263 52.0179 0.618363
167.427 4.79279 52.2862 0.77886
167.483 4.8419 52.5571 0.937948
167.539 4.89992 52.831 1.09512
167.596 4.96633 53.1085 1.2402
167.652 5.04085 53.39 1.3852
167.708 5.12351 53.6759 1.52744
167.764 5.21372 53.9668 1.65807
167.82 5.31118 54.2629 1.78771
167.876 5.41567 54.5648 1.90445
167.933 5.52627 54.8728 2.01222
167.989 5.6429 55.1871 2.11633
168.045 5.76506 55.5083 2.21157
168.101 5.8921 55.8364 2.29592
168.157 6.02396 56.1718 2.37951
168.213 6.16005 56.5148 2.44859
168.27 6.29956 56.8656 2.50684
168.326 6.44229 57.2243 2.56206
168.382 6.58726 57.5911 2.59318
168.438 6.73408 57.9661 2.62483
168.494 6.88231 58.3494 2.64628
168.551 7.03135 58.7411 2.6565
168.607 7.18058 59.1411 2.6556
168.663 7.32924 59.5496 2.64041
168.719 7.47706 59.9663 2.62668
168.775 7.62426 60.3913 2.61598
168.831 7.77061 60.8246 2.59521
168.888 7.91533 61.266 2.56241
168.944 8.05755 61.7155 2.51241
169 8.19689 62.1729 2.45949
169.056 8.33308 62.638 2.39863
169.112 8.46538 63.1106 2.32453
169.169 8.59313 63.5905 2.23901
169.225 8.71606 64.0775 2.15238
169.281 8.83376 64.5711 2.0568
169.337 8.94606 65.0712 1.9553
169.393 9.05232 65.5774 1.8497
169.449 9.15174 66.0894 1.72184
169.506 9.24416 66.6066 1.59213
169.562 9.32888 67.1289 1.45131
169.618 9.40589 67.6556 1.31507
169.674 9.47487 68.1864 1.17234
169.73 9.53523 68.7207 1.01005
169.787 9.58671 69.2582 0.854692
169.843 9.62909 69.7983 0.688145
169.899 9.66228 70.3404 0.527498
169.955 9.68689 70.8841 0.379744
170.011 9.70326 71.4289 0.230894
170.067 9.71159 71.9743 0.0957478
170.124 9.71235 72.52 -0.0374887
170.18 9.70614 73.0654 -0.159079
170.236 9.69326 73.6103 -0.274781
170.292 9.67432 74.1543 -0.373642
170.348 9.65051 74.697 -0.458615
170.404 9.62234 75.2382 -0.531522
170.461 9.5907 75.7777 -0.584703
170.517 9.55629 76.3154 -0.629963
170.573 9.52003 76.851 -0.654729
170.629 9.48245 77.3846 -0.677993
170.685 9.44358 77.916 -0.700364
170.742 9.40419 78.4452 -0.697507
170.798 9.3652 78.9722 -0.689147
170.854 9.32646 79.4971 -0.685319
170.91 9.2882 80.0197 -0.679502
170.966 9.25023 80.5403 -0.671189
171.022 9.21277 81.0587 -0.663571
171.079 9.17539 81.575 -0.656507
171.135 9.1386 82.0892 -0.660416
171.191 9.10116 82.6014 -0.661639
171.247 9.06388 83.1114 -0.667905
171.303 9.02623 83.6194 -0.667958
171.36 8.988 84.1252 -0.689982
171.416 8.94927 84.6288 -0.689246
171.472 8.90995 85.1302 -0.701547
171.528 8.87068 85.6295 -0.700865
171.584 8.83099 86.1265 -0.703051
171.64 8.79145 86.6213 -0.70605
171.697 8.75204 87.1139 -0.698693
171.753 8.713 87.6042 -0.696572
171.809 8.67439 88.0924 -0.68004
171.865 8.6366 88.5785 -0.665483
171.921 8.60019 89.0624 -0.635137
171.978 8.56509 89.5444 -0.616015
172.034 8.53151 90.0244 -0.585486
172.09 8.49999 90.5027 -0.547571
172.146 8.47029 90.9792 -0.513972
172.202 8.44241 91.4541 -0.483803
172.258 8.41627 91.9275 -0.456352
172.315 8.39159 92.3995 -0.429662
172.371 8.36842 92.8701 -0.399723
172.427 8.34722 93.3395 -0.361668
172.483 8.32801 93.8078 -0.32715
172.539 8.31059 94.2751 -0.299431
172.596 8.29476 94.7415 -0.271606
172.652 8.28021 95.207 -0.250757
172.708 8.2665 95.6717 -0.240026
172.764 8.25327 96.1356 -0.234943
172.82 8.24025 96.5989 -0.231033
172.876 8.22686 97.0614 -0.244068
172.933 8.21258 97.5231 -0.262081
172.989 8.1971 97.9839 -0.284944
173.045 8.18026 98.4439 -0.314005
173.101 8.16125 98.9028 -0.357398
173.157 8.13971 99.3606 -0.399182
173.213 8.11515 99.8171 -0.465689
173.27 8.08739 100.272 -0.519454
173.326 8.05572 100.725 -0.589703
173.382 8.02015 101.177 -0.662908
173.438 7.98049 101.626 -0.735056
173.494 7.93644 102.073 -0.817291
173.551 7.88785 102.517 -0.899002
173.607 7.83454 102.958 -0.981338
173.663 7.77664 103.397 -1.06614
173.719 7.71434 103.831 -1.13562
173.775 7.64857 104.263 -1.19382
173.831 7.57909 104.69 -1.26182
173.888 7.50664 105.113 -1.30502
173.944 7.43199 105.533 -1.34081
174 7.35651 105.948 -1.34334
174.056 7.2809 106.358 -1.34416
174.112 7.2063 106.765 -1.31168
174.169 7.13364 107.167 -1.27682
174.225 7.06393 107.566 -1.21105
174.281 6.99868 107.96 -1.1272
174.337 6.93866 108.351 -1.02661
174.393 6.8849 108.739 -0.915137
174.449 6.83686 109.125 -0.813402
174.506 6.79515 109.507 -0.691099
174.562 6.76012 109.888 -0.583768
174.618 6.73105 110.267 -0.47099
174.674 6.70771 110.644 -0.37909
174.73 6.68965 111.02 -0.280624
174.787 6.67664 111.395 -0.198084
174.843 6.66858 111.77 -0.104322
174.899 6.66565 112.145 -0.0223242
174.955 6.66722 112.519 0.0616161
175.011 6.67365 112.894 0.149805
175.067 6.68519 113.269 0.244992
175.124 6.7017 113.645 0.325752
175.18 6.72295 114.023 0.414006
175.236 6.74934 114.401 0.505358
175.292 6.7804 114.781 0.584498
175.348 6.81624 115.163 0.676802
175.404 6.85709 115.548 0.760452
175.461 6.90248 115.934 0.840356
175.517 6.95257 116.324 0.923565
175.573 7.00714 116.716 0.998303
175.629 7.06571 117.112 1.07135
175.685 7.12833 117.511 1.14533
175.742 7.19473 117.914 1.2037
175.798 7.26404 118.32 1.24936
175.854 7.33515 118.731 1.27606
175.91 7.40755 119.145 1.29081
175.966 7.47994 119.564 1.28686
176.022 7.55165 119.986 1.26974
176.079 7.62196 120.413 1.24116
176.135 7.6903 120.844 1.19817
176.191 7.75591 121.278 1.14493
176.247 7.81832 121.716 1.08626
176.303 7.87694 122.157 1.01594
176.36 7.93104 122.601 0.926388
176.416 7.98022 123.049 0.838149
176.472 8.02396 123.498 0.743395
176.528 8.06245 123.95 0.647837
176.584 8.09578 124.405 0.554668
176.64 8.12374 124.86 0.456821
176.697 8.14624 125.318 0.36122
176.753 8.16352 125.776 0.268686
176.809 8.17553 126.235 0.176581
176.865 8.18247 126.694 0.0898648
176.921 8.18436 127.154 -0.00308558
176.978 8.18139 127.614 -0.0842235
177.034 8.17414 128.073 -0.158817
177.09 8.16255 128.532 -0.238561
177.146 8.1467 128.99 -0.310587
177.202 8.12653 129.447 -0.389471
177.258 8.10211 129.903 -0.462204
177.315 8.07385 130.357 -0.530472
177.371 8.04167 130.81 -0.602461
177.427 8.0057 131.26 -0.667123
177.483 7.96666 131.709 -0.712809
177.539 7.92527 132.155 -0.751589
177.596 7.88216 132.599 -0.776977
177.652 7.83819 133.04 -0.786076
177.708 7.79362 133.479 -0.797026
177.764 7.74904 133.915 -0.789421
177.82 7.70535 134.349 -0.7681
177.876 7.66307 134.781 -0.739055
177.933 7.62297 135.21 -0.698592
177.989 7.58522 135.637 -0.652499
178.045 7.55058 136.062 -0.591749
178.101 7.51967 136.485 -0.522175
178.157 7.49291 136.906 -0.441829
178.213 7.47112 137.327 -0.35173
178.27 7.45431 137.746 -0.261902
178.326 7.44293 138.164 -0.162383
178.382 7.43701 138.582 -0.0661751
178.438 7.43687 139 0.0372134
178.494 7.44233 139.418 0.138153
178.551 7.45348 139.836 0.237681
178.607 7.47016 140.255 0.336578
178.663 7.49239 140.676 0.433962
178.719 7.51984 141.098 0.525941
178.775 7.55269 141.521 0.621658
178.831 7.59077 141.947 0.713716
178.888 7.63369 142.375 0.799916
178.944 7.68172 142.805 0.891327
179 7.73454 143.238 0.969188
179.056 7.79153 143.675 1.04227
179.112 7.85247 144.115 1.11294
179.169 7.91701 144.558 1.17278
179.225 7.98504 145.005 1.23488
179.281 8.05646 145.456 1.29685
179.337 8.13148 145.911 1.35898
179.393 8.20973 146.371 1.41322
179.449 8.2906 146.834 1.45586
179.506 8.3742 147.303 1.50593
179.562 8.46038 147.776 1.55417
179.618 8.54912 148.255 1.59453
179.674 8.64007 148.738 1.63255
179.73 8.73292 149.227 1.66393
179.787 8.82754 149.72 1.69183
179.843 8.9229 150.219 1.70093
179.899 9.01851 150.724 1.70351
179.955 9.11413 151.234 1.69839
180.011 9.20906 151.749 1.68119
180.067 9.30263 152.27 1.64971
180.124 9.39377 152.795 1.60469
180.18 9.48187 153.326 1.54241
180.236 9.56622 153.862 1.47495
180.292 9.64613 154.402 1.38652
180.348 9.72099 154.946 1.29666
180.404 9.78997 155.495 1.1789
180.461 9.85185 156.047 1.04774
180.517 9.90589 156.602 0.905083
180.573 9.95157 157.16 0.751487
180.629 9.98807 157.721 0.581202
180.685 10.0148 158.283 0.406212
180.742 10.0314 158.846 0.221513
180.798 10.0375 159.41 0.0256975
180.854 10.0332 159.973 -0.150671
180.91 10.018 160.537 -0.346366
180.966 9.99213 161.099 -0.534745
181.022 9.95564 161.659 -0.727483
181.079 9.90821 162.217 -0.918704
181.135 9.84992 162.771 -1.11714
181.191 9.78132 163.322 -1.29218
181.247 9.70341 163.869 -1.45304
181.303 9.61628 164.412 -1.61055
181.36 9.52181 164.949 -1.72351
181.416 9.42161 165.48 -1.81668
181.472 9.31755 166.006 -1.87318
181.528 9.2109 166.526 -1.9098
181.584 9.10364 167.04 -1.9022
181.64 8.99811 167.548 -1.85889
181.697 8.8962 168.05 -1.78309
181.753 8.7988 168.546 -1.69521
181.809 8.70715 169.037 -1.58649
181.865 8.62239 169.524 -1.46055
181.921 8.54453 170.005 -1.33299
181.978 8.47381 170.483 -1.21178
182.034 8.41008 170.957 -1.08539
182.09 8.35297 171.427 -0.975087
182.146 8.30204 171.895 -0.860995
182.202 8.25714 172.36 -0.758159
182.258 8.21778 172.822 -0.662801
182.315 8.18377 173.283 -0.567833
182.371 8.15501 173.742 -0.471274
182.427 8.13182 174.199 -0.374723
182.483 8.11387 174.655 -0.275212
182.539 8.10154 175.111 -0.171272
182.596 8.09524 175.565 -0.0741848
182.652 8.09515 176.02 0.0499384
182.708 8.10161 176.475 0.15985
182.764 8.1144 176.931 0.275224
182.82 8.13454 177.387 0.414088
182.876 8.1625 177.845 0.549424
182.933 8.19732 178.305 0.666039
182.989 8.23902 178.767 0.795049
183.045 8.28798 179.231 0.91969
183.101 8.34346 179.699 1.0357
183.157 8.40505 180.169 1.13658
183.213 8.47232 180.644 1.23705
183.27 8.54487 181.122 1.32452
183.326 8.62166 181.605 1.39331
183.382 8.70214 182.092 1.45215
183.438 8.78531 182.584 1.4977
183.494 8.86986 183.08 1.50898
183.551 8.95436 183.581 1.50015
183.607 9.03803 184.087 1.47925
183.663 9.11972 184.598 1.43501
183.719 9.19916 185.113 1.39764
183.775 9.276 185.632 1.34722
183.831 9.34952 186.156 1.28272
183.888 9.41896 186.683 1.20269
183.944 9.48367 187.215 1.12061
184 9.54335 187.749 1.02263
184.056 9.59773 188.287 0.933374
184.112 9.6466 188.828 0.829401
184.169 9.69 189.372 0.733706
184.225 9.72802 189.917 0.63871
184.281 9.76035 190.465 0.52713
184.337 9.78714 191.014 0.434651
184.393 9.80825 191.565 0.333439
184.449 9.82351 192.117 0.229028
184.506 9.83291 192.669 0.123227
184.562 9.83663 193.221 0.0274375
184.618 9.83471 193.774 -0.0683211
184.674 9.82755 194.326 -0.1662
184.73 9.81549 194.878 -0.247188
184.787 9.79886 195.429 -0.325978
184.843 9.77793 195.979 -0.403285
184.899 9.75292 196.527 -0.470923
184.955 9.72415 197.074 -0.537194
185.011 9.6919 197.619 -0.59814
185.067 9.65668 198.163 -0.645193
185.124 9.61898 198.704 -0.684786
185.18 9.57924 199.243 -0.719853
185.236 9.53809 199.78 -0.745069
185.292 9.49561 200.314 -0.76159
185.348 9.45233 200.846 -0.786657
185.404 9.40864 201.376 -0.773051
185.461 9.3651 201.903 -0.769579
185.517 9.32192 202.427 -0.76583
185.573 9.27915 202.95 -0.75326
185.629 9.23739 203.47 -0.733204
185.685 9.19702 203.987 -0.708747
185.742 9.15798 204.503 -0.681613
185.798 9.12072 205.016 -0.651235
185.854 9.08517 205.527 -0.621085
185.91 9.05123 206.036 -0.591876
185.966 9.01884 206.544 -0.567991
186.022 8.98789 207.049 -0.540494
186.079 8.95843 207.553 -0.513008
186.135 8.93052 208.056 -0.485471
186.191 8.90414 208.556 -0.458741
186.247 8.87948 209.056 -0.427177
186.303 8.85656 209.554 -0.393573
186.36 8.83571 210.051 -0.355839
186.416 8.81736 210.546 -0.30444
186.472 8.80234 211.041 -0.237564
186.528 8.79099 211.535 -0.175212
186.584 8.78376 212.029 -0.0979651
186.64 8.78064 212.522 -0.0263085
186.697 8.7818 213.016 0.0498641
186.753 8.78759 213.509 0.139416
186.809 8.79856 214.003 0.233553
186.865 8.81516 214.498 0.337026
186.921 8.83771 214.994 0.441065
186.978 8.86583 215.491 0.534146
187.034 8.89914 215.991 0.632096
187.09 8.93754 216.492 0.71956
187.146 8.9807 216.995 0.80168
187.202 9.02821 217.501 0.873907
187.258 9.07941 218.01 0.934763
187.315 9.1338 218.522 0.988456
187.371 9.19121 219.037 1.04334
187.427 9.25182 219.556 1.10527
187.483 9.31561 220.078 1.15559
187.539 9.38212 220.603 1.20242
187.596 9.45129 221.133 1.24966
187.652 9.52296 221.666 1.29024
187.708 9.5964 222.203 1.31584
187.764 9.67117 222.745 1.34148
187.82 9.74722 223.291 1.36405
187.876 9.82484 223.841 1.38979
187.933 9.90363 224.396 1.41047
187.989 9.98338 224.955 1.42346
188.045 10.0639 225.518 1.44192
188.101 10.1457 226.087 1.46736
188.157 10.2292 226.659 1.49882
188.213 10.3145 227.237 1.53262
188.27 10.4022 227.819 1.58396
188.326 10.4927 228.407 1.62792
188.382 10.5857 228.999 1.67594
188.438 10.6814 229.597 1.72227
188.494 10.7798 230.201 1.76946
188.551 10.8808 230.81 1.81413
188.607 10.984 231.424 1.85046
188.663 11.0888 232.045 1.87526
188.719 11.1948 232.672 1.88928
188.775 11.3015 233.304 1.90479
188.831 11.4084 233.943 1.901
188.888 11.515 234.587 1.89255
188.944 11.6208 235.238 1.87334
189 11.7243 235.894 1.81789
189.056 11.8243 236.556 1.75433
189.112 11.9203 237.224 1.67606
189.169 12.0112 237.896 1.57841
189.225 12.0961 238.574 1.46622
189.281 12.1743 239.256 1.34094
189.337 12.2451 239.943 1.20695
189.393 12.3085 240.633 1.0756
189.449 12.3647 241.326 0.947568
189.506 12.4136 242.022 0.818816
189.562 12.4551 242.721 0.688781
189.618 12.4894 243.422 0.560967
189.674 12.5166 244.125 0.438966
189.73 12.5373 244.829 0.321834
189.787 12.5514 245.534 0.207169
189.843 12.5594 246.239 0.0916173
189.899 12.5604 246.945 -0.0270097
189.955 12.5545 247.65 -0.158872
190.011 12.5414 248.355 -0.283961
190.067 12.5208 249.059 -0.422685
190.124 12.4926 249.761 -0.554457
190.18 12.4567 250.462 -0.694241
190.236 12.4126 251.16 -0.84834
190.292 12.36 251.856 -0.994341
190.348 12.2986 252.548 -1.1586
190.404 12.2277 253.237 -1.33343
190.461 12.1465 253.921 -1.51999
190.517 12.0547 254.601 -1.71064
190.573 11.9522 255.274 -1.90092
190.629 11.8388 255.942 -2.09503
190.685 11.7149 256.603 -2.27775
190.742 11.5811 257.257 -2.45028
190.798 11.4379 257.903 -2.60857
190.854 11.2868 258.54 -2.74063
190.91 11.1294 259.169 -2.83448
190.966 10.9681 259.789 -2.89304
191.022 10.8048 260.399 -2.90869
191.079 10.6419 261.001 -2.89139
191.135 10.4818 261.593 -2.81521
191.191 10.3274 262.177 -2.70227
191.247 10.1808 262.752 -2.54
191.303 10.044 263.319 -2.36135
191.36 9.91819 263.879 -2.15209
191.416 9.80488 264.433 -1.92954
191.472 9.70401 264.98 -1.70713
191.528 9.61581 265.522 -1.4769
191.584 9.54058 266.06 -1.25214
191.64 9.47732 266.594 -1.04477
191.697 9.4249 267.124 -0.858006
191.753 9.3829 267.652 -0.676725
191.809 9.35052 268.178 -0.514266
191.865 9.32604 268.703 -0.381057
191.921 9.30925 269.226 -0.247767
191.978 9.29949 269.749 -0.126598
192.034 9.29588 270.271 -0.0232933
192.09 9.29776 270.793 0.0696416
192.146 9.30462 271.316 0.158317
192.202 9.31681 271.839 0.251457
192.258 9.33326 272.363 0.320802
192.315 9.35339 272.888 0.379893
192.371 9.37677 273.414 0.446272
192.427 9.40372 273.942 0.502939
192.483 9.43369 274.471 0.558228
192.539 9.46673 275.002 0.607774
192.596 9.50224 275.535 0.648612
192.652 9.54013 276.07 0.697053
192.708 9.58115 276.608 0.754019
192.764 9.6254 277.147 0.810714
192.82 9.67296 277.69 0.873526
192.876 9.72444 278.235 0.945802
192.933 9.77965 278.783 1.00612
192.989 9.83816 279.334 1.06677
193.045 9.89985 279.889 1.11921
193.101 9.9642 280.448 1.15931
193.157 10.0302 281.01 1.1855
193.213 10.0971 281.575 1.19225
193.27 10.1641 282.145 1.18721
193.326 10.2302 282.718 1.1662
193.382 10.2942 283.295 1.12096
193.438 10.3556 283.875 1.07193
193.494 10.4135 284.459 1.00951
193.551 10.468 285.046 0.93922
193.607 10.518 285.636 0.859841
193.663 10.5638 286.228 0.781596
193.719 10.6051 286.823 0.706166
193.775 10.6422 287.42 0.630659
193.831 10.6751 288.019 0.553374
193.888 10.704 288.62 0.491562
193.944 10.7303 289.222 0.451515
194 10.754 289.826 0.401633
194.056 10.7751 290.431 0.360802
194.112 10.7944 291.037 0.33156
194.169 10.8122 291.644 0.309535
194.225 10.8288 292.252 0.287694
194.281 10.8446 292.861 0.277734
194.337 10.8599 293.47 0.269541
194.393 10.8749 294.081 0.264474
194.449 10.8896 294.692 0.256202
194.506 10.9036 295.305 0.24382
194.562 10.9167 295.918 0.226871
194.618 10.9289 296.531 0.203919
194.674 10.9394 297.146 0.175707
194.73 10.9479 297.761 0.133011
194.787 10.954 298.376 0.0945062
194.843 10.9581 298.991 0.0568461
194.899 10.9597 299.607 0.0123237
194.955 10.9589 300.223 -0.0335844
195.011 10.9558 300.838 -0.0692931
195.067 10.9507 301.454 -0.102739
195.124 10.944 302.069 -0.131664
195.18 10.936 302.683 -0.147137
195.236 10.9272 303.297 -0.159579
195.292 10.918 303.911 -0.166033
195.348 10.9089 304.524 -0.162254
195.404 10.8997 305.137 -0.16001
195.461 10.8913 305.749 -0.143847
195.517 10.8836 306.36 -0.133248
195.573 10.8769 306.971 -0.111905
195.629 10.8716 307.582 -0.0831835
195.685 10.8677 308.193 -0.0570023
195.742 10.8655 308.803 -0.0245562
195.798 10.8656 309.414 0.0172012
195.854 10.8677 310.024 0.0566198
195.91 10.8722 310.635 0.0964227
195.966 10.8797 311.246 0.157085
196.022 10.8904 311.858 0.210431
196.079 10.9043 312.47 0.269858
196.135 10.9218 313.083 0.341623
196.191 10.943 313.697 0.403036
196.247 10.9678 314.313 0.469773
196.303 10.9969 314.93 0.546418
196.36 11.0302 315.549 0.627172
196.416 11.0676 316.17 0.685577
196.472 11.1085 316.793 0.754491
196.528 11.1524 317.419 0.800158
196.584 11.1993 318.047 0.854881
196.64 11.2483 318.678 0.882105
196.697 11.2987 319.311 0.907729
196.753 11.3498 319.948 0.907338
196.809 11.4009 320.587 0.907986
196.865 11.4509 321.229 0.874584
196.921 11.4986 321.874 0.829846
196.978 11.5434 322.522 0.774968
197.034 11.585 323.172 0.713949
197.09 11.6225 323.824 0.638699
197.146 11.6563 324.478 0.573998
197.202 11.6864 325.134 0.50706
197.258 11.7124 325.791 0.43531
197.315 11.7346 326.45 0.367195
197.371 11.7529 327.11 0.297662
197.427 11.7681 327.771 0.249775
197.483 11.7807 328.432 0.206259
197.539 11.7909 329.094 0.166057
197.596 11.7991 329.757 0.137276
197.652 11.8061 330.42 0.115772
197.708 11.8119 331.084 0.0984692
197.764 11.8173 331.747 0.0946868
197.82 11.8227 332.411 0.0950413
197.876 11.8281 333.076 0.0967228
197.933 11.8337 333.74 0.104709
197.989 11.8403 334.405 0.12408
198.045 11.848 335.071 0.145105
198.101 11.8571 335.737 0.170787
198.157 11.8674 336.403 0.191255
198.213 11.8791 337.07 0.219325
198.27 11.8925 337.738 0.250047
198.326 11.9076 338.407 0.284104
198.382 11.9252 339.076 0.333637
198.438 11.9458 339.747 0.390127
198.494 11.9699 340.419 0.45247
198.551 11.9975 341.092 0.518204
198.607 12.0291 341.767 0.591448
198.663 12.0653 342.444 0.681556
198.719 12.1068 343.124 0.7764
198.775 12.1538 343.805 0.877598
198.831 12.2066 344.49 0.981321
198.888 12.2654 345.178 1.08978
198.944 12.3301 345.869 1.19046
199 12.3997 346.564 1.26783
199.056 12.4728 347.263 1.32183
199.112 12.5482 347.966 1.35349
199.169 12.6245 348.674 1.35709
199.225 12.7 349.385 1.32959
199.281 12.7725 350.101 1.25856
199.337 12.8397 350.821 1.14901
199.393 12.8994 351.545 1.00563
199.449 12.95 352.271 0.82855
199.506 12.9897 353 0.61648
199.562 13.0164 353.731 0.378934
199.618 13.0289 354.462 0.1165
199.674 13.0259 355.194 -0.17054
199.73 13.0067 355.926 -0.458003
199.787 12.9706 356.655 -0.764976
199.843 12.9173 357.382 -1.0759
199.899 12.8465 358.106 -1.3806
199.955 12.7584 358.824 -1.69131
200.011 12.6531 359.538 -1.994
200.067 12.5307 360.244 -2.30449
200.124 12.3914 360.944 -2.59426
200.18 12.2355 361.635 -2.88992
200.236 12.0638 362.316 -3.17266
200.292 11.877 362.988 -3.42623
200.348 11.6767 363.648 -3.65874
200.404 11.4637 364.297 -3.87442
200.461 11.2385 364.934 -4.08978
200.517 11.0017 365.557 -4.30075
200.573 10.7531 366.167 -4.50665
200.629 10.4931 366.762 -4.70564
200.685 10.2224 367.343 -4.89631
200.742 9.94078 367.908 -5.08544
200.798 9.64914 368.456 -5.26525
200.854 9.34812 368.988 -5.42427
200.91 9.03799 369.503 -5.58287
200.966 8.71898 370 -5.7393
201.022 8.39164 370.479 -5.88645
201.079 8.05665 370.939 -6.0107
201.135 7.71541 371.38 -6.11375
201.191 7.3692 371.802 -6.18908
201.247 7.02 372.204 -6.23012
201.303 6.66974 372.587 -6.23127
201.36 6.32103 372.95 -6.18513
201.416 5.97699 373.293 -6.08391
201.472 5.63978 373.618 -5.94157
201.528 5.31224 373.923 -5.74848
201.584 4.99695 374.211 -5.50935
201.64 4.69664 374.482 -5.24003
201.697 4.41268 374.736 -4.92967
201.753 4.14672 374.975 -4.60296
201.809 3.89938 375.199 -4.26811
201.865 3.67072 375.411 -3.93738
201.921 3.46066 375.61 -3.60397
201.978 3.26926 375.798 -3.27679
202.034 3.09635 375.975 -2.94749
202.09 2.9415 376.144 -2.63043
202.146 2.80416 376.305 -2.32097
202.202 2.68388 376.458 -2.02369
202.258 2.57995 376.605 -1.7253
202.315 2.49298 376.747 -1.43114
202.371 2.42225 376.885 -1.14514
202.427 2.3676 377.019 -0.856839
202.483 2.32911 377.151 -0.572236
202.539 2.30623 377.281 -0.295849
202.596 2.29869 377.41 -0.026069
202.652 2.30612 377.539 0.241011
202.708 2.32815 377.669 0.49308
202.764 2.36444 377.801 0.743973
202.82 2.4143 377.936 0.985415
202.876 2.47705 378.073 1.19898
202.933 2.55129 378.215 1.39952
202.989 2.63622 378.361 1.58676
203.045 2.73096 378.512 1.75197
203.101 2.83471 378.669 1.90856
203.157 2.94681 378.832 2.05118
203.213 3.06619 379.002 2.1711
203.27 3.19163 379.178 2.27137
203.326 3.32226 379.362 2.36128
203.382 3.45773 379.553 2.44586
203.438 3.59799 379.752 2.53006
203.494 3.74296 379.959 2.61163
203.551 3.89206 380.174 2.68277
203.607 4.04496 380.398 2.74689
203.663 4.20138 380.631 2.8112
203.719 4.3614 380.872 2.87028
203.775 4.52448 381.123 2.9263
203.831 4.69036 381.382 2.96838
203.888 4.85844 381.652 3.00642
203.944 5.02873 381.93 3.04885
204 5.20093 382.219 3.07615
204.056 5.37443 382.517 3.09208
204.112 5.54846 382.824 3.1018
204.169 5.72284 383.142 3.10589
204.225 5.89727 383.469 3.10016
204.281 6.07093 383.807 3.08089
204.337 6.24266 384.153 3.04273
204.393 6.41229 384.51 3.00035
204.449 6.57892 384.876 2.93932
204.506 6.74152 385.251 2.86387
204.562 6.89978 385.635 2.7813
204.618 7.0527 386.028 2.67991
204.674 7.19986 386.429 2.57481
204.73 7.34089 386.838 2.47242
204.787 7.47613 387.255 2.36316
204.843 7.60492 387.68 2.24853
204.899 7.7275 388.111 2.1343
204.955 7.84328 388.549 2.01223
205.011 7.95264 388.993 1.90337
205.067 8.0559 389.444 1.79603
205.124 8.15356 389.9 1.70143
205.18 8.24592 390.361 1.60986
205.236 8.33341 390.827 1.52293
205.292 8.41669 391.298 1.45735
205.348 8.49701 391.774 1.4111
205.404 8.57505 392.254 1.37808
205.461 8.65127 392.738 1.3451
205.517 8.72592 393.226 1.32051
205.573 8.7998 393.719 1.30829
205.629 8.87339 394.216 1.31722
205.685 8.94741 394.717 1.31989
205.742 9.02171 395.222 1.32548
205.798 9.09659 395.731 1.34029
205.854 9.17266 396.245 1.36454
205.91 9.2502 396.763 1.38877
205.966 9.32871 397.285 1.40393
206.022 9.40839 397.812 1.42483
206.079 9.48858 398.343 1.42584
206.135 9.56811 398.879 1.41032
206.191 9.64666 399.419 1.39285
206.247 9.72437 399.964 1.37514
206.303 9.80138 400.513 1.36768
206.36 9.87775 401.066 1.35579
206.416 9.95403 401.624 1.3615
206.472 10.0304 402.185 1.3591
206.528 10.1067 402.751 1.35914
206.584 10.1833 403.322 1.36541
206.64 10.26 403.896 1.36748
206.697 10.3371 404.475 1.37677
206.753 10.4148 405.059 1.38355
206.809 10.4928 405.646 1.39273
206.865 10.5715 406.239 1.40707
206.921 10.651 406.835 1.42345
206.978 10.7313 407.436 1.43644
207.034 10.8125 408.042 1.45227
207.09 10.8947 408.652 1.46913
207.146 10.9777 409.267 1.4838
207.202 11.0613 409.887 1.49103
207.258 11.1448 410.511 1.4849
207.315 11.2278 411.14 1.46379
207.371 11.3087 411.773 1.42171
207.427 11.3864 412.411 1.35442
207.483 11.4597 413.053 1.26814
207.539 11.5273 413.699 1.15622
207.596 11.5877 414.349 1.01754
207.652 11.6396 415.002 0.857209
207.708 11.6818 415.657 0.68176
207.764 11.7136 416.315 0.488357
207.82 11.7346 416.973 0.296116
207.876 11.7446 417.633 0.100363
207.933 11.7437 418.293 -0.0916472
207.989 11.7326 418.952 -0.270003
208.045 11.7119 419.611 -0.431467
208.101 11.6828 420.268 -0.574789
208.157 11.6466 420.923 -0.688439
208.213 11.6048 421.576 -0.776283
208.27 11.5588 422.226 -0.846815
208.326 11.5094 422.874 -0.895212
208.382 11.4581 423.519 -0.923309
208.438 11.406 424.161 -0.929986
208.494 11.354 424.8 -0.918812
208.551 11.3031 425.436 -0.896299
208.607 11.254 426.069 -0.860096
208.663 11.2075 426.7 -0.802229
208.719 11.1642 427.328 -0.74839
208.775 11.124 427.954 -0.695594
208.831 11.0865 428.578 -0.650047
208.888 11.0512 429.199 -0.614295
208.944 11.0177 429.819 -0.585441
209 10.9855 430.437 -0.563241
209.056 10.9542 431.053 -0.553138
209.112 10.9237 431.667 -0.541261
209.169 10.8934 432.28 -0.535571
209.225 10.8633 432.891 -0.537168
209.281 10.8332 433.5 -0.532893
209.337 10.8035 434.108 -0.525382
209.393 10.7744 434.714 -0.512407
209.449 10.7466 435.318 -0.481543
209.506 10.7208 435.921 -0.438868
209.562 10.6981 436.523 -0.381987
209.618 10.6788 437.123 -0.315649
209.674 10.6636 437.722 -0.237505
209.73 10.6533 438.321 -0.146028
209.787 10.6487 438.919 -0.0377793
209.843 10.6502 439.518 0.0744328
209.899 10.658 440.116 0.182659
209.955 10.672 440.715 0.290817
210.011 10.6921 441.316 0.400578
210.067 10.7179 441.917 0.499379
210.124 10.7491 442.52 0.587124
210.18 10.7846 443.125 0.660853
210.236 10.8238 443.733 0.721274
210.292 10.8656 444.342 0.756062
210.348 10.9086 444.954 0.769936
210.404 10.9517 445.568 0.762483
210.461 10.9937 446.185 0.733194
210.517 11.0333 446.804 0.683434
210.573 11.0694 447.425 0.614236
210.629 11.1012 448.048 0.531418
210.685 11.128 448.673 0.439338
210.742 11.1493 449.298 0.335709
210.798 11.1642 449.925 0.218389
210.854 11.1726 450.553 0.103647
210.91 11.1743 451.181 -0.0207251
210.966 11.1691 451.808 -0.143497
211.022 11.1569 452.435 -0.264824
211.079 11.1376 453.062 -0.391011
211.135 11.1118 453.686 -0.504676
211.191 11.08 454.31 -0.60688
211.247 11.0427 454.931 -0.699559
211.303 11.0004 455.55 -0.788278
211.36 10.9535 456.166 -0.862778
211.416 10.9027 456.78 -0.929238
211.472 10.8485 457.391 -0.987182
211.528 10.7911 457.998 -1.04432
211.584 10.7307 458.602 -1.09591
211.64 10.6674 459.203 -1.14902
211.697 10.6009 459.8 -1.20643
211.753 10.5309 460.393 -1.27265
211.809 10.457 460.983 -1.34435
211.865 10.3793 461.567 -1.41171
211.921 10.2973 462.148 -1.49105
211.978 10.2106 462.723 -1.57803
212.034 10.1191 463.294 -1.6623
212.09 10.0225 463.859 -1.75581
212.146 9.92091 464.419 -1.84572
212.202 9.81444 464.973 -1.92781
212.258 9.70344 465.52 -2.0071
212.315 9.58839 466.062 -2.07835
212.371 9.46895 466.596 -2.15704
212.427 9.34518 467.124 -2.23099
212.483 9.21771 467.645 -2.2941
212.539 9.0877 468.158 -2.32671
212.596 8.95628 468.664 -2.34586
212.652 8.82435 469.163 -2.34757
212.708 8.69287 469.654 -2.33392
212.764 8.56225 470.138 -2.31798
212.82 8.43352 470.615 -2.27297
212.876 8.30784 471.085 -2.21481
212.933 8.18527 471.547 -2.16204
212.989 8.06651 472.003 -2.08487
213.045 7.95213 472.452 -2.0026
213.101 7.8426 472.895 -1.915
213.157 7.73792 473.332 -1.82965
213.213 7.6378 473.764 -1.74773
213.27 7.54222 474.19 -1.66798
213.326 7.45152 474.61 -1.58197
213.382 7.36508 475.026 -1.51128
213.438 7.28253 475.437 -1.43939
213.494 7.20446 475.843 -1.3583
213.551 7.13083 476.246 -1.27768
213.607 7.06195 476.644 -1.19053
213.663 6.99775 477.038 -1.10912
213.719 6.93844 477.429 -1.02086
213.775 6.88348 477.817 -0.948701
213.831 6.83306 478.202 -0.863724
213.888 6.78745 478.585 -0.778708
213.944 6.74645 478.965 -0.696484
214 6.71012 479.342 -0.613669
214.056 6.67867 479.718 -0.522834
214.112 6.65223 480.093 -0.436712
214.169 6.63072 480.466 -0.348826
214.225 6.61386 480.837 -0.26765
214.281 6.60142 481.209 -0.191666
214.337 6.59293 481.579 -0.125385
214.393 6.58818 481.949 -0.0587859
214.449 6.58677 482.319 -0.00441045
214.506 6.58835 482.69 0.0494508
214.562 6.59278 483.06 0.0977259
214.618 6.59932 483.43 0.129798
214.674 6.60778 483.801 0.161837
214.73 6.61776 484.173 0.189088
214.787 6.62933 484.545 0.216953
214.843 6.6424 484.918 0.242375
214.899 6.65696 485.292 0.270055
214.955 6.67269 485.666 0.288002
215.011 6.68935 486.042 0.301427
215.067 6.70651 486.418 0.308227
215.124 6.7241 486.795 0.314357
215.18 6.74188 487.174 0.316414
215.236 6.75993 487.553 0.322084
215.292 6.77821 487.933 0.327828
215.348 6.79663 488.315 0.327576
215.404 6.81469 488.697 0.314634
215.461 6.83161 489.081 0.293364
215.517 6.84759 489.465 0.277604
215.573 6.86247 489.85 0.253512
215.629 6.87562 490.236 0.223007
215.685 6.88709 490.623 0.190531
215.742 6.89655 491.01 0.154204
215.798 6.90361 491.398 0.108178
215.854 6.90836 491.786 0.0688628
215.91 6.91057 492.174 0.0205559
215.966 6.91024 492.562 -0.0240466
216.022 6.90717 492.95 -0.0743675
216.079 6.90155 493.338 -0.113911
216.135 6.89374 493.726 -0.154266
216.191 6.88364 494.113 -0.195407
216.247 6.87145 494.499 -0.234071
216.303 6.85745 494.885 -0.255386
216.36 6.84235 495.269 -0.279173
216.416 6.82606 495.653 -0.295819
216.472 6.80923 496.036 -0.298627
216.528 6.7926 496.418 -0.294012
216.584 6.77598 496.799 -0.290421
216.64 6.76023 497.179 -0.272913
216.697 6.74587 497.559 -0.240994
216.753 6.73322 497.937 -0.216901
216.809 6.72194 498.315 -0.186144
216.865 6.71298 498.692 -0.13916
216.921 6.70679 499.069 -0.0927607
216.978 6.70317 499.446 -0.0459743
217.034 6.70232 499.822 0.00614615
217.09 6.70477 500.199 0.0687069
217.146 6.71067 500.576 0.129025
217.202 6.7198 500.953 0.185884
217.258 6.73237 501.331 0.248456
217.315 6.74838 501.71 0.309654
217.371 6.76822 502.09 0.381353
217.427 6.79208 502.471 0.454351
217.483 6.81985 502.853 0.521625
217.539 6.85158 503.237 0.594581
217.596 6.88738 503.623 0.665426
217.652 6.92734 504.012 0.7435
217.708 6.97185 504.402 0.823237
217.764 7.02078 504.796 0.903508
217.82 7.07449 505.192 0.994351
217.876 7.13339 505.591 1.08304
217.933 7.19724 505.994 1.17139
217.989 7.26604 506.401 1.2634
218.045 7.34015 506.812 1.35738
218.101 7.4198 507.227 1.45817
218.157 7.50491 507.646 1.55496
218.213 7.5955 508.071 1.65032
218.27 7.6918 508.501 1.75419
218.326 7.79369 508.936 1.8516
218.382 7.90117 509.378 1.95583
218.438 8.0144 509.825 2.05368
218.494 8.13331 510.28 2.16221
218.551 8.25778 510.741 2.25301
218.607 8.38733 511.209 2.34147
218.663 8.52198 511.685 2.43276
218.719 8.66145 512.168 2.51685
218.775 8.80554 512.66 2.59373
218.831 8.95358 513.159 2.66275
218.888 9.10555 513.667 2.73094
218.944 9.26086 514.184 2.78823
219 9.41931 514.71 2.8383
219.056 9.58018 515.244 2.88034
219.112 9.74324 515.788 2.92141
219.169 9.90866 516.341 2.95937
219.225 10.0757 516.903 2.97664
219.281 10.2431 517.475 2.97949
219.337 10.4102 518.056 2.97399
219.393 10.5771 518.647 2.96682
219.449 10.7431 519.246 2.94577
219.506 10.9076 519.856 2.91433
219.562 11.0694 520.474 2.85098
219.618 11.2273 521.101 2.78646
219.674 11.3815 521.737 2.71888
219.73 11.5319 522.381 2.64899
219.787 11.6784 523.034 2.5785
219.843 11.8208 523.695 2.50659
219.899 11.9591 524.364 2.42759
219.955 12.0923 525.04 2.33314
220.011 12.2199 525.724 2.23173
220.067 12.3418 526.415 2.12857
220.124 12.4582 527.112 2.02988
220.18 12.5683 527.816 1.91047
220.236 12.6708 528.525 1.76252
220.292 12.7642 529.24 1.59348
220.348 12.8479 529.96 1.4142
220.404 12.9199 530.684 1.18439
220.461 12.9772 531.412 0.906094
220.517 13.0181 532.143 0.602558
220.573 13.0399 532.875 0.237029
220.629 13.0395 533.608 -0.175733
220.685 13.0148 534.339 -0.621941
220.742 12.9634 535.069 -1.11507
220.798 12.8836 535.795 -1.62726
220.854 12.7744 536.515 -2.15772
220.91 12.635 537.228 -2.69451
220.966 12.4659 537.932 -3.22382
221.022 12.2676 538.626 -3.72723
221.079 12.0416 539.308 -4.21516
221.135 11.7896 539.976 -4.66047
221.191 11.514 540.629 -5.06347
221.247 11.2172 541.266 -5.42447
221.303 10.9015 541.886 -5.74357
221.36 10.5696 542.487 -6.0075
221.416 10.2247 543.069 -6.22005
221.472 9.86938 543.632 -6.39464
221.528 9.50474 544.174 -6.54811
221.584 9.13243 544.695 -6.67414
221.64 8.75435 545.196 -6.76487
221.697 8.37139 545.675 -6.84925
221.753 7.98497 546.132 -6.89327
221.809 7.59678 546.567 -6.91914
221.865 7.20799 546.981 -6.92656
221.921 6.81945 547.373 -6.91534
221.978 6.43319 547.743 -6.85216
222.034 6.04995 548.092 -6.79518
222.09 5.67081 548.419 -6.71359
222.146 5.29724 548.725 -6.60989
222.202 4.93026 549.01 -6.4721
222.258 4.57227 549.275 -6.30229
222.315 4.2244 549.52 -6.11671
222.371 3.88789 549.746 -5.90101
222.427 3.56432 549.953 -5.65862
222.483 3.25512 550.143 -5.39746
222.539 2.96146 550.316 -5.11183
222.596 2.68423 550.473 -4.81578
222.652 2.42362 550.615 -4.51973
222.708 2.18 550.743 -4.21239
222.764 1.95387 550.857 -3.90116
222.82 1.74543 550.96 -3.58438
222.876 1.5543 551.051 -3.28112
222.933 1.37977 551.133 -2.99423
222.989 1.22107 551.205 -2.7174
223.045 1.07781 551.269 -2.44117
223.101 0.949455 551.325 -2.18402
223.157 0.834681 551.374 -1.94948
223.213 0.732541 551.418 -1.73287
223.27 0.642443 551.456 -1.52363
223.326 0.563678 551.489 -1.32621
223.382 0.495142 551.518 -1.15105
223.438 0.436643 551.544 -0.97355
223.494 0.387252 551.567 -0.815349
223.551 0.346688 551.587 -0.658839
223.607 0.314599 551.606 -0.514111
223.663 0.290672 551.623 -0.368822
223.719 0.274449 551.638 -0.235235
223.775 0.265517 551.653 -0.109822
223.831 0.263402 551.668 0.01062
223.888 0.267991 551.683 0.12776
223.944 0.278951 551.699 0.238714
224 0.29601 551.715 0.34536
224.056 0.318762 551.732 0.443636
224.112 0.346771 551.751 0.533071
224.169 0.379551 551.772 0.6184
224.225 0.417057 551.794 0.698941
224.281 0.458592 551.819 0.765091
224.337 0.503601 551.846 0.824715
224.393 0.551809 551.876 0.879118
224.449 0.602736 551.909 0.922015
224.506 0.655742 551.944 0.95987
224.562 0.711013 551.983 0.998997
224.618 0.768339 552.025 1.03386
224.674 0.827523 552.07 1.06625
224.73 0.8882 552.119 1.09076
224.787 0.950538 552.171 1.12173
224.843 1.0146 552.226 1.15325
224.899 1.08016 552.285 1.17749
224.955 1.14728 552.348 1.20493
225.011 1.21565 552.415 1.22575
225.067 1.28531 552.486 1.25027
225.124 1.35613 552.56 1.26744
225.18 1.42784 552.639 1.28194
225.236 1.50045 552.722 1.30047
225.292 1.57402 552.808 1.31443
225.348 1.64814 552.899 1.32428
225.404 1.72299 552.994 1.33796
225.461 1.79845 553.094 1.34678
225.517 1.87474 553.197 1.3664
225.573 1.95175 553.305 1.3745
225.629 2.02917 553.418 1.37775
225.685 2.10652 553.534 1.37792
225.742 2.18387 553.655 1.37822
225.798 2.26086 553.78 1.36626
225.854 2.3374 553.91 1.35841
225.91 2.41324 554.044 1.34417
225.966 2.48849 554.182 1.33523
226.022 2.56319 554.324 1.3283
226.079 2.63759 554.471 1.3242
226.135 2.71137 554.621 1.30666
226.191 2.7846 554.776 1.30066
226.247 2.85715 554.935 1.28825
226.303 2.92938 555.098 1.28483
226.36 3.00166 555.265 1.28585
226.416 3.07362 555.436 1.27797
226.472 3.1451 555.611 1.26765
226.528 3.21607 555.79 1.25849
226.584 3.28657 555.973 1.25456
226.64 3.35672 556.16 1.24659
226.697 3.42665 556.351 1.24084
226.753 3.49611 556.546 1.23136
226.809 3.565 556.745 1.22086
226.865 3.6329 556.947 1.20155
226.921 3.69997 557.154 1.18925
226.978 3.76608 557.364 1.1678
227.034 3.83143 557.578 1.1601
227.09 3.89618 557.795 1.14862
227.146 3.96055 558.016 1.14232
227.202 4.02442 558.241 1.13434
227.258 4.08793 558.469 1.1265
227.315 4.15069 558.701 1.11141
227.371 4.21275 558.936 1.10154
227.427 4.27459 559.175 1.10012
227.483 4.33643 559.417 1.10156
227.539 4.39816 559.663 1.09687
227.596 4.45972 559.912 1.09463
227.652 4.52126 560.165 1.09622
227.708 4.58287 560.421 1.09539
227.764 4.6444 560.68 1.09521
227.82 4.70616 560.943 1.09902
227.876 4.7679 561.21 1.09966
227.933 4.82928 561.48 1.09027
227.989 4.89027 561.753 1.08629
228.045 4.95115 562.03 1.08316
228.101 5.01175 562.31 1.07569
228.157 5.07175 562.594 1.06192
228.213 5.13106 562.881 1.05124
228.27 5.18983 563.171 1.04284
228.326 5.24786 563.464 1.02585
228.382 5.30485 563.761 1.00668
228.438 5.36061 564.061 0.989598
228.494 5.41516 564.364 0.959494
228.551 5.46821 564.67 0.934446
228.607 5.51979 564.979 0.907852
228.663 5.5697 565.291 0.876072
228.719 5.61763 565.605 0.837481
228.775 5.66303 565.922 0.791555
228.831 5.70565 566.242 0.735341
228.888 5.74531 566.564 0.684489
228.944 5.78178 566.888 0.626417
229 5.8148 567.214 0.562157
229.056 5.84434 567.542 0.500109
229.112 5.87002 567.871 0.431638
229.169 5.89159 568.201 0.352046
229.225 5.90838 568.533 0.26267
229.281 5.91989 568.865 0.16515
229.337 5.92567 569.198 0.0604002
229.393 5.92546 569.531 -0.0474227
229.449 5.91914 569.864 -0.156575
229.506 5.90636 570.196 -0.274799
229.562 5.88669 570.527 -0.398521
229.618 5.85992 570.857 -0.527691
229.674 5.82573 571.185 -0.663225
229.73 5.78391 571.511 -0.800178
229.787 5.73429 571.834 -0.937867
229.843 5.67704 572.154 -1.07302
229.899 5.61238 572.471 -1.20231
229.955 5.54063 572.784 -1.32851
230.011 5.46194 573.093 -1.44632
230.067 5.37717 573.397 -1.55214
230.124 5.28652 573.696 -1.65526
230.18 5.19052 573.99 -1.74357
230.236 5.08963 574.278 -1.82985
230.292 4.98406 574.56 -1.91067
230.348 4.87431 574.836 -1.9792
230.404 4.76117 575.107 -2.03501
230.461 4.64536 575.37 -2.07621
230.517 4.52747 575.627 -2.11169
230.573 4.40768 575.877 -2.1446
230.629 4.28668 576.121 -2.16109
230.685 4.16486 576.358 -2.16992
230.742 4.0429 576.588 -2.17136
230.798 3.92101 576.811 -2.16782
230.854 3.79976 577.027 -2.15272
230.91 3.67961 577.236 -2.12837
230.966 3.56083 577.439 -2.10611
231.022 3.44338 577.635 -2.0752
231.079 3.32792 577.825 -2.03928
231.135 3.21522 578.008 -1.98149
231.191 3.10581 578.185 -1.92686
231.247 2.99949 578.355 -1.86606
231.303 2.89718 578.521 -1.79051
231.36 2.79911 578.68 -1.71558
231.416 2.7057 578.834 -1.62717
231.472 2.61702 578.983 -1.54508
231.528 2.53313 579.127 -1.4602
231.584 2.45415 579.267 -1.36502
231.64 2.38069 579.402 -1.26948
231.697 2.31239 579.534 -1.17953
231.753 2.24915 579.661 -1.09017
231.809 2.19144 579.786 -0.986012
231.865 2.1395 579.907 -0.885425
231.921 2.09296 580.026 -0.79113
231.978 2.05163 580.142 -0.695763
232.034 2.01603 580.256 -0.594441
232.09 1.98594 580.368 -0.495114
232.146 1.96145 580.479 -0.395109
232.202 1.94228 580.588 -0.30799
232.258 1.92798 580.697 -0.220268
232.315 1.91823 580.805 -0.144711
232.371 1.91261 580.913 -0.0694137
232.427 1.9115 581.02 0.0138832
232.483 1.91501 581.127 0.0944117
232.539 1.92281 581.235 0.166521
232.596 1.93449 581.344 0.232981
232.652 1.9499 581.453 0.302883
232.708 1.96908 581.563 0.365448
232.764 1.99162 581.674 0.425296
232.82 2.01734 581.787 0.479344
232.876 2.0462 581.901 0.535981
232.933 2.07823 582.017 0.591335
232.989 2.11323 582.135 0.644261
233.045 2.1514 582.255 0.701634
233.101 2.19262 582.378 0.754829
233.157 2.23663 582.502 0.803224
233.213 2.28377 582.629 0.857944
233.27 2.3336 582.759 0.90483
233.326 2.38527 582.892 0.928595
233.382 2.43847 583.028 0.958915
233.438 2.49337 583.167 0.987769
233.494 2.54964 583.309 1.01056
233.551 2.60738 583.454 1.03707
233.607 2.66634 583.602 1.05603
233.663 2.72605 583.754 1.06698
233.719 2.78631 583.909 1.07436
233.775 2.84694 584.068 1.08197
233.831 2.90768 584.23 1.08047
233.888 2.9684 584.395 1.08185
233.944 3.02894 584.564 1.07832
234 3.08962 584.736 1.08304
234.056 3.15055 584.912 1.08336
234.112 3.21092 585.091 1.06957
234.169 3.27068 585.274 1.06213
234.225 3.33028 585.459 1.05892
234.281 3.3895 585.648 1.04972
234.337 3.44822 585.841 1.04384
234.393 3.50666 586.036 1.03663
234.449 3.56465 586.235 1.02998
234.506 3.62236 586.438 1.02521
234.562 3.67976 586.643 1.01644
234.618 3.73658 586.852 1.01435
234.674 3.7937 587.064 1.01877
234.73 3.8511 587.279 1.02234
234.787 3.90876 587.497 1.02954
234.843 3.96682 587.718 1.03832
234.899 4.02547 587.943 1.04618
234.955 4.08476 588.171 1.06708
235.011 4.1449 588.403 1.07697
235.067 4.20609 588.638 1.09816
235.124 4.26863 588.876 1.12389
235.18 4.33245 589.118 1.14195
235.236 4.39738 589.364 1.16476
235.292 4.46343 589.613 1.1859
235.348 4.53042 589.866 1.20047
235.404 4.59827 590.123 1.21087
235.461 4.66657 590.383 1.21939
235.517 4.73544 590.648 1.2314
235.573 4.80508 590.916 1.24403
235.629 4.87535 591.189 1.25495
235.685 4.94604 591.465 1.26362
235.742 5.01768 591.745 1.2846
235.798 5.09024 592.03 1.29902
235.854 5.16378 592.318 1.31564
235.91 5.23858 592.611 1.34023
235.966 5.31461 592.907 1.36652
236.022 5.39203 593.209 1.38701
236.079 5.47103 593.514 1.41879
236.135 5.55184 593.824 1.45326
236.191 5.63457 594.139 1.48876
236.247 5.71954 594.458 1.52496
236.303 5.80617 594.783 1.55419
236.36 5.8949 595.112 1.59657
236.416 5.98612 595.446 1.64194
236.472 6.08007 595.785 1.69316
236.528 6.17649 596.13 1.73127
236.584 6.27527 596.481 1.77286
236.64 6.37615 596.837 1.81116
236.697 6.47872 597.198 1.83706
236.753 6.583 597.566 1.86823
236.809 6.68878 597.939 1.8924
236.865 6.79599 598.318 1.91879
236.921 6.90459 598.704 1.94376
236.978 7.01453 599.096 1.9603
237.034 7.12462 599.493 1.96639
237.09 7.23527 599.897 1.97289
237.146 7.34628 600.308 1.97615
237.202 7.4574 600.724 1.97498
237.258 7.56812 601.147 1.97265
237.315 7.6791 601.576 1.97436
237.371 7.78964 602.011 1.96589
237.427 7.89968 602.452 1.95294
237.483 8.00921 602.9 1.94359
237.539 8.11724 603.353 1.91291
237.596 8.22364 603.813 1.87658
237.652 8.32747 604.278 1.8261
237.708 8.42839 604.75 1.77908
237.764 8.52663 605.226 1.72505
237.82 8.62112 605.709 1.65625
237.876 8.7112 606.196 1.56422
237.933 8.79578 606.688 1.4633
237.989 8.87455 607.185 1.35669
238.045 8.94703 607.686 1.24565
238.101 9.01294 608.191 1.12268
238.157 9.0719 608.699 0.997079
238.213 9.12389 609.211 0.878634
238.27 9.16911 609.725 0.754846
238.326 9.20726 610.241 0.629837
238.382 9.23877 610.76 0.515715
238.438 9.26421 611.28 0.412463
238.494 9.28437 611.801 0.32402
238.551 9.2996 612.323 0.235911
238.607 9.31022 612.846 0.156385
238.663 9.31679 613.369 0.0949675
238.719 9.32046 613.893 0.0460029
238.775 9.32139 614.416 -0.00148574
238.831 9.32004 614.94 -0.0377577
238.888 9.31689 615.463 -0.067575
238.944 9.31242 615.987 -0.0823729
239 9.30745 616.51 -0.0914769
239.056 9.30242 617.032 -0.0878884
239.112 9.29758 617.555 -0.0868766
239.169 9.29275 618.077 -0.0893517
239.225 9.28787 618.599 -0.0851998
239.281 9.28312 619.121 -0.0793748
239.337 9.2788 619.642 -0.0734807
239.393 9.27527 620.163 -0.0591171
239.449 9.2723 620.684 -0.0428167
239.506 9.27034 621.205 -0.0317783
239.562 9.26931 621.726 -0.00967511
239.618 9.26917 622.246 0.00598369
239.674 9.27009 622.767 0.0245688
239.73 9.27183 623.288 0.0366955
239.787 9.27443 623.809 0.0524381
239.843 9.27795 624.33 0.0721541
239.899 9.28297 624.852 0.0974374
239.955 9.28904 625.373 0.118754
240.011 9.2964 625.895 0.138207
240.067 9.3046 626.418 0.151099
240.124 9.31419 626.941 0.181029
240.18 9.32482 627.465 0.191624
240.236 9.33627 627.989 0.213842
240.292 9.34847 628.514 0.219008
240.348 9.36127 629.039 0.234992
240.404 9.37467 629.566 0.240724
240.461 9.38813 630.093 0.240388
240.517 9.40224 630.621 0.25746
240.573 9.41686 631.149 0.264287
240.629 9.43168 631.679 0.263761
240.685 9.44617 632.209 0.257164
240.742 9.46009 632.741 0.237346
240.798 9.47338 633.272 0.237777
240.854 9.48635 633.805 0.225083
240.91 9.49859 634.338 0.215682
240.966 9.50994 634.872 0.193782
241.022 9.52017 635.407 0.173625
241.079 9.52929 635.942 0.15781
241.135 9.53783 636.478 0.146513
241.191 9.54536 637.014 0.124888
241.247 9.55149 637.55 0.100237
241.303 9.55675 638.087 0.0905113
241.36 9.56195 638.624 0.0945507
241.416 9.56745 639.162 0.101828
241.472 9.57368 639.699 0.117542
241.528 9.5808 640.237 0.134408
241.584 9.58885 640.776 0.15188
241.64 9.59842 641.315 0.182269
241.697 9.60957 641.855 0.207509
241.753 9.62183 642.395 0.226375
241.809 9.63474 642.936 0.235887
241.865 9.64792 643.478 0.233591
241.921 9.66047 644.02 0.214539
241.978 9.6714 644.563 0.17688
242.034 9.6795 645.107 0.119235
242.09 9.68361 645.651 0.0403169
242.146 9.68249 646.195 -0.0668043
242.202 9.67457 646.738 -0.197044
242.258 9.65871 647.281 -0.338896
242.315 9.63463 647.823 -0.489706
242.371 9.60166 648.363 -0.649044
242.427 9.56034 648.902 -0.79408
242.483 9.51074 649.437 -0.941343
242.539 9.45332 649.969 -1.07324
242.596 9.38882 650.498 -1.19664
242.652 9.31793 651.023 -1.30228
242.708 9.2421 651.544 -1.3807
242.764 9.16217 652.061 -1.44776
242.82 9.07915 652.573 -1.49656
242.876 8.99391 653.08 -1.5275
242.933 8.90724 653.582 -1.5482
242.989 8.82015 654.08 -1.54971
243.045 8.73359 654.572 -1.53375
243.101 8.64811 655.06 -1.51077
243.157 8.56416 655.543 -1.48179
243.213 8.48194 656.022 -1.44855
243.27 8.40213 656.495 -1.40452
243.326 8.3252 656.965 -1.34308
243.382 8.25215 657.43 -1.27231
243.438 8.18343 657.891 -1.19222
243.494 8.11903 658.349 -1.1153
243.551 8.05932 658.803 -1.02625
243.607 8.00478 659.254 -0.930839
243.663 7.95537 659.702 -0.844506
243.719 7.91066 660.147 -0.763844
243.775 7.87035 660.59 -0.683288
243.831 7.83515 661.031 -0.593318
243.888 7.80429 661.47 -0.51847
243.944 7.77726 661.908 -0.45691
244 7.75361 662.344 -0.397195
244.056 7.73304 662.779 -0.341682
244.112 7.71524 663.213 -0.297663
244.169 7.70028 663.646 -0.245564
244.225 7.68823 664.078 -0.195182
244.281 7.67881 664.509 -0.149897
244.337 7.67191 664.941 -0.104674
244.393 7.66744 665.371 -0.0589049
244.449 7.66518 665.802 -0.0260909
244.506 7.66486 666.233 0.00528635
244.562 7.66627 666.663 0.0378736
244.618 7.66932 667.094 0.0640955
244.674 7.67328 667.525 0.0767245
244.73 7.67787 667.956 0.0842677
244.787 7.68296 668.388 0.0951825
244.843 7.68816 668.82 0.0900607
244.899 7.69267 669.252 0.0689842
244.955 7.69483 669.684 0.0198827
245.011 7.69444 670.116 -0.0243363
245.067 7.69164 670.549 -0.0688575
245.124 7.6857 670.98 -0.133268
245.18 7.67609 671.412 -0.199934
245.236 7.66251 671.843 -0.268181
245.292 7.6452 672.273 -0.337525
245.348 7.62393 672.701 -0.405152
245.404 7.5991 673.129 -0.468109
245.461 7.5705 673.555 -0.538796
245.517 7.53805 673.979 -0.605059
245.573 7.50241 674.401 -0.653184
245.629 7.46406 674.822 -0.701484
245.685 7.42258 675.24 -0.765279
245.742 7.3781 675.655 -0.805803
245.798 7.33143 676.068 -0.843118
245.854 7.28273 676.478 -0.884812
245.91 7.23182 676.886 -0.922965
245.966 7.17864 677.29 -0.960119
246.022 7.12352 677.692 -0.990014
246.079 7.0673 678.09 -1.00226
246.135 7.01056 678.485 -1.01784
246.191 6.95328 678.877 -1.02139
246.247 6.8957 679.266 -1.02758
246.303 6.83807 679.651 -1.02206
246.36 6.78104 680.033 -1.01
246.416 6.72434 680.412 -1.00669
246.472 6.66831 680.788 -0.99167
246.528 6.6134 681.161 -0.97094
246.584 6.56046 681.531 -0.926261
246.64 6.50956 681.898 -0.888937
246.697 6.461 682.262 -0.844422
246.753 6.41502 682.623 -0.794751
246.809 6.37272 682.982 -0.729369
246.865 6.334 683.339 -0.663212
246.921 6.29917 683.693 -0.587673
246.978 6.26853 684.046 -0.512823
247.034 6.24264 684.398 -0.425607
247.09 6.2217 684.748 -0.336187
247.146 6.20604 685.097 -0.244501
247.202 6.19601 685.445 -0.1343
247.258 6.19189 685.793 -0.0337541
247.315 6.19414 686.141 0.0857173
247.371 6.20299 686.489 0.202463
247.427 6.21871 686.838 0.330377
247.483 6.24165 687.188 0.463869
247.539 6.27217 687.54 0.593811
247.596 6.31045 687.893 0.739543
247.652 6.35655 688.249 0.875016
247.708 6.41052 688.608 1.02013
247.764 6.47286 688.97 1.1707
247.82 6.54372 689.336 1.32199
247.876 6.62315 689.707 1.47595
247.933 6.71101 690.082 1.62013
247.989 6.80697 690.462 1.77382
248.045 6.91161 690.848 1.91857
248.101 7.02422 691.24 2.0642
248.157 7.14513 691.638 2.20874
248.213 7.27382 692.044 2.33866
248.27 7.40959 692.457 2.46806
248.326 7.55244 692.878 2.59139
248.382 7.70213 693.308 2.71259
248.438 7.8586 693.746 2.83502
248.494 8.02169 694.193 2.94349
248.551 8.19064 694.649 3.05082
248.607 8.36573 695.115 3.15801
248.663 8.54644 695.591 3.25172
248.719 8.73186 696.077 3.32853
248.775 8.92082 696.574 3.38468
248.831 9.11223 697.082 3.41849
248.888 9.30505 697.6 3.43967
248.944 9.49835 698.13 3.43722
249 9.6904 698.67 3.40279
249.056 9.87992 699.221 3.34697
249.112 10.0649 699.782 3.25088
249.169 10.2433 700.353 3.12291
249.225 10.4139 700.935 2.97387
249.281 10.5751 701.525 2.79579
249.337 10.7256 702.124 2.59525
249.393 10.864 702.732 2.37468
249.449 10.9893 703.346 2.12698
249.506 11.1 703.967 1.8647
249.562 11.1959 704.594 1.59868
249.618 11.2766 705.226 1.32573
249.674 11.3418 705.862 1.05196
249.73 11.3913 706.501 0.764407
249.787 11.4247 707.142 0.488254
249.843 11.4428 707.785 0.212992
249.899 11.4457 708.428 -0.0589092
249.955 11.4334 709.07 -0.322011
250.011 11.4067 709.712 -0.573071
250.067 11.3663 710.351 -0.812701
250.124 11.3129 710.988 -1.03625
250.18 11.2477 711.621 -1.24098
250.236 11.172 712.251 -1.41619
250.292 11.0869 712.876 -1.58036
250.348 10.9934 713.495 -1.71834
250.404 10.8926 714.11 -1.84281
250.461 10.7857 714.718 -1.9406
250.517 10.6735 715.32 -2.03127
250.573 10.5575 715.916 -2.08257
250.629 10.4388 716.505 -2.12991
250.685 10.3181 717.087 -2.16041
250.742 10.1963 717.663 -2.16993
250.798 10.0745 718.232 -2.16734
250.854 9.95305 718.794 -2.15757
250.91 9.83279 719.349 -2.12858
250.966 9.71412 719.897 -2.09966
251.022 9.59742 720.439 -2.06252
251.079 9.48295 720.974 -2.01977
251.135 9.3712 721.503 -1.97161
251.191 9.26183 722.026 -1.92625
251.247 9.15526 722.543 -1.87897
251.303 9.05153 723.053 -1.8234
251.36 8.95026 723.559 -1.78634
251.416 8.85127 724.058 -1.74756
251.472 8.75427 724.552 -1.71402
251.528 8.65922 725.041 -1.67905
251.584 8.56597 725.524 -1.6482
251.64 8.47422 726.002 -1.61864
251.697 8.3841 726.475 -1.60496
251.753 8.29448 726.943 -1.58714
251.809 8.20603 727.406 -1.56581
251.865 8.11865 727.864 -1.55323
251.921 8.03175 728.317 -1.53619
251.978 7.94675 728.766 -1.49617
252.034 7.86388 729.209 -1.46436
252.09 7.78335 729.648 -1.41599
252.146 7.70547 730.083 -1.36587
252.202 7.62983 730.513 -1.32339
252.258 7.5573 730.94 -1.26833
252.315 7.48836 731.362 -1.20065
252.371 7.42332 731.78 -1.12792
252.427 7.36227 732.195 -1.06014
252.483 7.30446 732.607 -1.00342
252.539 7.25012 733.015 -0.94654
252.596 7.19847 733.421 -0.899562
252.652 7.14975 733.824 -0.845709
252.708 7.103 734.224 -0.82665
252.764 7.05706 734.621 -0.813982
252.82 7.01142 735.016 -0.812135
252.876 6.96528 735.409 -0.827523
252.933 6.91819 735.798 -0.844999
252.989 6.86944 736.185 -0.88525
253.045 6.81816 736.57 -0.929512
253.101 6.76453 736.951 -0.971307
253.157 6.70835 737.329 -1.01985
253.213 6.64986 737.704 -1.05214
253.27 6.58966 738.075 -1.08331
253.326 6.52817 738.444 -1.10224
253.382 6.46592 738.808 -1.10796
253.438 6.40326 739.169 -1.11537
253.494 6.34113 739.527 -1.0944
253.551 6.28041 739.881 -1.0727
253.607 6.22139 740.232 -1.03388
253.663 6.16541 740.58 -0.967808
253.719 6.11354 740.924 -0.890905
253.775 6.0666 741.266 -0.798085
253.831 6.02519 741.605 -0.69484
253.888 5.99003 741.943 -0.579244
253.944 5.9616 742.278 -0.458728
254 5.94019 742.612 -0.330557
254.056 5.92582 742.946 -0.204837
254.112 5.91879 743.278 -0.0723777
254.169 5.91912 743.611 0.0613238
254.225 5.92693 743.944 0.190287
254.281 5.94199 744.277 0.317723
254.337 5.96437 744.612 0.450648
254.393 5.99356 744.948 0.564504
254.449 6.02919 745.285 0.681598
254.506 6.07166 745.626 0.80622
254.562 6.12083 745.968 0.919721
254.618 6.17644 746.314 1.0342
254.674 6.23818 746.663 1.14201
254.73 6.30638 747.016 1.26402
254.787 6.38143 747.373 1.38393
254.843 6.46303 747.734 1.50169
254.899 6.55091 748.1 1.60822
254.955 6.64469 748.471 1.70896
255.011 6.74454 748.848 1.8218
255.067 6.85045 749.23 1.92702
255.124 6.96222 749.619 2.03026
255.18 7.07882 750.014 2.10442
255.236 7.19865 750.415 2.14803
255.292 7.32027 750.824 2.17328
255.348 7.4431 751.239 2.19359
255.404 7.56603 751.662 2.18256
255.461 7.68752 752.091 2.14528
255.517 7.80596 752.527 2.07886
255.573 7.9197 752.969 1.98866
255.629 8.02784 753.418 1.88031
255.685 8.12973 753.872 1.76787
255.742 8.22454 754.332 1.63584
255.798 8.31193 754.797 1.49925
255.854 8.39101 755.267 1.34604
255.91 8.46117 755.741 1.18184
255.966 8.52168 756.218 1.00521
256.022 8.57181 756.699 0.81348
256.079 8.61036 757.181 0.600657
256.135 8.63662 757.666 0.374868
256.191 8.64938 758.152 0.128203
256.247 8.64821 758.638 -0.123025
256.303 8.63246 759.123 -0.378446
256.36 8.60295 759.607 -0.626974
256.416 8.55963 760.089 -0.868123
256.472 8.50316 760.568 -1.09606
256.528 8.43492 761.044 -1.29088
256.584 8.35748 761.515 -1.43354
256.64 8.27251 761.982 -1.56238
256.697 8.1813 762.443 -1.65813
256.753 8.08578 762.9 -1.72182
256.809 7.98784 763.351 -1.75744
256.865 7.88818 763.796 -1.78491
256.921 7.78689 764.236 -1.80765
256.978 7.68493 764.67 -1.81851
257.034 7.5825 765.098 -1.82635
257.09 7.47932 765.521 -1.84113
257.146 7.3752 765.937 -1.86315
257.202 7.26973 766.348 -1.8852
257.258 7.16255 766.753 -1.92346
257.315 7.05397 767.152 -1.93922
257.371 6.94445 767.544 -1.95402
257.427 6.83446 767.931 -1.95942
257.483 6.72446 768.311 -1.95308
257.539 6.61566 768.685 -1.92107
257.596 6.5091 769.053 -1.87574
257.652 6.40594 769.415 -1.81055
257.708 6.3066 769.772 -1.73616
257.764 6.21176 770.123 -1.65663
257.82 6.1218 770.469 -1.56732
257.876 6.03656 770.81 -1.48063
257.933 5.95648 771.146 -1.38683
257.989 5.8814 771.478 -1.30245
258.045 5.81124 771.806 -1.21038
258.101 5.74673 772.131 -1.1077
258.157 5.68754 772.451 -1.01477
258.213 5.63423 772.769 -0.902357
258.27 5.5874 773.084 -0.791284
258.326 5.54678 773.397 -0.682511
258.382 5.51245 773.707 -0.566136
258.438 5.48439 774.016 -0.451846
258.494 5.46265 774.323 -0.345977
258.551 5.44654 774.629 -0.249262
258.607 5.43559 774.935 -0.158585
258.663 5.42808 775.24 -0.115927
258.719 5.42317 775.545 -0.0708803
258.775 5.42025 775.849 -0.0417578
258.831 5.41842 776.154 -0.0268235
258.888 5.41704 776.458 -0.0265005
258.944 5.41541 776.762 -0.031179
259 5.41324 777.067 -0.0453684
259.056 5.40992 777.371 -0.0645242
259.112 5.40581 777.674 -0.0817339
259.169 5.40067 777.978 -0.0941681
259.225 5.39546 778.281 -0.0915418
259.281 5.39037 778.584 -0.0908527
259.337 5.38561 778.887 -0.0792102
259.393 5.38176 779.189 -0.0581212
259.449 5.37954 779.492 -0.0275314
259.506 5.3789 779.794 0.00360445
259.562 5.38036 780.096 0.0439857
259.618 5.38418 780.398 0.0883501
259.674 5.39089 780.701 0.137495
259.73 5.40005 781.004 0.187724
259.787 5.41268 781.308 0.247751
259.843 5.42814 781.613 0.296375
259.899 5.44676 781.918 0.35371
259.955 5.46823 782.225 0.401901
260.011 5.49253 782.533 0.454806
260.067 5.51969 782.842 0.500955
260.124 5.54897 783.153 0.534213
260.18 5.58006 783.466 0.565933
260.236 5.61262 783.781 0.588151
260.292 5.64587 784.097 0.59012
260.348 5.67924 784.415 0.5936
260.404 5.71225 784.736 0.581862
260.461 5.74428 785.058 0.560937
260.517 5.77527 785.381 0.543314
260.573 5.80504 785.707 0.521396
260.629 5.83368 786.034 0.500956
260.685 5.86099 786.363 0.474658
260.742 5.88703 786.693 0.455395
260.798 5.91187 787.024 0.4324
260.854 5.93549 787.357 0.412205
260.91 5.95811 787.692 0.395833
260.966 5.97998 788.027 0.388047
261.022 6.00156 788.364 0.385973
261.079 6.02378 788.702 0.399944
261.135 6.04661 789.041 0.413206
261.191 6.07043 789.381 0.434339
261.247 6.09615 789.723 0.473612
261.303 6.12436 790.067 0.523175
261.36 6.15563 790.412 0.575306
261.416 6.18992 790.759 0.635434
261.472 6.22763 791.108 0.697402
261.528 6.26892 791.459 0.759854
261.584 6.31379 791.813 0.822489
261.64 6.3617 792.169 0.873821
261.697 6.41263 792.528 0.920118
261.753 6.46569 792.89 0.96166
261.809 6.5209 793.255 0.99553
261.865 6.57778 793.623 1.01968
261.921 6.63548 793.995 1.03437
261.978 6.69467 794.37 1.05983
262.034 6.75435 794.748 1.06291
262.09 6.81422 795.129 1.06701
262.146 6.87413 795.514 1.07112
262.202 6.93497 795.902 1.09002
262.258 6.9965 796.294 1.09812
262.315 7.05912 796.689 1.12128
262.371 7.12245 797.088 1.13378
262.427 7.18766 797.49 1.17669
262.483 7.25501 797.896 1.21227
262.539 7.32481 798.306 1.26081
262.596 7.39722 798.72 1.30814
262.652 7.4725 799.138 1.36168
262.708 7.55047 799.561 1.4016
262.764 7.63102 799.987 1.44319
262.82 7.71365 800.419 1.48457
262.876 7.79805 800.855 1.51256
262.933 7.88367 801.296 1.52961
262.989 7.97004 801.742 1.53703
263.045 8.05632 802.193 1.53072
263.101 8.14152 802.648 1.50778
263.157 8.22492 803.108 1.47209
263.213 8.306 803.573 1.42412
263.27 8.38436 804.042 1.37079
263.326 8.45976 804.516 1.3234
263.382 8.53207 804.994 1.26375
263.438 8.60196 805.475 1.23079
263.494 8.66975 805.961 1.18917
263.551 8.73558 806.45 1.15968
263.607 8.80026 806.943 1.15222
263.663 8.86372 807.44 1.11867
263.719 8.92574 807.94 1.1001
263.775 8.98737 808.443 1.10284
263.831 9.04918 808.95 1.09951
263.888 9.11185 809.461 1.12683
263.944 9.17614 809.975 1.15875
264 9.24207 810.493 1.18394
264.056 9.30979 811.014 1.21444
264.112 9.37968 811.539 1.26681
264.169 9.45215 812.069 1.30579
264.225 9.527 812.602 1.34865
264.281 9.60443 813.14 1.39892
264.337 9.68427 813.682 1.4351
264.393 9.76644 814.229 1.48182
264.449 9.85146 814.781 1.53206
264.506 9.93939 815.337 1.5871
264.562 10.0301 815.899 1.6281
264.618 10.1229 816.465 1.66451
264.674 10.217 817.037 1.68459
264.73 10.3122 817.614 1.69926
264.787 10.408 818.197 1.7126
264.843 10.5045 818.785 1.72286
264.899 10.6011 819.378 1.71582
264.955 10.6972 819.977 1.70502
265.011 10.7924 820.581 1.68623
265.067 10.8863 821.191 1.65978
265.124 10.9787 821.805 1.63516
265.18 11.0694 822.425 1.6025
265.236 11.1577 823.05 1.55571
265.292 11.244 823.68 1.52292
265.348 11.3282 824.314 1.48316
265.404 11.41 824.954 1.43781
265.461 11.4894 825.597 1.39542
265.517 11.566 826.245 1.34452
265.573 11.6397 826.898 1.2856
265.629 11.7097 827.554 1.22068
265.685 11.7755 828.214 1.13508
265.742 11.8357 828.878 1.02653
265.798 11.889 829.544 0.896699
265.854 11.9343 830.214 0.742657
265.91 11.9702 830.886 0.567949
265.966 11.9956 831.559 0.372649
266.022 12.0097 832.233 0.1698
266.079 12.012 832.908 -0.0450538
266.135 12.0023 833.583 -0.259424
266.191 11.98 834.256 -0.4824
266.247 11.9457 834.928 -0.698045
266.303 11.8993 835.598 -0.904132
266.36 11.8417 836.265 -1.11035
266.416 11.7738 836.928 -1.27841
266.472 11.6963 837.586 -1.44396
266.528 11.6096 838.241 -1.60384
266.584 11.5149 838.89 -1.73774
266.64 11.4131 839.533 -1.85899
266.697 11.3057 840.171 -1.94555
266.753 11.1943 840.802 -2.00749
266.809 11.0801 841.427 -2.04887
266.865 10.964 842.046 -2.07914
266.921 10.8468 842.658 -2.08491
266.978 10.7303 843.263 -2.06493
267.034 10.6152 843.862 -2.03499
267.09 10.5025 844.455 -1.98728
267.146 10.3926 845.041 -1.93525
267.202 10.2859 845.621 -1.87292
267.258 10.1828 846.196 -1.81094
267.315 10.0833 846.764 -1.74495
267.371 9.98689 847.328 -1.69701
267.427 9.89302 847.885 -1.65438
267.483 9.80139 848.438 -1.61513
267.539 9.71154 848.986 -1.59103
267.596 9.62315 849.528 -1.56347
267.652 9.53563 850.066 -1.55769
267.708 9.44823 850.599 -1.55461
267.764 9.36067 851.127 -1.56149
267.82 9.2725 851.65 -1.57449
267.876 9.18343 852.168 -1.5941
267.933 9.09317 852.68 -1.61807
267.989 9.00133 853.188 -1.6473
268.045 8.90743 853.691 -1.68632
268.101 8.81137 854.188 -1.72426
268.157 8.71346 854.68 -1.75478
268.213 8.61352 855.166 -1.79417
268.27 8.51101 855.646 -1.83983
268.326 8.40652 856.121 -1.87151
268.382 8.30046 856.59 -1.89896
268.438 8.19298 857.052 -1.91879
268.494 8.0849 857.509 -1.92146
268.551 7.97724 857.959 -1.90835
268.607 7.87074 858.404 -1.88412
268.663 7.76624 858.843 -1.84279
268.719 7.66475 859.276 -1.78055
268.775 7.56724 859.703 -1.70313
268.831 7.47474 860.125 -1.60928
268.888 7.38775 860.542 -1.50538
268.944 7.30653 860.954 -1.40492
269 7.23132 861.362 -1.2944
269.056 7.16226 861.766 -1.18495
269.112 7.09914 862.166 -1.08655
269.169 7.04097 862.563 -0.998704
269.225 6.98829 862.957 -0.89491
269.281 6.94073 863.348 -0.815184
269.337 6.89748 863.736 -0.738581
269.393 6.85808 864.122 -0.677903
269.449 6.82218 864.506 -0.614459
269.506 6.78948 864.889 -0.560999
269.562 6.75947 865.269 -0.518542
269.618 6.73164 865.648 -0.480745
269.674 6.7054 866.025 -0.45533
269.73 6.68099 866.401 -0.416634
269.787 6.65832 866.775 -0.393649
269.843 6.63716 867.149 -0.362793
269.899 6.6176 867.521 -0.336269
269.955 6.59967 867.892 -0.311398
270.011 6.58334 868.262 -0.274058
270.067 6.56905 868.632 -0.240649
270.124 6.5566 869 -0.209519
270.18 6.5468 869.368 -0.154429
270.236 6.53936 869.736 -0.115421
270.292 6.53447 870.103 -0.0682235
270.348 6.53242 870.47 -0.0134548
270.404 6.53333 870.837 0.031807
270.461 6.53639 871.204 0.0671271
270.517 6.54188 871.572 0.117167
270.573 6.54987 871.939 0.157245
270.629 6.56013 872.308 0.197618
270.685 6.5724 872.677 0.23221
270.742 6.58674 873.046 0.272914
270.798 6.60318 873.417 0.303585
270.854 6.6213 873.789 0.334073
270.91 6.6407 874.161 0.355116
270.966 6.66147 874.535 0.38258
271.022 6.68343 874.91 0.39686
271.079 6.70583 875.286 0.391142
271.135 6.72844 875.664 0.402406
271.191 6.75068 876.042 0.39305
271.247 6.77218 876.422 0.369411
271.303 6.7917 876.804 0.329786
271.36 6.80858 877.186 0.280321
271.416 6.82245 877.569 0.223565
271.472 6.83263 877.952 0.151933
271.528 6.83906 878.336 0.0864605
271.584 6.84066 878.721 -0.00855219
271.64 6.83745 879.105 -0.089084
271.697 6.8296 879.489 -0.173361
271.753 6.81739 879.872 -0.246364
271.809 6.80091 880.255 -0.325016
271.865 6.78004 880.636 -0.403617
271.921 6.7549 881.016 -0.475036
271.978 6.72607 881.395 -0.535449
272.034 6.69457 881.771 -0.572499
272.09 6.66144 882.146 -0.605865
272.146 6.62655 882.519 -0.630541
272.202 6.59096 882.89 -0.639039
272.258 6.55457 883.26 -0.651979
272.315 6.51793 883.627 -0.652862
272.371 6.48114 883.991 -0.655739
272.427 6.44449 884.354 -0.652595
272.483 6.40803 884.715 -0.64628
272.539 6.37183 885.074 -0.643589
272.596 6.33586 885.431 -0.643827
272.652 6.30032 885.785 -0.62901
272.708 6.26473 886.138 -0.633821
272.764 6.22915 886.489 -0.633543
272.82 6.19343 886.838 -0.63912
272.876 6.15721 887.184 -0.649035
272.933 6.12055 887.529 -0.65328
272.989 6.08402 887.872 -0.650682
273.045 6.04742 888.212 -0.650095
273.101 6.01153 888.551 -0.632746
273.157 5.97653 888.887 -0.616859
273.213 5.94305 889.222 -0.579693
273.27 5.91158 889.555 -0.546121
273.326 5.88238 889.886 -0.501841
273.382 5.85612 890.215 -0.444778
273.438 5.83308 890.544 -0.39396
273.494 5.81404 890.871 -0.309469
273.551 5.79936 891.197 -0.22961
273.607 5.78926 891.522 -0.143158
273.663 5.78401 891.847 -0.0604398
273.719 5.78353 892.172 0.0263468
273.775 5.78762 892.497 0.103718
273.831 5.79638 892.823 0.191718
273.888 5.80983 893.149 0.268336
273.944 5.82741 893.476 0.340818
274 5.84866 893.804 0.404931
274.056 5.87352 894.133 0.46855
274.112 5.90183 894.464 0.528036
274.169 5.9331 894.797 0.578078
274.225 5.96737 895.131 0.631258
274.281 6.00474 895.468 0.689439
274.337 6.04534 895.806 0.741518
274.393 6.089 896.147 0.801617
274.449 6.13625 896.491 0.868519
274.506 6.18738 896.838 0.93677
274.562 6.24279 897.187 1.02038
274.618 6.30358 897.54 1.12464
274.674 6.36982 897.896 1.22082
274.73 6.44257 898.256 1.34244
274.787 6.5219 898.621 1.45547
274.843 6.60776 898.99 1.57863
274.899 6.70106 899.365 1.7115
274.955 6.80109 899.744 1.81912
275.011 6.90569 900.13 1.89069
275.067 7.01359 900.522 1.93767
275.124 7.12276 900.919 1.94512
275.18 7.2312 901.323 1.91238
275.236 7.33612 901.733 1.83474
275.292 7.43568 902.148 1.7243
275.348 7.52802 902.569 1.58919
275.404 7.61192 902.995 1.42659
275.461 7.68662 903.425 1.26262
275.517 7.75173 903.859 1.09034
275.573 7.80733 904.297 0.924703
275.629 7.85366 904.737 0.75699
275.685 7.89171 905.18 0.62774
275.742 7.92301 905.624 0.51529
275.798 7.94894 906.07 0.432576
275.854 7.97117 906.517 0.376328
275.91 7.99095 906.966 0.338224
275.966 8.00964 907.415 0.334542
276.022 8.02885 907.866 0.352045
276.079 8.05052 908.318 0.411482
276.135 8.07592 908.771 0.485935
276.191 8.10672 909.226 0.591624
276.247 8.1436 909.682 0.698434
276.303 8.18705 910.141 0.827742
276.36 8.23764 910.603 0.95043
276.416 8.29551 911.067 1.07717
276.472 8.3597 911.536 1.18439
276.528 8.42935 912.008 1.26984
276.584 8.50297 912.484 1.33326
276.64 8.57866 912.964 1.35158
276.697 8.6542 913.448 1.33437
276.753 8.72761 913.937 1.28555
276.809 8.79742 914.43 1.21103
276.865 8.86245 914.926 1.11975
276.921 8.92175 915.426 1.01276
276.978 8.97488 915.929 0.898415
277.034 9.02179 916.435 0.792443
277.09 9.06278 916.943 0.689539
277.146 9.09816 917.454 0.592736
277.202 9.1286 917.966 0.511152
277.258 9.15551 918.48 0.459995
277.315 9.18008 918.995 0.422571
277.371 9.20342 919.511 0.412919
277.427 9.22686 920.029 0.420656
277.483 9.2509 920.548 0.435044
277.539 9.27658 921.069 0.472487
277.596 9.30433 921.591 0.510222
277.652 9.33459 922.115 0.559628
277.708 9.36772 922.64 0.610624
277.764 9.40414 923.168 0.671701
277.82 9.44354 923.697 0.72313
277.876 9.48583 924.229 0.770739
277.933 9.53049 924.764 0.810579
277.989 9.57696 925.301 0.83507
278.045 9.62447 925.84 0.853817
278.101 9.67261 926.383 0.857075
278.157 9.72075 926.928 0.854578
278.213 9.76817 927.475 0.833672
278.27 9.8141 928.026 0.80621
278.326 9.85858 928.578 0.778256
278.382 9.90116 929.134 0.744728
278.438 9.9418 929.691 0.707882
278.494 9.98042 930.251 0.675447
278.551 10.0173 930.813 0.644844
278.607 10.0527 931.377 0.620132
278.663 10.0867 931.943 0.596352
278.719 10.12 932.511 0.590549
278.775 10.1531 933.081 0.588277
278.831 10.1866 933.652 0.602119
278.888 10.2208 934.225 0.614733
278.944 10.2569 934.801 0.656448
279 10.295 935.378 0.697625
279.056 10.3358 935.958 0.746594
279.112 10.3796 936.54 0.805523
279.169 10.427 937.125 0.866573
279.225 10.4777 937.712 0.927412
279.281 10.532 938.303 0.99505
279.337 10.59 938.897 1.05654
279.393 10.6513 939.494 1.117
279.449 10.716 940.094 1.1726
279.506 10.7838 940.698 1.22586
279.562 10.854 941.307 1.26829
279.618 10.9268 941.919 1.30888
279.674 11.0012 942.535 1.33909
279.73 11.0777 943.156 1.3721
279.787 11.1554 943.781 1.39096
279.843 11.234 944.41 1.4061
279.899 11.3132 945.044 1.41091
279.955 11.3925 945.682 1.41282
280.011 11.4715 946.325 1.39539
280.067 11.5496 946.972 1.38787
280.124 11.6272 947.623 1.37745
280.18 11.704 948.279 1.35689
280.236 11.7796 948.939 1.33619
280.292 11.8541 949.604 1.31897
280.348 11.9279 950.272 1.30423
280.404 12.0007 950.945 1.29208
280.461 12.0729 951.621 1.28199
280.517 12.1446 952.302 1.27163
280.573 12.2159 952.987 1.2695
280.629 12.2872 953.675 1.27157
280.685 12.3591 954.368 1.28361
280.742 12.4313 955.065 1.28987
280.798 12.5044 955.766 1.30421
280.854 12.5782 956.471 1.32097
280.91 12.6534 957.18 1.34741
280.966 12.73 957.893 1.37938
281.022 12.8091 958.611 1.42143
281.079 12.8909 959.333 1.48415
281.135 12.9769 960.06 1.56575
281.191 13.0678 960.793 1.65119
281.247 13.1638 961.53 1.74766
281.303 13.2654 962.273 1.84289
281.36 13.3714 963.022 1.92642
281.416 13.4827 963.777 2.01673
281.472 13.598 964.538 2.06832
281.528 13.7157 965.306 2.11236
281.584 13.8355 966.08 2.14191
281.64 13.9561 966.862 2.1441
281.697 14.0762 967.65 2.12846
281.753 14.1943 968.445 2.07837
281.809 14.3085 969.246 2.00467
281.865 14.4181 970.053 1.91338
281.921 14.5221 970.867 1.80884
281.978 14.6192 971.686 1.66549
282.034 14.7073 972.51 1.49691
282.09 14.7845 973.339 1.28778
282.146 14.8489 974.172 1.04643
282.202 14.8984 975.008 0.770255
282.258 14.9317 975.846 0.470141
282.315 14.9467 976.686 0.131529
282.371 14.9422 977.525 -0.226374
282.427 14.917 978.364 -0.598352
282.483 14.8708 979.201 -0.971129
282.539 14.8035 980.034 -1.34417
282.596 14.7157 980.863 -1.70504
282.652 14.6085 981.686 -2.04093
282.708 14.4833 982.502 -2.35083
282.764 14.3416 983.311 -2.63396
282.82 14.1849 984.112 -2.88724
282.876 14.0154 984.903 -3.0965
282.933 13.835 985.685 -3.28245
282.989 13.6452 986.455 -3.44152
283.045 13.4473 987.215 -3.57017
283.101 13.2436 987.964 -3.66106
283.157 13.0354 988.701 -3.73609
283.213 12.8229 989.426 -3.81796
283.27 12.6059 990.139 -3.89386
283.326 12.3848 990.84 -3.97088
283.382 12.1589 991.528 -4.0539
283.438 11.9282 992.204 -4.14427
283.494 11.6918 992.866 -4.25176
283.551 11.4487 993.514 -4.37377
283.607 11.1989 994.149 -4.50114
283.663 10.9417 994.77 -4.62646
283.719 10.6782 995.376 -4.73681
283.775 10.4081 995.966 -4.85095
283.831 10.1321 996.542 -4.95421
283.888 9.85066 997.102 -5.04372
283.944 9.56451 997.645 -5.12163
284 9.27449 998.173 -5.18529
284.056 8.98158 998.684 -5.23226
284.112 8.68615 999.179 -5.27826
284.169 8.38871 999.657 -5.29541
284.225 8.09154 1000.12 -5.29003
284.281 7.79485 1000.56 -5.27173
284.337 7.49979 1000.99 -5.23341
284.393 7.20743 1001.4 -5.18511
284.449 6.91764 1001.8 -5.14169
284.506 6.63082 1002.18 -5.07742
284.562 6.34815 1002.54 -4.99922
284.618 6.06974 1002.89 -4.92076
284.674 5.79568 1003.22 -4.84105
284.73 5.52697 1003.53 -4.74613
284.787 5.26324 1003.84 -4.66364
284.843 5.00436 1004.12 -4.56805
284.899 4.75084 1004.4 -4.47323
284.955 4.5021 1004.65 -4.39452
285.011 4.25877 1004.9 -4.28096
285.067 4.02172 1005.13 -4.18023
285.124 3.79062 1005.35 -4.07325
285.18 3.5655 1005.55 -3.96375
285.236 3.34675 1005.75 -3.84528
285.292 3.13492 1005.93 -3.72176
285.348 2.93023 1006.1 -3.59154
285.404 2.73278 1006.25 -3.45986
285.461 2.54302 1006.4 -3.32406
285.517 2.36106 1006.54 -3.1829
285.573 2.18729 1006.66 -3.03407
285.629 2.0216 1006.78 -2.89426
285.685 1.86386 1006.89 -2.74859
285.742 1.7144 1006.99 -2.60873
285.798 1.57294 1007.08 -2.45916
285.854 1.43966 1007.17 -2.31426
285.91 1.31425 1007.24 -2.1767
285.966 1.1967 1007.31 -2.0386
286.022 1.08662 1007.38 -1.90591
286.079 0.984066 1007.43 -1.77331
286.135 0.888703 1007.48 -1.64548
286.191 0.800542 1007.53 -1.51987
286.247 0.719462 1007.57 -1.39329
286.303 0.645467 1007.61 -1.26479
286.36 0.578633 1007.65 -1.13668
286.416 0.518988 1007.68 -1.01062
286.472 0.466713 1007.7 -0.876971
286.528 0.421825 1007.73 -0.745403
286.584 0.384422 1007.75 -0.611672
286.64 0.354705 1007.77 -0.474459
286.697 0.332674 1007.79 -0.338849
286.753 0.318222 1007.81 -0.20232
286.809 0.311511 1007.83 -0.0655999
286.865 0.312413 1007.84 0.0681232
286.921 0.320716 1007.86 0.201018
286.978 0.336239 1007.88 0.323922
287.034 0.358837 1007.9 0.453091
287.09 0.388373 1007.92 0.57478
287.146 0.424601 1007.94 0.689402
287.202 0.466628 1007.97 0.788864
287.258 0.514284 1008 0.888047
287.315 0.567379 1008.03 0.98114
287.371 0.6254 1008.06 1.06455
287.427 0.688062 1008.1 1.14733
287.483 0.754918 1008.14 1.21605
287.539 0.825526 1008.18 1.28188
287.596 0.899363 1008.23 1.33598
287.652 0.976547 1008.29 1.39597
287.708 1.0566 1008.34 1.44409
287.764 1.13942 1008.41 1.4943
287.82 1.2248 1008.47 1.53417
287.876 1.31224 1008.54 1.57169
287.933 1.40186 1008.62 1.60963
287.989 1.49368 1008.7 1.65068
288.045 1.58797 1008.79 1.69642
288.101 1.68441 1008.88 1.7304
288.157 1.78284 1008.98 1.7665
288.213 1.8832 1009.08 1.80013
288.27 1.9853 1009.19 1.82673
288.326 2.08888 1009.31 1.85727
288.382 2.19389 1009.43 1.8789
288.438 2.30024 1009.56 1.90286
288.494 2.40807 1009.69 1.93073
288.551 2.51758 1009.83 1.96086
288.607 2.62848 1009.97 1.98429
288.663 2.74086 1010.12 2.0122
288.719 2.85436 1010.28 2.02541
288.775 2.9688 1010.45 2.04678
288.831 3.08474 1010.62 2.07393
288.888 3.20235 1010.79 2.11062
288.944 3.32192 1010.98 2.135
289 3.44267 1011.17 2.1585
289.056 3.56456 1011.37 2.18025
289.112 3.68774 1011.57 2.2003
289.169 3.81251 1011.78 2.23419
289.225 3.93844 1012 2.25008
289.281 4.06536 1012.23 2.26655
289.337 4.19343 1012.46 2.28929
289.393 4.32275 1012.7 2.30719
289.449 4.45283 1012.95 2.32178
289.506 4.58351 1013.2 2.32919
289.562 4.7146 1013.46 2.33822
289.618 4.84634 1013.73 2.35014
289.674 4.97867 1014.01 2.35812
289.73 5.11158 1014.29 2.37097
289.787 5.24517 1014.58 2.38314
289.843 5.37924 1014.88 2.3864
289.899 5.51333 1015.19 2.38876
289.955 5.64767 1015.5 2.3945
290.011 5.78209 1015.83 2.39025
290.067 5.91616 1016.16 2.38517
290.124 6.05016 1016.49 2.38307
290.18 6.18387 1016.84 2.37755
290.236 6.31724 1017.19 2.37538
290.292 6.45043 1017.55 2.37175
290.348 6.58378 1017.92 2.37289
290.404 6.7172 1018.29 2.37519
290.461 6.85035 1018.67 2.36748
290.517 6.9832 1019.06 2.36278
290.573 7.11597 1019.46 2.36313
290.629 7.24846 1019.86 2.34978
290.685 7.38064 1020.27 2.35561
290.742 7.51255 1020.69 2.34589
290.798 7.64403 1021.12 2.33689
290.854 7.77496 1021.55 2.31961
290.91 7.90453 1021.99 2.29468
290.966 8.0326 1022.44 2.26673
291.022 8.15921 1022.9 2.24009
291.079 8.28375 1023.36 2.20425
291.135 8.40639 1023.83 2.16837
291.191 8.52673 1024.31 2.12049
291.247 8.64402 1024.79 2.06552
291.303 8.75837 1025.28 2.01818
291.36 8.86981 1025.78 1.95828
291.416 8.97793 1026.28 1.89961
291.472 9.08251 1026.78 1.83631
291.528 9.18346 1027.3 1.76915
291.584 9.28063 1027.82 1.70205
291.64 9.37392 1028.34 1.63446
291.697 9.46347 1028.87 1.56835
291.753 9.54961 1029.41 1.51009
291.809 9.6325 1029.95 1.45119
291.865 9.712 1030.49 1.38953
291.921 9.78846 1031.04 1.34191
291.978 9.86238 1031.59 1.30019
292.034 9.93437 1032.15 1.26947
292.09 10.0048 1032.71 1.2441
292.146 10.0741 1033.27 1.22687
292.202 10.1426 1033.84 1.21344
292.258 10.2101 1034.41 1.19517
292.315 10.2768 1034.99 1.18356
292.371 10.3431 1035.57 1.17993
292.427 10.4092 1036.15 1.17626
292.483 10.475 1036.74 1.16822
292.539 10.5404 1037.33 1.16151
292.596 10.6055 1037.92 1.15754
292.652 10.6701 1038.52 1.14422
292.708 10.7344 1039.12 1.14483
292.764 10.7985 1039.73 1.13757
292.82 10.8623 1040.34 1.13255
292.876 10.9254 1040.95 1.11825
292.933 10.9875 1041.56 1.09713
292.989 11.0485 1042.18 1.0747
293.045 11.1078 1042.81 1.04236
293.101 11.1652 1043.43 1.00645
293.157 11.2206 1044.06 0.971651
293.213 11.274 1044.69 0.934272
293.27 11.3255 1045.33 0.905849
293.326 11.3754 1045.97 0.877844
293.382 11.4241 1046.61 0.857167
293.438 11.4713 1047.25 0.828945
293.494 11.5171 1047.9 0.806141
293.551 11.5617 1048.55 0.782459
293.607 11.6045 1049.2 0.750917
293.663 11.6458 1049.85 0.722456
293.719 11.6857 1050.51 0.705688
293.775 11.7248 1051.16 0.690118
293.831 11.7629 1051.82 0.669842
293.888 11.7999 1052.49 0.652188
293.944 11.8362 1053.15 0.643123
294 11.8719 1053.82 0.628043
294.056 11.9066 1054.48 0.610247
294.112 11.9404 1055.15 0.59797
294.169 11.9736 1055.83 0.586658
294.225 12.0064 1056.5 0.578736
294.281 12.0386 1057.18 0.569991
294.337 12.0707 1057.85 0.57743
294.393 12.1036 1058.53 0.588068
294.449 12.1369 1059.21 0.600077
294.506 12.1712 1059.9 0.614504
294.562 12.206 1060.58 0.620481
294.618 12.241 1061.27 0.624496
294.674 12.2759 1061.96 0.619074
294.73 12.3104 1062.65 0.607725
294.787 12.3434 1063.34 0.571269
294.843 12.3738 1064.03 0.51975
294.899 12.4009 1064.73 0.455064
294.955 12.424 1065.43 0.376094
295.011 12.4419 1066.13 0.278466
295.067 12.4541 1066.83 0.176492
295.124 12.4604 1067.53 0.0708967
295.18 12.4607 1068.23 -0.0450391
295.236 12.4549 1068.93 -0.142607
295.292 12.444 1069.63 -0.226407
295.348 12.4289 1070.32 -0.293935
295.404 12.4106 1071.02 -0.344056
295.461 12.39 1071.72 -0.379791
295.517 12.3681 1072.41 -0.392578
295.573 12.3464 1073.11 -0.380394
295.629 12.3259 1073.8 -0.34898
295.685 12.3081 1074.49 -0.298984
295.742 12.2933 1075.18 -0.232972
295.798 12.2825 1075.87 -0.156707
295.854 12.2764 1076.56 -0.0732965
295.91 12.2753 1077.25 0.0154294
295.966 12.279 1077.94 0.101456
296.022 12.2877 1078.63 0.186458
296.079 12.3014 1079.32 0.277543
296.135 12.3197 1080.02 0.353706
296.191 12.3417 1080.71 0.418432
296.247 12.3672 1081.4 0.476481
296.303 12.3955 1082.1 0.520807
296.36 12.4257 1082.8 0.546687
296.416 12.4568 1083.49 0.55347
296.472 12.4876 1084.2 0.544138
296.528 12.5174 1084.9 0.519676
296.584 12.545 1085.6 0.468194
296.64 12.5695 1086.31 0.418769
296.697 12.5906 1087.02 0.338806
296.753 12.6067 1087.72 0.250405
296.809 12.6177 1088.43 0.15608
296.865 12.6223 1089.14 0.0278012
296.921 12.6196 1089.85 -0.0984038
296.978 12.6096 1090.56 -0.231733
297.034 12.5917 1091.27 -0.376202
297.09 12.5659 1091.97 -0.517319
297.146 12.5313 1092.68 -0.68355
297.202 12.4871 1093.38 -0.853699
297.258 12.4337 1094.08 -1.01852
297.315 12.3704 1094.78 -1.20244
297.371 12.296 1095.47 -1.40678
297.427 12.2103 1096.16 -1.60639
297.483 12.1126 1096.84 -1.82616
297.539 12.0026 1097.52 -2.04391
297.596 11.8807 1098.19 -2.26083
297.652 11.7466 1098.85 -2.46954
297.708 11.6006 1099.5 -2.67583
297.764 11.4436 1100.15 -2.87223
297.82 11.2758 1100.79 -3.06226
297.876 11.0975 1101.42 -3.23931
297.933 10.9094 1102.03 -3.42108
297.989 10.7129 1102.64 -3.55303
298.045 10.5088 1103.23 -3.688
298.101 10.2971 1103.82 -3.82004
298.157 10.0789 1104.39 -3.92337
298.213 9.8552 1104.95 -4.01727
298.27 9.62689 1105.49 -4.09322
298.326 9.39516 1106.03 -4.14518
298.382 9.16037 1106.55 -4.20329
298.438 8.92358 1107.05 -4.21965
298.494 8.68679 1107.55 -4.20965
298.551 8.4512 1108.03 -4.18249
298.607 8.21807 1108.49 -4.12469
298.663 7.98908 1108.95 -4.04017
298.719 7.76574 1109.39 -3.93203
298.775 7.54866 1109.82 -3.81613
298.831 7.33908 1110.23 -3.67367
298.888 7.13772 1110.64 -3.52134
298.944 6.94556 1111.03 -3.3569
299 6.76221 1111.42 -3.20289
299.056 6.58805 1111.79 -3.03048
299.112 6.42359 1112.16 -2.86027
299.169 6.26851 1112.51 -2.69459
299.225 6.12224 1112.86 -2.5417
299.281 5.9846 1113.2 -2.38895
299.337 5.85548 1113.53 -2.23859
299.393 5.73457 1113.86 -2.09631
299.449 5.62147 1114.17 -1.9586
299.506 5.51624 1114.49 -1.81546
299.562 5.419 1114.79 -1.67181
299.618 5.33007 1115.09 -1.52487
299.674 5.24949 1115.39 -1.37246
299.73 5.17744 1115.68 -1.22049
299.787 5.11387 1115.97 -1.07393
299.843 5.05871 1116.26 -0.922463
299.899 5.01195 1116.54 -0.770492
299.955 4.97351 1116.82 -0.628688
300.011 4.94325 1117.1 -0.479581
300.067 4.92111 1117.38 -0.336396
300.124 4.90679 1117.65 -0.201041
300.18 4.89997 1117.93 -0.0702422
300.236 4.90016 1118.2 0.0518988
300.292 4.9067 1118.48 0.158164
300.348 4.91899 1118.75 0.257398
300.404 4.93637 1119.03 0.34456
300.461 4.95828 1119.31 0.418623
300.517 4.98424 1119.59 0.490079
300.573 5.01376 1119.87 0.548038
300.629 5.04629 1120.15 0.597884
300.685 5.08127 1120.44 0.638496
300.742 5.1185 1120.72 0.678072
300.798 5.15766 1121.01 0.708081
300.854 5.19841 1121.3 0.735702
300.91 5.24031 1121.6 0.750379
300.966 5.2828 1121.89 0.759546
301.022 5.32584 1122.19 0.770265
301.079 5.36942 1122.49 0.777944
301.135 5.41312 1122.79 0.777047
301.191 5.45649 1123.1 0.766225
301.247 5.49911 1123.41 0.753302
301.303 5.54095 1123.72 0.736334
301.36 5.58155 1124.03 0.711788
301.416 5.62037 1124.35 0.676085
301.472 5.65708 1124.66 0.636993
301.528 5.69132 1124.98 0.592236
301.584 5.72296 1125.3 0.543555
301.64 5.75221 1125.63 0.505146
301.697 5.77921 1125.95 0.465124
301.753 5.80405 1126.27 0.426068
301.809 5.82653 1126.6 0.381084
301.865 5.8466 1126.93 0.342611
301.921 5.86445 1127.26 0.302434
301.978 5.88009 1127.59 0.260875
302.034 5.89332 1127.92 0.219374
302.09 5.90439 1128.25 0.180786
302.146 5.91336 1128.58 0.142888
302.202 5.92018 1128.92 0.107117
302.258 5.92496 1129.25 0.070324
302.315 5.92767 1129.58 0.0360473
302.371 5.92885 1129.91 0.0108743
302.427 5.92833 1130.25 -0.0217443
302.483 5.92635 1130.58 -0.0434237
302.539 5.92323 1130.91 -0.0649634
302.596 5.91879 1131.25 -0.0915225
302.652 5.91297 1131.58 -0.112542
302.708 5.90597 1131.91 -0.12974
302.764 5.89799 1132.24 -0.14887
302.82 5.88917 1132.57 -0.160897
302.876 5.87983 1132.9 -0.168772
302.933 5.87007 1133.23 -0.174019
302.989 5.86047 1133.56 -0.170836
303.045 5.85113 1133.89 -0.1606
303.101 5.84251 1134.22 -0.14855
303.157 5.83478 1134.55 -0.130952
303.213 5.8283 1134.88 -0.104333
303.27 5.82344 1135.2 -0.0756269
303.326 5.82029 1135.53 -0.0432035
303.382 5.81907 1135.86 -0.00832351
303.438 5.81991 1136.18 0.0296662
303.494 5.82304 1136.51 0.0742956
303.551 5.82875 1136.84 0.118912
303.607 5.83687 1137.17 0.161946
303.663 5.84769 1137.49 0.214162
303.719 5.86128 1137.82 0.260585
303.775 5.87754 1138.15 0.311235
303.831 5.89672 1138.48 0.361318
303.888 5.91873 1138.82 0.412604
303.944 5.94317 1139.15 0.452525
304 5.97037 1139.48 0.505064
304.056 6.00039 1139.82 0.553348
304.112 6.03325 1140.16 0.606601
304.169 6.06912 1140.5 0.661766
304.225 6.10784 1140.84 0.708123
304.281 6.14924 1141.19 0.755836
304.337 6.19335 1141.53 0.804735
304.393 6.24017 1141.88 0.852852
304.449 6.28982 1142.23 0.904337
304.506 6.34215 1142.59 0.947979
304.562 6.39694 1142.95 0.994382
304.618 6.45431 1143.31 1.04055
304.674 6.51438 1143.67 1.08813
304.73 6.57704 1144.04 1.13558
304.787 6.64207 1144.41 1.16997
304.843 6.70913 1144.79 1.20983
304.899 6.77832 1145.17 1.25064
304.955 6.84986 1145.55 1.28674
305.011 6.92358 1145.94 1.32827
305.067 6.99976 1146.33 1.37182
305.124 7.07756 1146.73 1.39776
305.18 7.1574 1147.13 1.43961
305.236 7.23955 1147.53 1.48043
305.292 7.32414 1147.94 1.51725
305.348 7.41058 1148.35 1.54465
305.404 7.49885 1148.77 1.58109
305.461 7.58842 1149.2 1.60718
305.517 7.6799 1149.63 1.64161
305.573 7.77366 1150.06 1.68841
305.629 7.86976 1150.5 1.7252
305.685 7.96771 1150.95 1.75771
305.742 8.06788 1151.4 1.79909
305.798 8.17057 1151.86 1.84945
305.854 8.27564 1152.32 1.8845
305.91 8.38319 1152.79 1.93627
305.966 8.49349 1153.26 1.98183
306.022 8.60678 1153.74 2.03853
306.079 8.72328 1154.23 2.09617
306.135 8.84274 1154.72 2.14312
306.191 8.96483 1155.22 2.19027
306.247 9.08963 1155.73 2.23882
306.303 9.21689 1156.25 2.2819
306.36 9.34656 1156.77 2.32667
306.416 9.47861 1157.3 2.36485
306.472 9.61289 1157.84 2.40641
306.528 9.74921 1158.38 2.43891
306.584 9.8866 1158.93 2.44951
306.64 10.0246 1159.49 2.4632
306.697 10.1633 1160.06 2.46976
306.753 10.3018 1160.64 2.4626
306.809 10.4397 1161.22 2.44813
306.865 10.5765 1161.81 2.42489
306.921 10.7118 1162.41 2.39867
306.978 10.8456 1163.02 2.37023
307.034 10.9775 1163.63 2.33475
307.09 11.1073 1164.25 2.29412
307.146 11.2345 1164.88 2.24492
307.202 11.3589 1165.51 2.19434
307.258 11.4804 1166.16 2.13956
307.315 11.5988 1166.81 2.08728
307.371 11.7142 1167.46 2.02988
307.427 11.8267 1168.12 1.98136
307.483 11.9361 1168.79 1.9249
307.539 12.0423 1169.47 1.87238
307.596 12.146 1170.15 1.82456
307.652 12.2468 1170.83 1.77512
307.708 12.3446 1171.52 1.71818
307.764 12.4395 1172.22 1.66738
307.82 12.5314 1172.92 1.61513
307.876 12.6206 1173.63 1.57437
307.933 12.7078 1174.34 1.53166
307.989 12.7924 1175.06 1.49085
308.045 12.8749 1175.78 1.45195
308.101 12.9553 1176.5 1.41846
308.157 13.0337 1177.24 1.37826
308.213 13.1098 1177.97 1.33805
308.27 13.1839 1178.71 1.30505
308.326 13.2554 1179.45 1.2533
308.382 13.3243 1180.2 1.20662
308.438 13.391 1180.95 1.17233
308.494 13.4554 1181.7 1.12917
308.551 13.5175 1182.46 1.08779
308.607 13.5768 1183.22 1.03821
308.663 13.6336 1183.99 0.99423
308.719 13.6878 1184.76 0.940373
308.775 13.7388 1185.53 0.886926
308.831 13.7869 1186.3 0.836532
308.888 13.8324 1187.08 0.792878
308.944 13.8759 1187.86 0.760875
309 13.9172 1188.64 0.717345
309.056 13.9562 1189.42 0.679632
309.112 13.9931 1190.2 0.644953
309.169 14.0284 1190.99 0.613073
309.225 14.0613 1191.78 0.567701
309.281 14.0917 1192.57 0.521876
309.337 14.1192 1193.36 0.468652
309.393 14.1436 1194.16 0.412076
309.449 14.1647 1194.95 0.348339
309.506 14.1821 1195.75 0.284941
309.562 14.1957 1196.55 0.210985
309.618 14.2046 1197.35 0.123891
309.674 14.2081 1198.14 0.0222089
309.73 14.2055 1198.94 -0.0937773
309.787 14.1965 1199.74 -0.208135
309.843 14.1804 1200.54 -0.340894
309.899 14.1564 1201.33 -0.487079
309.955 14.1233 1202.13 -0.656746
