# t frame_uz frame_z ub_dans_repere
160.001 3.62282e-05 3.73102e-08 0.0351776
160.019 0.00713534 7.45792e-05 0.437142
160.051 0.0246587 0.000630989 0.609773
160.092 0.0545428 0.00237383 0.790037
160.139 0.0963948 0.00608802 0.95867
160.19 0.148072 0.0124789 1.05725
160.242 0.204245 0.022021 1.07275
160.296 0.259965 0.0348285 1.01554
160.351 0.314834 0.0508911 1.00099
160.406 0.37113 0.0700538 1.04894
160.462 0.432057 0.0927217 1.12923
160.518 0.498689 0.119173 1.22466
160.574 0.569637 0.149511 1.29676
160.63 0.646 0.184002 1.40264
160.686 0.728998 0.222993 1.53213
160.742 0.818799 0.266871 1.6522
160.798 0.915529 0.316021 1.77007
160.854 1.01878 0.370812 1.88988
160.91 1.12867 0.431622 1.99856
160.966 1.24343 0.498768 2.07352
161.022 1.36152 0.572519 2.11848
161.079 1.48118 0.653039 2.1352
161.135 1.60157 0.740305 2.14796
161.191 1.7233 0.834377 2.17827
161.247 1.84717 0.935356 2.22468
161.303 1.9744 1.0434 2.29497
161.36 2.10714 1.15877 2.41053
161.416 2.24694 1.28182 2.54775
161.472 2.39622 1.41304 2.7326
161.528 2.55636 1.553 2.93296
161.584 2.72708 1.70156 3.13542
161.639 2.90474 1.85663 3.31196
161.693 3.09184 2.02174 3.48521
161.748 3.28738 2.19737 3.62662
161.803 3.4901 2.38395 3.75018
161.858 3.69808 2.58181 3.82672
161.912 3.90896 2.79116 3.86726
161.967 4.12087 3.01209 3.86042
162.022 4.33078 3.24596 3.77815
162.078 4.53681 3.49347 3.64893
162.133 4.73296 3.75277 3.43078
162.19 4.9179 4.02539 3.1812
162.246 5.08693 4.30789 2.8885
162.302 5.23929 4.59934 2.58438
162.359 5.37535 4.8988 2.31756
162.415 5.49779 5.20545 2.08872
162.471 5.60915 5.5186 1.91648
162.527 5.71307 5.83775 1.81595
162.584 5.81498 6.16265 1.82444
162.64 5.9198 6.49336 1.89007
162.696 6.03192 6.8302 2.064
162.752 6.15531 7.17371 2.2845
162.809 6.29181 7.52461 2.51664
162.865 6.44103 7.88361 2.74205
162.921 6.60085 8.25139 2.89902
162.977 6.76694 8.6284 2.96927
163.034 6.93274 9.01441 2.92209
163.09 7.0947 9.40938 2.83607
163.146 7.24886 9.81319 2.68448
163.202 7.39389 10.2254 2.50639
163.258 7.52596 10.6453 2.25403
163.315 7.64266 11.0721 1.97375
163.371 7.74493 11.505 1.71027
163.427 7.8315 11.9431 1.41682
163.483 7.90266 12.3855 1.1699
163.539 7.96049 12.8315 0.931363
163.596 8.00619 13.2803 0.728569
163.652 8.03957 13.7313 0.504069
163.708 8.05955 14.1837 0.246958
163.764 8.06359 14.6367 -0.0532031
163.82 8.0492 15.0893 -0.399767
163.876 8.0129 15.5404 -0.810142
163.933 7.95323 15.9886 -1.22802
163.989 7.87074 16.4327 -1.62478
164.045 7.76536 16.8715 -2.03885
164.101 7.63861 17.3035 -2.39019
164.157 7.4936 17.7279 -2.69128
164.213 7.3353 18.1436 -2.89776
164.27 7.1668 18.55 -3.06316
164.326 6.99092 18.9467 -3.17069
164.382 6.80993 19.3334 -3.25858
164.438 6.62509 19.7098 -3.29925
164.494 6.43944 20.0757 -3.30189
164.551 6.25446 20.4312 -3.28349
164.607 6.07235 20.7765 -3.20809
164.663 5.89622 21.1116 -3.08567
164.719 5.72772 21.4372 -2.94129
164.775 5.56741 21.7535 -2.78929
164.831 5.41587 22.0611 -2.63646
164.888 5.27287 22.3605 -2.49139
164.944 5.13802 22.6522 -2.3366
165 5.01284 22.9366 -2.1548
165.056 4.89839 23.2143 -1.96462
165.112 4.7945 23.4859 -1.77592
165.169 4.7009 23.7521 -1.58934
165.225 4.61824 24.0133 -1.39518
165.281 4.54587 24.2703 -1.21715
165.337 4.48331 24.5235 -1.04193
165.393 4.43037 24.7736 -0.879304
165.449 4.38515 25.0209 -0.757204
165.506 4.34494 25.2659 -0.692415
165.562 4.30763 25.5087 -0.643594
165.618 4.27299 25.7496 -0.604076
165.674 4.2401 25.9885 -0.577735
165.73 4.20828 26.2256 -0.559735
165.787 4.17721 26.461 -0.559199
165.843 4.1463 26.6946 -0.549719
165.899 4.11459 26.9265 -0.570721
165.955 4.08146 27.1566 -0.603108
166.011 4.04611 27.3847 -0.650402
166.067 4.00793 27.6107 -0.699555
166.124 3.96682 27.8345 -0.752247
166.18 3.92231 28.0559 -0.822606
166.236 3.87476 28.2746 -0.867032
166.292 3.82391 28.4906 -0.929742
166.348 3.76985 28.7036 -0.983675
166.404 3.71238 28.9135 -1.04943
166.461 3.65122 29.12 -1.11619
166.517 3.58615 29.323 -1.1881
166.573 3.51676 29.5221 -1.26425
166.629 3.44298 29.7172 -1.34393
166.685 3.36514 29.908 -1.41626
166.742 3.28294 30.0943 -1.49068
166.798 3.19762 30.2759 -1.53695
166.854 3.10972 30.4526 -1.57919
166.91 3.02077 30.6243 -1.58591
166.966 2.93195 30.791 -1.57573
167.022 2.84486 30.9528 -1.53159
167.079 2.76107 31.1098 -1.45924
167.135 2.6823 31.2622 -1.35894
167.191 2.61036 31.4104 -1.22033
167.247 2.54708 31.5549 -1.06224
167.303 2.49358 31.6962 -0.875334
167.36 2.4516 31.8348 -0.657134
167.416 2.42268 31.9715 -0.420282
167.472 2.40738 32.107 -0.167972
167.528 2.40761 32.2422 0.123966
167.584 2.42556 32.378 0.457597
167.64 2.46273 32.5154 0.794766
167.697 2.51849 32.6555 1.12348
167.753 2.59272 32.7994 1.45556
167.809 2.68524 32.9481 1.77568
167.865 2.79527 33.1026 2.07555
167.921 2.92123 33.2638 2.34922
167.978 3.06073 33.4326 2.57111
168.034 3.21041 33.6096 2.71301
168.09 3.36554 33.7951 2.78675
168.146 3.52356 33.9895 2.82489
168.202 3.68241 34.1928 2.82475
168.258 3.83984 34.405 2.78039
168.315 3.99372 34.626 2.72419
168.371 4.14566 34.8555 2.67999
168.427 4.29242 35.0933 2.55869
168.483 4.43259 35.3392 2.45033
168.539 4.56413 35.5927 2.26455
168.596 4.68402 35.8533 2.02722
168.652 4.78628 36.12 1.66802
168.708 4.86348 36.3916 1.16495
168.764 4.90838 36.6665 0.535683
168.82 4.91321 36.9426 -0.238768
168.876 4.87011 37.2174 -1.1251
168.933 4.7773 37.4881 -1.98659
168.989 4.63746 37.752 -2.82258
169.045 4.45144 38.0053 -3.64946
169.1 4.22348 38.2446 -4.41168
169.156 3.95644 38.4705 -5.06121
169.211 3.65433 38.6809 -5.64907
169.268 3.31746 38.8755 -6.18412
169.324 2.95373 39.0502 -6.62884
169.38 2.56829 39.2036 -6.97809
169.437 2.16528 39.3348 -7.26264
169.493 1.74875 39.4427 -7.46839
169.549 1.32288 39.5269 -7.61462
169.606 0.890864 39.5868 -7.69185
169.662 0.455996 39.6223 -7.73218
169.718 0.0214943 39.6333 -7.68317
169.775 -0.40791 39.6199 -7.57198
169.831 -0.827531 39.5827 -7.3531
169.887 -1.23147 39.5224 -7.03438
169.944 -1.61386 39.44 -6.60607
170 -1.9684 39.3369 -6.06892
170.056 -2.28893 39.2154 -5.4456
170.112 -2.57132 39.0771 -4.74599
170.169 -2.81203 38.9243 -3.97827
170.225 -3.00944 38.7595 -3.2007
170.281 -3.16259 38.5851 -2.41165
170.337 -3.2721 38.4035 -1.6423
170.393 -3.33837 38.2172 -0.877665
170.449 -3.3632 38.0287 -0.157447
170.506 -3.34874 37.84 0.531508
170.562 -3.29727 37.6535 1.1712
170.618 -3.21152 37.471 1.75673
170.674 -3.09461 37.2944 2.29086
170.73 -2.94965 37.1253 2.76172
170.787 -2.78006 36.9652 3.18101
170.843 -2.58948 36.8154 3.52268
170.899 -2.38243 36.6768 3.78495
170.955 -2.16382 36.5503 3.95377
171.011 -1.93828 36.4363 4.04484
171.066 -1.71408 36.3368 4.07542
171.121 -1.49318 36.2511 4.0673
171.176 -1.27054 36.1764 4.03336
171.231 -1.04755 36.1133 3.9927
171.287 -0.82594 36.0623 3.96592
171.343 -0.606073 36.0236 3.93245
171.398 -0.387685 35.9972 3.91106
171.454 -0.170913 35.9828 3.87255
171.51 0.0447888 35.9805 3.84867
171.565 0.257882 35.9902 3.79596
171.621 0.467888 36.0116 3.74097
171.677 0.674067 36.0446 3.67484
171.733 0.875665 36.0889 3.58273
171.788 1.07279 36.1443 3.49997
171.844 1.26486 36.2105 3.4115
171.9 1.45167 36.2872 3.31798
171.955 1.63302 36.3742 3.21109
172.011 1.80866 36.4713 3.10264
172.067 1.97886 36.5786 2.97099
172.124 2.14012 36.6953 2.80015
172.18 2.29003 36.8206 2.57521
172.236 2.42616 36.9539 2.31303
172.292 2.54675 37.0944 2.02553
172.348 2.64866 37.241 1.67589
172.404 2.73139 37.3927 1.32911
172.461 2.79436 37.5483 0.988545
172.517 2.83867 37.7069 0.656029
172.573 2.8657 37.8673 0.368818
172.629 2.87785 38.0288 0.122338
172.685 2.87865 38.1906 -0.0473793
172.742 2.87123 38.3521 -0.180028
172.798 2.85946 38.513 -0.22012
172.854 2.84768 38.6732 -0.197719
172.91 2.83828 38.8329 -0.139945
172.966 2.83318 38.9921 -0.0618995
173.022 2.83347 39.1513 0.0493433
173.079 2.83808 39.3106 0.107651
173.135 2.84619 39.4703 0.162452
173.191 2.85641 39.6305 0.194943
173.247 2.86694 39.7914 0.185072
173.303 2.87641 39.9528 0.153804
173.36 2.88221 40.1146 0.0662365
173.416 2.88222 40.2765 -0.0487836
173.472 2.87485 40.4382 -0.190392
173.528 2.85871 40.5992 -0.349329
173.584 2.83342 40.759 -0.519461
173.64 2.7981 40.9171 -0.694977
173.697 2.75398 41.0728 -0.844665
173.753 2.70205 41.2258 -0.974961
173.809 2.64332 41.3757 -1.08754
173.865 2.58073 41.5221 -1.12088
173.921 2.51891 41.6649 -1.07907
173.978 2.46138 41.8045 -0.977872
174.034 2.41335 41.9411 -0.760225
174.09 2.37998 42.0755 -0.470169
174.146 2.36538 42.2086 -0.106174
174.202 2.37405 42.3417 0.338982
174.258 2.40976 42.4761 0.839096
174.315 2.47456 42.6135 1.36649
174.371 2.57047 42.7556 1.93035
174.427 2.69735 42.9042 2.47025
174.483 2.8531 43.0609 2.96451
174.539 3.0345 43.2272 3.39196
174.596 3.23724 43.4044 3.7416
174.652 3.45673 43.5936 4.00128
174.708 3.68642 43.7955 4.13837
174.764 3.92139 44.0105 4.20304
174.82 4.15728 44.2388 4.18636
174.876 4.39022 44.4802 4.11941
174.933 4.61779 44.7345 3.99619
174.989 4.83639 45.0014 3.82127
175.045 5.04419 45.2801 3.61479
175.101 5.24004 45.5702 3.4003
175.153 5.41017 45.8496 3.17141
175.206 5.57074 46.1419 2.92746
175.261 5.72139 46.4488 2.68724
175.316 5.86108 46.7683 2.44272
175.371 5.98796 47.096 2.21083
175.426 6.10283 47.4316 1.99547
175.483 6.20909 47.7784 1.82289
175.539 6.30704 48.131 1.6929
175.595 6.39972 48.4889 1.63549
175.651 6.49236 48.852 1.66334
175.708 6.58942 49.2204 1.77329
175.764 6.69465 49.5945 1.94198
175.82 6.81051 49.9749 2.14398
175.876 6.93844 50.3622 2.36699
175.933 7.07934 50.7572 2.5986
175.989 7.23205 51.1604 2.7963
176.045 7.39434 51.5723 2.93934
176.101 7.56258 51.9933 3.02011
176.157 7.73395 52.424 3.05574
176.213 7.90538 52.8642 3.04381
176.27 8.07408 53.3141 2.96501
176.326 8.23623 53.7732 2.82419
176.382 8.38729 54.2379 2.61879
176.438 8.52444 54.7141 2.3149
176.494 8.64227 55.1973 1.94586
176.546 8.73141 55.647 1.57117
176.597 8.79931 56.0941 1.17797
176.65 8.84901 56.5605 0.780744
176.703 8.87829 57.0348 0.39848
176.758 8.88927 57.5235 0.0693519
176.813 8.88199 58.0122 -0.266943
176.868 8.85626 58.4999 -0.605615
176.923 8.8112 58.9855 -0.962368
176.978 8.74579 59.468 -1.34757
177.034 8.65676 59.9523 -1.76621
177.09 8.54241 60.4349 -2.21589
177.146 8.40336 60.9103 -2.64738
177.202 8.23955 61.377 -3.09217
177.258 8.05102 61.8336 -3.52931
177.313 7.84372 62.2684 -3.94863
177.368 7.61261 62.6912 -4.38792
177.423 7.35702 63.1006 -4.83716
177.478 7.07353 63.4995 -5.29588
177.534 6.76521 63.8818 -5.73354
177.589 6.43332 64.2462 -6.14065
177.645 6.08304 64.5915 -6.42426
177.7 5.71878 64.9169 -6.64322
177.756 5.34531 65.2218 -6.78839
177.811 4.9657 65.5057 -6.86934
177.867 4.58349 65.7685 -6.89475
177.922 4.202 66.0101 -6.86593
177.978 3.82201 66.2306 -6.83151
178.034 3.44167 66.4315 -6.784
178.09 3.06286 66.612 -6.71313
178.146 2.68851 66.7715 -6.62522
178.202 2.31999 66.91 -6.50658
178.258 1.9593 67.0282 -6.36558
178.315 1.60786 67.1264 -6.17243
178.371 1.26875 67.2052 -5.94598
178.427 0.944476 67.2655 -5.64556
178.483 0.638768 67.3081 -5.30831
178.539 0.353708 67.3343 -4.9215
178.596 0.0908928 67.3452 -4.50171
178.652 -0.147286 67.3422 -4.06441
178.708 -0.361839 67.3266 -3.64582
178.764 -0.551749 67.2997 -3.20473
178.82 -0.716666 67.2631 -2.76261
178.876 -0.855804 67.218 -2.28207
178.933 -0.969188 67.166 -1.83658
178.989 -1.05709 67.1084 -1.35919
179.045 -1.1166 67.0469 -0.861612
179.101 -1.14822 66.983 -0.366744
179.157 -1.15258 66.9182 0.112834
179.213 -1.13019 66.8541 0.575255
179.27 -1.08379 66.7921 0.986391
179.326 -1.01669 66.7334 1.33136
179.382 -0.931985 66.679 1.62145
179.438 -0.832743 66.63 1.8519
179.494 -0.722168 66.5869 2.04642
179.551 -0.602939 66.5503 2.1652
179.607 -0.479088 66.5206 2.21719
179.662 -0.356893 66.4982 2.20658
179.716 -0.237915 66.4826 2.1666
179.771 -0.1216 66.4735 2.11441
179.826 -0.00927749 66.4705 2.02437
179.88 0.0988927 66.4736 1.96229
179.935 0.204297 66.4824 1.91834
179.989 0.309003 66.497 1.93374
180.045 0.419113 66.5179 2.00636
180.101 0.535945 66.5452 2.16972
180.157 0.666255 66.5796 2.42856
180.213 0.813732 66.6219 2.77062
180.269 0.983869 66.6733 3.2029
180.326 1.17984 66.7351 3.68137
180.382 1.4037 66.8088 4.19236
180.438 1.65604 66.8961 4.69471
180.494 1.93556 66.9985 5.1513
180.55 2.239 67.1174 5.54879
180.607 2.56055 67.254 5.81992
180.663 2.89454 67.4092 6.00222
180.719 3.23205 67.5832 5.98413
180.775 3.56145 67.7761 5.739
180.831 3.87149 67.9868 5.34884
180.888 4.15215 68.214 4.73317
180.94 4.37945 68.4391 4.03714
180.99 4.55961 68.6635 3.31979
181.044 4.7155 68.917 2.55418
181.1 4.83235 69.183 1.80365
181.156 4.9094 69.4563 1.10041
181.212 4.94969 69.7341 0.466826
181.269 4.95662 70.013 -0.0942472
181.325 4.93394 70.2912 -0.602818
181.381 4.88438 70.5673 -1.05943
181.437 4.81077 70.8397 -1.46552
181.494 4.71643 71.1073 -1.81645
181.55 4.60372 71.369 -2.12572
181.606 4.47493 71.6237 -2.38523
181.662 4.33281 71.8708 -2.62117
181.719 4.17879 72.1094 -2.79266
181.775 4.02032 72.3392 -2.8177
181.831 3.86323 72.5601 -2.76811
181.887 3.71049 72.7723 -2.66374
181.944 3.56373 72.9761 -2.56189
182 3.42347 73.1719 -2.44611
182.056 3.28923 73.3596 -2.35711
182.112 3.15932 73.54 -2.29596
182.169 3.031 73.7132 -2.2775
182.225 2.90231 73.8792 -2.30982
182.281 2.76962 74.0378 -2.39842
182.337 2.63163 74.1887 -2.49744
182.393 2.48753 74.3317 -2.60854
182.449 2.33718 74.4664 -2.70888
182.506 2.18292 74.5926 -2.75876
182.562 2.02702 74.7099 -2.77891
182.618 1.87205 74.8186 -2.73478
182.674 1.72189 74.9187 -2.62087
182.73 1.58059 75.0106 -2.4316
182.787 1.45229 75.095 -2.17247
182.843 1.3409 75.1727 -1.84467
182.899 1.25012 75.2449 -1.45328
182.955 1.18331 75.3128 -1.00851
183.011 1.14306 75.3778 -0.517907
183.067 1.13084 75.4415 -0.0151603
183.124 1.14677 75.5054 0.479638
183.18 1.18938 75.5711 0.939081
183.236 1.25652 75.6401 1.35978
183.292 1.34629 75.7136 1.75047
183.348 1.45696 75.7929 2.11377
183.404 1.58703 75.8791 2.44638
183.461 1.73588 75.9732 2.7895
183.517 1.90431 76.0763 3.13417
183.573 2.09145 76.1895 3.44419
183.629 2.29559 76.3138 3.75448
183.685 2.51748 76.4501 4.07992
183.742 2.75825 76.5996 4.42562
183.798 3.01837 76.7632 4.77066
183.854 3.2979 76.9422 5.11339
183.91 3.59655 77.1374 5.44625
183.966 3.91324 77.3501 5.76128
184.022 4.2458 77.5811 6.01207
184.079 4.58912 77.8311 6.16166
184.135 4.93792 78.1007 6.22713
184.191 5.2861 78.3898 6.16992
184.247 5.62856 78.6984 6.02642
184.303 5.95887 79.0258 5.76876
184.36 6.27114 79.3712 5.40001
184.416 6.56047 79.7334 4.97027
184.471 6.81667 80.102 4.46781
184.525 7.04059 80.4776 3.92954
184.579 7.23716 80.8701 3.36428
184.635 7.40419 81.2763 2.79482
184.69 7.54069 81.6906 2.25343
184.745 7.64904 82.1116 1.77044
184.801 7.73265 82.5378 1.35184
184.856 7.79643 82.9679 1.02465
184.911 7.84593 83.401 0.826666
184.967 7.88883 83.8366 0.766158
185.022 7.93393 84.2773 0.857521
185.079 7.98659 84.7247 0.99896
185.135 8.05014 85.1755 1.22619
185.191 8.12887 85.6291 1.52851
185.244 8.21974 86.066 1.80824
185.299 8.32645 86.5171 2.06762
185.354 8.44852 86.9788 2.31031
185.409 8.58455 87.4541 2.52752
185.465 8.73242 87.9372 2.73261
185.521 8.88865 88.429 2.83081
185.577 9.04751 88.9295 2.82771
185.632 9.20053 89.4388 2.6868
185.688 9.34233 89.9562 2.43503
185.737 9.45335 90.4165 2.13589
185.785 9.54653 90.8708 1.8235
185.835 9.6282 91.3553 1.49878
185.887 9.69551 91.8534 1.17536
185.938 9.74624 92.3545 0.862245
185.99 9.78343 92.8578 0.630894
186.042 9.81057 93.3726 0.438264
186.09 9.82753 93.8397 0.305383
186.138 9.84026 94.3181 0.241231
186.189 9.85232 94.8118 0.248602
186.241 9.86719 95.3302 0.308676
186.294 9.88526 95.8536 0.366403
186.342 9.90585 96.3268 0.460118
186.392 9.93237 96.8204 0.577419
186.444 9.96664 97.339 0.711137
186.497 10.0105 97.8734 0.890648
186.552 10.0662 98.4222 1.10642
186.607 10.1338 98.9744 1.31956
186.661 10.2121 99.5307 1.50983
186.716 10.2993 100.092 1.64922
186.77 10.3917 100.657 1.71459
186.825 10.485 101.228 1.68916
186.88 10.5724 101.804 1.52013
186.934 10.6461 102.384 1.21568
186.989 10.7 102.968 0.828165
187.045 10.7284 103.567 0.278999
187.101 10.7231 104.17 -0.361181
187.157 10.6806 104.771 -1.02433
187.213 10.5997 105.368 -1.7163
187.27 10.48 105.96 -2.40464
187.326 10.3222 106.543 -3.08263
187.382 10.1271 107.117 -3.72126
187.437 9.90371 107.665 -4.31434
187.492 9.64617 108.203 -4.89791
187.547 9.35785 108.726 -5.43871
187.602 9.03999 109.233 -5.95724
187.658 8.69491 109.72 -6.44702
187.713 8.32564 110.188 -6.85257
187.768 7.93407 110.635 -7.2495
187.823 7.52135 111.06 -7.61968
187.879 7.08849 111.461 -7.98644
187.934 6.63697 111.837 -8.31788
187.989 6.16828 112.188 -8.59086
188.045 5.67968 112.517 -8.82764
188.101 5.17739 112.819 -9.02089
188.157 4.66929 113.093 -9.07551
188.213 4.1581 113.338 -9.11392
188.27 3.64771 113.555 -9.04967
188.326 3.14326 113.742 -8.9177
188.382 2.64859 113.902 -8.71808
188.438 2.1681 114.035 -8.44704
188.494 1.70413 114.141 -8.12456
188.551 1.25937 114.222 -7.77681
188.607 0.835486 114.278 -7.38444
188.663 0.434311 114.311 -6.96727
188.719 0.0581545 114.323 -6.50453
188.775 -0.289911 114.314 -5.98099
188.831 -0.606905 114.287 -5.4069
188.888 -0.887864 114.243 -4.72554
188.944 -1.12942 114.185 -4.01805
189 -1.33076 114.115 -3.29049
189.056 -1.4902 114.034 -2.53906
189.112 -1.60895 113.947 -1.83941
189.169 -1.68873 113.853 -1.15715
189.225 -1.73273 113.757 -0.543032
189.281 -1.74525 113.659 -0.0123975
189.337 -1.73015 113.561 0.452125
189.393 -1.69094 113.465 0.848697
189.449 -1.63194 113.372 1.17985
189.504 -1.55932 113.286 1.43029
189.559 -1.47435 113.203 1.63264
189.614 -1.37787 113.125 1.81972
189.669 -1.27194 113.052 1.98576
189.724 -1.15682 112.986 2.1524
189.779 -1.03232 112.926 2.32871
189.834 -0.897485 112.874 2.51327
189.89 -0.751816 112.829 2.72411
189.945 -0.594277 112.793 2.94773
190 -0.423499 112.765 3.2007
190.056 -0.234387 112.748 3.47828
190.112 -0.0294404 112.742 3.76097
190.169 0.192684 112.747 4.07863
190.225 0.432541 112.766 4.39249
190.281 0.68931 112.799 4.68526
190.337 0.961389 112.847 4.94089
190.393 1.24637 112.91 5.1625
190.449 1.54234 112.99 5.33084
190.506 1.84624 113.087 5.44442
190.562 2.15395 113.201 5.49224
190.618 2.46246 113.333 5.47664
190.674 2.76777 113.481 5.39842
190.73 3.06705 113.647 5.27051
190.787 3.35685 113.829 5.07309
190.843 3.63605 114.027 4.88422
190.897 3.89425 114.233 4.66919
190.949 4.12825 114.441 4.46904
191 4.3524 114.661 4.28031
191.056 4.58312 114.91 4.07039
191.111 4.80336 115.173 3.87125
191.168 5.01578 115.45 3.70705
191.224 5.21748 115.739 3.50272
191.28 5.40696 116.039 3.27583
191.336 5.58196 116.349 2.99095
191.392 5.7389 116.669 2.65058
191.449 5.87481 116.996 2.24913
191.505 5.98558 117.33 1.77853
191.561 6.06798 117.67 1.25557
191.617 6.12006 118.013 0.704271
191.674 6.1407 118.358 0.152644
191.73 6.13144 118.703 -0.366084
191.786 6.09512 119.047 -0.826071
191.842 6.03609 119.388 -1.18393
191.899 5.96058 119.725 -1.43701
191.952 5.87874 120.039 -1.58962
191.992 5.81402 120.273 -1.62563
192.041 5.73395 120.556 -1.62387
192.094 5.6525 120.856 -1.47351
192.148 5.58081 121.16 -1.20674
192.203 5.52477 121.465 -0.877141
192.258 5.49072 121.769 -0.439864
192.314 5.48406 122.073 0.103318
192.37 5.50742 122.381 0.629329
192.426 5.56166 122.693 1.19132
192.482 5.64757 123.008 1.74506
192.539 5.76296 123.33 2.24072
192.595 5.90368 123.659 2.66111
192.651 6.06451 123.997 2.96743
192.707 6.23833 124.344 3.14649
192.764 6.41777 124.701 3.20732
192.82 6.59722 125.068 3.15443
192.876 6.77136 125.445 3.04284
192.932 6.93627 125.832 2.84838
192.989 7.08943 126.228 2.62582
193.045 7.2277 126.631 2.35121
193.101 7.35199 127.041 2.12212
193.157 7.46314 127.458 1.89716
193.213 7.56429 127.881 1.75108
193.27 7.66025 128.309 1.68282
193.326 7.75435 128.742 1.67655
193.382 7.85078 129.181 1.74647
193.438 7.95104 129.626 1.80697
193.494 8.05431 130.076 1.86424
193.551 8.15887 130.532 1.85183
193.607 8.2608 130.994 1.77656
193.663 8.35561 131.461 1.61826
193.719 8.43985 131.933 1.4211
193.775 8.51043 132.41 1.14168
193.831 8.56449 132.89 0.841794
193.888 8.60046 133.372 0.50071
193.944 8.61666 133.856 0.143889
194 8.61309 134.34 -0.205086
194.056 8.58959 134.823 -0.552631
194.112 8.54708 135.305 -0.887219
194.169 8.48636 135.783 -1.20271
194.225 8.4093 136.257 -1.47785
194.281 8.31818 136.726 -1.71744
194.337 8.21492 137.19 -1.9219
194.393 8.10185 137.648 -2.06844
194.449 7.98267 138.099 -2.14748
194.506 7.86082 138.544 -2.17643
194.562 7.73903 138.981 -2.15664
194.618 7.61997 139.412 -2.08993
194.674 7.50684 139.836 -1.96348
194.73 7.40121 140.254 -1.81408
194.787 7.30537 140.667 -1.62964
194.843 7.22009 141.074 -1.44346
194.899 7.14646 141.477 -1.22749
194.955 7.08371 141.877 -1.04447
195.011 7.03083 142.273 -0.872488
195.067 6.98737 142.666 -0.711341
195.124 6.95191 143.058 -0.585548
195.18 6.92261 143.447 -0.479461
195.236 6.89895 143.835 -0.380922
195.292 6.87981 144.222 -0.318124
195.348 6.86388 144.608 -0.265106
195.404 6.84948 144.993 -0.255371
195.461 6.83532 145.378 -0.25244
195.517 6.82144 145.761 -0.249357
195.573 6.80782 146.144 -0.2424
195.629 6.79447 146.526 -0.235909
195.685 6.78139 146.907 -0.229148
195.742 6.76872 147.288 -0.221722
195.798 6.7566 147.668 -0.209922
195.854 6.74524 148.047 -0.193937
195.91 6.73494 148.425 -0.173666
195.966 6.72572 148.803 -0.160122
196.022 6.71736 149.176 -0.147114
196.075 6.7094 149.531 -0.153853
196.128 6.701 149.886 -0.161036
196.182 6.69193 150.247 -0.169994
196.236 6.68191 150.614 -0.190993
196.292 6.66988 150.983 -0.238091
196.347 6.65501 151.352 -0.296951
196.403 6.6358 151.721 -0.383692
196.459 6.61068 152.094 -0.492084
196.515 6.57825 152.466 -0.633664
196.572 6.53703 152.835 -0.801627
196.628 6.48606 153.202 -0.974611
196.684 6.42458 153.565 -1.17071
196.741 6.35163 153.925 -1.37527
196.797 6.26698 154.28 -1.58513
196.853 6.17088 154.63 -1.78072
196.91 6.06427 154.974 -1.9608
196.966 5.94835 155.312 -2.11275
197.022 5.82468 155.643 -2.24315
197.079 5.69539 155.966 -2.3377
197.135 5.56145 156.281 -2.40929
197.191 5.42385 156.589 -2.4761
197.247 5.28313 156.889 -2.52263
197.303 5.14191 157.181 -2.50551
197.36 5.00312 157.465 -2.44595
197.416 4.86835 157.742 -2.36654
197.472 4.73861 158.011 -2.26552
197.528 4.61602 158.273 -2.12247
197.584 4.50273 158.528 -1.94191
197.64 4.40008 158.778 -1.7526
197.697 4.30751 159.022 -1.57891
197.753 4.22498 159.261 -1.39943
197.809 4.15212 159.496 -1.23033
197.865 4.08794 159.727 -1.08615
197.921 4.0306 159.955 -0.988238
197.978 3.97728 160.179 -0.922321
198.034 3.92669 160.401 -0.890279
198.09 3.87715 160.62 -0.876443
198.146 3.82797 160.836 -0.874776
198.202 3.77869 161.05 -0.872499
198.258 3.73031 161.26 -0.854447
198.315 3.6832 161.468 -0.82538
198.371 3.63759 161.674 -0.794839
198.427 3.59422 161.876 -0.762645
198.483 3.55198 162.077 -0.737743
198.539 3.51072 162.275 -0.733868
198.596 3.46918 162.471 -0.747697
198.652 3.42559 162.664 -0.792855
198.708 3.37935 162.855 -0.839572
198.764 3.33179 163.044 -0.85293
198.82 3.28286 163.229 -0.886546
198.876 3.23255 163.412 -0.902869
198.933 3.18276 163.592 -0.873442
198.989 3.13473 163.769 -0.842127
199.045 3.08855 163.943 -0.793479
199.101 3.04817 164.116 -0.670143
199.157 3.01599 164.286 -0.501332
199.213 2.99419 164.454 -0.315884
199.27 2.98302 164.622 -0.120494
199.326 2.98234 164.79 0.0591435
199.382 2.98967 164.957 0.168461
199.438 3.00019 165.126 0.186265
199.494 3.00922 165.295 0.138845
199.551 3.01449 165.464 0.0598939
199.607 3.01525 165.633 -0.0133597
199.663 3.01252 165.803 -0.0701667
199.719 3.0071 165.972 -0.121368
199.775 2.99832 166.14 -0.181835
199.831 2.98532 166.308 -0.271271
199.888 2.96689 166.475 -0.367767
199.944 2.94285 166.641 -0.467638
200 2.91445 166.806 -0.528072
200.056 2.88296 166.968 -0.568804
200.112 2.85077 167.129 -0.568136
200.169 2.82105 167.288 -0.496118
200.225 2.79772 167.446 -0.34685
200.281 2.78395 167.603 -0.175363
200.337 2.78158 167.759 0.0565628
200.393 2.79492 167.916 0.36091
200.449 2.82523 168.074 0.659653
200.506 2.87211 168.234 0.953359
200.562 2.93441 168.397 1.20398
200.618 3.00783 168.565 1.37464
200.674 3.09062 168.736 1.53857
200.73 3.18349 168.913 1.7316
200.787 3.28735 169.095 1.92993
200.843 3.40308 169.284 2.14378
200.899 3.53122 169.479 2.37023
200.955 3.67163 169.682 2.58847
201.011 3.8239 169.894 2.78705
201.067 3.9863 170.114 2.95717
201.124 4.15708 170.344 3.09296
201.18 4.33416 170.583 3.17695
201.236 4.51396 170.833 3.21177
201.292 4.6939 171.092 3.19486
201.348 4.87141 171.362 3.12634
201.404 5.04254 171.641 2.98324
201.461 5.20299 171.93 2.75687
201.517 5.34706 172.227 2.42223
201.573 5.47016 172.532 2.02942
201.629 5.56976 172.843 1.5973
201.685 5.64524 173.158 1.17028
201.742 5.69692 173.477 0.758738
201.798 5.72692 173.799 0.382262
201.854 5.73641 174.121 0.036078
201.91 5.72836 174.443 -0.254555
201.966 5.7064 174.764 -0.470229
202.022 5.67481 175.084 -0.611723
202.079 5.63791 175.401 -0.678815
202.135 5.59981 175.717 -0.66483
202.191 5.56529 176.03 -0.574506
202.247 5.53881 176.342 -0.387703
202.303 5.52657 176.652 -0.0940388
202.36 5.53244 176.963 0.24589
202.416 5.56161 177.275 0.716425
202.472 5.6195 177.589 1.24841
202.528 5.70939 177.907 1.84543
202.584 5.83291 178.232 2.45199
202.64 5.99218 178.565 3.08985
202.697 6.18741 178.908 3.73819
202.753 6.4192 179.263 4.37802
202.809 6.68564 179.633 4.96281
202.865 6.98226 180.018 5.46164
202.921 7.30053 180.421 5.77732
202.978 7.63222 180.843 5.96022
203.034 7.96701 181.283 5.93742
203.09 8.2957 181.741 5.77486
203.146 8.61162 182.218 5.51987
203.202 8.91342 182.712 5.28013
203.258 9.20502 183.223 5.13156
203.315 9.49129 183.75 5.07848
203.371 9.77685 184.292 5.08645
203.426 10.0591 184.843 5.10646
203.481 10.3408 185.408 5.09696
203.537 10.6199 185.987 5.02997
203.592 10.8946 186.582 4.93913
203.646 11.1573 187.179 4.81667
203.699 11.4121 187.786 4.70028
203.753 11.6607 188.407 4.58332
203.802 11.8828 188.986 4.48168
203.852 12.1014 189.58 4.37104
203.901 12.3137 190.185 4.23078
203.951 12.5172 190.8 4.01657
204 12.7081 191.425 3.74396
204.054 12.8977 192.115 3.36831
204.108 13.0639 192.814 2.90598
204.161 13.2026 193.521 2.36092
204.215 13.3112 194.234 1.78392
204.269 13.3875 194.952 1.17188
204.323 13.4291 195.674 0.501327
204.376 13.4335 196.396 -0.198387
204.43 13.3996 197.117 -0.911719
204.484 13.3276 197.835 -1.63196
204.538 13.215 198.558 -2.35178
204.593 13.062 199.279 -3.06653
204.648 12.8706 199.991 -3.7603
204.703 12.6425 200.691 -4.40789
204.758 12.3797 201.377 -5.0206
204.813 12.0849 202.048 -5.58067
204.868 11.7611 202.702 -6.09238
204.923 11.4115 203.337 -6.52479
204.978 11.0402 203.952 -6.90163
205.034 10.6458 204.554 -7.19122
205.09 10.2334 205.138 -7.42594
205.146 9.81093 205.698 -7.56869
205.202 9.38227 206.235 -7.6575
205.258 8.95112 206.748 -7.67921
205.315 8.52014 207.236 -7.66383
205.371 8.09301 207.7 -7.56465
205.427 7.67114 208.141 -7.45937
205.483 7.25756 208.558 -7.28903
205.539 6.85509 208.952 -7.06902
205.596 6.46694 209.324 -6.79477
205.652 6.09582 209.674 -6.46863
205.708 5.74599 210.005 -6.05669
205.764 5.42174 210.317 -5.57213
205.82 5.12698 210.611 -5.01415
205.876 4.86597 210.89 -4.39064
205.933 4.64151 211.156 -3.72255
205.989 4.45626 211.41 -3.00797
206.045 4.3122 211.656 -2.26943
206.101 4.21013 211.894 -1.5159
206.157 4.15021 212.129 -0.769288
206.213 4.13113 212.358 -0.0525651
206.268 4.15087 212.588 0.623209
206.322 4.20419 212.811 1.23749
206.376 4.28846 213.04 1.77845
206.43 4.40246 213.279 2.27465
206.485 4.54091 213.524 2.69532
206.541 4.70455 213.784 3.07317
206.597 4.88749 214.053 3.39025
206.653 5.08533 214.333 3.62875
206.708 5.29167 214.621 3.80117
206.762 5.50141 214.914 3.93923
206.816 5.71662 215.218 4.01039
206.87 5.93398 215.534 4.02688
206.924 6.15101 215.861 4.00984
206.978 6.3657 216.201 3.93578
207.034 6.57881 216.56 3.78604
207.09 6.78704 216.937 3.6169
207.146 6.98411 217.325 3.41566
207.202 7.16786 217.723 3.17571
207.258 7.33692 218.132 2.89393
207.315 7.48918 218.549 2.57708
207.371 7.62318 218.974 2.25498
207.427 7.7385 219.407 1.92524
207.483 7.83407 219.841 1.5782
207.537 7.90849 220.267 1.24373
207.59 7.96511 220.692 0.938668
207.644 8.00569 221.123 0.627238
207.698 8.0293 221.555 0.31175
207.752 8.03657 221.988 0.0148353
207.806 8.02792 222.421 -0.270691
207.86 8.00456 222.854 -0.540987
207.914 7.96644 223.284 -0.810862
207.968 7.91424 223.712 -1.06654
208.022 7.84767 224.144 -1.30546
208.079 7.76644 224.582 -1.53206
208.135 7.6737 225.015 -1.73366
208.191 7.57002 225.443 -1.9085
208.247 7.45703 225.864 -2.06647
208.303 7.33816 226.273 -2.19931
208.357 7.21472 226.669 -2.30365
208.412 7.08421 227.062 -2.40743
208.468 6.94799 227.45 -2.48324
208.523 6.80823 227.831 -2.5429
208.578 6.66556 228.204 -2.58706
208.634 6.52097 228.569 -2.61053
208.689 6.37577 228.926 -2.61764
208.744 6.23413 229.267 -2.60819
208.797 6.09524 229.595 -2.58892
208.85 5.95783 229.917 -2.55812
208.904 5.82259 230.23 -2.51827
208.957 5.69012 230.537 -2.4562
209.011 5.55965 230.84 -2.38915
209.067 5.42866 231.148 -2.28962
209.124 5.30379 231.449 -2.18115
209.18 5.18516 231.743 -2.0568
209.236 5.07346 232.03 -1.94692
209.292 4.96866 232.311 -1.81316
209.348 4.87205 232.587 -1.65631
209.404 4.78511 232.854 -1.50407
209.458 4.70888 233.111 -1.33767
209.511 4.6431 233.36 -1.1673
209.564 4.58698 233.605 -0.986542
209.618 4.54062 233.847 -0.797696
209.671 4.50404 234.087 -0.616295
209.724 4.47696 234.326 -0.433397
209.777 4.45943 234.563 -0.258273
209.83 4.45163 234.799 -0.0817885
209.883 4.45259 235.036 0.0799205
209.936 4.46223 235.273 0.241188
209.989 4.47936 235.51 0.37817
210.043 4.50444 235.753 0.511263
210.098 4.5362 236.002 0.621556
210.154 4.5741 236.255 0.721551
210.21 4.61705 236.511 0.797588
210.265 4.66377 236.769 0.85533
210.321 4.71357 237.031 0.905894
210.377 4.76473 237.295 0.926393
210.432 4.81661 237.562 0.943379
210.488 4.8681 237.831 0.915242
210.544 4.91857 238.104 0.896804
210.599 4.96754 238.38 0.85953
210.655 5.01391 238.658 0.80962
210.711 5.0567 238.938 0.737665
210.766 5.09486 239.221 0.649317
210.822 5.12784 239.506 0.545846
210.878 5.15467 239.792 0.427013
210.933 5.1752 240.08 0.309835
210.989 5.18828 240.368 0.176191
211.045 5.1928 240.659 0.0117614
211.101 5.18804 240.951 -0.154725
211.157 5.1731 241.242 -0.340401
211.213 5.14704 241.532 -0.540988
211.27 5.10929 241.82 -0.757587
211.326 5.05926 242.105 -0.979251
211.382 4.99644 242.387 -1.20975
211.437 4.92247 242.662 -1.42065
211.493 4.83692 242.93 -1.63699
211.548 4.73955 243.194 -1.85255
211.603 4.63022 243.452 -2.07121
211.658 4.50939 243.703 -2.26803
211.713 4.37768 243.948 -2.46659
211.767 4.24028 244.177 -2.63955
211.82 4.09508 244.398 -2.79892
211.873 3.94167 244.61 -2.94171
211.926 3.78125 244.814 -3.08338
211.979 3.61386 245.009 -3.202
212.034 3.43433 245.202 -3.30849
212.09 3.24548 245.388 -3.39368
212.146 3.05277 245.564 -3.44724
212.202 2.8576 245.729 -3.48643
212.258 2.66126 245.883 -3.49273
212.315 2.46584 246.026 -3.46835
212.371 2.27282 246.158 -3.41161
212.427 2.08362 246.279 -3.32987
212.483 1.90032 246.39 -3.21185
212.539 1.72515 246.491 -3.04732
212.596 1.56001 246.582 -2.859
212.652 1.40704 246.665 -2.63114
212.708 1.26784 246.739 -2.36652
212.764 1.14467 246.806 -2.07292
212.82 1.03892 246.867 -1.7536
212.876 0.952821 246.922 -1.38322
212.933 0.887962 246.973 -1.00035
212.989 0.845676 247.022 -0.581593
213.045 0.82723 247.068 -0.16171
213.101 0.832855 247.115 0.2714
213.157 0.862195 247.163 0.685928
213.213 0.914196 247.213 1.08308
213.27 0.987843 247.267 1.45379
213.326 1.08013 247.325 1.76445
213.382 1.18827 247.389 2.02225
213.438 1.30839 247.46 2.20863
213.494 1.43682 247.538 2.32803
213.551 1.56961 247.623 2.37866
213.607 1.70398 247.716 2.39253
213.663 1.83829 247.816 2.38684
213.719 1.97225 247.924 2.38527
213.775 2.10621 248.039 2.39183
213.831 2.24117 248.162 2.40521
213.888 2.37593 248.292 2.39135
213.944 2.50854 248.43 2.3291
214 2.63688 248.576 2.24416
214.056 2.7588 248.728 2.11765
214.112 2.87142 248.887 1.90962
214.169 2.97039 249.052 1.6583
214.225 3.05461 249.221 1.38903
214.281 3.12296 249.395 1.10195
214.337 3.17667 249.573 0.864263
214.393 3.21854 249.753 0.674526
214.449 3.25146 249.935 0.53267
214.506 3.27815 250.118 0.438351
214.562 3.30026 250.303 0.362373
214.618 3.31748 250.489 0.265295
214.674 3.32765 250.676 0.121302
214.73 3.32763 250.863 -0.0855668
214.787 3.31487 251.049 -0.328923
214.843 3.28761 251.235 -0.588135
214.899 3.2454 251.418 -0.861013
214.955 3.18834 251.599 -1.11174
215.011 3.118 251.775 -1.34437
215.067 3.03518 251.948 -1.56108
215.124 2.93964 252.115 -1.79915
215.18 2.82886 252.277 -2.08375
215.236 2.70161 252.431 -2.3849
215.292 2.55922 252.578 -2.63743
215.348 2.40411 252.717 -2.8162
215.404 2.24305 252.847 -2.88898
215.461 2.08191 252.967 -2.84834
215.517 1.92366 253.079 -2.79276
215.573 1.7705 253.182 -2.67983
215.629 1.62413 253.276 -2.55671
215.685 1.48571 253.363 -2.40717
215.742 1.35571 253.442 -2.2494
215.798 1.23508 253.514 -2.07711
215.854 1.12417 253.579 -1.90436
215.91 1.02335 253.639 -1.7169
215.966 0.933734 253.694 -1.51546
216.022 0.855247 253.743 -1.31443
216.079 0.788173 253.789 -1.11303
216.135 0.732389 253.831 -0.91099
216.191 0.68773 253.871 -0.71747
216.247 0.653504 253.908 -0.539984
216.303 0.628461 253.944 -0.382356
216.36 0.611229 253.979 -0.260962
216.416 0.59939 254.013 -0.183032
216.472 0.590426 254.046 -0.149213
216.528 0.582191 254.079 -0.146987
216.584 0.57226 254.112 -0.200437
216.64 0.557732 254.143 -0.308175
216.697 0.534529 254.174 -0.491688
216.753 0.49881 254.203 -0.739807
216.809 0.446064 254.229 -1.07744
216.865 0.371551 254.252 -1.50245
216.921 0.27209 254.269 -1.95351
216.978 0.146685 254.281 -2.41807
217.034 -0.00406073 254.284 -2.85658
217.09 -0.178486 254.278 -3.2681
217.146 -0.374656 254.261 -3.63048
217.202 -0.589099 254.233 -3.93821
217.258 -0.819806 254.192 -4.21568
217.315 -1.06423 254.138 -4.43667
217.371 -1.31929 254.07 -4.5922
217.427 -1.58056 253.987 -4.68374
217.483 -1.84516 253.889 -4.71992
217.539 -2.1087 253.776 -4.65644
217.596 -2.36676 253.649 -4.54666
217.652 -2.61695 253.508 -4.38131
217.708 -2.85571 253.353 -4.1601
217.764 -3.08109 253.185 -3.9068
217.82 -3.29181 253.004 -3.65184
217.876 -3.48958 252.813 -3.42075
217.933 -3.67488 252.61 -3.22111
217.989 -3.85055 252.398 -3.06781
218.045 -4.01844 252.176 -2.93587
218.101 -4.17966 251.945 -2.82718
218.157 -4.33491 251.705 -2.72061
218.213 -4.48362 251.456 -2.59997
218.27 -4.62576 251.199 -2.48004
218.326 -4.76022 250.935 -2.3305
218.382 -4.88541 250.663 -2.14848
218.438 -4.99846 250.385 -1.91505
218.494 -5.09744 250.101 -1.65599
218.551 -5.18095 249.811 -1.36798
218.607 -5.24782 249.518 -1.06952
218.663 -5.29741 249.221 -0.753819
218.719 -5.32873 248.923 -0.421678
218.773 -5.34145 248.632 -0.11402
218.825 -5.33892 248.357 0.15367
218.876 -5.32321 248.083 0.403015
218.928 -5.29558 247.81 0.614067
218.979 -5.25848 247.538 0.785701
219.033 -5.2117 247.257 0.917042
219.089 -5.15663 246.97 1.02472
219.144 -5.09785 246.685 1.07333
219.2 -5.03685 246.401 1.09426
219.257 -4.97565 246.119 1.08009
219.313 -4.91659 245.841 1.02878
219.369 -4.86102 245.566 0.956337
219.426 -4.81138 245.294 0.835626
219.482 -4.76874 245.025 0.698343
219.538 -4.73601 244.757 0.495129
219.595 -4.71495 244.491 0.29625
219.651 -4.7041 244.226 0.117744
219.707 -4.70466 243.961 -0.0855446
219.763 -4.71564 243.696 -0.259343
219.82 -4.73538 243.43 -0.409917
219.876 -4.76273 243.162 -0.53807
219.932 -4.79489 242.893 -0.588204
219.989 -4.82932 242.622 -0.632244
220.045 -4.86627 242.349 -0.6635
220.101 -4.90318 242.075 -0.658449
220.157 -4.94208 241.798 -0.718625
220.213 -4.98431 241.519 -0.771849
220.27 -5.0304 241.237 -0.857143
220.326 -5.08252 240.953 -0.973552
220.382 -5.14199 240.666 -1.11678
220.437 -5.20901 240.382 -1.29532
220.492 -5.28606 240.093 -1.48071
220.547 -5.37541 239.798 -1.69483
220.602 -5.47512 239.498 -1.88024
220.658 -5.58487 239.192 -2.05578
220.713 -5.70308 238.879 -2.19823
220.768 -5.82774 238.56 -2.28761
220.823 -5.95659 238.234 -2.3589
220.878 -6.08839 237.9 -2.39716
220.934 -6.2211 237.56 -2.40776
220.989 -6.35302 237.212 -2.37106
221.045 -6.4839 236.852 -2.30658
221.101 -6.61086 236.483 -2.22398
221.157 -6.73175 236.108 -2.09689
221.213 -6.84466 235.725 -1.94319
221.27 -6.9472 235.337 -1.76562
221.326 -7.03804 234.944 -1.52761
221.381 -7.11509 234.551 -1.28735
221.437 -7.17769 234.156 -1.02841
221.492 -7.22542 233.758 -0.758445
221.547 -7.25672 233.358 -0.446932
221.602 -7.27071 232.956 -0.116501
221.657 -7.2651 232.555 0.249601
221.713 -7.23907 232.154 0.622011
221.768 -7.1897 231.756 1.069
221.823 -7.11638 231.361 1.4996
221.878 -7.01916 230.971 1.93194
221.934 -6.89701 230.587 2.39243
221.989 -6.74946 230.211 2.85709
222.045 -6.57474 229.839 3.29819
222.101 -6.37419 229.476 3.74187
222.157 -6.15074 229.125 4.13439
222.213 -5.90591 228.788 4.50641
222.27 -5.64167 228.465 4.82618
222.325 -5.36351 228.16 5.11032
222.382 -5.0684 227.868 5.34181
222.438 -4.7613 227.594 5.54239
222.494 -4.44432 227.337 5.70332
222.55 -4.11938 227.098 5.82477
222.606 -3.78876 226.877 5.91917
222.663 -3.45452 226.676 5.96309
222.719 -3.11801 226.493 5.99435
222.775 -2.78063 226.329 5.99745
222.831 -2.44334 226.184 5.99095
222.888 -2.10861 226.058 5.92718
222.944 -1.77756 225.95 5.85647
223 -1.4515 225.861 5.75746
223.056 -1.13156 225.791 5.65256
223.112 -0.818873 225.738 5.50532
223.169 -0.514038 225.702 5.37382
223.224 -0.21809 225.683 5.25053
223.28 0.0682332 225.681 5.11738
223.336 0.348433 225.694 4.96412
223.391 0.621062 225.723 4.83206
223.446 0.879578 225.765 4.67922
223.501 1.13448 225.822 4.54074
223.557 1.38165 225.893 4.39732
223.612 1.62016 225.978 4.24527
223.668 1.85022 226.075 4.09176
223.723 2.07106 226.185 3.91304
223.778 2.28158 226.307 3.73051
223.834 2.48244 226.44 3.54931
223.889 2.67387 226.584 3.39414
223.945 2.85607 226.738 3.21949
224 3.03016 226.902 3.08303
224.056 3.19788 227.078 2.91387
224.112 3.35518 227.263 2.72653
224.169 3.50215 227.457 2.53091
224.225 3.63701 227.658 2.30013
224.281 3.75704 227.866 2.01584
224.337 3.85981 228.081 1.70207
224.393 3.94407 228.301 1.363
224.449 4.00927 228.525 1.0217
224.506 4.05605 228.752 0.709325
224.562 4.08568 228.981 0.410595
224.617 4.09982 229.208 0.154212
224.671 4.10058 229.429 -0.077634
224.726 4.08917 229.653 -0.292775
224.781 4.06636 229.877 -0.497837
224.836 4.03282 230.098 -0.68106
224.89 3.98968 230.318 -0.859475
224.945 3.93659 230.535 -1.03776
225 3.87293 230.749 -1.24967
225.056 3.79558 230.964 -1.46116
225.112 3.7067 231.174 -1.66016
225.169 3.60701 231.379 -1.84603
225.225 3.49842 231.578 -1.98686
225.281 3.38298 231.771 -2.09504
225.337 3.26338 231.957 -2.14478
225.393 3.14236 232.136 -2.15501
225.449 3.0217 232.308 -2.13878
225.506 2.90246 232.474 -2.1089
225.562 2.78545 232.633 -2.06634
225.618 2.67094 232.786 -2.02291
225.673 2.56021 232.929 -2.00242
225.728 2.45208 233.065 -1.98009
225.782 2.34443 233.195 -1.97852
225.837 2.23684 233.32 -1.9763
225.891 2.12917 233.438 -1.98448
225.946 2.02131 233.55 -1.98128
226 1.91333 233.657 -1.97744
226.056 1.80166 233.761 -1.99046
226.112 1.68935 233.858 -2.00697
226.169 1.57557 233.949 -2.03852
226.225 1.45924 234.034 -2.09211
226.281 1.33965 234.112 -2.1459
226.337 1.21699 234.183 -2.20895
226.393 1.09093 234.247 -2.26608
226.449 0.961769 234.304 -2.32096
226.503 0.835387 234.352 -2.36309
226.557 0.707428 234.393 -2.40678
226.611 0.57572 234.427 -2.45425
226.666 0.439688 234.454 -2.48026
226.722 0.301091 234.474 -2.49756
226.777 0.161048 234.486 -2.51876
226.833 0.0209385 234.49 -2.51129
226.889 -0.117955 234.486 -2.49188
226.944 -0.255508 234.475 -2.4553
227 -0.390513 234.457 -2.40015
227.056 -0.523327 234.43 -2.34062
227.112 -0.651985 234.396 -2.25865
227.169 -0.775787 234.356 -2.16504
227.225 -0.893849 234.308 -2.0565
227.281 -1.0054 234.254 -1.94403
227.336 -1.10813 234.195 -1.79014
227.39 -1.20129 234.132 -1.65661
227.445 -1.28701 234.064 -1.52195
227.499 -1.36566 233.991 -1.40205
227.554 -1.43642 233.914 -1.24645
227.608 -1.50026 233.834 -1.12261
227.664 -1.5587 233.748 -0.98606
227.72 -1.60927 233.659 -0.846546
227.776 -1.65112 233.567 -0.679854
227.832 -1.6834 233.474 -0.504729
227.888 -1.70572 233.379 -0.326653
227.944 -1.71776 233.283 -0.134229
228 -1.71804 233.187 0.0844597
228.056 -1.7052 233.09 0.32939
228.112 -1.6773 232.995 0.613453
228.169 -1.63254 232.903 0.908952
228.225 -1.5681 232.813 1.29492
228.281 -1.48184 232.728 1.69222
228.337 -1.37278 232.648 2.11245
228.393 -1.24063 232.576 2.54745
228.448 -1.08493 232.513 3.00547
228.502 -0.906915 232.459 3.43045
228.557 -0.708767 232.416 3.81973
228.611 -0.490378 232.385 4.17723
228.666 -0.247723 232.366 4.47749
228.722 0.010299 232.361 4.73423
228.777 0.280088 232.37 4.90837
228.833 0.55579 232.395 4.97229
228.889 0.833923 232.435 5.00769
228.944 1.11337 232.491 5.02975
229 1.39346 232.562 5.03876
229.056 1.6775 232.65 5.06947
229.112 1.96439 232.754 5.13705
229.169 2.25693 232.874 5.2534
229.225 2.55723 233.011 5.41139
229.281 2.86737 233.165 5.603
229.337 3.18903 233.337 5.80957
229.393 3.52297 233.527 6.02839
229.449 3.86748 233.737 6.18507
229.506 4.2178 233.966 6.2445
229.562 4.56665 234.215 6.16084
229.618 4.90414 234.483 5.88271
229.674 5.21987 234.769 5.42028
229.73 5.50488 235.072 4.82281
229.784 5.74333 235.377 4.14872
229.838 5.94332 235.689 3.48768
229.888 6.10101 235.996 2.86404
229.939 6.22984 236.31 2.32459
229.99 6.33271 236.629 1.84117
230.044 6.4181 236.978 1.38866
230.101 6.48233 237.34 0.990068
230.157 6.52505 237.706 0.608792
230.213 6.5471 238.074 0.252473
230.269 6.5504 238.442 -0.0636242
230.325 6.53763 238.81 -0.331989
230.382 6.51118 239.176 -0.553286
230.431 6.47963 239.498 -0.686472
230.48 6.44368 239.811 -0.770045
230.521 6.41148 240.076 -0.785969
230.565 6.37723 240.356 -0.778928
230.612 6.34171 240.656 -0.730815
230.662 6.3081 240.974 -0.618589
230.715 6.28013 241.304 -0.476445
230.768 6.25979 241.635 -0.32614
230.82 6.24842 241.966 -0.150842
230.873 6.24487 242.296 -0.0140341
230.926 6.2475 242.626 0.0934846
230.979 6.25466 242.956 0.159062
231.034 6.26396 243.299 0.167164
231.09 6.27331 243.652 0.155475
231.146 6.28026 244.004 0.0950101
231.202 6.28275 244.357 0.0019755
231.258 6.27863 244.71 -0.12685
231.315 6.26628 245.062 -0.277775
231.371 6.24478 245.414 -0.450611
231.427 6.21341 245.764 -0.624614
231.483 6.17428 246.111 -0.742188
231.539 6.12965 246.457 -0.820726
231.596 6.08302 246.8 -0.825761
231.652 6.03939 247.14 -0.723307
231.708 6.00361 247.478 -0.559427
231.764 5.98255 247.814 -0.243543
231.82 5.98203 248.15 0.151438
231.876 6.00655 248.487 0.652133
231.933 6.0629 248.826 1.24452
231.989 6.1544 249.17 1.90177
232.045 6.28481 249.52 2.60898
232.101 6.45472 249.878 3.28434
232.157 6.66252 250.246 3.98765
232.212 6.90449 250.623 4.59866
232.267 7.17136 251.006 5.12505
232.321 7.46801 251.409 5.59454
232.377 7.78882 251.83 5.96808
232.43 8.11774 252.258 6.24732
232.484 8.46162 252.704 6.51616
232.537 8.81677 253.17 6.66831
232.589 9.16735 253.639 6.80296
232.643 9.53168 254.139 6.87303
232.697 9.90576 254.667 6.91167
232.751 10.2779 255.215 6.85103
232.803 10.6324 255.763 6.73486
232.854 10.9674 256.31 6.59409
232.906 11.3073 256.894 6.42014
232.958 11.6368 257.496 6.21358
233.011 11.9583 258.121 5.99253
233.066 12.2819 258.792 5.76707
233.122 12.5949 259.485 5.54277
233.177 12.8945 260.195 5.28841
233.233 13.1831 260.928 5.04678
233.289 13.4579 261.676 4.81136
233.344 13.7137 262.42 4.59631
233.4 13.9628 263.19 4.39922
233.455 14.2018 263.974 4.23232
233.511 14.4321 264.772 4.09182
233.566 14.656 265.581 3.98819
233.622 14.8753 266.403 3.92196
233.678 15.092 267.237 3.88574
233.733 15.3078 268.083 3.88574
233.787 15.5165 268.907 3.93186
233.84 15.7281 269.742 3.99
233.893 15.943 270.588 4.05808
233.943 16.1473 271.388 4.13387
233.991 16.3456 272.16 4.20079
234.042 16.5606 273.002 4.20283
234.093 16.7764 273.864 4.16006
234.145 16.9874 274.733 4.05427
234.196 17.1888 275.604 3.88696
234.247 17.3804 276.485 3.67663
234.297 17.5582 277.363 3.43753
234.347 17.7227 278.25 3.16001
234.397 17.8718 279.142 2.85057
234.446 18.0027 280.029 2.50902
234.496 18.1163 280.923 2.15464
234.545 18.2116 281.821 1.77199
234.595 18.287 282.723 1.36053
234.644 18.3419 283.629 0.940285
234.694 18.376 284.536 0.528807
234.743 18.3902 285.445 0.131242
234.792 18.3851 286.354 -0.258894
234.842 18.362 287.262 -0.607845
234.891 18.3222 288.168 -0.936269
234.941 18.2671 289.072 -1.22939
234.99 18.1988 289.973 -1.48334
235.04 18.1169 290.886 -1.72043
235.091 18.0236 291.798 -1.92721
235.141 17.9208 292.705 -2.1087
235.192 17.8081 293.613 -2.29275
235.243 17.686 294.52 -2.46168
235.295 17.5529 295.428 -2.66264
235.347 17.4083 296.333 -2.88277
235.399 17.2496 297.243 -3.11909
235.452 17.0783 298.146 -3.33993
235.506 16.8924 299.054 -3.55919
235.559 16.6951 299.956 -3.74675
235.613 16.4886 300.847 -3.90215
235.668 16.2688 301.751 -4.02436
235.724 16.0438 302.643 -4.08812
235.779 15.8174 303.522 -4.09162
235.834 15.5933 304.389 -4.0193
235.889 15.3759 305.244 -3.86395
235.945 15.1691 306.087 -3.64395
236 14.9776 306.919 -3.33827
236.056 14.8017 307.754 -2.98372
236.112 14.6473 308.581 -2.58736
236.169 14.5154 309.399 -2.18352
236.225 14.4074 310.211 -1.75419
236.281 14.3243 311.017 -1.28925
236.337 14.2676 311.82 -0.817034
236.393 14.2386 312.62 -0.322858
236.449 14.2378 313.42 0.196801
236.506 14.2668 314.221 0.738556
236.562 14.3271 315.024 1.29374
236.618 14.4176 315.832 1.81813
236.674 14.5362 316.646 2.3007
236.73 14.6792 317.467 2.69102
236.787 14.8404 318.297 2.97146
236.843 15.012 319.137 3.09595
236.895 15.1741 319.929 3.07114
236.948 15.3312 320.73 2.93059
237 15.4779 321.538 2.69565
237.054 15.6139 322.384 2.36246
237.109 15.7302 323.247 1.93973
237.165 15.8215 324.125 1.43941
237.221 15.8831 325.008 0.888174
237.276 15.9139 325.894 0.330464
237.332 15.9137 326.78 -0.219474
237.388 15.8832 327.665 -0.75088
237.443 15.8251 328.547 -1.22958
237.499 15.7408 329.425 -1.69993
237.555 15.6335 330.298 -2.08468
237.61 15.5045 331.164 -2.46806
237.666 15.3555 332.022 -2.81132
237.722 15.1889 332.871 -3.11436
237.777 15.0063 333.711 -3.37298
237.833 14.8116 334.54 -3.57791
237.889 14.6069 335.357 -3.73804
237.944 14.3951 336.164 -3.84675
238 14.1781 336.958 -3.93605
238.056 13.9545 337.747 -4.00577
238.112 13.7291 338.523 -4.0163
238.169 13.504 339.287 -3.9969
238.225 13.2813 340.038 -3.93587
238.281 13.063 340.777 -3.84943
238.337 12.8508 341.503 -3.71646
238.393 12.6481 342.218 -3.53095
238.449 12.4567 342.922 -3.31855
238.506 12.2785 343.616 -3.06726
238.562 12.1155 344.3 -2.78577
238.618 11.9689 344.976 -2.49656
238.674 11.8387 345.644 -2.19303
238.73 11.7262 346.305 -1.87219
238.787 11.6327 346.961 -1.52427
238.843 11.5594 347.612 -1.15326
238.899 11.5081 348.259 -0.756609
238.955 11.4798 348.905 -0.322924
239.011 11.4757 349.549 0.108548
239.067 11.4973 350.195 0.572683
239.124 11.5453 350.842 1.04404
239.18 11.6202 351.493 1.5185
239.236 11.7218 352.149 1.98745
239.292 11.8485 352.812 2.42911
239.348 11.9985 353.483 2.82208
239.402 12.1622 354.137 3.15058
239.457 12.3421 354.804 3.41114
239.512 12.5374 355.494 3.58743
239.568 12.7393 356.196 3.66399
239.623 12.9421 356.909 3.64283
239.678 13.14 357.633 3.51011
239.734 13.3292 358.368 3.3335
239.789 13.5061 359.113 3.0964
239.845 13.669 359.867 2.83636
239.9 13.8188 360.629 2.60796
239.956 13.9565 361.4 2.40475
240.011 14.0835 362.18 2.19757
240.067 14.1997 362.975 1.97815
240.124 14.3024 363.776 1.72205
240.18 14.3895 364.583 1.43383
240.236 14.4588 365.394 1.09915
240.292 14.5081 366.208 0.725872
240.348 14.536 367.024 0.342745
240.404 14.5421 367.841 -0.0400827
240.461 14.5279 368.657 -0.395101
240.517 14.4947 369.473 -0.723185
240.573 14.4434 370.285 -1.03432
240.629 14.376 371.095 -1.30653
240.685 14.294 371.899 -1.55883
240.742 14.1984 372.699 -1.80062
240.798 14.0892 373.493 -2.03695
240.854 13.9674 374.281 -2.26145
240.91 13.8324 375.061 -2.5006
240.966 13.6836 375.833 -2.74712
241.022 13.5217 376.597 -2.9707
241.079 13.3475 377.35 -3.1851
241.135 13.162 378.094 -3.37068
241.191 12.9672 378.827 -3.52495
241.247 12.7647 379.549 -3.65004
241.303 12.5565 380.259 -3.74145
241.36 12.3449 380.957 -3.77752
241.416 12.1325 381.643 -3.77534
241.472 11.9215 382.318 -3.73831
241.528 11.7136 382.981 -3.66794
241.584 11.5108 383.632 -3.5608
241.64 11.316 384.272 -3.40001
241.697 11.1313 384.901 -3.20581
241.753 10.959 385.521 -2.97683
241.809 10.8002 386.131 -2.72123
241.865 10.657 386.733 -2.43274
241.921 10.5305 387.327 -2.12412
241.978 10.4227 387.915 -1.7872
242.034 10.3343 388.498 -1.43289
242.09 10.2659 389.076 -1.07679
242.146 10.2174 389.651 -0.713081
242.201 10.1889 390.212 -0.376972
242.257 10.1791 390.777 -0.0416264
242.312 10.1877 391.342 0.280372
242.368 10.2137 391.908 0.5899
242.423 10.2565 392.476 0.89518
242.478 10.3157 393.047 1.17793
242.534 10.3904 393.622 1.456
242.589 10.4798 394.201 1.71658
242.645 10.583 394.786 1.95169
242.7 10.6986 395.377 2.16814
242.756 10.825 395.974 2.34509
242.811 10.9598 396.579 2.48121
242.867 11.1003 397.192 2.55688
242.922 11.2434 397.813 2.5835
242.978 11.3853 398.441 2.5194
243.034 11.5238 399.082 2.42635
243.09 11.6541 399.734 2.2359
243.146 11.7728 400.393 2.01629
243.202 11.8768 401.058 1.73608
243.258 11.9636 401.728 1.41113
243.315 12.0314 402.403 1.06815
243.371 12.0789 403.08 0.69183
243.427 12.1056 403.755 0.334396
243.482 12.1124 404.423 -0.0201635
243.537 12.0999 405.09 -0.355027
243.592 12.0697 405.756 -0.670648
243.647 12.0232 406.42 -0.948735
243.702 11.9634 407.081 -1.17585
243.757 11.8918 407.739 -1.36884
243.813 11.8115 408.392 -1.50716
243.868 11.7255 409.04 -1.58381
243.923 11.637 409.684 -1.61187
243.978 11.5485 410.323 -1.59448
244.034 11.4607 410.964 -1.55781
244.09 11.3749 411.605 -1.51185
244.146 11.291 412.241 -1.48777
244.202 11.2074 412.872 -1.49796
244.258 11.1212 413.499 -1.5721
244.315 11.0285 414.121 -1.71569
244.371 10.9255 414.737 -1.91432
244.427 10.8102 415.347 -2.14502
244.483 10.6819 415.95 -2.38232
244.539 10.5399 416.545 -2.61721
244.596 10.3863 417.132 -2.81184
244.652 10.2238 417.71 -2.94208
244.708 10.0552 418.279 -3.02616
244.764 9.88387 418.838 -3.05842
244.82 9.71264 419.388 -3.04414
244.876 9.54318 419.928 -3.00349
244.933 9.3753 420.458 -2.9767
244.989 9.2083 420.979 -2.96944
245.045 9.04114 421.491 -2.98107
245.101 8.87269 421.993 -3.01146
245.157 8.70254 422.486 -3.03302
245.213 8.53142 422.969 -3.04916
245.27 8.36084 423.443 -3.03226
245.326 8.19167 423.907 -2.99614
245.382 8.02562 424.361 -2.93012
245.438 7.86239 424.807 -2.87663
245.494 7.70307 425.243 -2.81043
245.551 7.5457 425.67 -2.8031
245.607 7.38768 426.089 -2.81783
245.663 7.2276 426.499 -2.86471
245.719 7.06279 426.899 -2.99016
245.775 6.88858 427.29 -3.18235
245.831 6.70149 427.671 -3.43744
245.888 6.49748 428.04 -3.7655
245.944 6.27274 428.398 -4.15766
246 6.02541 428.742 -4.56883
246.056 5.75275 429.072 -5.052
246.112 5.45277 429.385 -5.52935
246.169 5.1268 429.68 -5.98992
246.225 4.77414 429.957 -6.4583
246.281 4.3973 430.212 -6.86216
246.337 3.99959 430.446 -7.20697
246.393 3.58694 430.657 -7.42693
246.449 3.16449 430.844 -7.56967
246.506 2.73856 431.007 -7.56987
246.562 2.31743 431.147 -7.44179
246.618 1.90671 431.263 -7.20127
246.674 1.51369 431.357 -6.85223
246.73 1.1428 431.43 -6.4222
246.787 0.798909 431.482 -5.9158
246.84 0.500305 431.515 -5.38325
246.893 0.230605 431.533 -4.82756
246.947 -0.0094809 431.537 -4.27339
247 -0.219508 431.53 -3.71274
247.056 -0.407984 431.511 -3.12621
247.112 -0.563606 431.483 -2.53222
247.169 -0.685878 431.447 -1.94132
247.225 -0.77587 431.405 -1.37852
247.281 -0.834788 431.36 -0.830381
247.337 -0.863453 431.312 -0.299378
247.393 -0.862993 431.263 0.209117
247.449 -0.834679 431.215 0.693677
247.506 -0.780301 431.17 1.14389
247.562 -0.701393 431.129 1.57634
247.618 -0.599151 431.093 1.98148
247.674 -0.474671 431.063 2.36587
247.73 -0.329464 431.041 2.74579
247.787 -0.164244 431.028 3.07256
247.843 0.0185644 431.025 3.35961
247.899 0.215288 431.033 3.58895
247.955 0.422175 431.052 3.73651
248.011 0.636239 431.083 3.84959
248.067 0.853817 431.126 3.8959
248.123 1.07253 431.181 3.87663
248.18 1.28941 431.249 3.83237
248.236 1.502 431.328 3.74237
248.292 1.70992 431.42 3.66042
248.348 1.91164 431.523 3.54031
248.404 2.10613 431.637 3.40756
248.461 2.29237 431.761 3.25641
248.517 2.47049 431.896 3.11584
248.573 2.64011 432.041 2.95479
248.629 2.80101 432.195 2.80137
248.685 2.95238 432.357 2.6249
248.742 3.09341 432.528 2.4358
248.798 3.22386 432.706 2.24563
248.854 3.34321 432.891 2.05065
248.91 3.45179 433.083 1.86278
248.966 3.54883 433.28 1.64707
249.022 3.63499 433.482 1.46613
249.079 3.70999 433.689 1.25554
249.135 3.77438 433.9 1.06842
249.191 3.82844 434.114 0.898162
249.247 3.87369 434.33 0.741512
249.303 3.91174 434.549 0.631105
249.36 3.94319 434.77 0.522443
249.416 3.97081 434.993 0.472657
249.472 3.99663 435.217 0.454946
249.528 4.02271 435.442 0.469311
249.584 4.05143 435.669 0.540086
249.64 4.08508 435.898 0.649255
249.697 4.12673 436.128 0.811923
249.753 4.17911 436.362 1.02048
249.809 4.24525 436.599 1.28987
249.865 4.32788 436.84 1.5992
249.921 4.43008 437.087 1.96708
249.978 4.55389 437.34 2.36774
250.034 4.70107 437.6 2.78967
250.09 4.87272 437.87 3.23599
250.146 5.06888 438.15 3.65358
250.202 5.28768 438.442 4.04561
250.258 5.52615 438.747 4.37014
250.315 5.78068 439.066 4.61797
250.37 6.04311 439.396 4.8032
250.425 6.31174 439.738 4.89285
250.481 6.58325 440.096 4.92452
250.536 6.85552 440.469 4.92036
250.591 7.1268 440.857 4.89321
250.646 7.39398 441.26 4.79097
250.702 7.65279 441.677 4.59129
250.757 7.89723 442.108 4.29264
250.812 8.12009 442.552 3.8413
250.867 8.31234 443 3.30601
250.913 8.45145 443.392 2.77575
250.957 8.55792 443.761 2.23527
251 8.63954 444.135 1.64264
251.051 8.70042 444.576 0.901582
251.103 8.72222 445.033 0.097126
251.151 8.70521 445.453 -0.651326
251.2 8.65256 445.871 -1.39125
251.251 8.55732 446.31 -2.18434
251.304 8.41636 446.76 -2.96496
251.358 8.23017 447.211 -3.73494
251.413 8.001 447.656 -4.4448
251.468 7.73329 448.09 -5.0846
251.524 7.43316 448.509 -5.63711
251.579 7.10428 448.909 -6.1333
251.634 6.74975 449.291 -6.57366
251.69 6.37331 449.653 -6.93164
251.744 5.98589 449.987 -7.21253
251.798 5.59524 450.294 -7.41177
251.851 5.19599 450.579 -7.5281
251.904 4.79388 450.843 -7.55869
251.957 4.39275 451.085 -7.50342
252.011 3.99423 451.308 -7.35146
252.067 3.59324 451.517 -7.11791
252.122 3.20721 451.704 -6.82439
252.178 2.83649 451.871 -6.44845
252.235 2.48782 452.019 -6.02574
252.291 2.16563 452.148 -5.51475
252.347 1.87323 452.26 -4.97492
252.403 1.61219 452.356 -4.41158
252.46 1.38274 452.439 -3.86384
252.516 1.18231 452.51 -3.36727
252.572 1.00864 452.57 -2.90572
252.629 0.859098 452.622 -2.49849
252.685 0.730547 452.666 -2.14904
252.741 0.620361 452.703 -1.82903
252.797 0.527371 452.735 -1.5418
252.854 0.448369 452.762 -1.31425
252.91 0.380504 452.785 -1.1426
252.966 0.32054 452.804 -1.0197
253.022 0.266471 452.82 -0.923503
253.079 0.21756 452.834 -0.830052
253.135 0.173399 452.844 -0.753284
253.191 0.133506 452.853 -0.678797
253.247 0.0983917 452.859 -0.589389
253.303 0.0684573 452.863 -0.490355
253.36 0.0442187 452.866 -0.395208
253.416 0.0254191 452.868 -0.297231
253.472 0.012063 452.869 -0.195468
253.528 0.00459265 452.87 -0.0865045
253.584 0.0032469 452.87 0.0147946
253.64 0.00768908 452.87 0.123136
253.697 0.0178441 452.871 0.218686
253.753 0.0333698 452.872 0.313389
253.809 0.0535626 452.875 0.394503
253.862 0.0768841 452.879 0.464306
253.915 0.103364 452.883 0.516858
253.968 0.132226 452.89 0.555992
254.022 0.163357 452.898 0.579278
254.079 0.195959 452.908 0.576045
254.135 0.228446 452.92 0.580348
254.191 0.260666 452.934 0.572601
254.247 0.292521 452.95 0.565434
254.303 0.324188 452.968 0.559629
254.36 0.355778 452.987 0.561859
254.416 0.38717 453.008 0.563143
254.472 0.418808 453.031 0.564952
254.528 0.450339 453.055 0.557625
254.584 0.481721 453.082 0.557625
254.64 0.512643 453.11 0.549032
254.697 0.543118 453.14 0.537745
254.753 0.572491 453.171 0.512746
254.809 0.600318 453.204 0.484827
254.865 0.626569 453.239 0.446434
254.921 0.652008 453.275 0.447268
254.978 0.676664 453.312 0.432539
255.034 0.70027 453.351 0.413982
255.09 0.723501 453.391 0.415878
255.146 0.747332 453.433 0.430359
255.202 0.77232 453.476 0.453891
255.258 0.798724 453.52 0.476071
255.315 0.826638 453.566 0.51241
255.371 0.857087 453.613 0.563096
255.427 0.890221 453.662 0.609432
255.483 0.92635 453.714 0.663837
255.539 0.965772 453.767 0.729396
255.596 1.00908 453.823 0.801847
255.652 1.05684 453.881 0.886824
255.708 1.10929 453.942 0.96559
255.764 1.16653 454.006 1.05294
255.82 1.22802 454.074 1.12218
255.876 1.29359 454.145 1.19561
255.933 1.36281 454.22 1.2551
255.989 1.43529 454.299 1.30852
256.045 1.50995 454.382 1.34105
256.101 1.58602 454.469 1.36098
256.157 1.66269 454.561 1.3651
256.213 1.73905 454.657 1.35494
256.27 1.81464 454.757 1.33473
256.326 1.8885 454.862 1.29763
256.382 1.95968 454.97 1.24929
256.438 2.02756 455.083 1.17856
256.494 2.09162 455.199 1.10921
256.551 2.15119 455.318 1.02279
256.607 2.20558 455.441 0.935904
256.663 2.2541 455.567 0.820833
256.719 2.29683 455.695 0.717622
256.775 2.33412 455.825 0.62816
256.831 2.36667 455.957 0.549805
256.888 2.3949 456.091 0.472555
256.944 2.41897 456.227 0.398476
257 2.43901 456.363 0.327935
257.056 2.45539 456.501 0.271089
257.112 2.46884 456.639 0.222416
257.169 2.48001 456.778 0.182467
257.225 2.48925 456.918 0.153864
257.281 2.49749 457.058 0.14603
257.337 2.50564 457.199 0.143748
257.393 2.51372 457.34 0.144503
257.449 2.52237 457.481 0.160586
257.506 2.53198 457.623 0.173718
257.562 2.54274 457.766 0.200742
257.618 2.55473 457.909 0.22094
257.674 2.56794 458.053 0.242004
257.73 2.58242 458.198 0.265905
257.787 2.59793 458.343 0.282667
257.843 2.61443 458.49 0.298262
257.899 2.63158 458.637 0.308577
257.955 2.64923 458.786 0.316683
258.011 2.6672 458.935 0.321128
258.067 2.68489 459.086 0.311829
258.124 2.70204 459.237 0.299963
258.18 2.71844 459.389 0.283185
258.236 2.73369 459.543 0.262039
258.292 2.74739 459.697 0.230876
258.348 2.75943 459.852 0.203369
258.404 2.76998 460.007 0.17797
258.461 2.77922 460.163 0.157035
258.517 2.78732 460.319 0.133934
258.573 2.79394 460.476 0.103719
258.629 2.79901 460.633 0.0853404
258.685 2.80392 460.791 0.0885621
258.742 2.80907 460.948 0.0953984
258.798 2.81477 461.106 0.105312
258.854 2.82113 461.265 0.114348
258.91 2.82902 461.423 0.155446
258.966 2.83927 461.583 0.201623
259.022 2.8522 461.743 0.251635
259.079 2.86803 461.903 0.30149
259.135 2.8864 462.065 0.345408
259.191 2.90768 462.228 0.400646
259.247 2.93195 462.392 0.450382
259.303 2.95856 462.558 0.491189
259.36 2.98742 462.725 0.52703
259.416 3.01729 462.894 0.523121
259.472 3.04737 463.064 0.535383
259.528 3.07699 463.236 0.5141
259.584 3.10357 463.41 0.443535
259.64 3.12539 463.585 0.354206
259.697 3.14103 463.761 0.222974
259.753 3.14718 463.938 0.0314672
259.809 3.14152 464.115 -0.191748
259.865 3.12186 464.291 -0.453581
259.921 3.08546 464.465 -0.778614
259.971 3.03788 464.617 -1.06695
260.022 2.97283 464.771 -1.41584
260.078 2.88139 464.933 -1.79817
260.134 2.76681 465.091 -2.21597
260.19 2.62763 465.242 -2.64507
260.246 2.46425 465.384 -3.08271
260.303 2.27576 465.516 -3.53195
260.359 2.06272 465.637 -3.95382
260.415 1.82623 465.745 -4.37004
260.471 1.56791 465.84 -4.73438
260.528 1.29097 465.918 -5.04832
260.584 0.998525 465.981 -5.29161
260.64 0.695459 466.027 -5.44573
260.696 0.387047 466.056 -5.49061
260.753 0.0797794 466.067 -5.43923
260.809 -0.220171 466.062 -5.25133
260.865 -0.5061 466.039 -4.95409
260.921 -0.771494 466.002 -4.52636
260.978 -1.00914 465.95 -4.00255
261.034 -1.21356 465.887 -3.38059
261.09 -1.37966 465.813 -2.66774
261.146 -1.50361 465.731 -1.89993
261.202 -1.58347 465.643 -1.09721
261.258 -1.61802 465.553 -0.302821
261.315 -1.60948 465.462 0.447532
261.371 -1.56022 465.373 1.13541
261.427 -1.47679 465.288 1.70837
261.483 -1.36356 465.209 2.19714
261.539 -1.22692 465.137 2.57712
261.596 -1.07181 465.073 2.88194
261.652 -0.902477 465.019 3.08659
261.707 -0.725057 464.974 3.2281
261.749 -0.58784 464.947 3.28916
261.796 -0.432046 464.924 3.339
261.846 -0.265179 464.907 3.32597
261.898 -0.0952005 464.899 3.31579
261.949 0.0729871 464.899 3.25397
262 0.237203 464.908 3.16725
262.056 0.408597 464.927 3.03114
262.111 0.573044 464.955 2.91368
262.167 0.733903 464.993 2.81312
262.224 0.888128 465.04 2.70116
262.28 1.03881 465.095 2.6524
262.336 1.18734 465.158 2.63674
262.392 1.33363 465.229 2.63775
262.447 1.47941 465.307 2.67171
262.501 1.62778 465.393 2.71288
262.557 1.77927 465.488 2.75022
262.612 1.93282 465.592 2.78302
262.668 2.08799 465.704 2.80921
262.723 2.24342 465.825 2.80075
262.778 2.39811 465.954 2.78341
262.834 2.55144 466.092 2.75093
262.889 2.70215 466.239 2.69758
262.945 2.84905 466.393 2.61939
263 2.99163 466.556 2.54121
263.056 3.13184 466.729 2.46339
263.112 3.2669 466.909 2.36229
263.169 3.39554 467.097 2.23735
263.225 3.51676 467.292 2.10363
263.281 3.63013 467.493 1.9545
263.337 3.73425 467.701 1.78006
263.393 3.82779 467.914 1.58757
263.449 3.9098 468.132 1.37207
263.506 3.97888 468.354 1.13313
263.562 4.03456 468.579 0.896318
263.618 4.07683 468.807 0.656705
263.674 4.10553 469.037 0.413645
263.73 4.12054 469.269 0.169547
263.787 4.12205 469.5 -0.0656013
263.843 4.11068 469.731 -0.288616
263.899 4.08788 469.962 -0.480301
263.955 4.05528 470.19 -0.639407
264.011 4.01521 470.417 -0.762193
264.067 3.96932 470.641 -0.849627
264.124 3.91882 470.862 -0.927596
264.18 3.86486 471.08 -0.979231
264.236 3.80915 471.296 -0.999654
264.292 3.7529 471.508 -1.00207
264.348 3.69688 471.717 -0.995394
264.404 3.64199 471.923 -0.96357
264.461 3.58891 472.125 -0.930137
264.517 3.53844 472.325 -0.873403
264.573 3.49171 472.523 -0.804857
264.629 3.44968 472.717 -0.704598
264.685 3.41357 472.91 -0.600174
264.742 3.38366 473.101 -0.484729
264.798 3.36042 473.29 -0.364145
264.853 3.34505 473.476 -0.216522
264.906 3.33792 473.651 -0.0833379
264.958 3.33793 473.826 0.0556326
265.011 3.3451 474.003 0.189535
265.067 3.35987 474.189 0.325744
265.122 3.38286 474.377 0.469287
265.179 3.41428 474.568 0.616226
265.234 3.45153 474.759 0.716564
265.29 3.49525 474.952 0.832391
265.345 3.54424 475.148 0.913795
265.401 3.59676 475.346 0.969626
265.456 3.65195 475.548 1.00794
265.512 3.70861 475.752 1.02937
265.567 3.76634 475.96 1.04446
265.623 3.82467 476.171 1.0521
265.678 3.88287 476.385 1.04754
265.734 3.94108 476.603 1.04921
265.789 3.9996 476.823 1.05504
265.845 4.05836 477.047 1.05798
265.9 4.11699 477.274 1.05657
265.956 4.17559 477.505 1.05013
266.011 4.23444 477.739 1.05685
266.067 4.29315 477.979 1.04482
266.124 4.35098 478.222 1.01013
266.18 4.40688 478.468 0.976279
266.236 4.46041 478.718 0.935247
266.292 4.51088 478.97 0.869998
266.348 4.55717 479.225 0.795818
266.404 4.59856 479.483 0.697411
266.461 4.6337 479.742 0.578537
266.517 4.66271 480.003 0.469864
266.573 4.68458 480.266 0.331009
266.629 4.69848 480.53 0.187142
266.685 4.70427 480.794 0.0392605
266.742 4.70176 481.058 -0.0987456
266.798 4.69148 481.322 -0.241633
266.854 4.67326 481.585 -0.379993
266.91 4.64742 481.847 -0.516768
266.966 4.61418 482.107 -0.641191
267.022 4.57472 482.365 -0.738974
267.079 4.52905 482.62 -0.86005
267.135 4.47716 482.873 -0.962255
267.191 4.4198 483.123 -1.05908
267.247 4.35734 483.369 -1.1456
267.303 4.29066 483.611 -1.208
267.36 4.22132 483.85 -1.25607
267.416 4.14962 484.085 -1.28726
267.472 4.0778 484.315 -1.2775
267.528 4.00708 484.542 -1.24039
267.584 3.93946 484.765 -1.17139
267.64 3.87725 484.984 -1.06305
267.697 3.82248 485.2 -0.915396
267.753 3.77686 485.413 -0.731309
267.809 3.7432 485.624 -0.502595
267.865 3.72391 485.834 -0.231959
267.921 3.72121 486.043 0.0748222
267.978 3.73684 486.252 0.421454
268.034 3.77309 486.463 0.793718
268.09 3.83115 486.677 1.19492
268.146 3.91191 486.895 1.60053
268.202 4.01581 487.118 2.01584
268.258 4.14265 487.348 2.41681
268.315 4.29118 487.586 2.79024
268.371 4.45948 487.832 3.12581
268.427 4.64483 488.089 3.40994
268.483 4.84349 488.357 3.6056
268.539 5.04945 488.636 3.69173
268.596 5.25669 488.926 3.67253
268.652 5.45818 489.229 3.51496
268.708 5.64792 489.542 3.27409
268.763 5.81637 489.857 2.92475
268.817 5.96122 490.175 2.51884
268.871 6.0827 490.501 2.0713
268.924 6.17869 490.832 1.5824
268.978 6.24739 491.168 1.06642
269.034 6.28804 491.515 0.510158
269.09 6.2967 491.868 -0.0813284
269.146 6.27141 492.221 -0.697664
269.202 6.21198 492.572 -1.29283
269.258 6.12172 492.918 -1.80162
269.315 6.00647 493.258 -2.19651
269.371 5.87396 493.591 -2.44847
269.427 5.73296 493.916 -2.5281
269.483 5.59302 494.234 -2.45501
269.539 5.46003 494.543 -2.30154
269.596 5.34178 494.846 -1.94914
269.652 5.2467 495.143 -1.51518
269.708 5.17806 495.435 -1.02573
269.764 5.13895 495.725 -0.466784
269.82 5.13233 496.013 0.113938
269.876 5.15602 496.302 0.621403
269.933 5.2057 496.593 1.04713
269.989 5.2772 496.888 1.40953
270.045 5.36335 497.187 1.59363
270.101 5.45456 497.492 1.62188
270.157 5.54167 497.801 1.48165
270.212 5.61517 498.106 1.24145
270.265 5.67256 498.405 0.968821
270.319 5.71532 498.714 0.672204
270.374 5.7437 499.029 0.419663
270.429 5.76047 499.347 0.229283
270.485 5.76755 499.669 0.0629806
270.541 5.76634 499.992 -0.0734491
270.597 5.75805 500.314 -0.198504
270.653 5.74243 500.636 -0.33821
270.709 5.71921 500.957 -0.466588
270.765 5.68878 501.276 -0.586785
270.821 5.65234 501.593 -0.68969
270.877 5.61147 501.908 -0.755534
270.933 5.56786 502.221 -0.790157
270.989 5.52304 502.531 -0.803404
271.045 5.47949 502.839 -0.752284
271.101 5.43972 503.146 -0.667014
271.157 5.40689 503.45 -0.522297
271.213 5.38214 503.753 -0.377655
271.27 5.36681 504.055 -0.197913
271.326 5.36256 504.356 0.0132137
271.382 5.3705 504.658 0.235375
271.438 5.39225 504.96 0.482368
271.494 5.42743 505.264 0.719898
271.551 5.47735 505.571 0.996014
271.607 5.54123 505.881 1.22964
271.663 5.61794 506.194 1.44618
271.719 5.70719 506.513 1.69052
271.775 5.81051 506.837 1.94045
271.831 5.92875 507.167 2.21269
271.888 6.06235 507.505 2.49693
271.944 6.21263 507.851 2.80523
272 6.38111 508.205 3.11128
272.051 6.54934 508.538 3.3968
272.1 6.72161 508.861 3.63608
272.151 6.91674 509.213 3.90774
272.205 7.13389 509.588 4.19395
272.251 7.33484 509.922 4.46782
272.301 7.56434 510.295 4.68866
272.353 7.8176 510.698 4.94922
272.399 8.05189 511.065 5.16051
272.449 8.3135 511.472 5.34604
272.498 8.58181 511.889 5.51652
272.546 8.84977 512.31 5.59778
272.597 9.13824 512.77 5.70013
272.648 9.43086 513.247 5.72537
272.7 9.73114 513.75 5.73081
272.75 10.0134 514.241 5.64471
272.802 10.303 514.772 5.49325
272.854 10.5798 515.317 5.18173
272.906 10.8381 515.876 4.79243
272.958 11.0712 516.448 4.2515
273.011 11.2748 517.04 3.56722
273.067 11.4475 517.68 2.72529
273.122 11.5664 518.307 1.81302
273.176 11.6333 518.938 0.826939
273.231 11.6435 519.578 -0.250606
273.287 11.5916 520.225 -1.39016
273.343 11.4743 520.867 -2.58735
273.398 11.2908 521.501 -3.75658
273.454 11.0441 522.122 -4.86873
273.51 10.7384 522.727 -5.88241
273.565 10.3812 523.314 -6.74365
273.621 9.9819 523.879 -7.42617
273.677 9.55031 524.421 -7.93285
273.733 9.09737 524.938 -8.23761
273.788 8.63262 525.429 -8.3901
273.844 8.16321 525.894 -8.43379
273.9 7.6942 526.333 -8.40622
273.955 7.22744 526.746 -8.35287
274.011 6.76274 527.134 -8.31155
274.067 6.29683 527.498 -8.28588
274.124 5.83098 527.836 -8.29488
274.18 5.36415 528.148 -8.31903
274.236 4.89611 528.434 -8.33603
274.292 4.42783 528.693 -8.33197
274.348 3.96055 528.926 -8.30144
274.404 3.49694 529.133 -8.21241
274.461 3.03909 529.314 -8.09993
274.517 2.5887 529.47 -7.95559
274.573 2.14781 529.6 -7.76974
274.629 1.71867 529.706 -7.54561
274.685 1.3038 529.789 -7.26667
274.742 0.9066 529.848 -6.9285
274.798 0.530106 529.887 -6.53799
274.854 0.178035 529.904 -6.07635
274.91 -0.146403 529.903 -5.56548
274.966 -0.439396 529.885 -4.97707
275.022 -0.698338 529.852 -4.3663
275.079 -0.922645 529.805 -3.73541
275.135 -1.11203 529.746 -3.12673
275.191 -1.26786 529.678 -2.54486
275.247 -1.39214 529.603 -1.99661
275.303 -1.48727 529.521 -1.49645
275.36 -1.55527 529.435 -1.02788
275.416 -1.59831 529.346 -0.598447
275.472 -1.61852 529.256 -0.20319
275.528 -1.6166 529.165 0.195307
275.584 -1.59255 529.075 0.583107
275.64 -1.54716 528.987 0.957272
275.697 -1.48074 528.902 1.33341
275.753 -1.39223 528.822 1.73928
275.809 -1.28084 528.747 2.14487
275.865 -1.14645 528.679 2.55929
275.921 -0.98816 528.62 2.98977
275.978 -0.805648 528.571 3.41858
276.034 -0.599164 528.532 3.84667
276.09 -0.369253 528.506 4.247
276.146 -0.118696 528.494 4.59599
276.202 0.149959 528.496 4.8944
276.258 0.432537 528.514 5.11482
276.315 0.725378 528.548 5.26362
276.371 1.02311 528.599 5.30781
276.427 1.32046 528.667 5.27297
276.483 1.61269 528.751 5.14301
276.539 1.89601 528.851 4.97227
276.596 2.16758 528.967 4.73758
276.652 2.42524 529.097 4.48642
276.708 2.66822 529.242 4.21333
276.764 2.89502 529.399 3.92461
276.82 3.10627 529.569 3.65114
276.876 3.30194 529.75 3.37092
276.933 3.48138 529.942 3.07671
276.989 3.64469 530.143 2.79397
277.045 3.7922 530.353 2.51487
277.101 3.92479 530.57 2.26183
277.157 4.04348 530.795 2.01616
277.213 4.14939 531.026 1.80172
277.27 4.24435 531.262 1.61263
277.326 4.32927 531.504 1.44166
277.382 4.40562 531.749 1.30167
277.438 4.47419 531.999 1.17039
277.494 4.53595 532.253 1.05342
277.551 4.59117 532.509 0.938077
277.606 4.63986 532.768 0.827016
277.661 4.68136 533.023 0.714879
277.716 4.71608 533.28 0.578405
277.77 4.74282 533.538 0.426977
277.825 4.76056 533.798 0.253881
277.88 4.7682 534.059 0.0737694
277.934 4.76624 534.319 -0.109576
277.989 4.75404 534.58 -0.305721
278.045 4.73117 534.844 -0.481676
278.101 4.69854 535.109 -0.645244
278.157 4.65732 535.372 -0.787955
278.213 4.60901 535.632 -0.902462
278.27 4.55522 535.889 -0.991925
278.324 4.49982 536.133 -1.03996
278.378 4.44252 536.375 -1.06914
278.432 4.38368 536.615 -1.07902
278.488 4.3242 536.856 -1.06433
278.543 4.26547 537.095 -1.04737
278.599 4.20821 537.331 -1.00574
278.655 4.15425 537.563 -0.941135
278.71 4.10469 537.793 -0.852063
278.766 4.06122 538.02 -0.737252
278.822 4.02513 538.245 -0.584437
278.878 3.99845 538.468 -0.39924
278.933 3.98348 538.69 -0.18358
278.989 3.9806 538.912 0.036637
279.045 3.99133 539.135 0.29365
279.101 4.01608 539.36 0.53805
279.157 4.05506 539.587 0.804028
279.213 4.10948 539.817 1.08071
279.27 4.17905 540.05 1.34054
279.326 4.26339 540.287 1.6089
279.382 4.36299 540.53 1.87972
279.438 4.47702 540.779 2.12783
279.494 4.6044 541.035 2.35634
279.551 4.74478 541.298 2.59452
279.607 4.89823 541.57 2.81658
279.663 5.06438 541.85 3.04907
279.719 5.24369 542.141 3.28992
279.775 5.43622 542.442 3.51281
279.831 5.64109 542.754 3.72709
279.888 5.85696 543.078 3.91308
279.944 6.08166 543.415 4.05111
280 6.31269 543.764 4.1485
