# t frame_uz frame_z ub_dans_repere
160.001 -2.84353e-06 -2.92845e-09 -0.00276106
160.019 0.00208028 1.94199e-05 0.156421
160.051 0.0120071 0.000257929 0.408764
160.092 0.0359695 0.00131582 0.682081
160.14 0.0762652 0.00409685 0.975364
160.19 0.135078 0.00967325 1.28016
160.243 0.211616 0.0191591 1.56077
160.297 0.304529 0.0335197 1.82577
160.352 0.413133 0.0537709 2.07402
160.407 0.534599 0.0804177 2.30022
160.463 0.670111 0.114845 2.49718
160.519 0.815666 0.157201 2.66785
160.575 0.970322 0.208015 2.81926
160.631 1.13297 0.267757 2.96189
160.687 1.30299 0.336857 3.08256
160.743 1.47887 0.415675 3.17945
160.798 1.65932 0.504497 3.25404
160.854 1.84382 0.603559 3.32139
160.91 2.03145 0.713058 3.37031
160.966 2.22125 0.833136 3.40244
161.022 2.41232 0.964079 3.41098
161.079 2.6041 1.10607 3.41557
161.135 2.79606 1.25883 3.41854
161.191 2.98787 1.42238 3.41166
161.247 3.17935 1.5967 3.40456
161.303 3.36993 1.78174 3.38348
161.36 3.55932 1.97745 3.36189
161.416 3.74708 2.18375 3.32889
161.472 3.93307 2.40054 3.29858
161.528 4.11711 2.62771 3.26244
161.584 4.29894 2.86515 3.21668
161.64 4.4782 3.11272 3.17343
161.697 4.6548 3.37027 3.12197
161.753 4.82847 3.63764 3.06938
161.809 4.99942 3.91468 3.02651
161.865 5.16797 4.20124 2.97797
161.921 5.33363 4.49717 2.93101
161.978 5.49704 4.80233 2.89024
162.034 5.65759 5.11658 2.83463
162.09 5.81475 5.43974 2.77105
162.146 5.96819 5.77159 2.70737
162.202 6.1185 6.11197 2.64775
162.258 6.26538 6.46067 2.58642
162.315 6.40863 6.8175 2.52718
162.371 6.54866 7.18227 2.46959
162.427 6.6853 7.5548 2.40491
162.483 6.81821 7.93487 2.34002
162.539 6.94756 8.3223 2.27766
162.596 7.07352 8.71687 2.2184
162.652 7.19651 9.11841 2.16951
162.708 7.31681 9.52678 2.12356
162.764 7.43478 9.94182 2.08531
162.82 7.55026 10.3634 2.03609
162.876 7.66316 10.7914 1.99202
162.933 7.77331 11.2256 1.93835
162.989 7.88054 11.666 1.89197
163.045 7.98505 12.1122 1.84542
163.101 8.08742 12.5643 1.80453
163.157 8.18797 13.022 1.77694
163.213 8.28637 13.4854 1.73369
163.27 8.38249 13.9541 1.69574
163.326 8.47648 14.4282 1.6597
163.382 8.56847 14.9076 1.6228
163.438 8.65816 15.392 1.57593
163.494 8.74528 15.8813 1.53369
163.551 8.82966 16.3755 1.48349
163.607 8.91144 16.8743 1.43537
163.663 8.99059 17.3776 1.39261
163.719 9.06745 17.8853 1.34973
163.775 9.14196 18.3973 1.30826
163.831 9.21423 18.9133 1.27146
163.888 9.28457 19.4333 1.23804
163.944 9.35262 19.9572 1.19261
164 9.41821 20.4849 1.14944
164.056 9.48138 21.0161 1.1074
164.112 9.54176 21.5509 1.05322
164.169 9.59926 22.0889 1.00459
164.225 9.65411 22.63 0.959151
164.281 9.70637 23.1741 0.910828
164.337 9.75615 23.7211 0.870079
164.393 9.80359 24.2708 0.828535
164.449 9.84876 24.8231 0.786799
164.506 9.89174 25.3779 0.751236
164.562 9.9326 25.935 0.711689
164.618 9.97142 26.4943 0.675154
164.674 10.0085 27.0558 0.648854
164.73 10.0436 27.6192 0.612095
164.787 10.0768 28.1846 0.574129
164.843 10.1081 28.7518 0.543248
164.899 10.1373 29.3207 0.507059
164.955 10.1647 29.8911 0.471474
165.011 10.1901 30.463 0.441853
165.067 10.2138 31.0363 0.41099
165.124 10.2359 31.6109 0.376903
165.18 10.2561 32.1866 0.349661
165.236 10.2743 32.7634 0.312466
165.292 10.2909 33.3412 0.28046
165.348 10.3058 33.9198 0.255141
165.404 10.319 34.4993 0.222165
165.461 10.3306 35.0794 0.193074
165.517 10.3408 35.6601 0.170807
165.573 10.3493 36.2413 0.13932
165.629 10.3563 36.823 0.112989
165.685 10.3618 37.405 0.0902497
165.742 10.3662 37.9873 0.0712448
165.798 10.3696 38.5698 0.0525574
165.854 10.372 39.1524 0.0360229
165.91 10.3732 39.7352 0.0125848
165.966 10.3733 40.318 -0.00543382
166.022 10.3727 40.9007 -0.0162265
166.079 10.3713 41.4834 -0.029699
166.135 10.3692 42.066 -0.041839
166.191 10.3665 42.6484 -0.0518308
166.247 10.3631 43.2307 -0.0629802
166.303 10.3593 43.8128 -0.0733728
166.36 10.3554 44.3946 -0.0690306
166.416 10.3512 44.9763 -0.0721792
166.472 10.3472 45.5577 -0.07701
166.528 10.3431 46.1388 -0.0722038
166.584 10.3388 46.7197 -0.0781891
166.64 10.3342 47.3004 -0.0839478
166.697 10.3297 47.8808 -0.0785996
166.753 10.325 48.461 -0.0840811
166.809 10.3202 49.0409 -0.0894893
166.865 10.3153 49.6205 -0.0853199
166.921 10.3102 50.1999 -0.0917078
166.978 10.3051 50.7789 -0.094303
167.034 10.3 51.3577 -0.0872877
167.09 10.295 51.9362 -0.0856083
167.146 10.2904 52.5144 -0.0827923
167.202 10.286 53.0923 -0.0750959
167.258 10.2817 53.6701 -0.074695
167.315 10.2776 54.2475 -0.0727165
167.371 10.2739 54.8248 -0.0618329
167.427 10.2705 55.4019 -0.0582122
167.483 10.2674 55.9788 -0.0550482
167.539 10.2645 56.5555 -0.0487497
167.596 10.2617 57.1321 -0.0501702
167.652 10.2588 57.7085 -0.0514017
167.708 10.256 58.2847 -0.0489547
167.764 10.2532 58.8608 -0.0486813
167.82 10.2506 59.4367 -0.0457449
167.876 10.2483 60.0125 -0.0403202
167.933 10.2462 60.5882 -0.0357347
167.989 10.2443 61.1638 -0.0332878
168.045 10.2429 61.7392 -0.0205459
168.101 10.2419 62.3146 -0.0162006
168.157 10.2413 62.89 -0.00915062
168.213 10.2411 63.4653 -0.00165176
168.27 10.2409 64.0407 -0.00139156
168.326 10.2409 64.616 -0.00121531
168.382 10.241 65.1913 0.00110326
168.438 10.241 65.7667 0.000749222
168.494 10.2409 66.342 -0.00403857
168.551 10.2406 66.9173 -0.00503511
168.607 10.2403 67.4926 -0.0042241
168.663 10.2402 68.0679 -0.000213986
168.719 10.2406 68.6432 0.0112831
168.775 10.2413 69.2186 0.0147651
168.831 10.2424 69.794 0.0215546
168.888 10.244 70.3694 0.0340138
168.944 10.2461 70.945 0.0403617
169 10.2485 71.5207 0.0422661
169.056 10.2511 72.0966 0.0454418
169.112 10.2538 72.6726 0.0522191
169.169 10.2571 73.2487 0.0612337
169.225 10.261 73.8251 0.0770613
169.281 10.2657 74.4017 0.088808
169.337 10.2713 74.9786 0.103601
169.393 10.2777 75.5559 0.119342
169.449 10.2846 76.1335 0.128964
169.506 10.2924 76.7115 0.143047
169.562 10.3011 77.2901 0.164513
169.618 10.3111 77.8691 0.188254
169.674 10.3225 78.4488 0.211531
169.73 10.3353 79.0291 0.240789
169.787 10.3493 79.6102 0.255821
169.843 10.3642 80.1921 0.272779
169.899 10.3804 80.7749 0.297816
169.955 10.3978 81.3587 0.318278
170.011 10.4163 81.9434 0.338425
170.067 10.4362 82.5293 0.363419
170.124 10.4571 83.1163 0.379368
170.18 10.4791 83.7045 0.398531
170.236 10.5023 84.294 0.423838
170.292 10.5268 84.8848 0.442482
170.348 10.5523 85.4771 0.461063
170.404 10.5786 86.0708 0.47166
170.461 10.6054 86.666 0.481315
170.517 10.6328 87.2627 0.492261
170.573 10.6607 87.861 0.499574
170.629 10.6888 88.4609 0.498921
170.685 10.717 89.0623 0.503926
170.742 10.7454 89.6654 0.50493
170.798 10.7737 90.27 0.501729
170.854 10.8017 90.8762 0.494086
170.91 10.8292 91.484 0.486646
170.966 10.8562 92.0933 0.475619
171.022 10.8824 92.704 0.46035
171.079 10.9077 93.3163 0.44219
171.135 10.9318 93.9299 0.421979
171.191 10.9549 94.5448 0.403761
171.247 10.9769 95.161 0.383527
171.303 10.9976 95.7784 0.358192
171.36 11.0169 96.3969 0.333987
171.416 11.0349 97.0164 0.311012
171.472 11.0514 97.6369 0.2828
171.528 11.0664 98.2583 0.256215
171.584 11.08 98.8805 0.231826
171.64 11.0921 99.5034 0.204321
171.697 11.1026 100.127 0.171961
171.753 11.1115 100.751 0.149202
171.809 11.1189 101.375 0.1232
171.865 11.1251 102 0.0975157
171.921 11.1297 102.625 0.0742508
171.978 11.1331 103.251 0.0517207
172.034 11.1354 103.876 0.0317628
172.09 11.1367 104.502 0.0176259
172.146 11.1372 105.128 0.00748077
172.202 11.1375 105.753 0.000470691
172.258 11.1375 106.379 0.000673352
172.315 11.1374 107.005 -0.00345754
172.371 11.1371 107.63 -0.00782617
172.427 11.1367 108.256 -0.00546606
172.483 11.1365 108.882 7.62103e-05
172.539 11.1369 109.507 0.00725918
172.596 11.1375 110.133 0.0124266
172.652 11.1381 110.759 0.0133435
172.708 11.139 111.385 0.0161135
172.764 11.14 112.01 0.0184133
172.82 11.1409 112.636 0.0174832
172.876 11.1423 113.262 0.0275521
172.933 11.1441 113.888 0.0349814
172.989 11.1461 114.514 0.0349205
173.045 11.148 115.141 0.0340224
173.101 11.1499 115.767 0.035687
173.157 11.152 116.394 0.0383535
173.213 11.1546 117.02 0.0496137
173.27 11.1577 117.647 0.0578586
173.326 11.1609 118.274 0.0583999
173.382 11.1643 118.901 0.0590756
173.438 11.1675 119.528 0.0588827
173.494 11.171 120.156 0.0651191
173.551 11.1751 120.783 0.075048
173.607 11.1796 121.411 0.0837734
173.663 11.1844 122.04 0.0907382
173.719 11.1897 122.668 0.0978433
173.775 11.1957 123.297 0.11135
173.831 11.2021 123.926 0.115943
173.888 11.2089 124.556 0.121772
173.944 11.2162 125.186 0.138329
174 11.2245 125.816 0.155077
174.056 11.2339 126.447 0.175145
174.112 11.2445 127.078 0.198817
174.169 11.2563 127.711 0.215537
174.225 11.2688 128.343 0.226511
174.281 11.2819 128.977 0.237065
174.337 11.2956 129.611 0.252554
174.393 11.3104 130.246 0.268968
174.449 11.3263 130.882 0.291548
174.506 11.343 131.519 0.300938
174.562 11.3601 132.157 0.306546
174.618 11.3777 132.796 0.318336
174.674 11.3958 133.436 0.327497
174.73 11.4145 134.076 0.336031
174.787 11.4337 134.718 0.343286
174.843 11.4529 135.361 0.342922
174.899 11.4722 136.005 0.341527
174.955 11.4914 136.65 0.343368
175.011 11.5105 137.297 0.339124
175.067 11.5295 137.944 0.3371
175.124 11.5485 138.592 0.336633
175.18 11.5671 139.242 0.330074
175.236 11.5855 139.892 0.321056
175.292 11.6033 140.544 0.314259
175.348 11.6206 141.196 0.301871
175.404 11.6371 141.85 0.287991
175.461 11.6529 142.504 0.279637
175.517 11.6681 143.159 0.266733
175.573 11.6828 143.815 0.256698
175.629 11.6967 144.472 0.243382
175.685 11.7098 145.129 0.225128
175.742 11.7218 145.788 0.203752
175.798 11.7324 146.447 0.179985
175.854 11.7416 147.106 0.152112
175.91 11.7492 147.766 0.122696
175.966 11.7552 148.426 0.0969274
176.022 11.7599 149.087 0.0741347
176.079 11.7635 149.748 0.0562658
176.135 11.766 150.409 0.0380785
176.191 11.7673 151.07 0.0140294
176.247 11.7675 151.731 -0.00679186
176.303 11.7663 152.392 -0.0316626
176.36 11.7634 153.053 -0.0617433
176.416 11.759 153.713 -0.0926942
176.472 11.7528 154.374 -0.12203
176.528 11.7448 155.034 -0.151467
176.584 11.7357 155.693 -0.171752
176.64 11.7255 156.352 -0.188308
176.697 11.7143 157.011 -0.20463
176.753 11.7021 157.668 -0.226011
176.809 11.6889 158.325 -0.240114
176.865 11.6747 158.982 -0.25992
176.921 11.6598 159.637 -0.270191
176.978 11.6444 160.291 -0.275322
177.034 11.6287 160.945 -0.283463
177.09 11.6124 161.598 -0.295631
177.146 11.5955 162.25 -0.304685
177.202 11.5779 162.901 -0.316226
177.258 11.56 163.55 -0.323994
177.315 11.5415 164.199 -0.329358
177.371 11.5226 164.847 -0.338937
177.427 11.5033 165.494 -0.343509
177.483 11.4839 166.139 -0.345031
177.539 11.4644 166.784 -0.348679
177.596 11.445 167.427 -0.342064
177.652 11.426 168.07 -0.337022
177.708 11.4071 168.711 -0.33626
177.764 11.3886 169.351 -0.326179
177.82 11.3706 169.99 -0.315802
177.876 11.3532 170.628 -0.306737
177.933 11.3364 171.266 -0.295373
177.989 11.3203 171.902 -0.282142
178.045 11.3046 172.537 -0.274384
178.101 11.2896 173.172 -0.264756
178.157 11.2754 173.806 -0.246251
178.213 11.2622 174.439 -0.225785
178.27 11.2499 175.071 -0.212468
178.326 11.2385 175.703 -0.197383
178.382 11.2282 176.334 -0.173492
178.438 11.2193 176.964 -0.149247
178.494 11.212 177.594 -0.11896
178.551 11.2061 178.224 -0.0964296
178.607 11.2013 178.853 -0.0795126
178.663 11.1976 179.482 -0.0566463
178.719 11.195 180.111 -0.040568
178.775 11.1931 180.74 -0.0283026
178.831 11.1922 181.369 -0.00899563
178.888 11.1922 181.998 0.00665664
178.944 11.1931 182.627 0.0243301
179 11.1952 183.256 0.0457039
179.056 11.1983 183.885 0.0621228
179.112 11.2023 184.514 0.0736865
179.169 11.2069 185.143 0.0889476
179.225 11.2122 185.773 0.097914
179.281 11.2181 186.403 0.106866
179.337 11.2242 187.034 0.111483
179.393 11.2303 187.664 0.106582
179.449 11.2363 188.296 0.107108
179.506 11.2424 188.927 0.107256
179.562 11.2484 189.559 0.106939
179.618 11.2544 190.191 0.106714
179.674 11.2604 190.823 0.105224
179.73 11.2659 191.456 0.0933341
179.787 11.2708 192.089 0.08436
179.843 11.2753 192.723 0.0766061
179.899 11.2793 193.356 0.0678511
179.955 11.2829 193.99 0.0593986
180.011 11.2861 194.624 0.0552068
180.067 11.289 195.258 0.0501482
180.124 11.2917 195.892 0.0465082
180.18 11.2943 196.527 0.0462618
180.236 11.2967 197.162 0.0406391
180.292 11.299 197.796 0.0403071
180.348 11.3014 198.431 0.0424277
180.404 11.3038 199.066 0.0446122
180.461 11.3063 199.701 0.0460205
180.517 11.3094 200.337 0.0604067
180.573 11.3132 200.972 0.0695218
180.629 11.3179 201.608 0.0915907
180.685 11.3238 202.244 0.114714
180.742 11.3308 202.88 0.129866
180.798 11.3387 203.517 0.147696
180.854 11.3477 204.154 0.169289
180.91 11.3578 204.792 0.18868
180.966 11.3692 205.431 0.211077
181.022 11.3818 206.07 0.231369
181.079 11.3955 206.71 0.254093
181.135 11.4106 207.35 0.276387
181.191 11.4267 207.992 0.295104
181.247 11.4438 208.634 0.311422
181.303 11.462 209.278 0.328239
181.36 11.4808 209.922 0.339622
181.416 11.5 210.568 0.345199
181.472 11.5195 211.215 0.345788
181.528 11.5389 211.863 0.348041
181.584 11.5584 212.512 0.345813
181.64 11.5777 213.162 0.341531
181.697 11.5968 213.813 0.337645
181.753 11.6154 214.465 0.326404
181.809 11.6335 215.118 0.3212
181.865 11.6516 215.772 0.322836
181.921 11.6698 216.427 0.324609
181.978 11.688 217.084 0.323655
182.034 11.7061 217.741 0.320529
182.09 11.7239 218.399 0.314371
182.146 11.7414 219.058 0.30945
182.202 11.7587 219.718 0.309196
182.258 11.776 220.38 0.305585
182.315 11.7933 221.042 0.308159
182.371 11.8108 221.705 0.313831
182.427 11.8285 222.369 0.316355
182.483 11.8465 223.034 0.319791
182.539 11.8643 223.7 0.315409
182.596 11.8821 224.367 0.316604
182.652 11.8998 225.036 0.315741
182.708 11.9175 225.705 0.314517
182.764 11.9351 226.375 0.313601
182.82 11.9527 227.046 0.309915
182.876 11.9701 227.718 0.30569
182.933 11.987 228.391 0.295461
182.989 12.0031 229.065 0.282037
183.045 12.0184 229.74 0.264595
183.101 12.0326 230.416 0.244406
183.157 12.0457 231.092 0.223626
183.213 12.0575 231.769 0.201139
183.27 12.0678 232.447 0.173169
183.326 12.0765 233.125 0.142778
183.382 12.0836 233.804 0.116949
183.438 12.0892 234.483 0.0871624
183.494 12.0931 235.162 0.0545038
183.551 12.0952 235.842 0.0269634
183.607 12.0955 236.521 -0.00684231
183.663 12.0941 237.201 -0.0385139
183.719 12.0911 237.88 -0.064219
183.775 12.0863 238.559 -0.0978116
183.831 12.0797 239.238 -0.13099
183.888 12.0714 239.916 -0.160416
183.944 12.0613 240.594 -0.190892
184 12.0497 241.271 -0.216556
184.056 12.0367 241.948 -0.241716
184.112 12.0222 242.624 -0.26872
184.169 12.0063 243.299 -0.292751
184.225 11.9891 243.972 -0.316351
184.281 11.9703 244.645 -0.345714
184.337 11.95 245.317 -0.373689
184.393 11.9283 245.988 -0.394054
184.449 11.9055 246.657 -0.412028
184.506 11.8817 247.325 -0.434122
184.562 11.8567 247.992 -0.449405
184.618 11.8308 248.657 -0.46929
184.674 11.804 249.321 -0.484546
184.73 11.7762 249.983 -0.49947
184.787 11.7476 250.644 -0.514142
184.843 11.7184 251.303 -0.524195
184.899 11.6887 251.96 -0.531753
184.955 11.6585 252.616 -0.539453
185.011 11.6282 253.27 -0.542249
185.067 11.5978 253.922 -0.536605
185.124 11.5679 254.572 -0.528939
185.18 11.5386 255.221 -0.519357
185.236 11.51 255.869 -0.502285
185.292 11.4823 256.514 -0.486404
185.348 11.4559 257.158 -0.460522
185.404 11.431 257.801 -0.431262
185.461 11.4075 258.443 -0.409003
185.517 11.3854 259.083 -0.383695
185.573 11.3647 259.722 -0.356098
185.629 11.3457 260.359 -0.324765
185.685 11.3286 260.996 -0.292055
185.742 11.3132 261.632 -0.259078
185.798 11.2996 262.267 -0.232103
185.854 11.2875 262.902 -0.20331
185.91 11.2771 263.535 -0.172311
185.966 11.2684 264.169 -0.143623
186.022 11.2613 264.802 -0.117601
186.079 11.2555 265.434 -0.091936
186.135 11.251 266.066 -0.0709793
186.191 11.2479 266.698 -0.0469039
186.247 11.246 267.33 -0.0228361
186.303 11.2454 267.962 -0.000555669
186.36 11.2462 268.594 0.0205905
186.416 11.248 269.225 0.0396152
186.472 11.2507 269.857 0.0539926
186.528 11.2542 270.49 0.0656463
186.584 11.2583 271.122 0.0806797
186.64 11.2634 271.755 0.0964714
186.697 11.2695 272.388 0.115777
186.753 11.2764 273.021 0.128922
186.809 11.2839 273.655 0.137643
186.865 11.2919 274.289 0.141
186.921 11.2999 274.924 0.144931
186.978 11.3081 275.559 0.147
187.034 11.3164 276.194 0.146954
187.09 11.3247 276.83 0.146739
187.146 11.3328 277.467 0.146533
187.202 11.3409 278.104 0.14343
187.258 11.3491 278.741 0.144397
187.315 11.3568 279.379 0.134412
187.371 11.364 280.017 0.12013
187.427 11.3704 280.656 0.107472
187.483 11.3759 281.295 0.0919399
187.539 11.3807 281.934 0.0755719
187.596 11.3845 282.574 0.0627093
187.652 11.3872 283.213 0.039391
187.708 11.3888 283.853 0.0191237
187.764 11.3893 284.493 0.00362185
187.82 11.3888 285.133 -0.0173566
187.876 11.3872 285.772 -0.03842
187.933 11.3842 286.412 -0.06083
187.989 11.38 287.052 -0.0826426
188.045 11.3748 287.691 -0.100906
188.101 11.3684 288.33 -0.122504
188.157 11.3608 288.968 -0.145015
188.213 11.352 289.606 -0.165564
188.27 11.3421 290.243 -0.183375
188.326 11.3311 290.88 -0.20309
188.382 11.3191 291.516 -0.223013
188.438 11.3058 292.152 -0.245632
188.494 11.2912 292.786 -0.266132
188.551 11.2757 293.42 -0.285699
188.607 11.259 294.053 -0.304707
188.663 11.2414 294.685 -0.316043
188.719 11.2234 295.316 -0.325071
188.775 11.2048 295.946 -0.33223
188.831 11.1857 296.575 -0.344515
188.888 11.1659 297.203 -0.358297
188.944 11.1453 297.829 -0.36901
189 11.1242 298.455 -0.378755
189.056 11.1026 299.079 -0.390276
189.112 11.0803 299.702 -0.398706
189.169 11.0576 300.324 -0.4074
189.225 11.0346 300.944 -0.412656
189.281 11.0112 301.563 -0.416639
189.337 10.9876 302.181 -0.423012
189.393 10.9638 302.797 -0.422887
189.449 10.94 303.413 -0.42245
189.506 10.9165 304.026 -0.416441
189.562 10.8936 304.639 -0.405497
189.618 10.8709 305.25 -0.39857
189.674 10.8489 305.86 -0.386282
189.73 10.8277 306.469 -0.371362
189.787 10.8072 307.076 -0.355609
189.843 10.7877 307.683 -0.34109
189.899 10.7691 308.288 -0.325942
189.955 10.7513 308.893 -0.31051
190.011 10.7345 309.496 -0.292616
190.067 10.7189 310.099 -0.267934
190.124 10.7046 310.7 -0.246184
190.18 10.6914 311.301 -0.227434
190.236 10.6793 311.902 -0.206413
190.292 10.6685 312.501 -0.183785
190.348 10.6589 313.1 -0.161406
190.404 10.6506 313.699 -0.139032
190.461 10.6435 314.297 -0.117988
190.517 10.6376 314.895 -0.0958271
190.573 10.6329 315.492 -0.0774805
190.629 10.6292 316.089 -0.0568612
190.685 10.6267 316.686 -0.0369061
190.742 10.6253 317.283 -0.0178275
190.798 10.625 317.88 0.00461587
190.854 10.626 318.477 0.0274072
190.91 10.6283 319.074 0.0508231
190.966 10.6319 319.671 0.0725854
191.022 10.6366 320.269 0.0934023
191.079 10.6426 320.867 0.115358
191.135 10.6498 321.465 0.136941
191.191 10.6581 322.063 0.155195
191.247 10.6676 322.662 0.177454
191.303 10.6784 323.262 0.203334
191.36 10.6903 323.862 0.22134
191.416 10.7035 324.463 0.244252
191.472 10.718 325.065 0.267889
191.528 10.7338 325.668 0.289559
191.584 10.7507 326.271 0.30857
191.64 10.7687 326.876 0.328977
191.697 10.7878 327.482 0.349563
191.753 10.8082 328.088 0.369027
191.809 10.8296 328.696 0.390974
191.865 10.852 329.305 0.40555
191.921 10.8751 329.916 0.415126
191.978 10.899 330.528 0.430034
192.034 10.9236 331.141 0.441573
192.09 10.9486 331.755 0.450168
192.146 10.9741 332.371 0.456461
192.202 11.0002 332.989 0.468764
192.258 11.0268 333.608 0.479492
192.315 11.0543 334.228 0.495469
192.371 11.0825 334.85 0.507033
192.427 11.1115 335.473 0.520091
192.483 11.141 336.099 0.531025
192.539 11.1711 336.726 0.538313
192.596 11.2016 337.354 0.545909
192.652 11.2326 337.985 0.558192
192.708 11.264 338.617 0.558946
192.764 11.2953 339.251 0.557321
192.82 11.3266 339.886 0.555921
192.876 11.3578 340.524 0.553131
192.933 11.3888 341.163 0.548487
192.989 11.4198 341.804 0.553502
193.045 11.4508 342.446 0.550007
193.101 11.4816 343.09 0.546574
193.157 11.5122 343.737 0.540923
193.213 11.5422 344.384 0.530489
193.27 11.5716 345.034 0.517059
193.326 11.6002 345.685 0.502278
193.382 11.6279 346.337 0.488578
193.438 11.6549 346.992 0.47529
193.494 11.6811 347.647 0.460308
193.551 11.7065 348.304 0.446135
193.607 11.7307 348.963 0.423375
193.663 11.7539 349.623 0.405209
193.719 11.7759 350.284 0.381475
193.775 11.7962 350.946 0.347087
193.831 11.8147 351.609 0.314923
193.888 11.8311 352.274 0.277851
193.944 11.8455 352.939 0.239833
194 11.8578 353.605 0.206775
194.056 11.8682 354.271 0.170591
194.112 11.8765 354.938 0.129848
194.169 11.8824 355.606 0.089895
194.225 11.8859 356.273 0.0458061
194.281 11.8871 356.941 0.00235676
194.337 11.886 357.609 -0.0371133
194.393 11.8824 358.277 -0.0794474
194.449 11.8766 358.944 -0.124253
194.506 11.8684 359.611 -0.160397
194.562 11.8579 360.277 -0.204851
194.618 11.8451 360.943 -0.242467
194.674 11.8303 361.608 -0.27791
194.73 11.8135 362.272 -0.31318
194.787 11.7947 362.935 -0.352443
194.843 11.7736 363.597 -0.388962
194.899 11.7504 364.258 -0.427329
194.955 11.7251 364.917 -0.468372
195.011 11.6975 365.575 -0.507078
195.067 11.6675 366.231 -0.548443
195.124 11.6356 366.885 -0.582192
195.18 11.602 367.538 -0.606222
195.236 11.5669 368.189 -0.635387
195.292 11.5304 368.837 -0.662571
195.348 11.4923 369.484 -0.687673
195.404 11.4527 370.128 -0.715925
195.461 11.4116 370.77 -0.741367
195.517 11.3692 371.41 -0.760557
195.573 11.3257 372.047 -0.783388
195.629 11.2811 372.682 -0.803367
195.685 11.2355 373.314 -0.815176
195.742 11.1893 373.944 -0.829102
195.798 11.1422 374.571 -0.846329
195.854 11.094 375.195 -0.864002
195.91 11.0453 375.817 -0.869406
195.966 10.9962 376.436 -0.878487
196.022 10.9465 377.052 -0.890124
196.079 10.8963 377.665 -0.896347
196.135 10.8455 378.275 -0.910037
196.191 10.7941 378.883 -0.915275
196.247 10.7426 379.488 -0.916534
196.303 10.6911 380.089 -0.918763
196.36 10.6395 380.688 -0.915598
196.416 10.5882 381.284 -0.913638
196.472 10.5368 381.877 -0.916254
196.528 10.4854 382.468 -0.910607
196.584 10.4344 383.055 -0.904704
196.64 10.3839 383.639 -0.89676
196.697 10.334 384.221 -0.884629
196.753 10.2846 384.8 -0.875176
196.809 10.2362 385.376 -0.853992
196.865 10.1888 385.95 -0.836978
196.921 10.1421 386.52 -0.82569
196.978 10.0963 387.089 -0.808142
197.034 10.0518 387.654 -0.782595
197.09 10.0084 388.218 -0.762636
197.146 9.96632 388.778 -0.74186
197.202 9.92519 389.337 -0.725953
197.258 9.88495 389.893 -0.709269
197.315 9.84591 390.447 -0.686307
197.371 9.80801 390.999 -0.667318
197.427 9.77112 391.549 -0.649348
197.483 9.73536 392.097 -0.626612
197.539 9.70102 392.642 -0.601513
197.596 9.66794 393.186 -0.581092
197.652 9.6359 393.728 -0.564194
197.708 9.60492 394.269 -0.542553
197.764 9.57518 394.807 -0.520992
197.82 9.54632 395.344 -0.511155
197.876 9.51827 395.88 -0.490276
197.933 9.49148 396.413 -0.468199
197.989 9.46598 396.946 -0.446756
198.045 9.44165 397.477 -0.425213
198.101 9.41867 398.006 -0.398101
198.157 9.39718 398.535 -0.372754
198.213 9.37681 399.062 -0.354499
198.27 9.35756 399.588 -0.332461
198.326 9.33986 400.113 -0.305312
198.382 9.32339 400.637 -0.284318
198.438 9.30803 401.161 -0.266779
198.494 9.29377 401.683 -0.246182
198.551 9.28084 402.205 -0.220958
198.607 9.26899 402.726 -0.202567
198.663 9.2584 403.246 -0.179335
198.719 9.24888 403.766 -0.161602
198.775 9.2405 404.285 -0.142635
198.831 9.23309 404.804 -0.123519
198.888 9.22675 405.323 -0.104401
198.944 9.22149 405.841 -0.0874349
199 9.21718 406.359 -0.0693885
199.056 9.21389 406.876 -0.0525588
199.112 9.21111 407.394 -0.0461351
199.169 9.20892 407.911 -0.0349056
199.225 9.20753 408.429 -0.0183368
199.281 9.20689 408.946 -0.0056492
199.337 9.20687 409.463 0.00551283
199.393 9.20762 409.98 0.0158256
199.449 9.20886 410.498 0.0291387
199.506 9.21065 411.015 0.0356034
199.562 9.21283 411.533 0.0409904
199.618 9.21557 412.05 0.0534298
199.674 9.21879 412.568 0.0577926
199.73 9.22198 413.086 0.0582753
199.787 9.22526 413.604 0.0572596
199.843 9.22833 414.123 0.0532721
199.899 9.23116 414.641 0.0484923
199.955 9.2337 415.16 0.0432126
200.011 9.23584 415.679 0.0346606
200.067 9.23751 416.198 0.0266924
200.124 9.23866 416.717 0.0160541
200.18 9.23935 417.236 0.00851855
200.236 9.23956 417.755 0.000599507
200.292 9.2391 418.274 -0.0133301
200.348 9.23784 418.793 -0.0296901
200.404 9.2359 419.312 -0.0370579
200.461 9.23327 419.831 -0.0515791
200.517 9.23013 420.349 -0.05873
200.573 9.22671 420.868 -0.0603639
200.629 9.22322 421.386 -0.0632216
200.685 9.21965 421.904 -0.063514
200.742 9.21608 422.422 -0.0630667
200.798 9.21269 422.939 -0.0572745
200.854 9.20988 423.457 -0.0460405
200.91 9.20792 423.974 -0.0260603
200.966 9.20728 424.491 -0.00273649
201.022 9.20789 425.009 0.0209786
201.079 9.21016 425.526 0.054014
201.135 9.21421 426.044 0.0850199
201.191 9.22037 426.562 0.125505
201.247 9.22872 427.08 0.164798
201.303 9.23942 427.599 0.208257
201.36 9.25284 428.118 0.259368
201.416 9.26906 428.638 0.308348
201.472 9.28803 429.16 0.356462
201.528 9.30952 429.682 0.399437
201.584 9.33378 430.206 0.454504
201.64 9.36113 430.731 0.506512
201.697 9.39122 431.258 0.554652
201.753 9.42383 431.787 0.59848
201.809 9.45892 432.318 0.644634
201.865 9.49677 432.85 0.68983
201.921 9.53698 433.385 0.732814
201.978 9.57931 433.922 0.767868
202.034 9.62394 434.462 0.810486
202.09 9.67093 435.004 0.853497
202.146 9.71989 435.549 0.88263
202.202 9.77047 436.097 0.910426
202.258 9.82254 436.648 0.933485
202.315 9.87579 437.201 0.953885
202.371 9.92967 437.758 0.959886
202.427 9.98377 438.318 0.965367
202.483 10.0381 438.88 0.966047
202.539 10.0922 439.446 0.961973
202.596 10.1462 440.015 0.958106
202.652 10.1998 440.587 0.951052
202.708 10.2528 441.161 0.940462
202.764 10.3054 441.739 0.932079
202.82 10.3574 442.32 0.921137
202.876 10.4088 442.904 0.911513
202.933 10.4597 443.49 0.897963
202.989 10.5093 444.079 0.874779
203.045 10.5576 444.671 0.850064
203.101 10.6044 445.266 0.822093
203.157 10.6495 445.863 0.789956
203.213 10.6928 446.463 0.755784
203.27 10.7341 447.065 0.721451
203.326 10.7732 447.67 0.680342
203.382 10.8102 448.276 0.644082
203.438 10.8451 448.885 0.604704
203.494 10.8778 449.495 0.565656
203.551 10.9083 450.107 0.527154
203.607 10.9365 450.721 0.485424
203.663 10.9622 451.336 0.438671
203.719 10.9852 451.953 0.391662
203.775 11.0056 452.571 0.344001
203.831 11.023 453.19 0.285992
203.888 11.0375 453.809 0.239596
203.944 11.0496 454.43 0.198568
204 11.0591 455.051 0.150036
204.056 11.0661 455.673 0.109171
204.112 11.0711 456.294 0.0744625
204.169 11.0739 456.916 0.033213
204.225 11.0745 457.539 -0.000596707
204.281 11.0734 458.161 -0.033848
204.337 11.0703 458.783 -0.0689229
204.393 11.0655 459.405 -0.0963997
204.449 11.0593 460.026 -0.120787
204.506 11.0514 460.647 -0.151276
204.562 11.0422 461.268 -0.17303
204.618 11.032 461.888 -0.188414
204.674 11.0207 462.507 -0.206982
204.73 11.0088 463.126 -0.21646
204.787 10.9965 463.744 -0.221582
204.843 10.9837 464.361 -0.229305
204.899 10.971 464.978 -0.225689
204.955 10.9583 465.594 -0.229109
205.011 10.9453 466.209 -0.226706
205.067 10.9328 466.823 -0.220382
205.124 10.9206 467.437 -0.215031
205.18 10.9087 468.05 -0.20648
205.236 10.8975 468.663 -0.197442
205.292 10.8867 469.275 -0.187862
205.348 10.8764 469.886 -0.179145
205.404 10.8668 470.497 -0.167635
205.461 10.8577 471.107 -0.154537
205.517 10.8494 471.716 -0.144041
205.573 10.8416 472.326 -0.135747
205.629 10.8344 472.935 -0.12178
205.685 10.8278 473.543 -0.114949
205.742 10.8215 474.151 -0.112862
205.798 10.8153 474.759 -0.108721
205.854 10.8091 475.366 -0.109607
205.91 10.8028 475.973 -0.115888
205.966 10.7962 476.58 -0.119631
206.022 10.789 477.186 -0.132069
206.079 10.7814 477.792 -0.138201
206.135 10.7734 478.398 -0.143846
206.191 10.7649 479.003 -0.15964
206.247 10.7555 479.607 -0.170946
206.303 10.7456 480.211 -0.176847
206.36 10.7352 480.814 -0.194215
206.416 10.7238 481.417 -0.207603
206.472 10.7119 482.019 -0.213963
206.528 10.6996 482.62 -0.222616
206.584 10.6867 483.221 -0.234054
206.64 10.6734 483.821 -0.241292
206.697 10.6596 484.42 -0.244301
206.753 10.6458 485.019 -0.24951
206.809 10.6316 485.616 -0.253575
206.865 10.6173 486.213 -0.250939
206.921 10.6036 486.809 -0.243057
206.978 10.5902 487.404 -0.234511
207.034 10.5771 487.999 -0.230571
207.09 10.5644 488.593 -0.221593
207.146 10.5524 489.186 -0.206055
207.202 10.5414 489.778 -0.189377
207.258 10.5315 490.37 -0.169122
207.315 10.5224 490.961 -0.156009
207.371 10.5139 491.552 -0.146046
207.427 10.5062 492.143 -0.13117
207.483 10.4996 492.733 -0.109525
207.539 10.4941 493.322 -0.0897192
207.596 10.4897 493.912 -0.0730187
207.652 10.4861 494.501 -0.0559581
207.708 10.4835 495.09 -0.0374711
207.764 10.482 495.679 -0.0229483
207.82 10.4812 496.268 -0.00702349
207.876 10.4814 496.856 0.0102639
207.933 10.4825 497.445 0.0229817
207.989 10.4842 498.034 0.0350358
208.045 10.4864 498.623 0.0434023
208.101 10.4892 499.213 0.051115
208.157 10.4922 499.802 0.0563064
208.213 10.4955 500.391 0.0601802
208.27 10.4991 500.981 0.0641795
208.326 10.5029 501.571 0.0696918
208.382 10.5067 502.161 0.0683652
208.438 10.5105 502.752 0.0649555
208.494 10.5142 503.342 0.0634577
208.551 10.5176 503.933 0.0580778
208.607 10.5206 504.524 0.0514069
208.663 10.5232 505.115 0.0422846
208.719 10.5249 505.707 0.0246456
208.775 10.5257 506.298 0.00384494
208.831 10.5252 506.889 -0.0148377
208.888 10.5237 507.48 -0.0351403
208.944 10.5212 508.072 -0.0510144
209 10.5178 508.663 -0.0695855
209.056 10.5132 509.253 -0.090014
209.112 10.5075 509.844 -0.107979
209.169 10.5009 510.434 -0.123032
209.225 10.4935 511.024 -0.140039
209.281 10.485 511.613 -0.160188
209.337 10.4753 512.201 -0.177973
209.393 10.4647 512.79 -0.194499
209.449 10.4534 513.377 -0.208162
209.506 10.4413 513.964 -0.219882
209.562 10.4284 514.55 -0.233475
209.618 10.415 515.136 -0.243531
209.674 10.4011 515.72 -0.248614
209.73 10.3869 516.304 -0.256548
209.787 10.3721 516.887 -0.266102
209.843 10.3571 517.469 -0.266439
209.899 10.3422 518.051 -0.26514
209.955 10.3273 518.631 -0.266093
210.011 10.3125 519.211 -0.26
210.067 10.2982 519.79 -0.253262
210.124 10.2843 520.368 -0.244313
210.18 10.2708 520.945 -0.23685
210.236 10.2578 521.522 -0.224645
210.292 10.2456 522.098 -0.214644
210.348 10.2339 522.673 -0.203266
210.404 10.2229 523.247 -0.190794
210.461 10.2125 523.821 -0.184801
210.517 10.2026 524.395 -0.170411
210.573 10.1937 524.968 -0.150202
210.629 10.1859 525.54 -0.132334
210.685 10.179 526.112 -0.114676
210.742 10.1731 526.684 -0.0990506
210.798 10.168 527.255 -0.0875627
210.854 10.1638 527.826 -0.0684731
210.91 10.1605 528.397 -0.0480772
210.966 10.1586 528.968 -0.0287387
211.022 10.1577 529.538 -0.0072765
211.079 10.1579 530.109 0.0126316
211.135 10.1593 530.68 0.0301715
211.191 10.1619 531.251 0.0569345
211.247 10.1659 531.822 0.0842557
211.303 10.1717 532.393 0.109259
211.36 10.1785 532.965 0.129205
211.416 10.1865 533.537 0.152143
211.472 10.1959 534.109 0.178255
211.528 10.2068 534.682 0.204256
211.584 10.219 535.256 0.227117
211.64 10.2326 535.831 0.249544
211.697 10.2472 536.406 0.26495
211.753 10.2626 536.982 0.283706
211.809 10.2793 537.559 0.306686
211.865 10.2974 538.138 0.331215
211.921 10.3166 538.717 0.348704
211.978 10.3368 539.297 0.36765
212.034 10.3581 539.878 0.38829
212.09 10.3803 540.461 0.401033
212.146 10.4039 541.045 0.431927
212.202 10.429 541.63 0.457431
212.258 10.4554 542.217 0.478819
212.315 10.4832 542.805 0.504464
212.371 10.5122 543.395 0.525432
212.427 10.5427 543.987 0.556486
212.483 10.5749 544.58 0.583439
212.539 10.6086 545.176 0.607453
212.596 10.6434 545.773 0.630774
212.652 10.6798 546.372 0.659105
212.708 10.7178 546.973 0.683822
212.764 10.7571 547.577 0.713083
212.82 10.7983 548.182 0.747359
212.876 10.8411 548.79 0.772466
212.933 10.8854 549.401 0.800029
212.989 10.9314 550.014 0.829197
213.045 10.9789 550.63 0.85952
213.101 11.0281 551.248 0.883153
213.157 11.0783 551.869 0.903025
213.213 11.1298 552.493 0.92351
213.27 11.182 553.121 0.931878
213.326 11.2348 553.751 0.946634
213.382 11.2882 554.383 0.95379
213.438 11.3416 555.019 0.949884
213.494 11.3952 555.658 0.951416
213.551 11.4487 556.3 0.956944
213.607 11.5022 556.945 0.95086
213.663 11.5554 557.593 0.94117
213.719 11.608 558.244 0.933398
213.775 11.6603 558.898 0.927265
213.831 11.7118 559.555 0.914808
213.888 11.7621 560.215 0.884647
213.944 11.8107 560.877 0.855596
214 11.8576 561.542 0.823166
214.056 11.9029 562.21 0.796943
214.112 11.9467 562.88 0.771666
214.169 11.9889 563.553 0.738928
214.225 12.0292 564.228 0.705715
214.281 12.0676 564.905 0.669352
214.337 12.1042 565.584 0.634999
214.393 12.1388 566.265 0.60348
214.449 12.1714 566.948 0.566
214.506 12.2022 567.633 0.532612
214.562 12.2312 568.32 0.502232
214.618 12.2583 569.008 0.467962
214.674 12.2832 569.697 0.426622
214.73 12.3058 570.388 0.390112
214.787 12.3264 571.08 0.355866
214.843 12.3451 571.773 0.316716
214.899 12.3615 572.467 0.274238
214.955 12.3756 573.162 0.235654
215.011 12.3874 573.858 0.194656
215.067 12.3971 574.554 0.157519
215.124 12.4047 575.251 0.120185
215.18 12.4103 575.948 0.0856848
215.236 12.4138 576.645 0.0488422
215.292 12.4151 577.343 0.00624081
215.348 12.4141 578.04 -0.0386225
215.404 12.4103 578.737 -0.0854095
215.461 12.4035 579.434 -0.144456
215.517 12.3936 580.131 -0.194784
215.573 12.3811 580.827 -0.243235
215.629 12.3654 581.522 -0.299237
215.685 12.3469 582.216 -0.346967
215.742 12.326 582.909 -0.390512
215.798 12.3028 583.601 -0.430389
215.854 12.2773 584.291 -0.470452
215.91 12.2495 584.98 -0.507815
215.966 12.2197 585.667 -0.544504
216.022 12.1882 586.352 -0.572339
216.079 12.1551 587.036 -0.599952
216.135 12.1205 587.718 -0.622322
216.191 12.085 588.397 -0.639612
216.247 12.0486 589.075 -0.652988
216.303 12.0117 589.751 -0.657461
216.36 11.9746 590.424 -0.663013
216.416 11.9373 591.096 -0.662478
216.472 11.9001 591.765 -0.66064
216.528 11.8634 592.433 -0.651117
216.584 11.827 593.098 -0.642766
216.64 11.7913 593.761 -0.634046
216.697 11.7562 594.422 -0.62035
216.753 11.7218 595.082 -0.606187
216.809 11.688 595.739 -0.596586
216.865 11.6549 596.394 -0.585841
216.921 11.6224 597.048 -0.573835
216.978 11.5901 597.7 -0.57471
217.034 11.558 598.35 -0.573574
217.09 11.5259 598.998 -0.566233
217.146 11.494 599.645 -0.56584
217.202 11.4622 600.289 -0.568374
217.258 11.4302 600.932 -0.572456
217.315 11.3983 601.573 -0.564118
217.371 11.3666 602.213 -0.563788
217.427 11.3351 602.85 -0.556841
217.483 11.3041 603.486 -0.549503
217.539 11.2736 604.12 -0.536511
217.596 11.2439 604.752 -0.521078
217.652 11.2149 605.383 -0.513331
217.708 11.1867 606.012 -0.49644
217.764 11.1596 606.64 -0.469622
217.82 11.1341 607.266 -0.444066
217.876 11.11 607.89 -0.417917
217.933 11.0876 608.514 -0.387361
217.989 11.0668 609.136 -0.354586
218.045 11.048 609.757 -0.322003
218.101 11.0311 610.377 -0.288318
218.157 11.0159 610.996 -0.257801
218.213 11.0027 611.615 -0.222962
218.27 10.9909 612.232 -0.196957
218.326 10.981 612.85 -0.162772
218.382 10.973 613.466 -0.129153
218.438 10.9669 614.082 -0.0941978
218.494 10.9624 614.698 -0.0738458
218.551 10.9587 615.314 -0.0554706
218.607 10.9564 615.93 -0.0319667
218.663 10.9552 616.545 -0.0147098
218.719 10.955 617.161 0.0025532
218.775 10.9558 617.776 0.0227124
218.831 10.9575 618.392 0.0369265
218.888 10.9601 619.007 0.0503111
218.944 10.9631 619.623 0.0555532
219 10.9664 620.239 0.0618964
219.056 10.9701 620.855 0.0665517
219.112 10.9739 621.472 0.0691589
219.169 10.9779 622.088 0.0707068
219.225 10.982 622.705 0.0766274
219.281 10.9864 623.322 0.0800739
219.337 10.9909 623.94 0.081326
219.393 10.9954 624.557 0.0828989
219.449 11.0005 625.175 0.0965681
219.506 11.0062 625.794 0.105646
219.562 11.0125 626.412 0.115256
219.618 11.0193 627.031 0.124579
219.674 11.0265 627.65 0.131598
219.73 11.0342 628.27 0.139135
219.787 11.0423 628.89 0.149781
219.843 11.0508 629.511 0.152719
219.899 11.0596 630.132 0.15818
219.955 11.0687 630.754 0.162399
220.011 11.0778 631.376 0.163644
220.067 11.0869 631.998 0.158754
220.124 11.0957 632.622 0.156034
220.18 11.1042 633.245 0.145867
220.236 11.1121 633.869 0.137013
220.292 11.1195 634.494 0.128936
220.348 11.1262 635.119 0.113853
220.404 11.1323 635.744 0.106049
220.461 11.1383 636.37 0.105661
220.517 11.1439 636.996 0.096172
220.573 11.1491 637.622 0.0889889
220.629 11.1538 638.248 0.0789132
220.685 11.1576 638.875 0.0625383
220.742 11.1609 639.502 0.0548488
220.798 11.1637 640.129 0.0530067
220.854 11.1667 640.756 0.05353
220.91 11.1697 641.384 0.0511474
220.966 11.1726 642.011 0.0497296
221.022 11.1755 642.639 0.0577692
221.079 11.1788 643.267 0.0618073
221.135 11.1828 643.895 0.0738802
221.191 11.187 644.524 0.0770026
221.247 11.1914 645.152 0.0786469
221.303 11.1964 645.781 0.0937736
221.36 11.202 646.41 0.105937
221.416 11.2082 647.04 0.113025
221.472 11.2149 647.67 0.12347
221.528 11.2221 648.3 0.134702
221.584 11.2301 648.931 0.146648
221.64 11.2388 649.562 0.161442
221.697 11.2482 650.194 0.170812
221.753 11.2582 650.826 0.180582
221.809 11.2688 651.459 0.194933
221.865 11.2804 652.092 0.214609
221.921 11.2932 652.726 0.239213
221.978 11.3074 653.361 0.260942
222.034 11.3226 653.997 0.274985
222.09 11.3388 654.634 0.295855
222.146 11.356 655.271 0.315076
222.202 11.3745 655.91 0.336689
222.258 11.3943 656.55 0.361899
222.315 11.4151 657.19 0.378097
222.371 11.4369 657.833 0.395047
222.427 11.4596 658.476 0.409636
222.483 11.4834 659.12 0.432152
222.539 11.5082 659.766 0.448153
222.596 11.5339 660.414 0.463325
222.652 11.5606 661.063 0.483944
222.708 11.5885 661.713 0.502865
222.764 11.6172 662.365 0.516707
222.82 11.647 663.019 0.540219
222.876 11.678 663.674 0.556875
222.933 11.7095 664.331 0.564733
222.989 11.7418 664.99 0.580974
223.045 11.7746 665.651 0.587813
223.101 11.8078 666.313 0.593767
223.157 11.8418 666.978 0.609891
223.213 11.8765 667.644 0.6235
223.27 11.9119 668.313 0.632701
223.326 11.9477 668.983 0.642536
223.382 11.9839 669.656 0.643923
223.438 12.0204 670.33 0.651683
223.494 12.0572 671.007 0.658949
223.551 12.0945 671.685 0.667077
223.607 12.1321 672.366 0.670251
223.663 12.17 673.049 0.679008
223.719 12.208 673.734 0.670538
223.775 12.2454 674.421 0.663456
223.831 12.2826 675.11 0.661451
223.888 12.3198 675.801 0.663019
223.944 12.3569 676.495 0.659573
224 12.3937 677.19 0.653351
224.056 12.4301 677.888 0.645806
224.112 12.4662 678.587 0.637806
224.169 12.502 679.289 0.63702
224.225 12.5375 679.992 0.626614
224.281 12.5723 680.698 0.613054
224.337 12.6062 681.405 0.599282
224.393 12.6391 682.115 0.57822
224.449 12.671 682.826 0.557673
224.506 12.7017 683.539 0.541645
224.562 12.7315 684.253 0.522123
224.618 12.7602 684.97 0.502063
224.674 12.7877 685.687 0.481833
224.73 12.8142 686.407 0.466381
224.787 12.8397 687.127 0.447684
224.843 12.8643 687.85 0.430405
224.899 12.8878 688.573 0.410067
224.955 12.91 689.298 0.387082
225.011 12.9311 690.024 0.367701
225.067 12.9511 690.751 0.348639
225.124 12.9698 691.479 0.324444
225.18 12.9871 692.209 0.298915
225.236 13.0031 692.939 0.278896
225.292 13.018 693.67 0.255974
225.348 13.0317 694.402 0.233616
225.404 13.0439 695.134 0.207572
225.461 13.0547 695.867 0.179335
225.517 13.0641 696.601 0.157454
225.573 13.0719 697.335 0.127153
225.629 13.0782 698.07 0.103257
225.685 13.0828 698.805 0.0710339
225.742 13.0858 699.54 0.0402711
225.798 13.087 700.275 0.00497199
225.854 13.0861 701.01 -0.028209
225.91 13.0832 701.745 -0.0649919
225.966 13.0784 702.48 -0.0999483
226.022 13.0718 703.215 -0.13215
226.079 13.0631 703.949 -0.169226
226.135 13.0524 704.682 -0.204713
226.191 13.0397 705.415 -0.237782
226.247 13.0253 706.147 -0.266563
226.303 13.0092 706.878 -0.304119
226.36 12.991 707.609 -0.336282
226.416 12.9709 708.338 -0.370538
226.472 12.949 709.066 -0.403845
226.528 12.9252 709.793 -0.435784
226.584 12.8994 710.518 -0.474024
226.64 12.8716 711.242 -0.508926
226.697 12.8418 711.964 -0.543489
226.753 12.8102 712.684 -0.572592
226.809 12.777 713.403 -0.605814
226.865 12.7419 714.119 -0.637512
226.921 12.7051 714.834 -0.663654
226.978 12.667 715.546 -0.68752
227.034 12.6278 716.257 -0.705321
227.09 12.5875 716.965 -0.722912
227.146 12.5464 717.671 -0.740588
227.202 12.5043 718.374 -0.75394
227.258 12.4616 719.075 -0.765894
227.315 12.4183 719.774 -0.772141
227.371 12.375 720.47 -0.768159
227.427 12.3318 721.164 -0.770423
227.483 12.2886 721.855 -0.767104
227.539 12.2459 722.544 -0.752739
227.596 12.2041 723.23 -0.736876
227.652 12.1632 723.915 -0.72263
227.708 12.1231 724.597 -0.707845
227.764 12.084 725.276 -0.684638
227.82 12.0463 725.954 -0.664013
227.876 12.0098 726.63 -0.640632
227.933 11.9749 727.303 -0.603932
227.989 11.9424 727.975 -0.564857
228.045 11.9118 728.645 -0.529346
228.101 11.8834 729.313 -0.490111
228.157 11.8573 729.98 -0.44942
228.213 11.8333 730.645 -0.409228
228.27 11.8117 731.309 -0.367763
228.326 11.7927 731.972 -0.322693
228.382 11.7757 732.634 -0.282357
228.438 11.761 733.295 -0.246606
228.494 11.7486 733.955 -0.201657
228.551 11.7385 734.615 -0.164662
228.607 11.7304 735.274 -0.130844
228.663 11.7241 735.933 -0.102581
228.719 11.7193 736.591 -0.073381
228.775 11.7159 737.25 -0.0521948
228.831 11.7137 737.908 -0.030013
228.888 11.7128 738.566 -0.00829752
228.944 11.7127 739.224 0.00277777
229 11.7131 739.882 0.009152
229.056 11.7139 740.54 0.0188935
229.112 11.7154 741.198 0.0322322
229.169 11.7176 741.856 0.0411234
229.225 11.7199 742.515 0.0415344
229.281 11.7219 743.173 0.0352695
229.337 11.7239 743.832 0.033111
229.393 11.7257 744.49 0.0298024
229.449 11.7274 745.149 0.0273207
229.506 11.7288 745.808 0.0231097
229.562 11.7301 746.467 0.0231707
229.618 11.731 747.126 0.0124682
229.674 11.7314 747.785 0.00353051
229.73 11.7315 748.444 0.000909662
229.787 11.7316 749.103 0.00393932
229.843 11.7319 749.762 0.00318599
229.899 11.7321 750.421 0.00524843
229.955 11.7319 751.081 -0.008159
230.011 11.731 751.74 -0.0245026
230.067 11.7291 752.399 -0.0364091
230.124 11.7267 753.057 -0.0459872
230.18 11.7237 753.716 -0.0591243
230.236 11.7202 754.375 -0.0679729
230.292 11.7158 755.033 -0.0840684
230.348 11.7108 755.691 -0.0975372
230.404 11.7048 756.349 -0.113499
230.461 11.6977 757.006 -0.132637
230.517 11.6896 757.663 -0.152544
230.573 11.6804 758.319 -0.16981
230.629 11.6702 758.975 -0.188933
230.685 11.6592 759.63 -0.202205
230.742 11.6475 760.285 -0.212961
230.798 11.6346 760.939 -0.240284
230.854 11.6207 761.592 -0.250747
230.91 11.6064 762.245 -0.258704
230.966 11.5915 762.896 -0.267575
231.022 11.5761 763.547 -0.279312
231.079 11.5602 764.197 -0.284265
231.135 11.544 764.846 -0.290061
231.191 11.5273 765.493 -0.30217
231.247 11.5102 766.141 -0.30659
231.303 11.4926 766.787 -0.315028
231.36 11.4752 767.432 -0.308885
231.416 11.4581 768.076 -0.303182
231.472 11.441 768.719 -0.302118
231.528 11.424 769.361 -0.303038
231.584 11.4071 770.002 -0.298446
231.64 11.3902 770.643 -0.299383
231.697 11.3733 771.282 -0.303368
231.753 11.3561 771.92 -0.306109
231.809 11.339 772.558 -0.299722
231.865 11.3223 773.194 -0.296857
231.921 11.306 773.83 -0.285283
231.978 11.29 774.464 -0.282601
232.034 11.2744 775.098 -0.27315
232.09 11.2595 775.731 -0.25843
232.146 11.2456 776.363 -0.242419
232.202 11.2324 776.994 -0.230691
232.258 11.2201 777.625 -0.210818
232.315 11.2086 778.255 -0.197049
232.371 11.1984 778.884 -0.175364
232.427 11.1888 779.513 -0.164785
232.483 11.18 780.141 -0.147163
232.539 11.1724 780.769 -0.129523
232.596 11.1656 781.397 -0.110396
232.652 11.16 782.024 -0.0929748
232.708 11.1554 782.65 -0.0726354
232.764 11.1523 783.277 -0.0470099
232.82 11.1501 783.904 -0.0312617
232.876 11.1491 784.53 -0.00790354
232.933 11.1494 785.156 0.0147805
232.989 11.1508 785.783 0.0277679
233.045 11.1529 786.409 0.0465345
233.101 11.1563 787.036 0.0683562
233.157 11.1605 787.663 0.0790995
233.213 11.1653 788.29 0.0905711
233.27 11.1708 788.917 0.106731
233.326 11.1774 789.545 0.125811
233.382 11.1851 790.173 0.142477
233.438 11.1938 790.802 0.163172
233.494 11.2036 791.431 0.181135
233.551 11.2145 792.061 0.200331
233.607 11.2264 792.691 0.218969
233.663 11.2393 793.323 0.237338
233.719 11.2533 793.954 0.257162
233.775 11.2684 794.587 0.281526
233.831 11.285 795.221 0.304738
233.888 11.3029 795.855 0.327739
233.944 11.3223 796.491 0.356252
234 11.3432 797.128 0.381709
234.056 11.3654 797.766 0.400464
234.112 11.3887 798.405 0.42704
234.169 11.4137 799.046 0.457319
234.225 11.4402 799.688 0.480511
234.281 11.4679 800.331 0.498616
234.337 11.4964 800.977 0.512802
234.393 11.5257 801.623 0.525333
234.449 11.5557 802.272 0.538625
234.506 11.5864 802.922 0.555659
234.562 11.6183 803.574 0.569937
234.618 11.651 804.228 0.591745
234.674 11.6847 804.884 0.602718
234.73 11.7186 805.541 0.607079
234.787 11.7532 806.201 0.622396
234.843 11.7883 806.862 0.627357
234.899 11.8238 807.526 0.634393
234.955 11.8594 808.191 0.634028
235.011 11.8948 808.859 0.630464
235.067 11.9302 809.528 0.62869
235.124 11.9655 810.2 0.629366
235.18 12.0008 810.873 0.627599
235.236 12.0361 811.548 0.628841
235.292 12.0715 812.226 0.630581
235.348 12.1067 812.905 0.62669
235.404 12.1418 813.586 0.620017
235.461 12.1765 814.27 0.617051
235.517 12.2109 814.955 0.609693
235.573 12.2449 815.642 0.603107
235.629 12.2787 816.331 0.600628
235.685 12.3122 817.022 0.591887
235.742 12.3448 817.715 0.56876
235.798 12.3756 818.409 0.537468
235.854 12.4046 819.106 0.503508
235.91 12.432 819.804 0.474474
235.966 12.4576 820.503 0.443338
236.022 12.4814 821.204 0.410029
236.079 12.5033 821.905 0.377849
236.135 12.5235 822.609 0.347867
236.191 12.5419 823.313 0.3157
236.247 12.559 824.018 0.293556
236.303 12.5745 824.724 0.267012
236.36 12.5885 825.431 0.237918
236.416 12.6008 826.139 0.206033
236.472 12.6113 826.847 0.172118
236.528 12.6197 827.556 0.138301
236.584 12.6266 828.265 0.111902
236.64 12.632 828.974 0.0849831
236.697 12.6357 829.684 0.0528269
236.753 12.6375 830.394 0.0132169
236.809 12.6368 831.104 -0.0275408
236.865 12.634 831.814 -0.0646964
236.921 12.6294 832.524 -0.0955141
236.978 12.6231 833.233 -0.122199
237.034 12.615 833.942 -0.159364
237.09 12.6048 834.65 -0.199214
237.146 12.5923 835.358 -0.234497
237.202 12.5781 836.065 -0.262603
237.258 12.5625 836.771 -0.290512
237.315 12.5455 837.476 -0.310137
237.371 12.5272 838.18 -0.336656
237.427 12.5072 838.883 -0.370297
237.483 12.4853 839.585 -0.399591
237.539 12.4621 840.286 -0.421811
237.596 12.4381 840.985 -0.43288
237.652 12.4132 841.683 -0.446758
237.708 12.3876 842.38 -0.463371
237.764 12.3611 843.075 -0.477011
237.82 12.3339 843.768 -0.48632
237.876 12.3063 844.46 -0.495816
237.933 12.2782 845.151 -0.501848
237.989 12.2503 845.84 -0.491935
238.045 12.222 846.527 -0.507181
238.101 12.1935 847.213 -0.507185
238.157 12.1652 847.897 -0.501364
238.213 12.1371 848.579 -0.500353
238.27 12.109 849.26 -0.498481
238.326 12.0811 849.939 -0.494756
238.382 12.0534 850.617 -0.490388
238.438 12.0261 851.293 -0.485332
238.494 11.9989 851.968 -0.481394
238.551 11.9719 852.641 -0.482263
238.607 11.945 853.313 -0.47695
238.663 11.9185 853.983 -0.468856
238.719 11.8922 854.652 -0.465245
238.775 11.8663 855.319 -0.459419
238.831 11.8409 855.985 -0.448485
238.888 11.8159 856.649 -0.444262
238.944 11.7911 857.312 -0.442711
239 11.7665 857.974 -0.43372
239.056 11.7423 858.634 -0.42649
239.112 11.7187 859.293 -0.417892
239.169 11.6955 859.95 -0.411835
239.225 11.6723 860.607 -0.411914
239.281 11.6495 861.262 -0.403747
239.337 11.6271 861.915 -0.39373
239.393 11.6052 862.568 -0.388585
239.449 11.5836 863.219 -0.383558
239.506 11.5621 863.869 -0.37854
239.562 11.5407 864.518 -0.380459
239.618 11.5194 865.166 -0.382555
239.674 11.4981 865.812 -0.37519
239.73 11.477 866.457 -0.376156
239.787 11.4558 867.101 -0.379121
239.843 11.4343 867.744 -0.385527
239.899 11.4125 868.386 -0.390806
239.955 11.3905 869.026 -0.394759
240.011 11.3679 869.665 -0.407719
240.067 11.3448 870.303 -0.413011
240.124 11.3217 870.94 -0.411283
240.18 11.2982 871.575 -0.418862
240.236 11.2742 872.209 -0.431565
240.292 11.25 872.842 -0.433385
240.348 11.2255 873.473 -0.437208
240.404 11.2004 874.103 -0.448487
240.461 11.1748 874.731 -0.459826
240.517 11.1487 875.358 -0.467836
240.573 11.122 875.983 -0.481121
240.629 11.0947 876.607 -0.490064
240.685 11.0669 877.23 -0.498115
240.742 11.0386 877.85 -0.508173
240.798 11.0098 878.47 -0.516531
240.854 10.9807 879.087 -0.51746
240.91 10.9514 879.703 -0.52547
240.966 10.9216 880.317 -0.532465
241.022 10.8915 880.93 -0.537705
241.079 10.8608 881.541 -0.55131
241.135 10.8297 882.15 -0.552575
241.191 10.7983 882.757 -0.562682
241.247 10.7667 883.363 -0.564483
241.303 10.7349 883.967 -0.569987
241.36 10.7027 884.569 -0.575474
241.416 10.6703 885.169 -0.57698
241.472 10.638 885.767 -0.575802
241.528 10.6057 886.364 -0.574164
241.584 10.5734 886.958 -0.578149
241.64 10.541 887.551 -0.576528
241.697 10.5088 888.142 -0.573061
241.753 10.4765 888.732 -0.574318
241.809 10.4444 889.319 -0.566199
241.865 10.4128 889.905 -0.561045
241.921 10.3813 890.489 -0.557298
241.978 10.3504 891.071 -0.54711
242.034 10.3199 891.651 -0.54006
242.09 10.29 892.23 -0.526073
242.146 10.2611 892.807 -0.507518
242.202 10.2334 893.383 -0.482507
242.258 10.207 893.957 -0.459314
242.315 10.1818 894.529 -0.438162
242.371 10.1583 895.101 -0.404302
242.427 10.1367 895.671 -0.372149
242.483 10.1168 896.239 -0.343586
242.539 10.0986 896.807 -0.307397
242.596 10.0825 897.374 -0.268298
242.652 10.069 897.94 -0.225836
242.708 10.0577 898.505 -0.182395
242.764 10.0494 899.07 -0.124187
242.82 10.0441 899.634 -0.0749235
242.876 10.0416 900.198 -0.0260582
242.933 10.042 900.763 0.0321045
242.989 10.0458 901.327 0.0896836
243.045 10.0526 901.891 0.140241
243.101 10.062 902.457 0.18887
243.157 10.0745 903.022 0.242527
243.213 10.0899 903.589 0.297249
243.27 10.1082 904.156 0.343156
243.326 10.1291 904.725 0.388875
243.382 10.1525 905.295 0.437915
243.438 10.1786 905.866 0.480699
243.494 10.2066 906.439 0.508498
243.551 10.2361 907.013 0.538326
243.607 10.2677 907.589 0.578556
243.663 10.3013 908.167 0.611896
243.719 10.3366 908.747 0.639757
243.775 10.3734 909.329 0.666048
243.831 10.4116 909.913 0.684837
243.888 10.4508 910.499 0.707878
243.944 10.4913 911.088 0.72962
244 10.5331 911.678 0.753468
244.056 10.5762 912.272 0.774824
244.112 10.6202 912.867 0.78923
244.169 10.6648 913.465 0.795337
244.225 10.7097 914.066 0.80415
244.281 10.7552 914.669 0.813396
244.337 10.8014 915.275 0.826647
244.393 10.8482 915.883 0.838532
244.449 10.8956 916.495 0.84698
244.506 10.9434 917.108 0.852908
244.562 10.9916 917.725 0.861897
244.618 11.0402 918.344 0.869877
244.674 11.0889 918.966 0.863463
244.73 11.1374 919.59 0.863024
244.787 11.1857 920.218 0.858321
244.843 11.2341 920.848 0.860309
244.899 11.2824 921.48 0.861078
244.955 11.3303 922.116 0.848985
245.011 11.3775 922.754 0.831004
245.067 11.4237 923.395 0.818193
245.124 11.469 924.038 0.797634
245.18 11.5133 924.684 0.783592
245.236 11.5569 925.332 0.769958
245.292 11.5996 925.983 0.752844
245.348 11.6413 926.636 0.734649
245.404 11.6819 927.291 0.714885
245.461 11.7212 927.949 0.692113
245.517 11.7594 928.609 0.668996
245.573 11.796 929.271 0.641715
245.629 11.8311 929.935 0.614378
245.685 11.8647 930.6 0.586678
245.742 11.8966 931.268 0.554339
245.798 11.9265 931.937 0.516442
245.854 11.9541 932.608 0.474378
245.91 11.9794 933.281 0.43282
245.966 12.0021 933.955 0.384671
246.022 12.0222 934.629 0.33605
246.079 12.0392 935.305 0.281944
246.135 12.053 935.982 0.222719
246.191 12.0634 936.66 0.158449
246.247 12.0704 937.338 0.102231
246.303 12.0741 938.016 0.039406
246.36 12.074 938.694 -0.0286813
246.416 12.0705 939.373 -0.0868349
246.472 12.0634 940.05 -0.150469
246.528 12.0529 940.728 -0.211413
246.584 12.0393 941.405 -0.263314
246.64 12.0226 942.08 -0.318905
246.697 12.003 942.755 -0.368081
246.753 11.9807 943.429 -0.417998
246.809 11.9556 944.101 -0.465557
246.865 11.928 944.772 -0.507006
246.921 11.8982 945.441 -0.544017
246.978 11.8664 946.108 -0.576352
247.034 11.8332 946.774 -0.598038
247.09 11.7989 947.437 -0.618252
247.146 11.7634 948.099 -0.642172
247.202 11.7268 948.759 -0.657323
247.258 11.6893 949.416 -0.675408
247.315 11.6506 950.072 -0.691185
247.371 11.6118 950.725 -0.691276
247.427 11.5727 951.376 -0.697858
247.483 11.5333 952.025 -0.704607
247.539 11.4937 952.671 -0.707761
247.596 11.4537 953.316 -0.709593
247.652 11.4139 953.958 -0.703263
247.708 11.3749 954.598 -0.688072
247.764 11.3369 955.235 -0.669271
247.82 11.2999 955.871 -0.65115
247.876 11.2641 956.505 -0.626907
247.933 11.2296 957.136 -0.604072
247.989 11.1963 957.766 -0.584267
248.045 11.1646 958.394 -0.550905
248.101 11.135 959.02 -0.510416
248.157 11.1076 959.645 -0.472127
248.213 11.0827 960.268 -0.424154
248.27 11.0606 960.89 -0.371549
248.326 11.0415 961.511 -0.319137
248.382 11.0253 962.13 -0.266768
248.438 11.0122 962.749 -0.209604
248.494 11.002 963.368 -0.162423
248.551 10.9949 963.985 -0.102507
248.607 10.9909 964.603 -0.0511723
248.663 10.9896 965.22 -0.00266371
248.719 10.991 965.838 0.0421543
248.775 10.9951 966.455 0.0932949
248.831 11.0018 967.073 0.135202
248.888 11.0108 967.692 0.175611
248.944 11.0221 968.311 0.21851
249 11.0356 968.93 0.254587
249.056 11.0512 969.551 0.293539
249.112 11.0688 970.172 0.325403
249.169 11.0881 970.795 0.356763
249.225 11.1091 971.418 0.386405
249.281 11.1317 972.043 0.41246
249.337 11.1557 972.669 0.440384
249.393 11.1814 973.297 0.467042
249.449 11.2085 973.926 0.49329
249.506 11.2372 974.557 0.51754
249.562 11.267 975.189 0.537952
249.618 11.2976 975.823 0.554227
249.674 11.3291 976.459 0.564671
249.73 11.361 977.096 0.570867
249.787 11.3934 977.736 0.581077
249.843 11.4264 978.377 0.587853
249.899 11.4596 979.02 0.594335
249.955 11.4933 979.665 0.604321
250.011 11.5275 980.312 0.609969
250.067 11.5619 980.96 0.614416
250.124 11.5967 981.611 0.620388
250.18 11.6315 982.264 0.620053
250.236 11.6664 982.919 0.621937
250.292 11.7015 983.575 0.625579
250.348 11.7366 984.234 0.626703
250.404 11.7719 984.894 0.628156
250.461 11.8073 985.557 0.629687
250.517 11.8424 986.221 0.62576
250.573 11.8774 986.888 0.616737
250.629 11.9119 987.556 0.61312
250.685 11.9459 988.227 0.6014
250.742 11.9795 988.899 0.594832
250.798 12.0126 989.573 0.58627
250.854 12.0451 990.249 0.575551
250.91 12.0772 990.927 0.565883
250.966 12.1085 991.606 0.55235
251.022 12.1391 992.288 0.539716
251.079 12.169 992.97 0.524056
251.135 12.198 993.655 0.512632
251.191 12.2265 994.341 0.501934
251.247 12.2543 995.029 0.488641
251.303 12.2812 995.719 0.472053
251.36 12.307 996.409 0.452377
251.416 12.3318 997.102 0.43275
251.472 12.3557 997.795 0.420975
251.528 12.3786 998.49 0.401523
251.584 12.4006 999.186 0.382347
251.64 12.4214 999.884 0.361879
251.697 12.4409 1000.58 0.337061
251.753 12.4588 1001.28 0.309735
251.809 12.4756 1001.98 0.28944
251.865 12.4908 1002.68 0.25971
251.921 12.5047 1003.39 0.236685
251.978 12.5171 1004.09 0.210023
252.034 12.528 1004.79 0.187245
252.09 12.5376 1005.5 0.159195
252.146 12.5457 1006.2 0.136166
252.202 12.5525 1006.91 0.107608
252.258 12.5578 1007.61 0.0858498
252.315 12.5619 1008.32 0.0653872
252.371 12.5648 1009.02 0.0460344
252.427 12.5668 1009.73 0.0267875
252.483 12.5679 1010.44 0.0135123
252.539 12.568 1011.14 -0.00356381
252.596 12.5672 1011.85 -0.02473
252.652 12.5652 1012.55 -0.0411141
252.708 12.5624 1013.26 -0.0567828
252.764 12.5589 1013.96 -0.0654289
252.82 12.555 1014.67 -0.0723996
252.876 12.5505 1015.38 -0.0818349
252.933 12.5459 1016.08 -0.0828209
252.989 12.5413 1016.78 -0.0796154
253.045 12.5369 1017.49 -0.0776489
253.101 12.5326 1018.19 -0.0760748
253.157 12.5286 1018.9 -0.068961
253.213 12.525 1019.6 -0.0625723
253.27 12.5215 1020.3 -0.0614033
253.326 12.5183 1021.01 -0.0549072
253.382 12.5154 1021.71 -0.0485776
253.438 12.5132 1022.41 -0.0346557
253.494 12.5118 1023.12 -0.0182811
253.551 12.5114 1023.82 0.000524602
253.607 12.5122 1024.52 0.0209683
253.663 12.514 1025.23 0.0352552
253.719 12.516 1025.93 0.0376288
253.775 12.5186 1026.63 0.0505992
253.831 12.5219 1027.34 0.0654473
253.888 12.5259 1028.04 0.0788752
253.944 12.531 1028.74 0.0962697
254 12.5371 1029.45 0.11566
254.056 12.5442 1030.15 0.135752
254.112 12.5526 1030.86 0.158071
254.169 12.5623 1031.56 0.180974
254.225 12.573 1032.27 0.19926
254.281 12.5849 1032.98 0.218732
254.337 12.5979 1033.68 0.238271
254.393 12.6117 1034.39 0.254486
254.449 12.6268 1035.1 0.274396
254.506 12.643 1035.81 0.296907
254.562 12.6603 1036.52 0.314733
254.618 12.6786 1037.23 0.331165
254.674 12.6975 1037.95 0.337952
254.73 12.7164 1038.66 0.337321
254.787 12.7357 1039.37 0.346487
254.843 12.7555 1040.09 0.357409
254.899 12.7758 1040.81 0.36329
254.955 12.7964 1041.53 0.370432
255.011 12.8175 1042.25 0.379061
255.067 12.8389 1042.97 0.381288
255.124 12.8605 1043.69 0.385809
255.18 12.8825 1044.41 0.394385
255.236 12.9047 1045.14 0.395952
255.292 12.9272 1045.86 0.401929
255.348 12.95 1046.59 0.409918
255.404 12.9733 1047.32 0.416048
255.461 12.9969 1048.05 0.423549
255.517 13.0211 1048.78 0.433435
255.573 13.0456 1049.51 0.437056
255.629 13.0704 1050.24 0.444826
255.685 13.0956 1050.98 0.452162
255.742 13.1213 1051.72 0.460363
255.798 13.1475 1052.45 0.467729
255.854 13.1741 1053.19 0.477414
255.91 13.201 1053.93 0.482375
255.966 13.2284 1054.68 0.486546
256.022 13.2558 1055.42 0.491348
256.079 13.2833 1056.17 0.491074
256.135 13.3112 1056.91 0.495667
256.191 13.3392 1057.66 0.501735
256.247 13.3673 1058.41 0.498405
256.303 13.3951 1059.17 0.490115
256.36 13.4226 1059.92 0.488595
256.416 13.4496 1060.67 0.480498
256.472 13.4764 1061.43 0.471261
256.528 13.5026 1062.19 0.462427
256.584 13.5281 1062.95 0.448523
256.64 13.5529 1063.71 0.435833
256.697 13.5767 1064.47 0.41233
256.753 13.599 1065.23 0.386643
256.809 13.6196 1066 0.349571
256.865 13.6387 1066.76 0.330018
256.921 13.6561 1067.53 0.298578
256.978 13.6719 1068.3 0.268306
257.034 13.6859 1069.07 0.237004
257.09 13.6977 1069.84 0.194251
257.146 13.7071 1070.61 0.147966
257.202 13.714 1071.38 0.108068
257.258 13.7184 1072.15 0.0602798
257.315 13.7203 1072.92 0.0141544
257.371 13.7197 1073.69 -0.0285905
257.427 13.7165 1074.46 -0.0751974
257.483 13.7108 1075.23 -0.119743
257.539 13.7026 1076 -0.16257
257.596 13.6917 1076.77 -0.214536
257.652 13.6781 1077.54 -0.263762
257.708 13.6616 1078.31 -0.312851
257.764 13.642 1079.07 -0.373466
257.82 13.6191 1079.84 -0.430651
257.876 13.5932 1080.6 -0.477289
257.933 13.565 1081.37 -0.519469
257.989 13.5344 1082.13 -0.565431
258.045 13.5013 1082.89 -0.602492
258.101 13.466 1083.64 -0.64111
258.157 13.4289 1084.4 -0.673448
258.213 13.3899 1085.15 -0.706393
258.27 13.3491 1085.9 -0.73864
258.326 13.3069 1086.65 -0.762434
258.382 13.2635 1087.4 -0.778029
258.438 13.2194 1088.14 -0.787539
258.494 13.1752 1088.88 -0.789028
258.551 13.1307 1089.62 -0.794249
258.607 13.0861 1090.36 -0.793057
258.663 13.0418 1091.09 -0.785109
258.719 12.9981 1091.82 -0.772036
258.775 12.9548 1092.55 -0.767975
258.831 12.9124 1093.28 -0.748938
258.888 12.8711 1094 -0.727687
258.944 12.8307 1094.72 -0.709993
259 12.7917 1095.44 -0.685198
259.056 12.7541 1096.16 -0.656586
259.112 12.7179 1096.88 -0.635994
259.169 12.6831 1097.59 -0.611003
259.225 12.6497 1098.3 -0.579746
259.281 12.6181 1099.01 -0.552263
259.337 12.5881 1099.72 -0.522202
259.393 12.5598 1100.42 -0.49084
259.449 12.5334 1101.13 -0.456532
259.506 12.5088 1101.83 -0.427039
259.562 12.4861 1102.53 -0.388482
259.618 12.4654 1103.23 -0.353701
259.674 12.4468 1103.93 -0.316508
259.73 12.4303 1104.63 -0.279882
259.787 12.4156 1105.33 -0.248636
259.843 12.403 1106.03 -0.206803
259.899 12.3929 1106.72 -0.164757
259.955 12.3846 1107.42 -0.134089
260.011 12.3786 1108.12 -0.0947069
260.067 12.3747 1108.81 -0.0519243
260.124 12.373 1109.51 -0.0145632
260.18 12.3734 1110.2 0.0208551
260.236 12.3761 1110.9 0.0683083
260.292 12.3812 1111.59 0.104923
260.348 12.3886 1112.29 0.144599
260.404 12.3979 1112.98 0.182474
260.461 12.4091 1113.68 0.209798
260.517 12.422 1114.38 0.240026
260.573 12.4364 1115.08 0.269087
260.629 12.4523 1115.78 0.292098
260.685 12.4696 1116.48 0.317153
260.742 12.4885 1117.18 0.348537
260.798 12.5089 1117.88 0.375446
260.854 12.531 1118.58 0.402825
260.91 12.5543 1119.29 0.423453
260.966 12.5785 1119.99 0.434143
261.022 12.6033 1120.7 0.444958
261.079 12.6287 1121.41 0.459643
261.135 12.6551 1122.12 0.475987
261.191 12.6822 1122.83 0.486661
261.247 12.71 1123.55 0.501406
261.303 12.7386 1124.26 0.512737
261.36 12.7676 1124.98 0.517139
261.416 12.7967 1125.7 0.518034
261.472 12.8258 1126.42 0.519544
261.528 12.8551 1127.14 0.522425
261.584 12.8847 1127.86 0.529436
261.64 12.9141 1128.59 0.519196
261.697 12.9428 1129.31 0.504797
261.753 12.9709 1130.04 0.496835
261.809 12.9984 1130.77 0.487635
261.865 13.0257 1131.5 0.483301
261.921 13.0526 1132.23 0.475608
261.978 13.0788 1132.97 0.458631
262.034 13.1038 1133.7 0.434971
262.09 13.1276 1134.44 0.417791
262.146 13.1502 1135.18 0.390619
262.202 13.1714 1135.92 0.366961
262.258 13.1915 1136.66 0.34964
262.315 13.2104 1137.4 0.327432
262.371 13.2279 1138.14 0.302252
262.427 13.2442 1138.89 0.281512
262.483 13.2592 1139.63 0.259104
262.539 13.273 1140.38 0.236169
262.596 13.2856 1141.12 0.216247
262.652 13.297 1141.87 0.192182
262.708 13.3069 1142.62 0.16469
262.764 13.3154 1143.36 0.142144
262.82 13.3225 1144.11 0.116444
262.876 13.3284 1144.86 0.0949522
262.933 13.3333 1145.61 0.0786298
262.989 13.3368 1146.36 0.0547882
263.045 13.3392 1147.11 0.0320481
263.101 13.3401 1147.86 0.00536621
263.157 13.3394 1148.61 -0.0265174
263.213 13.3364 1149.36 -0.0712302
263.27 13.3312 1150.11 -0.105837
263.326 13.3236 1150.85 -0.148971
263.382 13.3139 1151.6 -0.192029
263.438 13.302 1152.35 -0.224738
263.494 13.2878 1153.1 -0.270144
263.551 13.2712 1153.84 -0.31275
263.607 13.2526 1154.59 -0.343248
263.663 13.2318 1155.33 -0.382093
263.719 13.2093 1156.07 -0.417069
263.775 13.185 1156.82 -0.44164
263.831 13.159 1157.56 -0.473259
263.888 13.1316 1158.29 -0.498115
263.944 13.1031 1159.03 -0.514393
264 13.0735 1159.77 -0.533697
264.056 13.0431 1160.5 -0.546852
264.112 13.0122 1161.23 -0.549734
264.169 12.9811 1161.96 -0.55544
264.225 12.9498 1162.69 -0.559883
264.281 12.9182 1163.42 -0.562758
264.337 12.8866 1164.14 -0.56266
264.393 12.8555 1164.86 -0.549288
264.449 12.8251 1165.58 -0.53435
264.506 12.7955 1166.3 -0.523821
264.562 12.7664 1167.02 -0.514073
264.618 12.7381 1167.74 -0.496999
264.674 12.7106 1168.45 -0.482436
264.73 12.6838 1169.17 -0.47374
264.787 12.6578 1169.88 -0.455719
264.843 12.6328 1170.59 -0.439245
264.899 12.6088 1171.3 -0.421445
264.955 12.5858 1172 -0.401566
265.011 12.5637 1172.71 -0.383162
265.067 12.5429 1173.42 -0.363605
265.124 12.5232 1174.12 -0.340032
265.18 12.5048 1174.82 -0.317716
265.236 12.4877 1175.53 -0.297363
265.292 12.472 1176.23 -0.269007
265.348 12.4575 1176.93 -0.248225
265.404 12.4444 1177.63 -0.22297
265.461 12.4328 1178.32 -0.19364
265.517 12.4228 1179.02 -0.167921
265.573 12.4145 1179.72 -0.135064
265.629 12.4081 1180.42 -0.101788
265.685 12.4031 1181.11 -0.0785631
265.742 12.3995 1181.81 -0.0559117
265.798 12.3974 1182.51 -0.0259062
265.854 12.3966 1183.2 -0.00530529
265.91 12.3972 1183.9 0.0235518
265.966 12.3994 1184.6 0.0480002
266.022 12.4028 1185.29 0.0666082
266.079 12.4073 1185.99 0.089408
266.135 12.4131 1186.69 0.110863
266.191 12.4199 1187.39 0.129588
266.247 12.4279 1188.08 0.149709
266.303 12.4368 1188.78 0.165775
266.36 12.4465 1189.48 0.1787
266.416 12.4571 1190.18 0.192049
266.472 12.4683 1190.88 0.207278
266.528 12.4803 1191.58 0.214361
266.584 12.4925 1192.28 0.220353
266.64 12.5053 1192.99 0.234393
266.697 12.5186 1193.69 0.239791
266.753 12.5322 1194.39 0.241204
266.809 12.5458 1195.1 0.242837
266.865 12.5593 1195.8 0.237968
266.921 12.5726 1196.51 0.235216
266.978 12.5857 1197.21 0.233981
267.034 12.5984 1197.92 0.222358
267.09 12.6107 1198.63 0.21422
267.146 12.6226 1199.34 0.209388
267.202 12.6339 1200.05 0.19729
267.258 12.6447 1200.76 0.188065
267.315 12.6549 1201.47 0.17825
267.371 12.6645 1202.18 0.16573
267.427 12.6734 1202.89 0.150795
267.483 12.6817 1203.6 0.14593
267.539 12.6897 1204.32 0.143532
267.596 12.6977 1205.03 0.139627
267.652 12.7053 1205.74 0.134142
267.708 12.7127 1206.46 0.126532
267.764 12.7197 1207.17 0.122138
267.82 12.7265 1207.89 0.123459
267.876 12.7336 1208.6 0.128083
267.933 12.7413 1209.32 0.142352
267.989 12.75 1210.03 0.162974
268.045 12.7594 1210.75 0.175081
268.101 12.7697 1211.47 0.184357
268.157 12.7802 1212.19 0.187654
268.213 12.7909 1212.9 0.191845
268.27 12.802 1213.62 0.199661
268.326 12.8136 1214.34 0.212034
268.382 12.8258 1215.06 0.220632
268.438 12.8383 1215.78 0.219943
268.494 12.8507 1216.51 0.216978
268.551 12.8623 1217.23 0.202602
268.607 12.8731 1217.95 0.183779
268.663 12.8828 1218.67 0.166684
268.719 12.8913 1219.4 0.144078
268.775 12.8988 1220.12 0.126094
268.831 12.9052 1220.85 0.105034
268.888 12.9101 1221.57 0.0735388
268.944 12.9132 1222.3 0.041399
269 12.9145 1223.02 0.0131241
269.056 12.9144 1223.75 -0.0112352
269.112 12.9131 1224.48 -0.0334483
269.169 12.9107 1225.2 -0.0496655
269.225 12.907 1225.93 -0.0715831
269.281 12.9024 1226.65 -0.0893498
269.337 12.8969 1227.38 -0.106985
269.393 12.8902 1228.1 -0.124826
269.449 12.8828 1228.82 -0.138491
269.506 12.8746 1229.55 -0.148684
269.562 12.8659 1230.27 -0.158461
269.618 12.8569 1230.99 -0.162637
269.674 12.8476 1231.71 -0.164451
269.73 12.838 1232.44 -0.173245
269.787 12.828 1233.16 -0.181144
269.843 12.8177 1233.88 -0.18366
269.899 12.8072 1234.6 -0.188551
269.955 12.7966 1235.32 -0.191935
270.011 12.7858 1236.03 -0.194763
270.067 12.7744 1236.75 -0.205702
270.124 12.7629 1237.47 -0.201231
270.18 12.7517 1238.19 -0.199512
270.236 12.7403 1238.9 -0.204204
270.292 12.7287 1239.62 -0.209538
270.348 12.7168 1240.33 -0.210519
270.404 12.705 1241.05 -0.210932
270.461 12.6931 1241.76 -0.21076
270.517 12.6812 1242.47 -0.212026
270.573 12.6694 1243.18 -0.207204
270.629 12.6581 1243.9 -0.20042
270.685 12.6471 1244.61 -0.192442
270.742 12.6362 1245.32 -0.192231
270.798 12.6256 1246.03 -0.183451
270.854 12.6156 1246.74 -0.176568
270.91 12.6056 1247.44 -0.176761
270.966 12.596 1248.15 -0.16943
271.022 12.5869 1248.86 -0.160625
271.079 12.5778 1249.57 -0.162337
271.135 12.5687 1250.27 -0.161792
271.191 12.5599 1250.98 -0.153012
271.247 12.5514 1251.68 -0.152355
271.303 12.5427 1252.39 -0.153728
271.36 12.5341 1253.09 -0.150999
271.416 12.5258 1253.8 -0.147046
271.472 12.5178 1254.5 -0.14258
271.528 12.5097 1255.2 -0.143452
271.584 12.5016 1255.91 -0.145079
271.64 12.4935 1256.61 -0.144741
271.697 12.4852 1257.31 -0.149396
271.753 12.4767 1258.01 -0.14996
271.809 12.4685 1258.71 -0.14772
271.865 12.4605 1259.41 -0.142376
271.921 12.4523 1260.11 -0.145168
271.978 12.4442 1260.81 -0.14603
272.034 12.4361 1261.51 -0.142461
272.09 12.4281 1262.21 -0.140348
272.146 12.4204 1262.91 -0.136368
272.202 12.4128 1263.6 -0.131509
272.258 12.4055 1264.3 -0.130801
272.315 12.3983 1265 -0.126108
272.371 12.3913 1265.69 -0.124329
272.427 12.3843 1266.39 -0.12499
272.483 12.377 1267.08 -0.134
272.539 12.3694 1267.78 -0.135807
272.596 12.3615 1268.47 -0.142498
272.652 12.3533 1269.17 -0.147365
272.708 12.3449 1269.86 -0.153819
272.764 12.3356 1270.56 -0.170311
272.82 12.3255 1271.25 -0.187678
272.876 12.3144 1271.94 -0.204677
272.933 12.3019 1272.63 -0.232745
272.989 12.2885 1273.32 -0.245373
273.045 12.2741 1274.01 -0.263387
273.101 12.2584 1274.7 -0.289237
273.157 12.2414 1275.39 -0.313772
273.213 12.2231 1276.08 -0.334696
273.27 12.203 1276.76 -0.373253
273.326 12.1811 1277.45 -0.401754
273.382 12.1576 1278.13 -0.430043
273.438 12.1321 1278.81 -0.466988
273.494 12.1049 1279.49 -0.496424
273.551 12.0764 1280.17 -0.515085
273.607 12.0465 1280.85 -0.541477
273.663 12.0153 1281.53 -0.565375
273.719 11.9828 1282.2 -0.58746
273.775 11.9489 1282.87 -0.612548
273.831 11.9138 1283.54 -0.634555
273.888 11.8776 1284.21 -0.653276
273.944 11.84 1284.88 -0.673419
274 11.8016 1285.54 -0.690568
274.056 11.7623 1286.2 -0.709161
274.112 11.7216 1286.86 -0.729552
274.169 11.68 1287.52 -0.749741
274.225 11.6374 1288.17 -0.763123
274.281 11.5938 1288.83 -0.782068
274.337 11.5494 1289.48 -0.794014
274.393 11.5045 1290.12 -0.802772
274.449 11.4589 1290.77 -0.81803
274.506 11.4125 1291.41 -0.829824
274.562 11.3656 1292.05 -0.836093
274.618 11.3181 1292.69 -0.851109
274.674 11.2702 1293.32 -0.855607
274.73 11.2222 1293.95 -0.850591
274.787 11.1745 1294.58 -0.847897
274.843 11.1271 1295.21 -0.843632
274.899 11.0803 1295.83 -0.826407
274.955 11.0342 1296.45 -0.817526
275.011 10.9887 1297.07 -0.804492
275.067 10.944 1297.69 -0.790709
275.124 10.8997 1298.3 -0.782018
275.18 10.8564 1298.91 -0.764782
275.236 10.814 1299.52 -0.747612
275.292 10.7725 1300.12 -0.730386
275.348 10.7322 1300.73 -0.710976
275.404 10.6929 1301.33 -0.689748
275.461 10.6548 1301.93 -0.670805
275.517 10.6174 1302.53 -0.660613
275.573 10.5808 1303.12 -0.644638
275.629 10.545 1303.71 -0.632578
275.685 10.51 1304.31 -0.618179
275.742 10.4761 1304.9 -0.595457
275.798 10.4431 1305.48 -0.578559
275.854 10.4113 1306.07 -0.56201
275.91 10.38 1306.65 -0.551625
275.966 10.3493 1307.23 -0.54255
276.022 10.3192 1307.81 -0.533212
276.079 10.2897 1308.39 -0.51936
276.135 10.2608 1308.97 -0.508408
276.191 10.2326 1309.55 -0.49783
276.247 10.2051 1310.12 -0.485108
276.303 10.1781 1310.69 -0.476223
276.36 10.1516 1311.26 -0.46612
276.416 10.1258 1311.83 -0.453467
276.472 10.1004 1312.4 -0.451297
276.528 10.0754 1312.97 -0.441167
276.584 10.051 1313.53 -0.430713
276.64 10.0268 1314.1 -0.427621
276.697 10.0031 1314.66 -0.421293
276.753 9.97976 1315.22 -0.412502
276.809 9.95689 1315.78 -0.401811
276.865 9.93485 1316.34 -0.388199
276.921 9.91334 1316.9 -0.379282
276.978 9.89225 1317.45 -0.373346
277.034 9.87137 1318.01 -0.371585
277.09 9.85077 1318.56 -0.362512
277.146 9.83068 1319.11 -0.353187
277.202 9.81116 1319.67 -0.345319
277.258 9.79205 1320.22 -0.335039
277.315 9.77346 1320.77 -0.32801
277.371 9.75531 1321.31 -0.319055
277.427 9.7379 1321.86 -0.303242
277.483 9.72139 1322.41 -0.289434
277.539 9.70566 1322.95 -0.272134
277.596 9.69132 1323.5 -0.245304
277.652 9.67814 1324.04 -0.22633
277.708 9.66615 1324.59 -0.206987
277.764 9.65536 1325.13 -0.183279
277.82 9.64565 1325.67 -0.165564
277.876 9.63707 1326.21 -0.143603
277.933 9.62973 1326.75 -0.12248
277.989 9.62349 1327.29 -0.102732
278.045 9.61824 1327.83 -0.0854012
278.101 9.61454 1328.37 -0.0522283
278.157 9.61229 1328.91 -0.0315538
278.213 9.6114 1329.45 -0.00802569
278.27 9.61172 1329.99 0.0161722
278.326 9.61334 1330.53 0.0383753
278.382 9.61609 1331.07 0.0547097
278.438 9.61985 1331.62 0.0748477
278.494 9.62463 1332.16 0.0912455
278.551 9.63047 1332.7 0.11357
278.607 9.6375 1333.24 0.131734
278.663 9.6454 1333.78 0.148735
278.719 9.65446 1334.32 0.168971
278.775 9.66472 1334.86 0.193485
278.831 9.67617 1335.41 0.210906
278.888 9.68867 1335.95 0.229185
278.944 9.70219 1336.5 0.249272
279 9.71705 1337.04 0.276626
279.056 9.73325 1337.59 0.298641
279.112 9.75109 1338.14 0.329988
279.169 9.77043 1338.68 0.351533
279.225 9.79096 1339.23 0.372874
279.281 9.81265 1339.78 0.393487
279.337 9.83567 1340.34 0.423806
279.393 9.86025 1340.89 0.441811
279.449 9.88625 1341.45 0.473915
279.506 9.91344 1342 0.49452
279.562 9.9416 1342.56 0.507734
279.618 9.97078 1343.12 0.528337
279.674 10.0011 1343.68 0.546365
279.73 10.0324 1344.24 0.565382
279.787 10.0647 1344.81 0.581734
279.843 10.0981 1345.37 0.603818
279.899 10.1326 1345.94 0.618574
279.955 10.1678 1346.51 0.632826
