# t frame_uz frame_z ub_dans_repere
160.001 -4.58107e-05 -4.71789e-08 -0.0444822
160.019 -0.0114291 -0.000125889 -0.601076
160.051 -0.0255475 -0.000792638 -0.328647
160.092 -0.0313529 -0.00203862 -0.0186019
160.14 -0.0226968 -0.00333136 0.317076
160.19 0.00366193 -0.00374721 0.653938
160.243 0.0485244 -0.00220562 0.978348
160.297 0.111314 0.0023731 1.28434
160.352 0.19155 0.0110616 1.5789
160.407 0.287156 0.0246727 1.84585
160.463 0.398974 0.0444398 2.09589
160.519 0.523921 0.0709132 2.32041
160.575 0.660654 0.104784 2.51766
160.631 0.806873 0.146637 2.67369
160.687 0.961399 0.196958 2.8145
160.743 1.12304 0.256171 2.93554
160.798 1.29082 0.324645 3.03392
160.854 1.46346 0.402678 3.1137
160.91 1.64021 0.490515 3.18469
160.966 1.82044 0.588366 3.24086
161.022 2.00365 0.696566 3.28498
161.079 2.18928 0.815381 3.31518
161.135 2.37624 0.944672 3.33421
161.191 2.56369 1.08448 3.33966
161.247 2.75142 1.23484 3.33854
161.303 2.93869 1.39573 3.32898
161.36 3.12558 1.56713 3.3241
161.416 3.31193 1.749 3.31164
161.472 3.49765 1.94133 3.30153
161.528 3.68249 2.14406 3.281
161.584 3.86565 2.35713 3.24862
161.64 4.04734 2.58043 3.22243
161.697 4.22735 2.81388 3.19233
161.753 4.40563 3.05739 3.16166
161.809 4.58196 3.31085 3.11526
161.865 4.7553 3.57412 3.06854
161.921 4.92646 3.84705 3.02957
161.978 5.09501 4.12951 2.9791
162.034 5.26053 4.42134 2.92592
162.09 5.42331 4.72238 2.87738
162.146 5.58333 5.03247 2.82799
162.202 5.7402 5.35144 2.76738
162.258 5.89344 5.6791 2.69997
162.315 6.04299 6.01525 2.63829
162.371 6.18903 6.35969 2.57194
162.427 6.33127 6.71219 2.50593
162.483 6.46982 7.07257 2.44007
162.539 6.60473 7.44061 2.37602
162.596 6.73619 7.81611 2.31777
162.652 6.86439 8.19888 2.25828
162.708 6.98931 8.58874 2.20126
162.764 7.1114 8.98553 2.15485
162.82 7.23074 9.38908 2.10411
162.876 7.34694 9.79923 2.04484
162.933 7.46017 10.2158 1.99369
162.989 7.57065 10.6387 1.94538
163.045 7.67821 11.0676 1.89295
163.101 7.78292 11.5025 1.84258
163.157 7.8846 11.9432 1.78836
163.213 7.98316 12.3895 1.73255
163.27 8.07867 12.8412 1.67868
163.326 8.17146 13.2982 1.63358
163.382 8.26167 13.7603 1.5882
163.438 8.34933 14.2274 1.54332
163.494 8.43445 14.6994 1.49923
163.551 8.51723 15.176 1.45656
163.607 8.5975 15.6573 1.4084
163.663 8.6749 16.1429 1.35627
163.719 8.74961 16.6328 1.31049
163.775 8.82171 17.1268 1.26417
163.831 8.89139 17.6247 1.22313
163.888 8.95832 18.1265 1.17113
163.944 9.02263 18.632 1.12696
164 9.08472 19.1409 1.09216
164.056 9.14491 19.6534 1.05899
164.112 9.20336 20.1691 1.02946
164.169 9.26014 20.6881 0.999139
164.225 9.31516 21.2102 0.967408
164.281 9.36826 21.7353 0.930116
164.337 9.41948 22.2633 0.89842
164.393 9.46829 22.7942 0.852532
164.449 9.51477 23.3277 0.809545
164.506 9.55881 23.8637 0.768633
164.562 9.60068 24.4021 0.732363
164.618 9.64081 24.9429 0.701355
164.674 9.67917 25.4858 0.671736
164.73 9.71609 26.0308 0.647689
164.787 9.75156 26.5778 0.62032
164.843 9.78557 27.1268 0.596653
164.899 9.81825 27.6777 0.573017
164.955 9.84969 28.2304 0.549702
165.011 9.87985 28.7847 0.52867
165.067 9.90878 29.3408 0.50765
165.124 9.93672 29.8984 0.489388
165.18 9.96368 30.4575 0.474232
165.236 9.98976 31.0182 0.458869
165.292 10.015 31.5802 0.440114
165.348 10.0393 32.1437 0.425913
165.404 10.0625 32.7085 0.406833
165.461 10.0847 33.2746 0.383705
165.517 10.1058 33.8418 0.372531
165.573 10.126 34.4103 0.355192
165.629 10.1454 34.9798 0.337296
165.685 10.164 35.5504 0.326992
165.742 10.1819 36.122 0.314533
165.798 10.1993 36.6946 0.30389
165.854 10.2161 37.2682 0.296472
165.91 10.2323 37.8427 0.282226
165.966 10.2479 38.4181 0.27092
166.022 10.263 38.9943 0.26918
166.079 10.2778 39.5714 0.260134
166.135 10.2922 40.1493 0.249731
166.191 10.3061 40.7279 0.24712
166.247 10.3198 41.3074 0.240126
166.303 10.3331 41.8876 0.237579
166.36 10.3467 42.4686 0.243885
166.416 10.3603 43.0503 0.240081
166.472 10.3736 43.6328 0.235167
166.528 10.3868 44.216 0.232934
166.584 10.3996 44.8 0.227049
166.64 10.4123 45.3847 0.224141
166.697 10.425 45.9701 0.227148
166.753 10.4376 46.5562 0.226952
166.809 10.4504 47.143 0.22819
166.865 10.4636 47.7305 0.234926
166.921 10.4767 48.3188 0.237905
166.978 10.4901 48.9078 0.236965
167.034 10.5035 49.4976 0.239324
167.09 10.5169 50.0882 0.239562
167.146 10.5305 50.6794 0.244037
167.202 10.5444 51.2715 0.250851
167.258 10.5587 51.8644 0.256821
167.315 10.5733 52.4581 0.259237
167.371 10.5879 53.0526 0.26153
167.427 10.6023 53.6479 0.254751
167.483 10.6166 54.244 0.253364
167.539 10.6309 54.8409 0.256168
167.596 10.6451 55.4386 0.251207
167.652 10.6592 56.0371 0.24894
167.708 10.6733 56.6365 0.25158
167.764 10.6874 57.2366 0.250638
167.82 10.7013 57.8374 0.244175
167.876 10.715 58.4391 0.244147
167.933 10.7287 59.0415 0.244495
167.989 10.7425 59.6447 0.244863
168.045 10.7563 60.2487 0.245378
168.101 10.7701 60.8535 0.244419
168.157 10.7837 61.459 0.241241
168.213 10.7972 62.0653 0.24062
168.27 10.8104 62.6723 0.230536
168.326 10.8232 63.28 0.227403
168.382 10.8359 63.8885 0.225693
168.438 10.8483 64.4977 0.219392
168.494 10.8605 65.1076 0.213648
168.551 10.8725 65.7181 0.214301
168.607 10.8845 66.3293 0.213133
168.663 10.8965 66.9412 0.212364
168.719 10.9084 67.5538 0.210898
168.775 10.92 68.167 0.206771
168.831 10.9315 68.7809 0.201869
168.888 10.9428 69.3954 0.199047
168.944 10.9537 70.0105 0.193767
169 10.9646 70.6263 0.191172
169.056 10.9754 71.2426 0.192777
169.112 10.9862 71.8596 0.191934
169.169 10.997 72.4771 0.192406
169.225 11.0078 73.0953 0.193098
169.281 11.0185 73.7141 0.188301
169.337 11.0291 74.3335 0.187395
169.393 11.0395 74.9534 0.185835
169.449 11.0498 75.574 0.182034
169.506 11.0599 76.1951 0.176614
169.562 11.0698 76.8168 0.176049
169.618 11.0795 77.439 0.172283
169.674 11.0891 78.0617 0.168728
169.73 11.0988 78.6851 0.17409
169.787 11.1083 79.3089 0.167805
169.843 11.1177 79.9333 0.16334
169.899 11.127 80.5582 0.16809
169.955 11.1365 81.1836 0.169872
170.011 11.1458 81.8096 0.163519
170.067 11.1551 82.4361 0.165723
170.124 11.1643 83.0631 0.162815
170.18 11.1734 83.6906 0.161072
170.236 11.1826 84.3186 0.165926
170.292 11.1918 84.9472 0.163047
170.348 11.2009 85.5762 0.160132
170.404 11.21 86.2058 0.160943
170.461 11.2188 86.8359 0.157093
170.517 11.2274 87.4664 0.150737
170.573 11.236 88.0975 0.153503
170.629 11.2442 88.729 0.14532
170.685 11.2523 89.3609 0.142389
170.742 11.2603 89.9934 0.142785
170.798 11.2681 90.6262 0.138143
170.854 11.2758 91.2595 0.133431
170.91 11.2833 91.8933 0.131823
170.966 11.2905 92.5274 0.125893
171.022 11.2975 93.1619 0.123096
171.079 11.3044 93.7968 0.126645
171.135 11.3114 94.4322 0.124759
171.191 11.3185 95.0679 0.123543
171.247 11.3254 95.704 0.122584
171.303 11.3319 96.3405 0.111567
171.36 11.3381 96.9773 0.108213
171.416 11.344 97.6145 0.104052
171.472 11.3496 98.252 0.0963565
171.528 11.355 98.8898 0.092954
171.584 11.3599 99.5278 0.0858291
171.64 11.3645 100.166 0.0789107
171.697 11.3688 100.805 0.0744297
171.753 11.3728 101.444 0.0697111
171.809 11.3763 102.083 0.0586591
171.865 11.3794 102.722 0.0524453
171.921 11.3821 103.361 0.0444791
171.978 11.3843 104.001 0.037069
172.034 11.3863 104.64 0.0354514
172.09 11.3881 105.28 0.0308362
172.146 11.3898 105.92 0.0307395
172.202 11.3915 106.56 0.0288508
172.258 11.3933 107.2 0.0335446
172.315 11.3952 107.84 0.0340913
172.371 11.3971 108.48 0.032608
172.427 11.3991 109.121 0.0384513
172.483 11.4012 109.761 0.03962
172.539 11.4035 110.402 0.0389691
172.596 11.4057 111.042 0.0407326
172.652 11.408 111.683 0.0398673
172.708 11.4105 112.324 0.0465726
172.764 11.4131 112.965 0.0502813
172.82 11.4162 113.607 0.0578666
172.876 11.4197 114.248 0.0645603
172.933 11.4236 114.89 0.0717321
172.989 11.4277 115.532 0.0760289
173.045 11.4322 116.174 0.079556
173.101 11.4366 116.816 0.0806523
173.157 11.4412 117.459 0.0823623
173.213 11.4458 118.102 0.0830526
173.27 11.4507 118.745 0.0917834
173.326 11.4561 119.389 0.099928
173.382 11.462 120.032 0.10857
173.438 11.4685 120.677 0.119584
173.494 11.4754 121.321 0.125935
173.551 11.4828 121.966 0.135459
173.607 11.4908 122.611 0.146859
173.663 11.4989 123.257 0.14301
173.719 11.5071 123.903 0.144701
173.775 11.5153 124.55 0.149247
173.831 11.5239 125.197 0.154768
173.888 11.5329 125.845 0.162681
173.944 11.5424 126.493 0.173176
174 11.5524 127.142 0.182519
174.056 11.5629 127.792 0.189927
174.112 11.5738 128.442 0.195622
174.169 11.5848 129.092 0.198516
174.225 11.596 129.743 0.198452
174.281 11.6072 130.395 0.201482
174.337 11.6183 131.048 0.195901
174.393 11.6293 131.701 0.191495
174.449 11.6399 132.354 0.187971
174.506 11.6501 133.009 0.17896
174.562 11.6598 133.663 0.167302
174.618 11.6691 134.319 0.162047
174.674 11.6779 134.975 0.153811
174.73 11.6861 135.631 0.141544
174.787 11.6937 136.288 0.13248
174.843 11.7007 136.945 0.121027
174.899 11.707 137.603 0.10589
174.955 11.7128 138.26 0.0998923
175.011 11.718 138.919 0.0879617
175.067 11.7225 139.577 0.0737606
175.124 11.7262 140.236 0.0618116
175.18 11.7292 140.895 0.0474749
175.236 11.7313 141.554 0.0292757
175.292 11.7327 142.213 0.0225053
175.348 11.7336 142.872 0.0105674
175.404 11.734 143.531 0.0034306
175.461 11.7339 144.19 -0.00290287
175.517 11.7335 144.85 -0.0117467
175.573 11.7326 145.509 -0.0181802
175.629 11.7313 146.168 -0.0252566
175.685 11.7295 146.827 -0.0372317
175.742 11.7271 147.486 -0.0485256
175.798 11.7239 148.144 -0.062114
175.854 11.7199 148.803 -0.0748249
175.91 11.7154 149.461 -0.0849594
175.966 11.7103 150.119 -0.0970405
176.022 11.7044 150.777 -0.108404
176.079 11.6981 151.434 -0.116073
176.135 11.6915 152.091 -0.118786
176.191 11.6847 152.748 -0.119622
176.247 11.678 153.404 -0.12194
176.303 11.6711 154.06 -0.121059
176.36 11.6642 154.715 -0.124752
176.416 11.6572 155.37 -0.123421
176.472 11.6505 156.025 -0.117098
176.528 11.6439 156.679 -0.116419
176.584 11.6375 157.333 -0.113675
176.64 11.6314 157.987 -0.103807
176.697 11.6257 158.64 -0.0994171
176.753 11.6203 159.293 -0.0942598
176.809 11.6152 159.946 -0.0889844
176.865 11.6102 160.598 -0.0892068
176.921 11.6053 161.25 -0.0851221
176.978 11.6008 161.902 -0.0762174
177.034 11.5967 162.554 -0.069598
177.09 11.5931 163.205 -0.0602643
177.146 11.5898 163.856 -0.0588248
177.202 11.5864 164.507 -0.0598921
177.258 11.5832 165.158 -0.0552836
177.315 11.5804 165.809 -0.0455498
177.371 11.5782 166.459 -0.0379383
177.427 11.5764 167.11 -0.0288277
177.483 11.575 167.76 -0.0213876
177.539 11.5739 168.41 -0.0185563
177.596 11.573 169.06 -0.0136503
177.652 11.5725 169.71 -0.00776966
177.708 11.5723 170.361 -3.05452e-05
177.764 11.5726 171.011 0.012146
177.82 11.5736 171.661 0.023716
177.876 11.5749 172.311 0.0264355
177.933 11.5766 172.961 0.0310933
177.989 11.5787 173.612 0.0438762
178.045 11.5815 174.263 0.0544753
178.101 11.5851 174.913 0.0678192
178.157 11.5892 175.564 0.0755698
178.213 11.5936 176.215 0.0808933
178.27 11.5984 176.867 0.0864577
178.326 11.6035 177.519 0.0956704
178.382 11.6091 178.171 0.0999502
178.438 11.6149 178.823 0.106708
178.494 11.6213 179.476 0.116516
178.551 11.6281 180.129 0.125638
178.607 11.6355 180.783 0.135695
178.663 11.6435 181.436 0.145346
178.719 11.6516 182.091 0.143907
178.775 11.6599 182.746 0.147621
178.831 11.6686 183.401 0.158366
178.888 11.6778 184.057 0.16771
178.944 11.6877 184.713 0.177432
179 11.6979 185.37 0.183926
179.056 11.7081 186.028 0.182483
179.112 11.7184 186.686 0.181362
179.169 11.7285 187.345 0.182968
179.225 11.739 188.004 0.189267
179.281 11.7499 188.664 0.197531
179.337 11.7613 189.324 0.20684
179.393 11.7732 189.985 0.212399
179.449 11.7852 190.647 0.215826
179.506 11.7974 191.31 0.219341
179.562 11.8096 191.973 0.218775
179.618 11.822 192.637 0.218566
179.674 11.8344 193.301 0.223214
179.73 11.8471 193.967 0.228638
179.787 11.8601 194.633 0.231212
179.843 11.873 195.299 0.23154
179.899 11.886 195.967 0.231861
179.955 11.8992 196.635 0.235234
180.011 11.9124 197.304 0.235992
180.067 11.9256 197.974 0.234454
180.124 11.9387 198.644 0.231432
180.18 11.9518 199.315 0.233223
180.236 11.9649 199.987 0.231803
180.292 11.978 200.66 0.233747
180.348 11.9912 201.333 0.235493
180.404 12.0046 202.007 0.241026
180.461 12.0182 202.682 0.244579
180.517 12.0319 203.358 0.241179
180.573 12.0453 204.034 0.236619
180.629 12.0584 204.711 0.23088
180.685 12.0712 205.389 0.227104
180.742 12.0838 206.068 0.221822
180.798 12.0962 206.747 0.219798
180.854 12.1085 207.427 0.218955
180.91 12.1208 208.108 0.218525
180.966 12.133 208.789 0.216851
181.022 12.1451 209.471 0.217283
181.079 12.1571 210.154 0.211676
181.135 12.169 210.837 0.207781
181.191 12.1807 211.521 0.205951
181.247 12.192 212.206 0.1988
181.303 12.2029 212.891 0.19124
181.36 12.2137 213.577 0.192262
181.416 12.2243 214.264 0.187502
181.472 12.2349 214.951 0.185015
181.528 12.2452 215.638 0.185874
181.584 12.255 216.327 0.170367
181.64 12.2645 217.015 0.167929
181.697 12.2737 217.705 0.165109
181.753 12.2827 218.395 0.157673
181.809 12.2915 219.085 0.152062
181.865 12.3001 219.776 0.151209
181.921 12.3081 220.467 0.140369
181.978 12.3157 221.159 0.131254
182.034 12.3231 221.851 0.129305
182.09 12.3301 222.544 0.123501
182.146 12.337 223.236 0.117951
182.202 12.3434 223.93 0.114667
182.258 12.3497 224.623 0.111432
182.315 12.356 225.317 0.111932
182.371 12.3626 226.012 0.11839
182.427 12.3692 226.707 0.119513
182.483 12.3759 227.402 0.11499
182.539 12.3822 228.097 0.113573
182.596 12.3885 228.793 0.113457
182.652 12.3948 229.489 0.109946
182.708 12.4011 230.186 0.111842
182.764 12.4073 230.883 0.108175
182.82 12.4135 231.58 0.110051
182.876 12.4198 232.278 0.116061
182.933 12.4266 232.975 0.122554
182.989 12.4335 233.674 0.12465
183.045 12.4407 234.373 0.131016
183.101 12.4481 235.072 0.133957
183.157 12.4556 235.771 0.132455
183.213 12.463 236.471 0.129299
183.27 12.4701 237.172 0.124629
183.326 12.4769 237.873 0.118593
183.382 12.4834 238.574 0.112423
183.438 12.4894 239.275 0.10696
183.494 12.4956 239.977 0.110095
183.551 12.502 240.679 0.117042
183.607 12.5088 241.382 0.120969
183.663 12.5157 242.085 0.12191
183.719 12.5226 242.788 0.122205
183.775 12.5294 243.492 0.124771
183.831 12.5367 244.196 0.132778
183.888 12.5445 244.901 0.14298
183.944 12.5527 245.606 0.148715
184 12.5613 246.311 0.151625
184.056 12.57 247.017 0.158442
184.112 12.579 247.724 0.162151
184.169 12.5883 248.431 0.16637
184.225 12.5978 249.138 0.171691
184.281 12.6074 249.846 0.170675
184.337 12.617 250.555 0.170071
184.393 12.6266 251.264 0.17227
184.449 12.636 251.974 0.167725
184.506 12.6455 252.684 0.167421
184.562 12.6548 253.395 0.167288
184.618 12.664 254.106 0.161974
184.674 12.6727 254.818 0.148242
184.73 12.6807 255.53 0.139782
184.787 12.6882 256.243 0.130033
184.843 12.6953 256.956 0.123148
184.899 12.7019 257.669 0.114649
184.955 12.7079 258.383 0.100701
185.011 12.7131 259.097 0.0859887
185.067 12.7173 259.811 0.0667568
185.124 12.7204 260.526 0.0480362
185.18 12.7224 261.241 0.0233197
185.236 12.7229 261.955 -0.000704081
185.292 12.7222 262.67 -0.0223345
185.348 12.7201 263.385 -0.0442429
185.404 12.7171 264.099 -0.0590294
185.461 12.7133 264.814 -0.0758176
185.517 12.7085 265.528 -0.0957727
185.573 12.7025 266.241 -0.110247
185.629 12.6955 266.955 -0.132364
185.685 12.6873 267.668 -0.155202
185.742 12.6779 268.38 -0.174659
185.798 12.6672 269.092 -0.199287
185.854 12.6554 269.803 -0.219421
185.91 12.6426 270.514 -0.23303
185.966 12.6287 271.224 -0.25721
186.022 12.6137 271.933 -0.273771
186.079 12.5977 272.641 -0.28955
186.135 12.5809 273.348 -0.305744
186.191 12.5631 274.054 -0.324524
186.247 12.5445 274.759 -0.335868
186.303 12.525 275.463 -0.351898
186.36 12.5047 276.166 -0.369304
186.416 12.4834 276.868 -0.386877
186.472 12.4613 277.569 -0.396325
186.528 12.4387 278.268 -0.408787
186.584 12.4154 278.966 -0.417632
186.64 12.3915 279.663 -0.42821
186.697 12.3673 280.358 -0.436251
186.753 12.3427 281.052 -0.437418
186.809 12.3181 281.745 -0.438156
186.865 12.2933 282.436 -0.443622
186.921 12.2683 283.126 -0.446293
186.978 12.2429 283.814 -0.452385
187.034 12.2175 284.501 -0.455714
187.09 12.1922 285.187 -0.452504
187.146 12.167 285.871 -0.443105
187.202 12.1425 286.553 -0.433606
187.258 12.1185 287.235 -0.421604
187.315 12.0951 287.915 -0.413662
187.371 12.0723 288.593 -0.399967
187.427 12.0504 289.271 -0.38104
187.483 12.0294 289.947 -0.368205
187.539 12.0095 290.622 -0.349607
187.596 11.9903 291.296 -0.334678
187.652 11.9718 291.969 -0.324548
187.708 11.9541 292.641 -0.312705
187.764 11.9371 293.312 -0.298022
187.82 11.9208 293.982 -0.283119
187.876 11.9054 294.652 -0.26951
187.933 11.8912 295.32 -0.245844
187.989 11.8781 295.988 -0.22406
188.045 11.8658 296.654 -0.212868
188.101 11.8544 297.321 -0.19443
188.157 11.8441 297.986 -0.175637
188.213 11.8349 298.651 -0.153223
188.27 11.8271 299.316 -0.130169
188.326 11.8204 299.98 -0.111058
188.382 11.8149 300.644 -0.0907021
188.438 11.8103 301.308 -0.0752459
188.494 11.8065 301.971 -0.0632136
188.551 11.8036 302.634 -0.0437487
188.607 11.8018 303.297 -0.0239694
188.663 11.801 303.96 -0.00546546
188.719 11.8014 304.623 0.0145272
188.775 11.8031 305.286 0.0388332
188.831 11.806 305.949 0.0604546
188.888 11.8099 306.613 0.0738753
188.944 11.8145 307.277 0.0875067
189 11.8198 307.94 0.0961427
189.056 11.8256 308.605 0.106852
189.112 11.8319 309.269 0.115466
189.169 11.8388 309.934 0.12529
189.225 11.8462 310.6 0.136119
189.281 11.8544 311.265 0.151355
189.337 11.8633 311.932 0.161158
189.393 11.8729 312.598 0.177609
189.449 11.8831 313.266 0.185779
189.506 11.8937 313.934 0.190627
189.562 11.9044 314.602 0.192504
189.618 11.9152 315.271 0.192867
189.674 11.926 315.941 0.192471
189.73 11.9369 316.612 0.194357
189.787 11.9479 317.282 0.198178
189.843 11.959 317.954 0.197895
189.899 11.9702 318.626 0.198772
189.955 11.9814 319.299 0.199525
190.011 11.9925 319.973 0.198357
190.067 12.0037 320.647 0.197496
190.124 12.0149 321.322 0.198435
190.18 12.0261 321.997 0.199237
190.236 12.0372 322.673 0.196051
190.292 12.0482 323.35 0.193523
190.348 12.0588 324.027 0.187471
190.404 12.0691 324.705 0.179982
190.461 12.0792 325.383 0.177595
190.517 12.0889 326.062 0.172551
190.573 12.0985 326.741 0.168817
190.629 12.1079 327.421 0.168587
190.685 12.1173 328.102 0.166679
190.742 12.1266 328.783 0.164353
190.798 12.1358 329.465 0.164643
190.854 12.145 330.147 0.165239
190.91 12.1542 330.829 0.161243
190.966 12.1633 331.512 0.158566
191.022 12.172 332.196 0.154271
191.079 12.1805 332.88 0.148086
191.135 12.1886 333.565 0.143634
191.191 12.1966 334.25 0.142135
191.247 12.2046 334.935 0.140684
191.303 12.2122 335.621 0.132764
191.36 12.2194 336.307 0.125922
191.416 12.2263 336.994 0.11921
191.472 12.2329 337.681 0.117031
191.528 12.2393 338.369 0.112812
191.584 12.2456 339.056 0.10991
191.64 12.2517 339.745 0.109952
191.697 12.2579 340.433 0.11029
191.753 12.2642 341.122 0.113307
191.809 12.2708 341.811 0.120446
191.865 12.2778 342.501 0.127773
191.921 12.2851 343.191 0.13135
191.978 12.2927 343.881 0.135888
192.034 12.3004 344.572 0.141325
192.09 12.3084 345.263 0.141447
192.146 12.3165 345.955 0.146514
192.202 12.3248 346.647 0.150791
192.258 12.3334 347.34 0.154293
192.315 12.3423 348.033 0.158074
192.371 12.3512 348.727 0.1628
192.427 12.3605 349.421 0.165598
192.483 12.3701 350.116 0.173168
192.539 12.3798 350.811 0.175938
192.596 12.3898 351.507 0.17782
192.652 12.4 352.203 0.184649
192.708 12.4104 352.9 0.18569
192.764 12.4209 353.598 0.185134
192.82 12.4313 354.296 0.186617
192.876 12.4418 354.995 0.186912
192.933 12.4523 355.694 0.183521
192.989 12.4628 356.394 0.189092
193.045 12.4736 357.095 0.194803
193.101 12.4847 357.796 0.20025
193.157 12.4964 358.498 0.209691
193.213 12.5083 359.2 0.215726
193.27 12.5206 359.903 0.219303
193.326 12.5332 360.607 0.227249
193.382 12.546 361.311 0.228258
193.438 12.559 362.017 0.230297
193.494 12.5721 362.723 0.235167
193.551 12.5854 363.429 0.240676
193.607 12.599 364.137 0.241666
193.663 12.6128 364.845 0.249577
193.719 12.6268 365.554 0.250557
193.775 12.6411 366.264 0.25208
193.831 12.6554 366.975 0.258699
193.888 12.6699 367.686 0.257266
193.944 12.6845 368.399 0.259407
194 12.6993 369.112 0.268725
194.056 12.7142 369.826 0.265787
194.112 12.7291 370.54 0.263482
194.169 12.744 371.256 0.26298
194.225 12.7588 371.972 0.266688
194.281 12.7738 372.69 0.266809
194.337 12.7891 373.408 0.274263
194.393 12.8045 374.127 0.278297
194.449 12.8203 374.847 0.281588
194.506 12.8364 375.568 0.292771
194.562 12.8529 376.289 0.296251
194.618 12.8699 377.012 0.304783
194.674 12.8872 377.736 0.312873
194.73 12.9049 378.46 0.315783
194.787 12.9227 379.186 0.317528
194.843 12.9404 379.912 0.312296
194.899 12.9578 380.64 0.309278
194.955 12.9749 381.368 0.301444
195.011 12.9916 382.098 0.294783
195.067 13.0077 382.828 0.281982
195.124 13.0232 383.56 0.271624
195.18 13.0382 384.292 0.262443
195.236 13.0526 385.025 0.252975
195.292 13.0665 385.759 0.239681
195.348 13.0794 386.493 0.223417
195.404 13.0912 387.228 0.203624
195.461 13.1021 387.964 0.187809
195.517 13.1121 388.701 0.17198
195.573 13.1211 389.437 0.152842
195.629 13.129 390.175 0.131852
195.685 13.1359 390.913 0.115256
195.742 13.1416 391.651 0.0946036
195.798 13.1464 392.389 0.0789936
195.854 13.1503 393.128 0.0640337
195.91 13.153 393.867 0.0422112
195.966 13.1548 394.606 0.0243572
196.022 13.1557 395.345 0.0103652
196.079 13.1555 396.084 -0.0116623
196.135 13.1541 396.823 -0.0315094
196.191 13.1517 397.562 -0.050686
196.247 13.1484 398.301 -0.0662462
196.303 13.144 399.039 -0.0892176
196.36 13.1383 399.778 -0.106626
196.416 13.1316 400.515 -0.128729
196.472 13.1235 401.253 -0.155607
196.528 13.1142 401.99 -0.172451
196.584 13.1037 402.726 -0.198494
196.64 13.0917 403.462 -0.222736
196.697 13.0785 404.197 -0.240752
196.753 13.0645 404.931 -0.255676
196.809 13.0497 405.665 -0.265638
196.865 13.0343 406.397 -0.281851
196.921 13.0176 407.129 -0.305227
196.978 12.9999 407.86 -0.322446
197.034 12.9815 408.59 -0.330371
197.09 12.9626 409.318 -0.337779
197.146 12.9433 410.046 -0.347396
197.202 12.9235 410.772 -0.356504
197.258 12.9032 411.498 -0.365342
197.315 12.8825 412.222 -0.366945
197.371 12.862 412.945 -0.363737
197.427 12.8413 413.667 -0.371642
197.483 12.8204 414.388 -0.371016
197.539 12.7996 415.107 -0.368815
197.596 12.779 415.825 -0.363198
197.652 12.759 416.543 -0.351214
197.708 12.7397 417.259 -0.338157
197.764 12.7205 417.974 -0.34076
197.82 12.7015 418.688 -0.336321
197.876 12.6832 419.401 -0.318278
197.933 12.6656 420.113 -0.309442
197.989 12.6482 420.824 -0.309133
198.045 12.6312 421.534 -0.298421
198.101 12.6147 422.243 -0.29004
198.157 12.5988 422.951 -0.275772
198.213 12.5843 423.658 -0.247207
198.27 12.5707 424.365 -0.237893
198.326 12.5581 425.071 -0.218291
198.382 12.5463 425.776 -0.205518
198.438 12.5352 426.48 -0.192912
198.494 12.525 427.184 -0.174973
198.551 12.5157 427.887 -0.158326
198.607 12.5072 428.59 -0.149673
198.663 12.4992 429.293 -0.137638
198.719 12.4917 429.995 -0.13071
198.775 12.4845 430.696 -0.126898
198.831 12.4777 431.397 -0.114273
198.888 12.4717 432.098 -0.100348
198.944 12.4665 432.798 -0.0880799
199 12.4621 433.499 -0.0720941
199.056 12.4583 434.199 -0.062016
199.112 12.455 434.898 -0.0597604
199.169 12.4519 435.598 -0.0487095
199.225 12.4494 436.298 -0.0406627
199.281 12.4474 436.997 -0.0358216
199.337 12.4455 437.696 -0.0337265
199.393 12.4438 438.395 -0.0269986
199.449 12.4423 439.094 -0.0310296
199.506 12.4408 439.793 -0.024787
199.562 12.4394 440.492 -0.0230778
199.618 12.438 441.191 -0.0242557
199.674 12.4368 441.89 -0.0214795
199.73 12.4356 442.588 -0.0207601
199.787 12.4344 443.287 -0.019182
199.843 12.4335 443.985 -0.0170946
199.899 12.4326 444.684 -0.0142452
199.955 12.4316 445.382 -0.0180284
200.011 12.4305 446.081 -0.0232975
200.067 12.4292 446.779 -0.021341
200.124 12.4279 447.477 -0.0241922
200.18 12.4264 448.175 -0.030054
200.236 12.4246 448.873 -0.0341619
200.292 12.4223 449.571 -0.0431429
200.348 12.4198 450.269 -0.0474751
200.404 12.417 450.967 -0.0504172
200.461 12.4141 451.664 -0.0534888
200.517 12.411 452.362 -0.0550775
200.573 12.4079 453.059 -0.0546321
200.629 12.4048 453.756 -0.0556942
200.685 12.4018 454.452 -0.0527749
200.742 12.3988 455.149 -0.0529657
200.798 12.3958 455.846 -0.0554089
200.854 12.3927 456.542 -0.0568466
200.91 12.3894 457.238 -0.0587448
200.966 12.3861 457.934 -0.0605437
201.022 12.3826 458.63 -0.0609018
201.079 12.3793 459.325 -0.0575247
201.135 12.376 460.021 -0.0581269
201.191 12.3728 460.716 -0.0571156
201.247 12.3696 461.411 -0.0603161
201.303 12.366 462.105 -0.0653643
201.36 12.3622 462.8 -0.0687742
201.416 12.3585 463.494 -0.0616238
201.472 12.3552 464.189 -0.0583098
201.528 12.3519 464.883 -0.0568595
201.584 12.3488 465.576 -0.0536519
201.64 12.3458 466.27 -0.0542794
201.697 12.3429 466.964 -0.051438
201.753 12.3402 467.657 -0.0465885
201.809 12.3373 468.35 -0.0502366
201.865 12.3347 469.043 -0.0442271
201.921 12.3328 469.736 -0.0296659
201.978 12.3314 470.429 -0.0231
202.034 12.3302 471.122 -0.0193517
202.09 12.3293 471.814 -0.0129736
202.146 12.3288 472.507 -0.00770911
202.202 12.3286 473.2 -0.000317454
202.258 12.3289 473.892 0.00598374
202.315 12.3294 474.585 0.0116069
202.371 12.3302 475.277 0.0180597
202.427 12.3313 475.97 0.0211057
202.483 12.3327 476.663 0.0285681
202.539 12.3345 477.356 0.0343018
202.596 12.3365 478.049 0.0358404
202.652 12.3386 478.742 0.0373441
202.708 12.3408 479.435 0.0389637
202.764 12.3434 480.129 0.0512591
202.82 12.3463 480.822 0.0523843
202.876 12.3495 481.516 0.062519
202.933 12.3532 482.21 0.06667
202.989 12.357 482.904 0.0683745
203.045 12.361 483.598 0.0728077
203.101 12.3653 484.293 0.078772
203.157 12.3698 484.988 0.0819287
203.213 12.3744 485.683 0.0808693
203.27 12.3792 486.378 0.0882506
203.326 12.3843 487.074 0.0945917
203.382 12.3897 487.77 0.0994423
203.438 12.3951 488.466 0.0963875
203.494 12.4005 489.163 0.0947898
203.551 12.4057 489.859 0.0933594
203.607 12.4111 490.557 0.0979851
203.663 12.4164 491.254 0.094213
203.719 12.4218 491.952 0.0969925
203.775 12.4273 492.65 0.0966809
203.831 12.4327 493.348 0.0963857
203.888 12.4379 494.047 0.0881716
203.944 12.443 494.746 0.0905332
204 12.4479 495.445 0.0877707
204.056 12.4528 496.144 0.0837034
204.112 12.4574 496.844 0.0816493
204.169 12.462 497.544 0.0805781
204.225 12.4666 498.244 0.0833048
204.281 12.4713 498.945 0.0821638
204.337 12.4757 499.646 0.0768355
204.393 12.4797 500.347 0.0682174
204.449 12.4834 501.048 0.0624801
204.506 12.4866 501.749 0.0550844
204.562 12.4895 502.451 0.0462946
204.618 12.4918 503.153 0.0376844
204.674 12.4936 503.855 0.0299134
204.73 12.4951 504.556 0.0251546
204.787 12.4964 505.258 0.0211302
204.843 12.4974 505.961 0.0136499
204.899 12.4981 506.663 0.0116624
204.955 12.4989 507.365 0.0123737
205.011 12.4995 508.067 0.0121673
205.067 12.5003 508.769 0.0142639
205.124 12.501 509.472 0.00945661
205.18 12.5011 510.174 -0.000499704
205.236 12.5011 510.876 -0.00361443
205.292 12.5007 511.579 -0.00797079
205.348 12.5002 512.281 -0.00906854
205.404 12.4997 512.983 -0.00898306
205.461 12.4993 513.685 -0.006408
205.517 12.499 514.387 -0.00574875
205.573 12.4987 515.09 -0.00742894
205.629 12.4983 515.792 -0.00770422
205.685 12.4979 516.494 -0.00450296
205.742 12.4979 517.196 0.000752642
205.798 12.4982 517.898 0.00868585
205.854 12.4987 518.6 0.00976153
205.91 12.4994 519.303 0.0119977
205.966 12.5002 520.005 0.0185292
206.022 12.5013 520.707 0.0199932
206.079 12.5024 521.409 0.0180126
206.135 12.5037 522.112 0.0249209
206.191 12.5052 522.814 0.032159
206.247 12.5074 523.517 0.0393203
206.303 12.5099 524.22 0.0489117
206.36 12.5129 524.923 0.0563004
206.416 12.5161 525.626 0.057885
206.472 12.5196 526.329 0.0663932
206.528 12.5234 527.032 0.0705213
206.584 12.5276 527.736 0.0783997
206.64 12.5325 528.44 0.0942707
206.697 12.5383 529.144 0.108528
206.753 12.5448 529.849 0.122913
206.809 12.5522 530.554 0.1368
206.865 12.56 531.259 0.139589
206.921 12.5679 531.965 0.142244
206.978 12.5762 532.672 0.149026
207.034 12.5846 533.378 0.152943
207.09 12.5933 534.086 0.154852
207.146 12.6023 534.794 0.162959
207.202 12.6116 535.502 0.169041
207.258 12.6214 536.211 0.173693
207.315 12.6313 536.92 0.180293
207.371 12.6416 537.63 0.185549
207.427 12.6522 538.341 0.189665
207.483 12.6632 539.052 0.198026
207.539 12.6743 539.764 0.197832
207.596 12.6856 540.476 0.200343
207.652 12.697 541.189 0.204157
207.708 12.7083 541.903 0.200861
207.764 12.7196 542.617 0.20213
207.82 12.7311 543.332 0.205381
207.876 12.7426 544.048 0.206949
207.933 12.7543 544.764 0.208138
207.989 12.766 545.481 0.208842
208.045 12.7776 546.198 0.207852
208.101 12.7894 546.917 0.211231
208.157 12.8014 547.636 0.213243
208.213 12.8133 548.355 0.210482
208.27 12.8251 549.075 0.210117
208.326 12.837 549.796 0.211174
208.382 12.8488 550.518 0.210459
208.438 12.8605 551.24 0.206836
208.494 12.8721 551.963 0.206165
208.551 12.8834 552.687 0.197622
208.607 12.8943 553.411 0.190631
208.663 12.9049 554.136 0.18699
208.719 12.915 554.861 0.179129
208.775 12.925 555.587 0.174104
208.831 12.9347 556.313 0.171198
208.888 12.9439 557.04 0.161205
208.944 12.9527 557.768 0.151587
209 12.961 558.496 0.14724
209.056 12.9688 559.224 0.136422
209.112 12.9761 559.953 0.123531
209.169 12.9829 560.682 0.120272
209.225 12.9894 561.412 0.112255
209.281 12.9951 562.142 0.0978054
209.337 13.0002 562.872 0.0859076
209.393 13.0046 563.602 0.0737146
209.449 13.0084 564.333 0.0612355
209.506 13.0114 565.064 0.050719
209.562 13.014 565.795 0.042739
209.618 13.0162 566.526 0.0350998
209.674 13.018 567.258 0.0304385
209.73 13.0194 567.989 0.0215205
209.787 13.0203 568.72 0.0126779
209.843 13.021 569.452 0.0113611
209.899 13.0213 570.183 0.0021104
209.955 13.0211 570.915 -0.00651241
210.011 13.0206 571.646 -0.0110882
210.067 13.0193 572.378 -0.027629
210.124 13.0173 573.109 -0.0431038
210.18 13.0144 573.841 -0.0561828
210.236 13.0111 574.572 -0.0605922
210.292 13.0076 575.302 -0.0670704
210.348 13.0037 576.033 -0.0717192
210.404 12.9992 576.763 -0.0846784
210.461 12.9942 577.494 -0.095324
210.517 12.9886 578.223 -0.103702
210.573 12.9824 578.953 -0.110224
210.629 12.9762 579.682 -0.113787
210.685 12.9698 580.411 -0.115086
210.742 12.9631 581.139 -0.121842
210.798 12.9558 581.867 -0.135787
210.854 12.9478 582.595 -0.147775
210.91 12.9392 583.322 -0.155444
210.966 12.9303 584.049 -0.16144
211.022 12.9211 584.775 -0.163594
211.079 12.9117 585.5 -0.168528
211.135 12.9023 586.225 -0.170219
211.191 12.8927 586.95 -0.171018
211.247 12.8829 587.674 -0.176173
211.303 12.8728 588.397 -0.182243
211.36 12.8627 589.12 -0.179042
211.416 12.8525 589.842 -0.183743
211.472 12.8422 590.564 -0.182788
211.528 12.832 591.285 -0.181755
211.584 12.8217 592.006 -0.182861
211.64 12.8114 592.726 -0.183682
211.697 12.8009 593.445 -0.186894
211.753 12.7906 594.164 -0.18103
211.809 12.7807 594.882 -0.172662
211.865 12.7713 595.6 -0.164831
211.921 12.7622 596.317 -0.156569
211.978 12.7536 597.034 -0.152577
212.034 12.7454 597.75 -0.142747
212.09 12.7378 598.466 -0.131565
212.146 12.7306 599.181 -0.126567
212.202 12.7238 599.896 -0.118678
212.258 12.7173 600.611 -0.11335
212.315 12.7114 601.325 -0.0995225
212.371 12.7062 602.039 -0.087482
212.427 12.7015 602.753 -0.0821172
212.483 12.6973 603.466 -0.0691568
212.539 12.6938 604.179 -0.0579438
212.596 12.6908 604.892 -0.0502289
212.652 12.6882 605.605 -0.0450812
212.708 12.6858 606.318 -0.0393288
212.764 12.6836 607.03 -0.0393212
212.82 12.6815 607.743 -0.0368103
212.876 12.6794 608.455 -0.0357885
212.933 12.6776 609.168 -0.0313428
212.989 12.6759 609.88 -0.0308138
213.045 12.6742 610.592 -0.0309992
213.101 12.6724 611.304 -0.030678
213.157 12.6707 612.016 -0.0310659
213.213 12.669 612.727 -0.0316798
213.27 12.6669 613.439 -0.0415049
213.326 12.6641 614.151 -0.055305
213.382 12.6606 614.862 -0.0667918
213.438 12.6563 615.573 -0.084301
213.494 12.6513 616.284 -0.094195
213.551 12.646 616.995 -0.0960899
213.607 12.6404 617.705 -0.102725
213.663 12.6343 618.415 -0.113332
213.719 12.6277 619.124 -0.115419
213.775 12.6207 619.833 -0.132111
213.831 12.6128 620.542 -0.146089
213.888 12.6042 621.251 -0.158328
213.944 12.5948 621.958 -0.174591
214 12.5847 622.666 -0.185652
214.056 12.5741 623.372 -0.189568
214.112 12.563 624.078 -0.203305
214.169 12.5512 624.784 -0.211761
214.225 12.5391 625.488 -0.21908
214.281 12.5265 626.192 -0.226533
214.337 12.5137 626.896 -0.231222
214.393 12.5004 627.598 -0.237069
214.449 12.4868 628.3 -0.243207
214.506 12.4731 629.001 -0.245512
214.562 12.4593 629.701 -0.245826
214.618 12.4453 630.401 -0.251162
214.674 12.431 631.1 -0.256867
214.73 12.4166 631.797 -0.256332
214.787 12.4022 632.495 -0.254529
214.843 12.3882 633.191 -0.247705
214.899 12.3747 633.886 -0.233925
214.955 12.3619 634.581 -0.225316
215.011 12.3496 635.275 -0.215264
215.067 12.338 635.969 -0.198141
215.124 12.3272 636.661 -0.189298
215.18 12.317 637.354 -0.174644
215.236 12.3078 638.045 -0.157341
215.292 12.2995 638.736 -0.141066
215.348 12.2923 639.427 -0.121608
215.404 12.2861 640.117 -0.105292
215.461 12.2806 640.807 -0.0930071
215.517 12.2758 641.497 -0.0783639
215.573 12.2722 642.187 -0.0552979
215.629 12.2698 642.876 -0.0362686
215.685 12.2685 643.565 -0.0165961
215.742 12.2683 644.255 0.00354411
215.798 12.269 644.944 0.017969
215.854 12.2706 645.633 0.0341932
215.91 12.2728 646.323 0.047541
215.966 12.2761 647.012 0.0644117
216.022 12.2803 647.702 0.0813585
216.079 12.2855 648.392 0.100665
216.135 12.2918 649.082 0.118225
216.191 12.2988 649.773 0.130332
216.247 12.3067 650.464 0.147277
216.303 12.3154 651.156 0.162731
216.36 12.325 651.848 0.175928
216.416 12.3355 652.541 0.195048
216.472 12.347 653.235 0.210504
216.528 12.3593 653.929 0.224626
216.584 12.3723 654.623 0.234576
216.64 12.3855 655.319 0.239262
216.697 12.3991 656.015 0.245578
216.753 12.4134 656.712 0.258645
216.809 12.4281 657.41 0.26912
216.865 12.4435 658.109 0.274351
216.921 12.4595 658.808 0.290351
216.978 12.4762 659.509 0.297816
217.034 12.4933 660.21 0.306935
217.09 12.5107 660.913 0.312683
217.146 12.5282 661.616 0.312954
217.202 12.5457 662.321 0.311279
217.258 12.5632 663.026 0.31286
217.315 12.5805 663.733 0.306727
217.371 12.5974 664.44 0.29673
217.427 12.614 665.148 0.293714
217.483 12.6301 665.857 0.285385
217.539 12.6459 666.567 0.272301
217.596 12.6612 667.278 0.268354
217.652 12.6761 667.99 0.265572
217.708 12.6907 668.703 0.258626
217.764 12.7052 669.416 0.25588
217.82 12.7193 670.131 0.249246
217.876 12.7331 670.846 0.240987
217.933 12.7462 671.561 0.228012
217.989 12.7584 672.278 0.211327
218.045 12.7698 672.995 0.194518
218.101 12.7802 673.713 0.181952
218.157 12.7898 674.431 0.165397
218.213 12.7987 675.15 0.152293
218.27 12.8072 675.869 0.151278
218.326 12.8156 676.589 0.147034
218.382 12.8237 677.309 0.14222
218.438 12.8314 678.03 0.132086
218.494 12.8384 678.751 0.118965
218.551 12.8446 679.473 0.105591
218.607 12.8501 680.194 0.0924864
218.663 12.8549 680.916 0.0785576
218.719 12.8588 681.639 0.0668027
218.775 12.8623 682.361 0.0588769
218.831 12.8649 683.084 0.039196
218.888 12.8666 683.807 0.0254304
218.944 12.8677 684.53 0.0144087
219 12.8681 685.253 0.00618333
219.056 12.8682 685.976 -0.00121871
219.112 12.868 686.698 -0.00555204
219.169 12.8674 687.421 -0.0135478
219.225 12.8662 688.144 -0.0245109
219.281 12.8646 688.867 -0.0281485
219.337 12.8626 689.59 -0.0404117
219.393 12.86 690.312 -0.0501981
219.449 12.8571 691.035 -0.0526111
219.506 12.8541 691.757 -0.0532958
219.562 12.851 692.479 -0.055184
219.618 12.848 693.201 -0.0545862
219.674 12.8445 693.922 -0.0646756
219.73 12.8407 694.644 -0.0687073
219.787 12.8368 695.365 -0.069417
219.843 12.8329 696.086 -0.0685333
219.899 12.829 696.807 -0.0679073
219.955 12.8254 697.528 -0.0632355
220.011 12.8217 698.248 -0.0666907
220.067 12.8179 698.968 -0.068869
220.124 12.814 699.688 -0.0691811
220.18 12.81 700.408 -0.0741781
220.236 12.8058 701.127 -0.0752813
220.292 12.8015 701.847 -0.0736155
220.348 12.7974 702.566 -0.073133
220.404 12.7935 703.285 -0.0690637
220.461 12.7897 704.003 -0.0678061
220.517 12.7856 704.722 -0.0781204
220.573 12.7809 705.44 -0.0868518
220.629 12.7759 706.158 -0.0866037
220.685 12.7712 706.875 -0.0812089
220.742 12.7668 707.592 -0.0765433
220.798 12.7627 708.31 -0.072149
220.854 12.7586 709.026 -0.0715052
220.91 12.7545 709.743 -0.0733295
220.966 12.7505 710.459 -0.0698108
221.022 12.7465 711.176 -0.0699779
221.079 12.7426 711.892 -0.0703625
221.135 12.7387 712.607 -0.0672879
221.191 12.7348 713.323 -0.0687153
221.247 12.7311 714.038 -0.0643999
221.303 12.7279 714.753 -0.0521616
221.36 12.7252 715.468 -0.0459051
221.416 12.7227 716.183 -0.0459529
221.472 12.7203 716.898 -0.0397973
221.528 12.718 717.612 -0.0413056
221.584 12.7158 718.327 -0.0396958
221.64 12.7138 719.041 -0.033915
221.697 12.7119 719.755 -0.0319478
221.753 12.7103 720.469 -0.0248156
221.809 12.7095 721.183 -0.00857995
221.865 12.7094 721.897 0.00548754
221.921 12.7103 722.611 0.0181939
221.978 12.7114 723.325 0.0236396
222.034 12.7129 724.04 0.0277505
222.09 12.7144 724.754 0.0275837
222.146 12.7162 725.468 0.0334266
222.202 12.7182 726.183 0.0382141
222.258 12.7205 726.897 0.0409569
222.315 12.7229 727.612 0.0439089
222.371 12.7253 728.327 0.0423414
222.427 12.7276 729.042 0.0362333
222.483 12.7295 729.757 0.035037
222.539 12.7313 730.472 0.0305979
222.596 12.7329 731.187 0.0269295
222.652 12.7342 731.903 0.0224971
222.708 12.7352 732.618 0.0139638
222.764 12.7357 733.334 0.00517102
222.82 12.7355 734.049 -0.0070646
222.876 12.7345 734.765 -0.0259359
222.933 12.7324 735.48 -0.0447695
222.989 12.7294 736.195 -0.0617487
223.045 12.7252 736.91 -0.0838375
223.101 12.7196 737.625 -0.110511
223.157 12.7127 738.339 -0.133919
223.213 12.7042 739.053 -0.162654
223.27 12.6945 739.767 -0.183107
223.326 12.6836 740.479 -0.20256
223.382 12.6714 741.192 -0.224316
223.438 12.6581 741.903 -0.245023
223.494 12.6437 742.614 -0.265505
223.551 12.6281 743.323 -0.283755
223.607 12.6114 744.032 -0.308297
223.663 12.5934 744.74 -0.325389
223.719 12.5744 745.447 -0.346372
223.775 12.5542 746.153 -0.374579
223.831 12.5325 746.857 -0.392451
223.888 12.5096 747.561 -0.416241
223.944 12.4854 748.263 -0.441314
224 12.4598 748.963 -0.464812
224.056 12.4329 749.662 -0.485661
224.112 12.4053 750.36 -0.498116
224.169 12.377 751.056 -0.506313
224.225 12.3482 751.75 -0.51309
224.281 12.3194 752.443 -0.515803
224.337 12.2904 753.134 -0.514335
224.393 12.2614 753.824 -0.518621
224.449 12.2322 754.512 -0.520283
224.506 12.203 755.198 -0.517169
224.562 12.1739 755.882 -0.517272
224.618 12.1451 756.565 -0.509635
224.674 12.1169 757.247 -0.496981
224.73 12.0894 757.926 -0.485217
224.787 12.0624 758.605 -0.479063
224.843 12.0361 759.281 -0.461361
224.899 12.0105 759.957 -0.451074
224.955 11.9857 760.631 -0.435302
225.011 11.9613 761.303 -0.427774
225.067 11.9377 761.974 -0.414401
225.124 11.9149 762.644 -0.403289
225.18 11.8927 763.313 -0.386817
225.236 11.8713 763.98 -0.372309
225.292 11.8511 764.647 -0.351957
225.348 11.832 765.312 -0.332693
225.404 11.8139 765.976 -0.313551
225.461 11.7971 766.639 -0.292435
225.517 11.7814 767.301 -0.27108
225.573 11.7667 767.963 -0.256813
225.629 11.7528 768.623 -0.241192
225.685 11.74 769.283 -0.218245
225.742 11.7284 769.942 -0.197763
225.798 11.7178 770.601 -0.184781
225.854 11.7081 771.259 -0.163876
225.91 11.6995 771.916 -0.146646
225.966 11.692 772.573 -0.124733
226.022 11.6854 773.23 -0.107481
226.079 11.6802 773.886 -0.0843623
226.135 11.6765 774.542 -0.055671
226.191 11.6745 775.198 -0.0210994
226.247 11.674 775.854 3.39909e-05
226.303 11.6749 776.51 0.0233087
226.36 11.6769 777.166 0.0464227
226.416 11.68 777.822 0.058299
226.472 11.6837 778.478 0.0729535
226.528 11.6881 779.135 0.0846497
226.584 11.693 779.791 0.0930231
226.64 11.6986 780.448 0.101429
226.697 11.7049 781.106 0.121189
226.753 11.712 781.764 0.132631
226.809 11.7202 782.422 0.151424
226.865 11.7294 783.081 0.168853
226.921 11.7392 783.74 0.182033
226.978 11.7496 784.4 0.185311
227.034 11.7604 785.06 0.196521
227.09 11.7714 785.721 0.195843
227.146 11.7828 786.383 0.20591
227.202 11.7948 787.045 0.215849
227.258 11.8071 787.708 0.222446
227.315 11.8197 788.372 0.222298
227.371 11.8324 789.037 0.223587
227.427 11.8447 789.702 0.212318
227.483 11.8568 790.368 0.213606
227.539 11.8686 791.034 0.209692
227.596 11.8803 791.701 0.205417
227.652 11.892 792.369 0.211201
227.708 11.9041 793.038 0.218711
227.764 11.9162 793.707 0.21296
227.82 11.9281 794.377 0.211138
227.876 11.9397 795.047 0.206672
227.933 11.9512 795.718 0.203663
227.989 11.9625 796.39 0.196957
228.045 11.9736 797.063 0.198044
228.101 11.9846 797.736 0.19823
228.157 11.996 798.409 0.20158
228.213 12.0072 799.084 0.200445
228.27 12.0181 799.759 0.191479
228.326 12.0287 800.434 0.185481
228.382 12.0389 801.11 0.178241
228.438 12.0487 801.787 0.170493
228.494 12.0581 802.464 0.164865
228.551 12.0672 803.142 0.162059
228.607 12.0761 803.82 0.15693
228.663 12.0849 804.499 0.155171
228.719 12.0931 805.178 0.144762
228.775 12.101 805.858 0.138487
228.831 12.1087 806.538 0.135361
228.888 12.1161 807.218 0.128175
228.944 12.1232 807.899 0.125191
229 12.1299 808.581 0.115129
229.056 12.1361 809.262 0.106798
229.112 12.1415 809.944 0.0925207
229.169 12.1464 810.626 0.0835695
229.225 12.1509 811.309 0.0774113
229.281 12.1551 811.992 0.0750272
229.337 12.1589 812.675 0.062932
229.393 12.1623 813.358 0.0594857
229.449 12.1654 814.041 0.0529169
229.506 12.1685 814.725 0.0547718
229.562 12.1716 815.409 0.0565669
229.618 12.1748 816.093 0.0542455
229.674 12.1777 816.777 0.0507057
229.73 12.1805 817.461 0.0489954
229.787 12.1832 818.145 0.0476472
229.843 12.1858 818.83 0.0443612
229.899 12.1882 819.514 0.0446988
229.955 12.1907 820.199 0.0445818
230.011 12.193 820.884 0.0377036
230.067 12.1949 821.569 0.0303005
230.124 12.1962 822.254 0.0195377
230.18 12.1969 822.94 0.00909616
230.236 12.1974 823.625 0.00734874
230.292 12.1975 824.31 0.00160137
230.348 12.1975 824.995 -0.00244126
230.404 12.1973 825.681 -0.00344949
230.461 12.1969 826.366 -0.00945335
230.517 12.1962 827.051 -0.0170266
230.573 12.1949 827.736 -0.0246364
230.629 12.1933 828.421 -0.0334464
230.685 12.1911 829.106 -0.0424292
230.742 12.1886 829.791 -0.0466441
230.798 12.1859 830.476 -0.0501201
230.854 12.1831 831.16 -0.0495968
230.91 12.1804 831.844 -0.047006
230.966 12.1779 832.529 -0.0421848
231.022 12.1755 833.213 -0.0412863
231.079 12.1734 833.897 -0.0361935
231.135 12.1713 834.581 -0.0396145
231.191 12.1692 835.264 -0.0352355
231.247 12.1674 835.948 -0.0307785
231.303 12.1656 836.631 -0.0332621
231.36 12.1639 837.315 -0.0289054
231.416 12.1625 837.998 -0.0212766
231.472 12.1614 838.681 -0.0169878
231.528 12.1607 839.365 -0.013266
231.584 12.1604 840.048 -0.00188936
231.64 12.1606 840.731 0.00708734
231.697 12.1613 841.414 0.0161255
231.753 12.1626 842.097 0.0285069
231.809 12.1646 842.781 0.0407916
231.865 12.1672 843.464 0.04441
231.921 12.1698 844.148 0.047318
231.978 12.1726 844.832 0.0509837
232.034 12.1755 845.516 0.0537124
232.09 12.1785 846.2 0.0540426
232.146 12.1815 846.884 0.0539389
232.202 12.1847 847.568 0.0586414
232.258 12.188 848.253 0.0603334
232.315 12.1912 848.938 0.0537737
232.371 12.1941 849.623 0.0465861
232.427 12.1964 850.308 0.0419657
232.483 12.1986 850.993 0.0356549
232.539 12.2004 851.679 0.0283654
232.596 12.2018 852.364 0.0234846
232.652 12.2028 853.05 0.0137334
232.708 12.2033 853.735 0.00590574
232.764 12.2034 854.421 -0.000512484
232.82 12.2031 855.106 -0.0105681
232.876 12.2022 855.792 -0.0218985
232.933 12.2007 856.477 -0.0316321
232.989 12.1985 857.163 -0.0426742
233.045 12.1955 857.848 -0.0601238
233.101 12.1916 858.533 -0.0758647
233.157 12.1867 859.218 -0.0951004
233.213 12.1808 859.902 -0.115496
233.27 12.1738 860.586 -0.129408
233.326 12.1659 861.27 -0.146798
233.382 12.157 861.953 -0.16603
233.438 12.1471 862.636 -0.184673
233.494 12.1361 863.318 -0.200976
233.551 12.1241 863.999 -0.222147
233.607 12.1111 864.68 -0.238883
233.663 12.0969 865.36 -0.26168
233.719 12.0817 866.039 -0.277313
233.775 12.0655 866.717 -0.293909
233.831 12.0485 867.394 -0.308003
233.888 12.0306 868.071 -0.325677
233.944 12.0116 868.746 -0.346892
234 11.9913 869.42 -0.368645
234.056 11.9701 870.093 -0.384593
234.112 11.9479 870.765 -0.403171
234.169 11.9245 871.435 -0.426104
234.225 11.9003 872.104 -0.433025
234.281 11.8756 872.772 -0.444209
234.337 11.8499 873.438 -0.464594
234.393 11.8235 874.103 -0.477434
234.449 11.7961 874.767 -0.490941
234.506 11.7681 875.428 -0.502523
234.562 11.7396 876.088 -0.513329
234.618 11.7104 876.747 -0.524688
234.674 11.6809 877.404 -0.526434
234.73 11.6512 878.059 -0.530745
234.787 11.6213 878.713 -0.530509
234.843 11.5913 879.365 -0.536672
234.899 11.561 880.015 -0.541159
234.955 11.5308 880.663 -0.533305
235.011 11.501 881.31 -0.527109
235.067 11.4719 881.955 -0.512977
235.124 11.4433 882.599 -0.509292
235.18 11.4145 883.241 -0.512299
235.236 11.3859 883.881 -0.506223
235.292 11.3577 884.52 -0.497395
235.348 11.3301 885.157 -0.486057
235.404 11.3035 885.792 -0.460235
235.461 11.2782 886.427 -0.446558
235.517 11.2536 887.059 -0.430807
235.573 11.2299 887.691 -0.417548
235.629 11.2071 888.321 -0.396858
235.685 11.1854 888.95 -0.377344
235.742 11.165 889.577 -0.354864
235.798 11.1457 890.204 -0.334957
235.854 11.1276 890.83 -0.312442
235.91 11.1109 891.454 -0.28673
235.966 11.0955 892.078 -0.265062
236.022 11.0812 892.701 -0.248352
236.079 11.0682 893.323 -0.221936
236.135 11.0565 893.944 -0.19674
236.191 11.0463 894.565 -0.172978
236.247 11.0374 895.185 -0.14592
236.303 11.03 895.805 -0.118294
236.36 11.0242 896.425 -0.0919376
236.416 11.0199 897.044 -0.0685346
236.472 11.0171 897.663 -0.0381706
236.528 11.0158 898.282 -0.0117084
236.584 11.0162 898.9 0.0156439
236.64 11.0179 899.519 0.0392684
236.697 11.0207 900.138 0.0572122
236.753 11.0245 900.758 0.0749919
236.809 11.0293 901.377 0.0931531
236.865 11.0356 901.997 0.120681
236.921 11.0431 902.617 0.144637
236.978 11.052 903.238 0.167401
237.034 11.0618 903.859 0.182824
237.09 11.0728 904.481 0.203571
237.146 11.0849 905.103 0.22354
237.202 11.0979 905.727 0.236692
237.258 11.1118 906.351 0.253125
237.315 11.1263 906.975 0.265059
237.371 11.1413 907.601 0.270007
237.427 11.1569 908.227 0.279884
237.483 11.1729 908.855 0.288382
237.539 11.1892 909.483 0.293654
237.596 11.206 910.112 0.300301
237.652 11.2231 910.742 0.308014
237.708 11.2404 911.373 0.30867
237.764 11.2579 912.005 0.317964
237.82 11.2757 912.638 0.316225
237.876 11.2936 913.273 0.319646
237.933 11.3116 913.908 0.322157
237.989 11.3297 914.544 0.320557
238.045 11.3475 915.181 0.310353
238.101 11.3648 915.819 0.305283
238.157 11.3818 916.458 0.30146
238.213 11.3986 917.098 0.297393
238.27 11.4153 917.739 0.295959
238.326 11.432 918.381 0.299138
238.382 11.4488 919.024 0.302185
238.438 11.4657 919.667 0.297206
238.494 11.4823 920.312 0.291198
238.551 11.4985 920.958 0.285099
238.607 11.5144 921.604 0.281545
238.663 11.5298 922.252 0.269829
238.719 11.5448 922.9 0.26616
238.775 11.5594 923.549 0.252811
238.831 11.5734 924.199 0.24943
238.888 11.5872 924.849 0.24042
238.944 11.6004 925.501 0.231984
239 11.6133 926.153 0.228476
239.056 11.6261 926.806 0.227472
239.112 11.6386 927.459 0.221359
239.169 11.6511 928.114 0.221892
239.225 11.6635 928.769 0.221965
239.281 11.6756 929.424 0.21423
239.337 11.6874 930.081 0.207748
239.393 11.6989 930.738 0.203179
239.449 11.7104 931.395 0.206672
239.506 11.7221 932.054 0.207729
239.562 11.7335 932.712 0.19736
239.618 11.7445 933.372 0.197885
239.674 11.7557 934.032 0.201109
239.73 11.7672 934.693 0.204696
239.787 11.7785 935.354 0.199984
239.843 11.7897 936.017 0.200179
239.899 11.8009 936.679 0.198466
239.955 11.8121 937.343 0.198488
240.011 11.8234 938.007 0.201979
240.067 11.8345 938.671 0.196972
240.124 11.8458 939.336 0.203058
240.18 11.8572 940.002 0.204915
240.236 11.8688 940.669 0.207515
240.292 11.8805 941.336 0.20847
240.348 11.8922 942.004 0.205925
240.404 11.9036 942.672 0.203783
240.461 11.9152 943.342 0.205207
240.517 11.9268 944.011 0.208625
240.573 11.9386 944.682 0.210801
240.629 11.9503 945.353 0.205723
240.685 11.9619 946.025 0.207387
240.742 11.9735 946.697 0.207505
240.798 11.9852 947.37 0.209965
240.854 11.997 948.044 0.21017
240.91 12.0086 948.718 0.204
240.966 12.02 949.393 0.202235
241.022 12.0315 950.069 0.203065
241.079 12.0429 950.745 0.204661
241.135 12.0544 951.422 0.204175
241.191 12.0661 952.1 0.20947
241.247 12.078 952.778 0.211775
241.303 12.0899 953.457 0.211796
241.36 12.1018 954.137 0.211266
241.416 12.1138 954.817 0.216377
241.472 12.126 955.498 0.211925
241.528 12.1381 956.179 0.219074
241.584 12.1506 956.862 0.227551
241.64 12.1637 957.545 0.234751
241.697 12.1771 958.229 0.240331
241.753 12.1906 958.913 0.24299
241.809 12.2044 959.599 0.245827
241.865 12.2185 960.285 0.252865
241.921 12.2329 960.972 0.25622
241.978 12.2474 961.659 0.260897
242.034 12.262 962.348 0.256923
242.09 12.2763 963.037 0.254427
242.146 12.2909 963.727 0.260147
242.202 12.3057 964.418 0.268016
242.258 12.3211 965.11 0.279159
242.315 12.3371 965.803 0.28838
242.371 12.3539 966.497 0.304374
242.427 12.3712 967.191 0.307613
242.483 12.3885 967.887 0.307463
242.539 12.4059 968.583 0.310535
242.596 12.4233 969.281 0.310352
242.652 12.4409 969.98 0.312102
242.708 12.4587 970.679 0.31935
242.764 12.4766 971.38 0.319641
242.82 12.4945 972.081 0.317162
242.876 12.5126 972.784 0.322284
242.933 12.5308 973.487 0.325241
242.989 12.5491 974.192 0.322732
243.045 12.5672 974.897 0.322937
243.101 12.5851 975.604 0.316781
243.157 12.6029 976.312 0.314109
243.213 12.6202 977.02 0.304571
243.27 12.637 977.73 0.296025
243.326 12.653 978.44 0.278493
243.382 12.6681 979.152 0.261313
243.438 12.6822 979.864 0.243027
243.494 12.6952 980.577 0.222374
243.551 12.7069 981.29 0.200982
243.607 12.7174 982.005 0.179284
243.663 12.7267 982.719 0.155229
243.719 12.7346 983.435 0.132474
243.775 12.7413 984.15 0.110464
243.831 12.7467 984.866 0.0855511
243.888 12.7508 985.583 0.0637158
243.944 12.7535 986.299 0.0367924
244 12.7545 987.016 0.00626564
244.056 12.7539 987.732 -0.0211367
244.112 12.7518 988.449 -0.0476216
244.169 12.7484 989.165 -0.0721544
244.225 12.7433 989.881 -0.100721
244.281 12.7366 990.597 -0.128546
244.337 12.7284 991.312 -0.159817
244.393 12.7183 992.027 -0.190777
244.449 12.7067 992.741 -0.218188
244.506 12.6937 993.454 -0.242539
244.562 12.6791 994.167 -0.269819
244.618 12.6631 994.879 -0.294893
244.674 12.6455 995.589 -0.326528
244.73 12.6263 996.299 -0.353009
244.787 12.6055 997.008 -0.379715
244.843 12.5835 997.715 -0.401231
244.899 12.5604 998.421 -0.41826
244.955 12.536 999.126 -0.440975
245.011 12.5104 999.83 -0.467775
245.067 12.4836 1000.53 -0.480683
245.124 12.456 1001.23 -0.494742
245.18 12.4282 1001.93 -0.494122
245.236 12.4002 1002.63 -0.502017
245.292 12.3719 1003.32 -0.503291
245.348 12.3435 1004.02 -0.507672
245.404 12.3151 1004.71 -0.504966
245.461 12.2868 1005.4 -0.501054
245.517 12.2589 1006.09 -0.494418
245.573 12.2316 1006.78 -0.482274
245.629 12.2048 1007.46 -0.470514
245.685 12.179 1008.15 -0.452237
245.742 12.1541 1008.83 -0.43896
245.798 12.13 1009.51 -0.42093
245.854 12.107 1010.2 -0.402316
245.91 12.0853 1010.87 -0.375567
245.966 12.065 1011.55 -0.352615
246.022 12.0459 1012.23 -0.329847
246.079 12.0283 1012.91 -0.300379
246.135 12.0123 1013.58 -0.275276
246.191 11.998 1014.26 -0.242226
246.247 11.9854 1014.93 -0.211401
246.303 11.9746 1015.6 -0.182121
246.36 11.9657 1016.28 -0.144066
246.416 11.9588 1016.95 -0.110333
246.472 11.9537 1017.62 -0.0768175
246.528 11.9504 1018.29 -0.0444177
246.584 11.949 1018.96 -0.010853
246.64 11.9493 1019.63 0.0167452
246.697 11.951 1020.3 0.0355969
246.753 11.9539 1020.98 0.0634843
246.809 11.9584 1021.65 0.0901258
246.865 11.9643 1022.32 0.115035
246.921 11.9715 1022.99 0.136549
246.978 11.9798 1023.66 0.157019
247.034 11.9892 1024.34 0.171086
247.09 11.9995 1025.01 0.189464
247.146 12.0105 1025.69 0.201198
247.202 12.0222 1026.36 0.211272
247.258 12.0343 1027.04 0.217806
247.315 12.0465 1027.71 0.219775
247.371 12.0591 1028.39 0.223603
247.427 12.0718 1029.07 0.228785
247.483 12.0845 1029.75 0.22402
247.539 12.0975 1030.43 0.232629
247.596 12.1105 1031.11 0.227304
247.652 12.1229 1031.79 0.217696
247.708 12.1349 1032.47 0.212885
247.764 12.1469 1033.15 0.213958
247.82 12.159 1033.83 0.216659
247.876 12.1712 1034.52 0.216743
247.933 12.1831 1035.2 0.207347
247.989 12.1941 1035.89 0.18887
248.045 12.2044 1036.57 0.181313
248.101 12.2145 1037.26 0.17931
248.157 12.2245 1037.94 0.176297
248.213 12.2344 1038.63 0.17579
248.27 12.2441 1039.32 0.170805
248.326 12.2536 1040.01 0.169602
248.382 12.2631 1040.7 0.167083
248.438 12.2723 1041.39 0.164726
248.494 12.2812 1042.08 0.155887
248.551 12.2899 1042.77 0.15182
248.607 12.2984 1043.46 0.152667
248.663 12.307 1044.15 0.154773
248.719 12.3154 1044.84 0.146949
248.775 12.3237 1045.53 0.151259
248.831 12.3318 1046.22 0.141699
248.888 12.3399 1046.92 0.14155
248.944 12.3477 1047.61 0.137564
249 12.3554 1048.3 0.137543
249.056 12.3628 1049 0.129514
249.112 12.3698 1049.69 0.122501
249.169 12.3766 1050.39 0.121725
249.225 12.3835 1051.08 0.125313
249.281 12.3905 1051.78 0.127762
249.337 12.3977 1052.48 0.125848
249.393 12.4047 1053.17 0.125866
249.449 12.4118 1053.87 0.128874
249.506 12.4191 1054.57 0.130229
249.562 12.4264 1055.27 0.131218
249.618 12.4339 1055.96 0.133906
249.674 12.4413 1056.66 0.130901
249.73 12.4488 1057.36 0.130524
249.787 12.456 1058.06 0.129012
249.843 12.4633 1058.76 0.131823
249.899 12.471 1059.46 0.139614
249.955 12.4787 1060.16 0.135783
250.011 12.4864 1060.86 0.136828
250.067 12.494 1061.57 0.132484
250.124 12.5014 1062.27 0.132442
250.18 12.5089 1062.97 0.132276
250.236 12.5162 1063.67 0.12728
250.292 12.5233 1064.38 0.128634
250.348 12.5305 1065.08 0.125048
250.404 12.5374 1065.79 0.120729
250.461 12.5442 1066.49 0.121709
250.517 12.5509 1067.19 0.116061
250.573 12.5571 1067.9 0.107839
250.629 12.5631 1068.61 0.10302
250.685 12.5685 1069.31 0.093534
250.742 12.5736 1070.02 0.0880345
250.798 12.5784 1070.72 0.0830186
250.854 12.5827 1071.43 0.0735509
250.91 12.5866 1072.14 0.064157
250.966 12.59 1072.85 0.0551524
251.022 12.5927 1073.55 0.043792
251.079 12.5949 1074.26 0.0368656
251.135 12.5968 1074.97 0.029952
251.191 12.5981 1075.68 0.02222
251.247 12.5992 1076.38 0.0146439
251.303 12.5997 1077.09 0.00797016
251.36 12.5998 1077.8 -0.00395841
251.416 12.5995 1078.51 -0.00691201
251.472 12.5991 1079.22 -0.00732979
251.528 12.5984 1079.92 -0.0151899
251.584 12.5973 1080.63 -0.0246778
251.64 12.5959 1081.34 -0.0231872
251.697 12.5944 1082.05 -0.0263047
251.753 12.5931 1082.75 -0.0228024
251.809 12.5921 1083.46 -0.0147516
251.865 12.5914 1084.17 -0.0101956
251.921 12.5908 1084.88 -0.0106413
251.978 12.5904 1085.58 -0.0043061
252.034 12.5904 1086.29 0.0030607
252.09 12.5909 1087 0.0148505
252.146 12.5925 1087.71 0.035319
252.202 12.595 1088.41 0.0498041
252.258 12.5983 1089.12 0.0631959
252.315 12.6022 1089.83 0.0738313
252.371 12.6065 1090.54 0.08083
252.427 12.6114 1091.24 0.0881648
252.483 12.617 1091.95 0.105537
252.539 12.6234 1092.66 0.120008
252.596 12.6307 1093.37 0.137533
252.652 12.639 1094.08 0.154242
252.708 12.6482 1094.79 0.16994
252.764 12.6583 1095.5 0.186408
252.82 12.6693 1096.21 0.200994
252.876 12.6807 1096.93 0.20449
252.933 12.6923 1097.64 0.204853
252.989 12.704 1098.35 0.211841
253.045 12.716 1099.07 0.216215
253.101 12.7283 1099.78 0.219803
253.157 12.7407 1100.5 0.221588
253.213 12.7531 1101.21 0.219677
253.27 12.7653 1101.93 0.212406
253.326 12.7772 1102.65 0.208447
253.382 12.7886 1103.37 0.199122
253.438 12.7994 1104.08 0.187591
253.494 12.8097 1104.8 0.179132
253.551 12.8191 1105.52 0.159463
253.607 12.8273 1106.24 0.13503
253.663 12.8343 1106.97 0.116341
253.719 12.8402 1107.69 0.0994199
253.775 12.8449 1108.41 0.0730051
253.831 12.8483 1109.13 0.0510048
253.888 12.8504 1109.85 0.0299301
253.944 12.8515 1110.57 0.0110643
254 12.8517 1111.3 -0.00291032
254.056 12.8507 1112.02 -0.029401
254.112 12.8481 1112.74 -0.0579395
254.169 12.8441 1113.46 -0.0830162
254.225 12.8384 1114.18 -0.112766
254.281 12.831 1114.9 -0.144549
254.337 12.822 1115.62 -0.172888
254.393 12.8112 1116.34 -0.200759
254.449 12.7992 1117.06 -0.224534
254.506 12.786 1117.78 -0.238765
254.562 12.7717 1118.5 -0.264843
254.618 12.756 1119.22 -0.290103
254.674 12.7391 1119.93 -0.307428
254.73 12.7212 1120.65 -0.326346
254.787 12.7023 1121.36 -0.343324
254.843 12.6825 1122.08 -0.360042
254.899 12.6615 1122.79 -0.380823
254.955 12.6398 1123.5 -0.388746
255.011 12.6176 1124.21 -0.398809
255.067 12.5947 1124.92 -0.412049
255.124 12.5713 1125.62 -0.421755
255.18 12.5474 1126.33 -0.425987
255.236 12.5235 1127.03 -0.422131
255.292 12.4998 1127.73 -0.421906
255.348 12.4764 1128.44 -0.412711
255.404 12.4533 1129.14 -0.410375
255.461 12.4306 1129.83 -0.404696
255.517 12.4082 1130.53 -0.395077
255.573 12.3862 1131.23 -0.385388
255.629 12.3652 1131.92 -0.368317
255.685 12.3449 1132.62 -0.352979
255.742 12.3256 1133.31 -0.338381
255.798 12.307 1134 -0.327073
255.854 12.2891 1134.69 -0.31102
255.91 12.272 1135.38 -0.296019
255.966 12.2562 1136.07 -0.273967
256.022 12.2415 1136.76 -0.251448
256.079 12.2282 1137.45 -0.226339
256.135 12.2164 1138.13 -0.200216
256.191 12.206 1138.82 -0.173146
256.247 12.1971 1139.51 -0.14792
256.303 12.1894 1140.19 -0.13098
256.36 12.1829 1140.87 -0.104942
256.416 12.1777 1141.56 -0.0800248
256.472 12.1743 1142.24 -0.0496415
256.528 12.1724 1142.93 -0.021775
256.584 12.1721 1143.61 0.00527845
256.64 12.1732 1144.29 0.0292049
256.697 12.1757 1144.98 0.0542949
256.753 12.1798 1145.66 0.0842912
256.809 12.1855 1146.35 0.113839
256.865 12.1929 1147.03 0.146356
256.921 12.2021 1147.72 0.175518
256.978 12.2128 1148.4 0.195306
257.034 12.2244 1149.09 0.216304
257.09 12.2371 1149.78 0.232989
257.146 12.2508 1150.46 0.25127
257.202 12.2656 1151.15 0.275231
257.258 12.2817 1151.84 0.294379
257.315 12.299 1152.53 0.315653
257.371 12.3174 1153.23 0.331567
257.427 12.3365 1153.92 0.347427
257.483 12.3564 1154.61 0.35679
257.539 12.3769 1155.31 0.369327
257.596 12.398 1156 0.383316
257.652 12.42 1156.7 0.396442
257.708 12.4427 1157.4 0.410543
257.764 12.466 1158.1 0.41505
257.82 12.4893 1158.8 0.413143
257.876 12.5124 1159.5 0.411119
257.933 12.5352 1160.21 0.404133
257.989 12.5579 1160.91 0.400712
258.045 12.5805 1161.62 0.403255
258.101 12.603 1162.32 0.399566
258.157 12.6253 1163.03 0.393441
258.213 12.6473 1163.74 0.388304
258.27 12.6688 1164.45 0.379802
258.326 12.6899 1165.17 0.372658
258.382 12.7106 1165.88 0.365152
258.438 12.7307 1166.6 0.350934
258.494 12.7501 1167.31 0.340777
258.551 12.769 1168.03 0.336296
258.607 12.7877 1168.75 0.327369
258.663 12.806 1169.46 0.322925
258.719 12.8238 1170.18 0.314033
258.775 12.841 1170.91 0.303373
258.831 12.8578 1171.63 0.294358
258.888 12.8741 1172.35 0.288151
258.944 12.89 1173.07 0.282138
259 12.9056 1173.8 0.270546
259.056 12.9206 1174.52 0.264506
259.112 12.9352 1175.25 0.257604
259.169 12.9495 1175.98 0.250245
259.225 12.9633 1176.71 0.24309
259.281 12.9766 1177.44 0.233681
259.337 12.9895 1178.16 0.223573
259.393 13.0021 1178.89 0.224037
259.449 13.0145 1179.63 0.220283
259.506 13.0267 1180.36 0.214593
259.562 13.0386 1181.09 0.209945
259.618 13.05 1181.82 0.199806
259.674 13.061 1182.56 0.188794
259.73 13.0713 1183.29 0.180579
259.787 13.0811 1184.02 0.171233
259.843 13.0906 1184.76 0.166804
259.899 13.0997 1185.5 0.160208
259.955 13.1083 1186.23 0.150159
260.011 13.1164 1186.97 0.136526
260.067 13.124 1187.71 0.133436
260.124 13.1311 1188.44 0.124795
260.18 13.1379 1189.18 0.11503
260.236 13.1445 1189.92 0.117277
260.292 13.1506 1190.66 0.104704
260.348 13.1563 1191.4 0.0988777
260.404 13.1618 1192.14 0.0957501
260.461 13.1669 1192.88 0.0886835
260.517 13.1717 1193.62 0.0818548
260.573 13.1763 1194.36 0.0813674
260.629 13.1805 1195.1 0.0724282
260.685 13.1846 1195.84 0.0721637
260.742 13.1886 1196.58 0.071143
260.798 13.1921 1197.32 0.0582182
260.854 13.1951 1198.06 0.0504625
260.91 13.1978 1198.8 0.0463691
260.966 13.2002 1199.54 0.0397376
261.022 13.2023 1200.28 0.0330395
261.079 13.204 1201.03 0.0303078
261.135 13.2053 1201.77 0.0192405
261.191 13.2059 1202.51 0.00370055
261.247 13.2059 1203.25 -0.00325366
261.303 13.2054 1203.99 -0.0136489
261.36 13.2044 1204.74 -0.020069
261.416 13.2033 1205.48 -0.0188941
261.472 13.2018 1206.22 -0.032211
261.528 13.1998 1206.96 -0.0401181
261.584 13.1975 1207.7 -0.0397202
261.64 13.195 1208.44 -0.0456188
261.697 13.1925 1209.18 -0.0450124
261.753 13.1901 1209.93 -0.0418899
261.809 13.1877 1210.67 -0.0445207
261.865 13.1853 1211.41 -0.0407226
261.921 13.1833 1212.15 -0.0304489
261.978 13.182 1212.89 -0.018942
262.034 13.1812 1213.63 -0.0110186
262.09 13.1812 1214.37 0.00514724
262.146 13.1816 1215.11 0.0121031
262.202 13.1829 1215.85 0.0295191
262.258 13.1853 1216.59 0.0525758
262.315 13.1889 1217.33 0.070806
262.371 13.1934 1218.07 0.0836693
262.427 13.1986 1218.82 0.102004
262.483 13.2047 1219.56 0.114262
262.539 13.2117 1220.3 0.129732
262.596 13.2196 1221.04 0.148045
262.652 13.2282 1221.78 0.159957
262.708 13.2375 1222.53 0.167282
262.764 13.2472 1223.27 0.176631
262.82 13.2572 1224.02 0.181257
262.876 13.2675 1224.76 0.180436
262.933 13.2778 1225.51 0.183697
262.989 13.2879 1226.25 0.180611
263.045 13.2977 1227 0.168582
263.101 13.307 1227.75 0.162659
263.157 13.3155 1228.5 0.145731
263.213 13.3232 1229.24 0.130284
263.27 13.3301 1229.99 0.11841
263.326 13.3361 1230.74 0.100331
263.382 13.3411 1231.49 0.077332
263.438 13.3448 1232.24 0.056929
263.494 13.3468 1232.99 0.0242561
263.551 13.3471 1233.74 -0.00954927
263.607 13.3455 1234.49 -0.0420348
263.663 13.342 1235.24 -0.0733969
263.719 13.3369 1235.99 -0.104747
263.775 13.33 1236.74 -0.13646
263.831 13.321 1237.49 -0.176546
263.888 13.3098 1238.23 -0.215978
263.944 13.2966 1238.98 -0.246376
264 13.2815 1239.73 -0.280576
264.056 13.2648 1240.47 -0.309691
264.112 13.2466 1241.22 -0.332878
264.169 13.2266 1241.96 -0.367634
264.225 13.2049 1242.7 -0.401559
264.281 13.1811 1243.45 -0.434988
264.337 13.1557 1244.19 -0.464626
264.393 13.1287 1244.92 -0.490313
264.449 13.1004 1245.66 -0.516329
264.506 13.0704 1246.4 -0.542631
264.562 13.0392 1247.13 -0.566023
264.618 13.0069 1247.86 -0.580296
264.674 12.9737 1248.59 -0.595067
264.73 12.9396 1249.32 -0.613777
264.787 12.9046 1250.04 -0.629075
264.843 12.8688 1250.77 -0.640476
264.899 12.8327 1251.49 -0.645175
264.955 12.7964 1252.21 -0.647773
265.011 12.7597 1252.93 -0.657042
265.067 12.723 1253.64 -0.652611
265.124 12.6866 1254.36 -0.644258
265.18 12.6507 1255.07 -0.637695
265.236 12.6152 1255.78 -0.628097
265.292 12.5805 1256.48 -0.608509
265.348 12.5468 1257.19 -0.592005
265.404 12.5141 1257.89 -0.578452
265.461 12.4824 1258.6 -0.554035
265.517 12.4522 1259.3 -0.526948
265.573 12.4235 1259.99 -0.501391
265.629 12.3961 1260.69 -0.477034
265.685 12.3702 1261.39 -0.448391
265.742 12.346 1262.08 -0.417347
265.798 12.3239 1262.77 -0.379327
265.854 12.3038 1263.47 -0.345723
265.91 12.2855 1264.16 -0.314319
265.966 12.269 1264.85 -0.279532
266.022 12.2545 1265.53 -0.244655
266.079 12.242 1266.22 -0.207827
266.135 12.2317 1266.91 -0.167544
266.191 12.2235 1267.6 -0.132489
266.247 12.2175 1268.28 -0.0930437
266.303 12.2136 1268.97 -0.0528437
266.36 12.2118 1269.66 -0.0177515
266.416 12.212 1270.34 0.0166784
266.472 12.2145 1271.03 0.0634553
266.528 12.2193 1271.71 0.098983
266.584 12.2262 1272.4 0.136402
266.64 12.235 1273.09 0.16905
266.697 12.2455 1273.78 0.201183
266.753 12.2578 1274.46 0.231696
266.809 12.2721 1275.15 0.271071
266.865 12.2883 1275.84 0.298874
266.921 12.3061 1276.53 0.327505
266.978 12.3256 1277.23 0.359762
267.034 12.3467 1277.92 0.38436
267.09 12.369 1278.61 0.4061
267.146 12.3927 1279.31 0.432098
267.202 12.4177 1280.01 0.453889
267.258 12.4439 1280.7 0.472806
267.315 12.471 1281.4 0.491258
267.371 12.499 1282.11 0.504325
267.427 12.5278 1282.81 0.516087
267.483 12.5573 1283.51 0.531356
267.539 12.5874 1284.22 0.538566
267.596 12.618 1284.93 0.546153
267.652 12.6487 1285.64 0.548401
267.708 12.6794 1286.35 0.543016
267.764 12.7099 1287.06 0.538906
267.82 12.7399 1287.78 0.534781
267.876 12.7697 1288.5 0.528697
267.933 12.7992 1289.21 0.520071
267.989 12.8285 1289.93 0.52241
268.045 12.8575 1290.66 0.51382
268.101 12.8862 1291.38 0.50615
268.157 12.9145 1292.1 0.502381
268.213 12.9421 1292.83 0.488217
268.27 12.969 1293.56 0.471679
268.326 12.9953 1294.29 0.465359
268.382 13.0208 1295.02 0.448703
268.438 13.0456 1295.75 0.434393
268.494 13.0698 1296.48 0.429437
268.551 13.0932 1297.22 0.409793
268.607 13.1158 1297.96 0.397351
268.663 13.1377 1298.69 0.386577
268.719 13.1586 1299.43 0.365495
268.775 13.1785 1300.17 0.342805
268.831 13.197 1300.91 0.321627
268.888 13.2139 1301.66 0.292005
268.944 13.2293 1302.4 0.260089
269 13.2428 1303.14 0.230563
269.056 13.2549 1303.89 0.205082
269.112 13.2657 1304.63 0.183118
269.169 13.2754 1305.38 0.167781
269.225 13.2842 1306.12 0.15242
269.281 13.2923 1306.87 0.135188
269.337 13.2995 1307.62 0.125314
269.393 13.3062 1308.36 0.11379
269.449 13.3121 1309.11 0.0975475
269.506 13.3169 1309.86 0.0792093
269.562 13.3207 1310.61 0.0608138
269.618 13.3236 1311.36 0.0443743
269.674 13.3258 1312.11 0.036043
269.73 13.3274 1312.85 0.0274753
269.787 13.3288 1313.6 0.0231963
269.843 13.3302 1314.35 0.0197746
269.899 13.3311 1315.1 0.013653
269.955 13.3315 1315.85 0.000964799
270.011 13.3312 1316.6 -0.00846891
270.067 13.3302 1317.35 -0.0233366
270.124 13.3287 1318.1 -0.0287789
270.18 13.3268 1318.84 -0.0358371
270.236 13.3247 1319.59 -0.0368555
270.292 13.3226 1320.34 -0.0391745
270.348 13.3204 1321.09 -0.0401634
270.404 13.3179 1321.84 -0.0461808
270.461 13.3147 1322.59 -0.0634441
270.517 13.311 1323.33 -0.067543
270.573 13.3068 1324.08 -0.078406
270.629 13.3023 1324.83 -0.0807498
270.685 13.2977 1325.58 -0.0823051
270.742 13.293 1326.32 -0.0849845
270.798 13.2884 1327.07 -0.0809383
270.854 13.2838 1327.82 -0.0792811
270.91 13.2793 1328.56 -0.079984
270.966 13.2747 1329.31 -0.0831573
271.022 13.2702 1330.05 -0.0800348
271.079 13.2657 1330.8 -0.0784375
271.135 13.2615 1331.54 -0.0734019
271.191 13.2577 1332.29 -0.0623671
271.247 13.2546 1333.03 -0.0547576
271.303 13.2517 1333.78 -0.0500572
271.36 13.2494 1334.52 -0.0359579
271.416 13.2476 1335.27 -0.0266973
271.472 13.2464 1336.01 -0.0180069
271.528 13.2458 1336.76 -0.00514324
271.584 13.2458 1337.5 0.00657888
271.64 13.2468 1338.24 0.0220209
271.697 13.2486 1338.99 0.0400345
271.753 13.2516 1339.73 0.0637003
271.809 13.2556 1340.48 0.0756794
271.865 13.2607 1341.22 0.0987914
271.921 13.2667 1341.97 0.114662
271.978 13.2737 1342.71 0.129467
272.034 13.2814 1343.46 0.143543
272.09 13.2899 1344.21 0.158069
272.146 13.2993 1344.95 0.173436
272.202 13.3098 1345.7 0.195939
272.258 13.3214 1346.45 0.214863
272.315 13.3341 1347.2 0.233479
272.371 13.348 1347.95 0.256292
272.427 13.3628 1348.7 0.271756
272.483 13.3787 1349.45 0.285101
272.539 13.3952 1350.2 0.299427
272.596 13.4125 1350.95 0.314599
272.652 13.4306 1351.71 0.324104
272.708 13.4495 1352.46 0.343279
272.764 13.4691 1353.22 0.353104
272.82 13.4893 1353.98 0.360567
272.876 13.5101 1354.73 0.373476
272.933 13.531 1355.49 0.373712
272.989 13.552 1356.26 0.370442
273.045 13.5731 1357.02 0.376819
273.101 13.5939 1357.78 0.368804
273.157 13.6145 1358.55 0.362487
273.213 13.6347 1359.31 0.359071
273.27 13.6545 1360.08 0.346603
273.326 13.6735 1360.85 0.332172
273.382 13.6917 1361.61 0.320854
273.438 13.7088 1362.38 0.294872
273.494 13.7244 1363.15 0.265669
273.551 13.7384 1363.93 0.239012
273.607 13.7508 1364.7 0.209065
273.663 13.7615 1365.47 0.17654
273.719 13.7706 1366.24 0.151336
273.775 13.7781 1367.02 0.120911
273.831 13.7838 1367.79 0.0890454
273.888 13.7879 1368.57 0.0610473
273.944 13.79 1369.34 0.0235555
274 13.7901 1370.12 -0.0161148
274.056 13.7879 1370.89 -0.0512593
274.112 13.7837 1371.67 -0.0889171
274.169 13.7777 1372.44 -0.119615
274.225 13.7697 1373.21 -0.156906
274.281 13.7596 1373.99 -0.192922
274.337 13.7477 1374.76 -0.227568
274.393 13.7339 1375.53 -0.257826
274.449 13.7181 1376.3 -0.294277
274.506 13.7006 1377.07 -0.323651
274.562 13.6813 1377.84 -0.357836
274.618 13.6601 1378.61 -0.387717
274.674 13.6374 1379.38 -0.411515
274.73 13.6137 1380.14 -0.427496
274.787 13.5892 1380.91 -0.438649
274.843 13.5639 1381.67 -0.459491
274.899 13.5375 1382.43 -0.476792
274.955 13.5098 1383.19 -0.499972
275.011 13.4814 1383.95 -0.504795
275.067 13.4529 1384.7 -0.508274
275.124 13.4242 1385.46 -0.509437
275.18 13.3957 1386.21 -0.505595
275.236 13.3677 1386.96 -0.49623
275.292 13.3402 1387.71 -0.483828
275.348 13.3133 1388.46 -0.474666
275.404 13.2868 1389.21 -0.466795
275.461 13.2612 1389.95 -0.449096
275.517 13.2367 1390.7 -0.431074
275.573 13.2132 1391.44 -0.411356
275.629 13.1908 1392.18 -0.387003
275.685 13.17 1392.92 -0.36221
275.742 13.1506 1393.66 -0.33291
275.798 13.1329 1394.4 -0.303523
275.854 13.1167 1395.14 -0.272721
275.91 13.1029 1395.87 -0.229528
275.966 13.0912 1396.61 -0.196503
276.022 13.0813 1397.34 -0.163443
276.079 13.0731 1398.08 -0.135575
276.135 13.0663 1398.81 -0.10899
276.191 13.0616 1399.55 -0.0680796
276.247 13.0589 1400.28 -0.0334392
276.303 13.0582 1401.01 0.00177836
276.36 13.0592 1401.75 0.0286144
276.416 13.0622 1402.48 0.0700804
276.472 13.0672 1403.22 0.105068
276.528 13.0742 1403.95 0.135284
276.584 13.0828 1404.69 0.162889
276.64 13.0928 1405.42 0.187019
276.697 13.1043 1406.16 0.215803
276.753 13.1171 1406.89 0.237179
276.809 13.1311 1407.63 0.256824
276.865 13.1462 1408.37 0.27589
276.921 13.1626 1409.11 0.301659
276.978 13.1802 1409.85 0.320359
277.034 13.1987 1410.59 0.333904
277.09 13.2179 1411.33 0.34525
277.146 13.2374 1412.07 0.34908
277.202 13.2571 1412.82 0.350073
277.258 13.2767 1413.56 0.349951
277.315 13.2963 1414.31 0.34822
277.371 13.3158 1415.06 0.344223
277.427 13.335 1415.81 0.341496
277.483 13.3537 1416.56 0.330113
277.539 13.3718 1417.31 0.316459
277.596 13.3893 1418.06 0.307412
277.652 13.4061 1418.81 0.294211
277.708 13.4221 1419.57 0.277248
277.764 13.4374 1420.32 0.267359
277.82 13.4517 1421.08 0.248495
277.876 13.4651 1421.83 0.23341
277.933 13.4774 1422.59 0.205969
277.989 13.488 1423.35 0.178324
278.045 13.4972 1424.1 0.153564
278.101 13.5052 1424.86 0.135595
278.157 13.512 1425.62 0.112322
278.213 13.5176 1426.38 0.0888365
278.27 13.5219 1427.14 0.0655295
278.326 13.5249 1427.9 0.0468683
278.382 13.5269 1428.66 0.0253092
278.438 13.5275 1429.42 0.00539221
278.494 13.527 1430.18 -0.02135
278.551 13.5252 1430.94 -0.0397477
278.607 13.5225 1431.7 -0.0568196
278.663 13.5186 1432.46 -0.0777304
278.719 13.5133 1433.22 -0.105991
278.775 13.5066 1433.98 -0.128824
278.831 13.4988 1434.74 -0.144313
278.888 13.4902 1435.49 -0.160366
278.944 13.4806 1436.25 -0.177374
279 13.4702 1437.01 -0.191435
279.056 13.4592 1437.77 -0.198761
279.112 13.4478 1438.52 -0.205276
279.169 13.4358 1439.28 -0.218288
279.225 13.4232 1440.03 -0.23002
279.281 13.4099 1440.78 -0.242154
279.337 13.3959 1441.54 -0.253182
279.393 13.3815 1442.29 -0.2605
279.449 13.3668 1443.04 -0.26059
279.506 13.3521 1443.79 -0.259633
279.562 13.3373 1444.54 -0.267471
279.618 13.3221 1445.29 -0.272149
279.674 13.3066 1446.04 -0.278679
279.73 13.2908 1446.78 -0.282186
279.787 13.2752 1447.53 -0.275173
279.843 13.2598 1448.28 -0.272994
279.899 13.2446 1449.02 -0.272728
279.955 13.2293 1449.76 -0.272391
