# t frame_uz frame_z ub_dans_repere
160.006 0.0113057 4.13027e-05 2.32514
160.03 0.0682614 0.00115255 2.34608
160.067 0.155361 0.00555499 2.39758
160.111 0.261772 0.0152065 2.42814
160.159 0.381015 0.0314321 2.46079
160.211 0.508054 0.0549311 2.4739
160.264 0.639363 0.0860617 2.47521
160.318 0.773139 0.125142 2.45211
160.373 0.905891 0.17205 2.38397
160.428 1.03403 0.226109 2.28845
160.483 1.15473 0.286492 2.15723
160.537 1.26735 0.352988 2.01459
160.592 1.37348 0.426376 1.86358
160.647 1.47186 0.505353 1.7298
160.702 1.56303 0.589509 1.60638
160.758 1.64773 0.678475 1.49029
160.813 1.72603 0.771897 1.37326
160.868 1.79732 0.869405 1.23906
160.923 1.86078 0.970589 1.08808
160.978 1.9155 1.07498 0.927551
161.034 1.96128 1.18335 0.752248
161.09 1.99763 1.2948 0.577445
161.146 2.02457 1.40798 0.416579
161.202 2.04318 1.52238 0.27808
161.258 2.05483 1.63759 0.163504
161.315 2.06096 1.75325 0.0748638
161.371 2.06283 1.86912 0.00677724
161.427 2.0612 1.98496 -0.0503929
161.483 2.05647 2.10062 -0.106123
161.539 2.04877 2.2159 -0.162329
161.595 2.0386 2.32949 -0.195368
161.65 2.02623 2.44069 -0.242384
161.704 2.01181 2.55114 -0.269878
161.759 1.99538 2.66073 -0.313188
161.814 1.97716 2.76936 -0.34041
161.869 1.95765 2.87695 -0.362152
161.923 1.93751 2.98345 -0.370516
161.978 1.91777 3.08886 -0.351375
162.034 1.89909 3.19486 -0.317856
162.09 1.88267 3.30099 -0.269531
162.146 1.86981 3.4063 -0.201398
162.202 1.86086 3.51103 -0.12972
162.258 1.85619 3.61539 -0.0506796
162.315 1.85581 3.71964 0.0205554
162.371 1.85927 3.824 0.0944434
162.427 1.86664 3.92869 0.155073
162.483 1.87729 4.0339 0.213618
162.539 1.89117 4.13982 0.267377
162.596 1.9076 4.24661 0.316607
162.652 1.92679 4.35441 0.359919
162.708 1.94835 4.46337 0.399567
162.764 1.9722 4.57363 0.439482
162.82 1.9985 4.6853 0.479161
162.876 2.02708 4.79853 0.527345
162.933 2.05826 4.91345 0.569679
162.989 2.09218 5.03022 0.623882
163.045 2.12894 5.14898 0.676538
163.101 2.16887 5.26991 0.736394
163.157 2.21237 5.39321 0.801189
163.213 2.25953 5.51907 0.864797
163.27 2.30997 5.6477 0.920039
163.326 2.36345 5.77926 0.972863
163.382 2.41973 5.91393 1.01725
163.438 2.478 6.05183 1.04707
163.494 2.53758 6.19304 1.06765
163.551 2.59777 6.33763 1.07217
163.607 2.65793 6.4856 1.06551
163.663 2.71739 6.63693 1.0525
163.719 2.77587 6.79157 1.0344
163.775 2.83326 6.94946 1.0025
163.831 2.88939 7.11053 0.987589
163.888 2.94395 7.2747 0.962207
163.944 2.99722 7.4419 0.938091
164 3.04929 7.61204 0.918159
164.056 3.10028 7.78507 0.902384
164.112 3.14998 7.96092 0.881328
164.169 3.1989 8.13954 0.867182
164.225 3.24686 8.32087 0.846475
164.281 3.29387 8.50487 0.830362
164.337 3.34022 8.69148 0.818792
164.393 3.38572 8.88067 0.805022
164.449 3.43057 9.0724 0.792017
164.506 3.47477 9.26662 0.786753
164.562 3.51863 9.46331 0.779508
164.618 3.56243 9.66246 0.779294
164.674 3.60628 9.86407 0.783696
164.73 3.65045 10.0682 0.787459
164.787 3.69529 10.2748 0.803067
164.843 3.74096 10.4839 0.819738
164.899 3.78778 10.6956 0.843326
164.955 3.83606 10.91 0.872768
165.011 3.88658 11.1272 0.914568
165.067 3.93919 11.3474 0.953312
165.124 3.99412 11.5705 0.994585
165.18 4.05138 11.7968 1.0309
165.236 4.11122 12.0264 1.08251
165.292 4.17316 12.2595 1.11837
165.348 4.23753 12.4961 1.16456
165.404 4.30439 12.7364 1.2053
165.461 4.37355 12.9805 1.24536
165.517 4.44491 13.2286 1.28464
165.573 4.51815 13.4808 1.32613
165.629 4.5928 13.7371 1.3386
165.685 4.669 13.9977 1.37007
165.742 4.74704 14.2626 1.40333
165.798 4.82716 14.532 1.44267
165.854 4.90958 14.806 1.48143
165.91 4.99416 15.0846 1.52218
165.966 5.08119 15.3681 1.5667
166.022 5.17056 15.6566 1.60745
166.079 5.2625 15.9502 1.6568
166.135 5.35726 16.249 1.70635
166.191 5.45514 16.5532 1.76492
166.247 5.55623 16.8631 1.82505
166.303 5.66092 17.1788 1.89045
166.36 5.76941 17.5004 1.96029
166.416 5.88197 17.8283 2.03335
166.472 5.99868 18.1627 2.10754
166.528 6.11967 18.5038 2.18349
166.584 6.24492 18.8518 2.26179
166.64 6.37446 19.2069 2.33214
166.697 6.50797 19.5695 2.40565
166.753 6.6452 19.9398 2.47017
166.809 6.78651 20.3178 2.54406
166.865 6.93176 20.704 2.61366
166.921 7.08117 21.0984 2.69055
166.978 7.23428 21.5014 2.74724
167.034 7.39105 21.9131 2.82144
167.09 7.55192 22.3337 2.88977
167.146 7.71632 22.7635 2.95079
167.202 7.88349 23.2026 2.99554
167.258 8.05277 23.6512 3.02919
167.315 8.22334 24.1094 3.04519
167.371 8.39506 24.5771 3.06258
167.427 8.5676 25.0546 3.07244
167.483 8.74003 25.5417 3.06485
167.539 8.91194 26.0385 3.05303
167.596 9.08284 26.545 3.03231
167.652 9.25195 27.0609 2.99568
167.708 9.4187 27.5864 2.94805
167.764 9.58217 28.121 2.88096
167.82 9.74107 28.6647 2.79301
167.876 9.89482 29.2172 2.69897
167.933 10.0431 29.7781 2.59658
167.989 10.185 30.3471 2.47709
168.045 10.3196 30.9239 2.33881
168.101 10.4459 31.5079 2.18518
168.157 10.563 32.0988 2.01477
168.213 10.6703 32.6959 1.83636
168.27 10.7673 33.2986 1.65197
168.326 10.8535 33.9065 1.45709
168.382 10.9288 34.5188 1.26028
168.438 10.9929 35.135 1.06153
168.494 11.0458 35.7544 0.862065
168.551 11.0879 36.3765 0.670803
168.607 11.1189 37.0005 0.475593
168.663 11.1393 37.6259 0.288522
168.719 11.1495 38.2521 0.110503
168.775 11.15 38.8785 -0.0556643
168.831 11.1416 39.5046 -0.211335
168.888 11.1253 40.1301 -0.340043
168.944 11.1025 40.7543 -0.448589
169 11.0744 41.3771 -0.533021
169.056 11.0421 41.9982 -0.601479
169.112 11.007 42.6174 -0.633575
169.169 10.9711 43.2346 -0.639669
169.225 10.9357 43.8497 -0.621221
169.281 10.902 44.4629 -0.583966
169.337 10.8712 45.0743 -0.517528
169.393 10.8447 45.6842 -0.441877
169.449 10.823 46.2927 -0.346052
169.506 10.8068 46.9001 -0.250353
169.562 10.7963 47.5069 -0.145969
169.618 10.7919 48.1132 -0.032189
169.674 10.794 48.7196 0.0816247
169.73 10.8024 49.3262 0.191473
169.787 10.8166 49.9335 0.294268
169.843 10.8366 50.5419 0.395848
169.899 10.8621 51.1515 0.490032
169.955 10.8925 51.7627 0.572928
170.011 10.9269 52.3758 0.638274
170.067 10.9646 52.9909 0.69216
170.124 11.0051 53.6083 0.737058
170.18 11.0475 54.228 0.767128
170.236 11.0907 54.8501 0.769769
170.292 11.1341 55.4746 0.76926
170.348 11.1768 56.1016 0.751493
170.404 11.2184 56.7309 0.730354
170.461 11.2583 57.3625 0.693378
170.517 11.2955 57.9962 0.647713
170.573 11.3299 58.632 0.588291
170.629 11.3609 59.2696 0.52739
170.685 11.3884 59.9088 0.465247
170.742 11.4128 60.5494 0.413142
170.798 11.4342 61.1913 0.362196
170.854 11.4531 61.8343 0.31832
170.91 11.4697 62.4783 0.281936
170.966 11.4852 63.1232 0.273342
171.022 11.5 63.7689 0.259993
171.079 11.5145 64.4155 0.261318
171.135 11.5298 65.0629 0.280314
171.191 11.5462 65.7112 0.29719
171.247 11.5642 66.3604 0.334472
171.303 11.584 67.0108 0.364984
171.36 11.6053 67.6623 0.390479
171.416 11.6281 68.315 0.412739
171.472 11.652 68.9691 0.428333
171.528 11.6761 69.6245 0.431113
171.584 11.7002 70.2813 0.425111
171.64 11.7234 70.9394 0.401549
171.697 11.7448 71.5987 0.36835
171.753 11.7643 72.2592 0.336793
171.809 11.7821 72.9207 0.304974
171.865 11.7975 73.5832 0.258965
171.921 11.8108 74.2464 0.217249
171.978 11.8215 74.9103 0.174611
172.034 11.8299 75.5748 0.132769
172.09 11.8355 76.2396 0.0765952
172.146 11.8381 76.9046 0.0240568
172.202 11.8372 77.5696 -0.0421716
172.258 11.8325 78.2345 -0.111172
172.315 11.824 78.899 -0.178409
172.371 11.8113 79.5628 -0.256239
172.427 11.7943 80.2258 -0.334901
172.483 11.7728 80.8877 -0.416672
172.539 11.7466 81.5483 -0.501285
172.596 11.7153 82.2072 -0.591704
172.652 11.6789 82.8641 -0.686861
172.708 11.6369 83.5188 -0.785014
172.764 11.5896 84.171 -0.881057
172.82 11.5367 84.8204 -0.983409
172.876 11.4777 85.4665 -1.09349
172.933 11.4127 86.1092 -1.19898
172.989 11.3419 86.748 -1.30026
173.045 11.2655 87.3826 -1.40072
173.101 11.1836 88.0128 -1.49397
173.157 11.0968 88.6382 -1.57512
173.213 11.0057 89.2585 -1.65039
173.27 10.9108 89.8736 -1.71278
173.326 10.8128 90.4833 -1.76412
173.382 10.7122 91.0874 -1.80373
173.438 10.6099 91.6858 -1.83112
173.494 10.5064 92.2783 -1.8465
173.551 10.4021 92.8651 -1.86255
173.607 10.2976 93.4459 -1.85953
173.663 10.1936 94.0209 -1.84319
173.719 10.0908 94.5901 -1.81612
173.775 9.99011 95.1536 -1.77482
173.831 9.89227 95.7116 -1.71846
173.888 9.79787 96.2641 -1.65065
173.944 9.70784 96.8115 -1.5721
174 9.62233 97.354 -1.48978
174.056 9.54197 97.8918 -1.39112
174.112 9.46743 98.4254 -1.28296
174.169 9.39923 98.9549 -1.16524
174.225 9.33785 99.4809 -1.04447
174.281 9.2835 100.004 -0.915969
174.337 9.23666 100.524 -0.779701
174.393 9.197 101.041 -0.655672
174.449 9.16422 101.557 -0.534072
174.506 9.1383 102.071 -0.417057
174.562 9.11868 102.583 -0.306408
174.618 9.10563 103.095 -0.187448
174.674 9.09829 103.606 -0.0931601
174.73 9.09561 104.117 -0.0124611
174.787 9.09812 104.628 0.0799251
174.843 9.10576 105.14 0.178355
174.899 9.11852 105.652 0.261232
174.955 9.13693 106.165 0.368109
175.011 9.16149 106.679 0.481752
175.067 9.1922 107.194 0.591329
175.124 9.22932 107.712 0.708272
175.18 9.27341 108.232 0.835804
175.236 9.32469 108.755 0.962776
175.292 9.38268 109.28 1.08285
175.348 9.4476 109.81 1.20282
175.404 9.51956 110.343 1.33495
175.461 9.59877 110.88 1.45828
175.517 9.68494 111.422 1.58198
175.573 9.77771 111.97 1.69501
175.629 9.87637 112.522 1.79699
175.685 9.97999 113.081 1.87531
175.742 10.0877 113.645 1.94258
175.798 10.1983 114.215 1.97955
175.854 10.3101 114.792 1.99549
175.91 10.4215 115.375 1.96746
175.966 10.5305 115.964 1.91515
176.022 10.6352 116.559 1.82422
176.079 10.7337 117.16 1.70173
176.135 10.8238 117.766 1.53368
176.191 10.9034 118.377 1.33404
176.247 10.9703 118.992 1.09307
176.303 11.0229 119.61 0.830701
176.36 11.06 120.231 0.547863
176.416 11.0812 120.853 0.262471
176.472 11.0864 121.476 -0.0205719
176.528 11.0757 122.098 -0.301845
176.584 11.0492 122.72 -0.582436
176.64 11.0076 123.339 -0.84552
176.697 10.9512 123.956 -1.11094
176.753 10.8799 124.568 -1.37006
176.809 10.7949 125.177 -1.6099
176.865 10.6966 125.78 -1.84336
176.921 10.5854 126.377 -2.07084
176.978 10.4616 126.968 -2.29109
177.034 10.3254 127.551 -2.51189
177.09 10.1773 128.126 -2.71853
177.146 10.0177 128.693 -2.92122
177.202 9.84714 129.25 -3.10856
177.258 9.66618 129.797 -3.29571
177.315 9.47476 130.334 -3.48114
177.371 9.27354 130.859 -3.64676
177.427 9.06315 131.373 -3.8078
177.483 8.84384 131.875 -3.96685
177.539 8.61598 132.364 -4.11408
177.596 8.38053 132.84 -4.23664
177.652 8.13838 133.303 -4.35758
177.708 7.89061 133.752 -4.43627
177.764 7.63959 134.187 -4.4824
177.82 7.38668 134.607 -4.51206
177.876 7.13348 135.014 -4.49092
177.933 6.88287 135.406 -4.43298
177.989 6.63647 135.784 -4.34846
178.045 6.39679 136.149 -4.20986
178.101 6.16584 136.501 -4.04166
178.157 5.94536 136.84 -3.84163
178.213 5.7371 137.166 -3.60975
178.27 5.5426 137.482 -3.36712
178.326 5.36272 137.787 -3.08721
178.382 5.19877 138.083 -2.80306
178.438 5.05068 138.37 -2.52397
178.494 4.91864 138.649 -2.23482
178.551 4.803 138.922 -1.93921
178.607 4.70348 139.188 -1.66057
178.663 4.61955 139.449 -1.3837
178.719 4.55133 139.707 -1.10135
178.775 4.4984 139.96 -0.836392
178.831 4.4602 140.212 -0.574824
178.888 4.43644 140.461 -0.32357
178.944 4.42652 140.71 -0.0796043
179 4.42993 140.959 0.151268
179.056 4.44577 141.208 0.371978
179.112 4.4739 141.459 0.584793
179.169 4.51346 141.712 0.781748
179.225 4.56395 141.967 0.973989
179.281 4.62451 142.225 1.14573
179.337 4.69406 142.487 1.29987
179.393 4.77236 142.754 1.45867
179.449 4.85902 143.025 1.59949
179.506 4.95376 143.301 1.74234
179.562 5.05664 143.583 1.89063
179.618 5.1676 143.87 2.03236
179.674 5.28641 144.165 2.1727
179.73 5.41363 144.466 2.32342
179.787 5.54904 144.775 2.4675
179.843 5.69252 145.091 2.61157
179.899 5.8438 145.416 2.74429
179.955 6.00277 145.75 2.87701
180.011 6.16842 146.092 2.99732
180.067 6.34092 146.445 3.11341
180.124 6.51891 146.807 3.20097
180.18 6.70123 147.179 3.2721
180.236 6.88635 147.562 3.30718
180.292 7.07291 147.955 3.32632
180.348 7.25946 148.359 3.30904
180.404 7.44461 148.773 3.27802
180.461 7.62623 149.197 3.1994
180.517 7.80287 149.632 3.10703
180.573 7.97387 150.076 3.00053
180.629 8.13825 150.529 2.87211
180.685 8.29516 150.992 2.73822
180.742 8.44406 151.463 2.58698
180.798 8.58404 151.942 2.42797
180.854 8.71477 152.429 2.25621
180.91 8.83556 152.923 2.082
180.966 8.94687 153.423 1.91135
181.022 9.04895 153.929 1.7518
181.079 9.14178 154.44 1.58513
181.135 9.22508 154.957 1.41754
181.191 9.29951 155.478 1.26613
181.247 9.36567 156.002 1.11707
181.303 9.42363 156.53 0.97847
181.36 9.47409 157.062 0.842412
181.416 9.517 157.595 0.708836
181.472 9.55233 158.131 0.573975
181.528 9.57973 158.669 0.429188
181.584 9.59903 159.208 0.286928
181.64 9.61027 159.747 0.140992
181.697 9.61322 160.287 -0.00902063
181.753 9.60755 160.827 -0.160524
181.809 9.59354 161.367 -0.306957
181.865 9.57146 161.905 -0.45214
181.921 9.54134 162.442 -0.59327
181.978 9.50343 162.976 -0.733338
182.034 9.45809 163.509 -0.855302
182.09 9.40574 164.038 -0.983311
182.146 9.34658 164.565 -1.09641
182.202 9.28118 165.088 -1.20719
182.258 9.21007 165.607 -1.30397
182.315 9.1336 166.122 -1.39697
182.371 9.05233 166.632 -1.47865
182.427 8.96686 167.138 -1.54913
182.483 8.87751 167.639 -1.61765
182.539 8.78486 168.134 -1.67036
182.596 8.68944 168.625 -1.71611
182.652 8.59164 169.109 -1.75644
182.708 8.49188 169.589 -1.78615
182.764 8.39082 170.062 -1.80992
182.82 8.28898 170.53 -1.81196
182.876 8.18758 170.993 -1.80198
182.933 8.08647 171.449 -1.79467
182.989 7.98621 171.9 -1.77503
183.045 7.88706 172.345 -1.75626
183.101 7.78968 172.785 -1.72071
183.157 7.69479 173.22 -1.672
183.213 7.60338 173.649 -1.59434
183.27 7.51597 174.073 -1.53096
183.326 7.43237 174.492 -1.46151
183.382 7.3526 174.907 -1.3923
183.438 7.27696 175.318 -1.31716
183.494 7.20566 175.724 -1.23482
183.551 7.13898 176.127 -1.15234
183.607 7.07702 176.526 -1.0708
183.663 7.01957 176.921 -0.990913
183.719 6.96663 177.314 -0.909394
183.775 6.91808 177.704 -0.835866
183.831 6.87347 178.091 -0.763923
183.888 6.83298 178.476 -0.695646
183.944 6.79615 178.858 -0.63036
184 6.76295 179.239 -0.563511
184.056 6.73352 179.618 -0.500535
184.112 6.70763 179.995 -0.435298
184.169 6.68501 180.371 -0.382714
184.225 6.66551 180.746 -0.32287
184.281 6.64923 181.12 -0.26957
184.337 6.63566 181.493 -0.220513
184.393 6.62465 181.865 -0.180513
184.449 6.61599 182.237 -0.140208
184.506 6.60971 182.609 -0.0939075
184.562 6.60576 182.98 -0.0531252
184.618 6.60401 183.351 -0.013937
184.674 6.60462 183.722 0.0272643
184.73 6.60764 184.093 0.0725241
184.787 6.6131 184.465 0.118407
184.843 6.62173 184.836 0.176808
184.899 6.63333 185.209 0.229651
184.955 6.64831 185.582 0.295416
185.011 6.66683 185.956 0.352445
185.067 6.68873 186.331 0.411525
185.124 6.71434 186.708 0.483658
185.18 6.74405 187.086 0.56024
185.236 6.77777 187.466 0.625141
185.292 6.81521 187.848 0.692862
185.348 6.85612 188.232 0.751858
185.404 6.90001 188.619 0.799694
185.461 6.9467 189.008 0.850246
185.517 6.99561 189.4 0.881882
185.573 7.04595 189.795 0.901918
185.629 7.09636 190.192 0.892354
185.685 7.14565 190.593 0.865144
185.742 7.19292 190.996 0.820996
185.798 7.23716 191.401 0.759598
185.854 7.2772 191.809 0.68198
185.91 7.31242 192.219 0.583937
185.966 7.34153 192.631 0.468072
186.022 7.36307 193.044 0.328823
186.079 7.37704 193.459 0.19255
186.135 7.38327 193.873 0.0564491
186.191 7.38142 194.288 -0.0892417
186.247 7.37191 194.702 -0.226098
186.303 7.35484 195.116 -0.355851
186.36 7.33019 195.528 -0.491063
186.416 7.2986 195.939 -0.610574
186.472 7.26071 196.348 -0.712956
186.528 7.21707 196.754 -0.817731
186.584 7.16805 197.158 -0.910021
186.64 7.11394 197.559 -1.00426
186.697 7.05518 197.957 -1.07676
186.753 6.99189 198.351 -1.1608
186.809 6.92405 198.742 -1.23903
186.865 6.85162 199.128 -1.31812
186.921 6.77499 199.511 -1.39529
186.978 6.69411 199.888 -1.47181
187.034 6.60857 200.262 -1.55098
187.09 6.51879 200.63 -1.6297
187.146 6.42445 200.993 -1.71069
187.202 6.32598 201.351 -1.77759
187.258 6.2235 201.703 -1.85388
187.315 6.11734 202.049 -1.91165
187.371 6.00834 202.389 -1.95633
187.427 5.89762 202.722 -1.97846
187.483 5.78606 203.05 -1.99052
187.539 5.67416 203.371 -1.98934
187.596 5.56274 203.686 -1.97338
187.652 5.45354 203.995 -1.92267
187.708 5.3477 204.298 -1.8576
187.764 5.24578 204.595 -1.78306
187.82 5.14892 204.886 -1.6816
187.876 5.05826 205.173 -1.56667
187.933 4.97457 205.454 -1.43421
187.989 4.8988 205.731 -1.2899
188.045 4.83113 206.004 -1.14504
188.101 4.77212 206.273 -0.991658
188.157 4.72126 206.539 -0.844455
188.213 4.67926 206.803 -0.686017
188.27 4.64606 207.065 -0.529174
188.326 4.62144 207.325 -0.375296
188.382 4.60573 207.584 -0.215905
188.438 4.59865 207.843 -0.066732
188.494 4.59984 208.101 0.0791973
188.551 4.60906 208.36 0.220214
188.607 4.62601 208.619 0.355709
188.663 4.65072 208.88 0.49461
188.719 4.68287 209.142 0.623748
188.775 4.7222 209.406 0.750456
188.831 4.76855 209.673 0.872977
188.888 4.82161 209.943 0.994344
188.944 4.88147 210.216 1.11189
189 4.94791 210.492 1.23015
189.056 5.02128 210.773 1.35714
189.112 5.10167 211.057 1.4792
189.169 5.18839 211.347 1.58495
189.225 5.28086 211.642 1.68764
189.281 5.37924 211.941 1.79283
189.337 5.48337 212.247 1.8927
189.393 5.59287 212.559 1.98965
189.449 5.70771 212.877 2.07812
189.506 5.82732 213.202 2.16182
189.562 5.95155 213.533 2.2429
189.618 6.07994 213.872 2.30945
189.674 6.21174 214.218 2.36957
189.73 6.34697 214.571 2.42884
189.787 6.48545 214.933 2.48881
189.843 6.62701 215.302 2.5417
189.899 6.77156 215.679 2.59242
189.955 6.91876 216.064 2.6393
190.011 7.0684 216.458 2.67825
190.067 7.22038 216.86 2.72132
190.124 7.37477 217.271 2.76878
190.18 7.53169 217.691 2.80871
190.236 7.69119 218.119 2.85965
190.292 7.85349 218.557 2.90473
190.348 8.01846 219.003 2.95782
190.404 8.18594 219.459 2.99806
190.461 8.35608 219.925 3.04785
190.517 8.52855 220.4 3.08967
190.573 8.70328 220.885 3.12366
190.629 8.87991 221.38 3.15691
190.685 9.05777 221.885 3.1739
190.742 9.23628 222.4 3.17746
190.798 9.41457 222.925 3.17013
190.854 9.59261 223.46 3.16721
190.91 9.77018 224.005 3.15324
190.966 9.94611 224.56 3.1185
191.022 10.12 225.124 3.07838
191.079 10.2913 225.698 3.02682
191.135 10.4593 226.282 2.96377
191.191 10.6239 226.876 2.89982
191.247 10.7841 227.478 2.82113
191.303 10.9397 228.089 2.73677
191.36 11.0906 228.709 2.65296
191.416 11.2367 229.337 2.56341
191.472 11.3773 229.973 2.45944
191.528 11.5123 230.616 2.36354
191.584 11.6418 231.268 2.26717
191.64 11.7657 231.926 2.16929
191.697 11.8845 232.591 2.07741
191.753 11.998 233.262 1.97853
191.809 12.1056 233.94 1.87067
191.865 12.2067 234.624 1.75248
191.921 12.3012 235.313 1.63339
191.978 12.3896 236.007 1.53037
192.034 12.4715 236.705 1.40798
192.09 12.5463 237.409 1.27694
192.146 12.6133 238.116 1.12988
192.202 12.6716 238.826 0.97445
192.258 12.7206 239.54 0.803495
192.315 12.7602 240.256 0.633744
192.371 12.7898 240.974 0.452958
192.427 12.8086 241.693 0.256309
192.483 12.8162 242.413 0.0538752
192.539 12.812 243.133 -0.162227
192.596 12.7952 243.852 -0.384792
192.652 12.7658 244.57 -0.621935
192.708 12.7238 245.286 -0.839119
192.764 12.6686 245.999 -1.06892
192.82 12.6012 246.708 -1.28284
192.876 12.5224 247.414 -1.48999
192.933 12.4344 248.114 -1.62468
192.989 12.3388 248.81 -1.7432
193.045 12.238 249.5 -1.81734
193.101 12.1345 250.184 -1.85205
193.157 12.0312 250.862 -1.82945
193.213 11.9301 251.534 -1.76533
193.27 11.834 252.201 -1.67131
193.326 11.744 252.863 -1.55291
193.382 11.6618 253.52 -1.39836
193.438 11.5888 254.173 -1.23256
193.494 11.5258 254.822 -1.04563
193.551 11.4732 255.467 -0.860514
193.607 11.4308 256.11 -0.684906
193.663 11.3983 256.751 -0.511985
193.719 11.3748 257.391 -0.359925
193.775 11.3593 258.029 -0.22577
193.831 11.3504 258.667 -0.114697
193.888 11.3472 259.305 -0.0162777
193.944 11.3488 259.942 0.0536238
194 11.3535 260.58 0.100358
194.056 11.36 261.218 0.128015
194.112 11.3675 261.856 0.140861
194.169 11.3756 262.495 0.141864
194.225 11.3832 263.135 0.130483
194.281 11.3899 263.774 0.10859
194.337 11.3951 264.415 0.0791624
194.393 11.3985 265.055 0.0430639
194.449 11.3994 265.695 -0.0124585
194.506 11.3962 266.336 -0.086058
194.562 11.3883 266.976 -0.177394
194.618 11.3749 267.615 -0.27855
194.674 11.3554 268.253 -0.394739
194.73 11.3291 268.89 -0.519807
194.787 11.2957 269.526 -0.643896
194.843 11.2551 270.159 -0.778424
194.899 11.2064 270.79 -0.925705
194.955 11.1492 271.417 -1.08074
195.011 11.0834 272.042 -1.2318
195.067 11.0092 272.662 -1.38063
195.124 10.9267 273.278 -1.52784
195.18 10.8358 273.888 -1.67705
195.236 10.737 274.494 -1.81035
195.292 10.6309 275.093 -1.94035
195.348 10.5178 275.687 -2.05656
195.404 10.399 276.274 -2.1513
195.461 10.275 276.854 -2.24827
195.517 10.1462 277.427 -2.31954
195.573 10.0138 277.992 -2.38061
195.629 9.87874 278.55 -2.41983
195.685 9.74148 279.101 -2.45608
195.742 9.60313 279.643 -2.46721
195.798 9.46406 280.178 -2.48093
195.854 9.32505 280.705 -2.46876
195.91 9.18658 281.224 -2.45705
195.966 9.04922 281.736 -2.43244
196.022 8.91405 282.24 -2.39188
196.079 8.78153 282.736 -2.3326
196.135 8.6524 283.225 -2.27865
196.191 8.52637 283.707 -2.21761
196.247 8.40407 284.182 -2.15186
196.303 8.28532 284.65 -2.08652
196.36 8.17059 285.111 -2.01526
196.416 8.05971 285.567 -1.94754
196.472 7.95293 286.016 -1.87288
196.528 7.85024 286.459 -1.79837
196.584 7.75136 286.897 -1.73178
196.64 7.65642 287.329 -1.66317
196.697 7.56495 287.756 -1.60845
196.753 7.47669 288.178 -1.55201
196.809 7.39075 288.595 -1.51603
196.865 7.30685 289.008 -1.48077
196.921 7.22418 289.415 -1.46025
196.978 7.14286 289.818 -1.44042
197.034 7.06213 290.217 -1.42668
197.09 6.98283 290.611 -1.40218
197.146 6.90506 291.001 -1.37012
197.202 6.8293 291.386 -1.33538
197.258 6.75567 291.767 -1.29229
197.315 6.68426 292.144 -1.25637
197.371 6.6152 292.518 -1.21217
197.427 6.54913 292.887 -1.14982
197.483 6.48641 293.253 -1.09497
197.539 6.42709 293.615 -1.03148
197.596 6.37117 293.974 -0.970043
197.652 6.31869 294.33 -0.912441
197.708 6.26986 294.684 -0.839942
197.764 6.22499 295.035 -0.773548
197.82 6.18387 295.383 -0.705551
197.876 6.14718 295.729 -0.621827
197.933 6.11464 296.073 -0.551141
197.989 6.086 296.416 -0.480445
198.045 6.06122 296.757 -0.415929
198.101 6.04001 297.097 -0.351414
198.157 6.02204 297.435 -0.29438
198.213 6.00726 297.773 -0.244552
198.27 5.99523 298.11 -0.191632
198.326 5.98602 298.447 -0.14762
198.382 5.97921 298.783 -0.102866
198.438 5.97486 299.118 -0.0618492
198.494 5.97271 299.454 -0.0213769
198.551 5.97261 299.79 0.0108233
198.607 5.97476 300.125 0.0553919
198.663 5.97925 300.461 0.0982114
198.719 5.98614 300.797 0.134863
198.775 5.99509 301.134 0.176776
198.831 6.00672 301.471 0.227556
198.888 6.02126 301.809 0.280991
198.944 6.03895 302.148 0.337482
199 6.05951 302.488 0.388282
199.056 6.08338 302.829 0.448725
199.112 6.11057 303.172 0.507847
199.169 6.14123 303.516 0.571426
199.225 6.17555 303.862 0.638524
199.281 6.21369 304.21 0.707166
199.337 6.25561 304.561 0.771156
199.393 6.30128 304.914 0.84099
199.449 6.35068 305.269 0.906641
199.506 6.40352 305.628 0.963259
199.562 6.45969 305.989 1.02107
199.618 6.51904 306.354 1.07957
199.674 6.58139 306.723 1.12972
199.73 6.64614 307.095 1.16877
199.787 6.71305 307.47 1.20856
199.843 6.78201 307.85 1.2398
199.899 6.85213 308.233 1.25112
199.955 6.92279 308.62 1.25804
200.011 6.99339 309.012 1.25681
200.067 7.06339 309.407 1.23567
200.124 7.13176 309.806 1.20233
200.18 7.19785 310.209 1.15818
200.236 7.26114 310.615 1.10074
200.292 7.32135 311.025 1.05122
200.348 7.37811 311.439 0.976943
200.404 7.43042 311.855 0.898271
200.461 7.47784 312.274 0.811958
200.517 7.52032 312.696 0.719268
200.573 7.55818 313.119 0.645569
200.629 7.59234 313.545 0.586008
200.685 7.62365 313.973 0.535725
200.742 7.6524 314.402 0.497492
200.798 7.67925 314.833 0.474846
200.854 7.70607 315.265 0.48012
200.91 7.73366 315.699 0.503305
200.966 7.76332 316.134 0.540203
201.022 7.79426 316.572 0.560581
201.079 7.82684 317.011 0.589394
201.135 7.86115 317.451 0.626373
201.191 7.89678 317.894 0.638225
201.247 7.93307 318.339 0.646741
201.303 7.96914 318.786 0.636971
201.36 8.00415 319.235 0.612912
201.416 8.03744 319.686 0.577867
201.472 8.0683 320.138 0.527852
201.528 8.09563 320.593 0.459657
201.584 8.11925 321.048 0.390621
201.64 8.13853 321.505 0.311195
201.697 8.15253 321.963 0.206612
201.753 8.16042 322.421 0.0986874
201.809 8.16197 322.88 -0.0238176
201.865 8.15596 323.338 -0.161228
201.921 8.14205 323.796 -0.305651
201.978 8.12004 324.252 -0.44913
202.034 8.0898 324.708 -0.598476
202.09 8.05208 325.161 -0.719919
202.146 8.0076 325.612 -0.838705
202.202 7.95716 326.06 -0.942669
202.258 7.9018 326.505 -1.01602
202.315 7.84211 326.947 -1.09278
202.371 7.7788 327.386 -1.15106
202.427 7.71333 327.82 -1.17
202.483 7.64752 328.251 -1.16923
202.539 7.58172 328.679 -1.16722
202.596 7.51706 329.103 -1.13498
202.652 7.45484 329.523 -1.0871
202.708 7.39565 329.94 -1.02878
202.764 7.34081 330.353 -0.94456
202.82 7.29049 330.764 -0.863456
202.876 7.24504 331.172 -0.772766
202.933 7.20481 331.578 -0.67974
202.989 7.16972 331.981 -0.587594
203.045 7.13962 332.383 -0.500435
203.101 7.11425 332.783 -0.42015
203.157 7.0933 333.182 -0.343711
203.213 7.07655 333.58 -0.266795
203.27 7.06401 333.977 -0.197953
203.326 7.0547 334.374 -0.143253
203.382 7.0482 334.77 -0.0965587
203.438 7.04384 335.166 -0.0619583
203.494 7.04143 335.561 -0.0312202
203.551 7.04042 335.957 -0.00976381
203.607 7.04041 336.352 0.00468428
203.663 7.04095 336.748 0.00948278
203.719 7.04185 337.143 0.0216959
203.775 7.04324 337.539 0.0303583
203.831 7.04545 337.935 0.0418883
203.888 7.04784 338.331 0.0437608
203.944 7.05069 338.727 0.0565626
204 7.05423 339.123 0.0653817
204.056 7.05827 339.519 0.0756967
204.112 7.06291 339.916 0.0906123
204.169 7.06895 340.313 0.119051
204.225 7.0763 340.71 0.13896
204.281 7.08515 341.108 0.17148
204.337 7.096 341.507 0.205873
204.393 7.1085 341.906 0.233384
204.449 7.12283 342.306 0.265615
204.506 7.13856 342.706 0.292042
204.562 7.15595 343.108 0.32014
204.618 7.17503 343.511 0.357599
204.674 7.19614 343.914 0.390856
204.73 7.21898 344.319 0.415759
204.787 7.24347 344.726 0.448464
204.843 7.2697 345.134 0.4741
204.899 7.29761 345.543 0.511901
204.955 7.32776 345.954 0.550058
205.011 7.35974 346.367 0.589452
205.067 7.39484 346.781 0.649197
205.124 7.43299 347.198 0.695505
205.18 7.47412 347.617 0.759727
205.236 7.51919 348.038 0.832957
205.292 7.56946 348.462 0.926216
205.348 7.62502 348.89 1.02778
205.404 7.68656 349.32 1.14193
205.461 7.75457 349.754 1.25763
205.517 7.82922 350.192 1.37576
205.573 7.91122 350.635 1.51989
205.629 8.00196 351.082 1.68037
205.685 8.10175 351.535 1.83754
205.742 8.21021 351.994 1.99516
205.798 8.32766 352.459 2.15317
205.854 8.45447 352.931 2.32774
205.91 8.59154 353.411 2.51354
205.966 8.73885 353.898 2.69549
206.022 8.89587 354.394 2.85639
206.079 9.0614 354.9 3.00405
206.135 9.23484 355.415 3.14299
206.191 9.41577 355.939 3.27151
206.247 9.60382 356.475 3.39962
206.303 9.79922 357.021 3.52531
206.36 10.0008 357.578 3.62421
206.416 10.2067 358.147 3.69193
206.472 10.416 358.727 3.74793
206.528 10.6281 359.32 3.78926
206.584 10.8416 359.924 3.80545
206.64 11.0559 360.54 3.82183
206.697 11.2704 361.169 3.81397
206.753 11.4838 361.809 3.78356
206.809 11.6957 362.461 3.75736
206.865 11.9053 363.125 3.71016
206.921 12.1117 363.801 3.64859
206.978 12.3145 364.489 3.58094
207.034 12.5126 365.187 3.49089
207.09 12.7057 365.897 3.39774
207.146 12.8935 366.617 3.30367
207.202 13.0757 367.347 3.2014
207.258 13.2518 368.088 3.08659
207.315 13.4209 368.838 2.95532
207.371 13.5823 369.597 2.81586
207.427 13.7353 370.366 2.66203
207.483 13.8793 371.142 2.49629
207.539 14.0133 371.927 2.31115
207.596 14.1363 372.718 2.11141
207.652 14.2474 373.516 1.88642
207.708 14.3453 374.32 1.64703
207.764 14.4295 375.129 1.39972
207.82 14.4991 375.942 1.12875
207.876 14.5529 376.758 0.843547
207.933 14.5903 377.577 0.546249
207.989 14.6108 378.397 0.239833
208.045 14.614 379.218 -0.0651253
208.101 14.6001 380.039 -0.368827
208.157 14.5692 380.858 -0.673157
208.213 14.5215 381.675 -0.969473
208.27 14.4579 382.489 -1.23694
208.326 14.3798 383.299 -1.48616
208.382 14.2888 384.104 -1.70243
208.438 14.1871 384.903 -1.87758
208.494 14.0769 385.696 -2.01132
208.551 13.9601 386.483 -2.11611
208.607 13.8393 387.263 -2.16504
208.663 13.7178 388.037 -2.15812
208.719 13.5974 388.803 -2.12311
208.775 13.4804 389.563 -2.05255
208.831 13.3681 390.317 -1.9627
208.888 13.2615 391.064 -1.84705
208.944 13.1615 391.806 -1.73766
209 13.0676 392.542 -1.61962
209.056 12.981 393.273 -1.4932
209.112 12.9008 394 -1.38893
209.169 12.8262 394.722 -1.28652
209.225 12.7567 395.44 -1.208
209.281 12.6909 396.155 -1.1482
209.337 12.6282 396.866 -1.09816
209.393 12.5675 397.573 -1.06876
209.449 12.508 398.277 -1.05475
209.506 12.4492 398.978 -1.03956
209.562 12.3908 399.675 -1.04112
209.618 12.3324 400.369 -1.03972
209.674 12.2732 401.06 -1.06421
209.73 12.2123 401.748 -1.09678
209.787 12.1492 402.431 -1.13907
209.843 12.0837 403.112 -1.18512
209.899 12.0158 403.788 -1.22156
209.955 11.9463 404.461 -1.24728
210.011 11.8756 405.13 -1.26681
210.067 11.8044 405.795 -1.26587
210.124 11.7339 406.455 -1.24535
210.18 11.6649 407.112 -1.21571
210.236 11.5979 407.765 -1.17523
210.292 11.5335 408.415 -1.12972
210.348 11.4716 409.061 -1.08062
210.404 11.4129 409.703 -1.02136
210.461 11.3572 410.342 -0.968382
210.517 11.3046 410.979 -0.914242
210.573 11.255 411.612 -0.859951
210.629 11.2081 412.243 -0.816451
210.685 11.1633 412.871 -0.78136
210.742 11.1208 413.497 -0.744038
210.798 11.0795 414.12 -0.730276
210.854 11.0384 414.741 -0.737248
210.91 10.997 415.36 -0.744138
210.966 10.9541 415.976 -0.771045
211.022 10.9094 416.59 -0.811465
211.079 10.8619 417.201 -0.867226
211.135 10.8111 417.81 -0.927767
211.191 10.7565 418.415 -1.00784
211.247 10.6974 419.018 -1.07839
211.303 10.6339 419.617 -1.16559
211.36 10.5657 420.212 -1.24492
211.416 10.4933 420.803 -1.31533
211.472 10.4176 421.39 -1.37446
211.528 10.339 421.972 -1.41462
211.584 10.2589 422.551 -1.42824
211.64 10.1779 423.124 -1.44617
211.697 10.097 423.693 -1.43736
211.753 10.0173 424.258 -1.40311
211.809 9.93953 424.818 -1.36718
211.865 9.8647 425.374 -1.30656
211.921 9.79388 425.926 -1.22499
211.978 9.72759 426.474 -1.14906
212.034 9.66595 427.018 -1.06318
212.09 9.60931 427.559 -0.972201
212.146 9.55769 428.097 -0.882483
212.202 9.51066 428.633 -0.807239
212.258 9.46804 429.165 -0.729387
212.315 9.42914 429.696 -0.665777
212.371 9.39362 430.224 -0.611982
212.427 9.36117 430.751 -0.551654
212.483 9.33171 431.276 -0.506759
212.539 9.30418 431.799 -0.473196
212.596 9.27853 432.321 -0.4456
212.652 9.25395 432.842 -0.432063
212.708 9.23039 433.361 -0.414475
212.764 9.20768 433.878 -0.397846
212.82 9.18527 434.395 -0.398972
212.876 9.16341 434.91 -0.38193
212.933 9.14266 435.424 -0.359575
212.989 9.12315 435.937 -0.338492
213.045 9.10469 436.449 -0.323699
213.101 9.08678 436.96 -0.312448
213.157 9.06998 437.47 -0.286898
213.213 9.05508 437.979 -0.251662
213.27 9.04198 438.487 -0.22151
213.326 9.03081 438.995 -0.185934
213.382 9.02211 439.502 -0.141563
213.438 9.0154 440.009 -0.101332
213.494 9.01125 440.515 -0.0521192
213.551 9.00988 441.021 -0.00654131
213.607 9.01045 441.527 0.0233278
213.663 9.01245 442.034 0.0493975
213.719 9.01709 442.54 0.10495
213.775 9.02484 443.047 0.161018
213.831 9.03574 443.554 0.215031
213.888 9.04957 444.062 0.265831
213.944 9.06647 444.571 0.326125
214 9.08764 445.081 0.409476
214.056 9.11365 445.593 0.4986
214.112 9.14476 446.106 0.59452
214.169 9.18136 446.621 0.68948
214.225 9.22314 447.138 0.78208
214.281 9.27086 447.658 0.887638
214.337 9.32475 448.18 1.00342
214.393 9.38485 448.706 1.11465
214.449 9.45145 449.236 1.22997
214.506 9.52418 449.769 1.33571
214.562 9.60273 450.307 1.43669
214.618 9.687 450.849 1.54168
214.674 9.7767 451.396 1.63388
214.73 9.87095 451.949 1.70658
214.787 9.96875 452.506 1.76017
214.843 10.0692 453.07 1.80471
214.899 10.1718 453.639 1.83998
214.955 10.276 454.214 1.86212
215.011 10.3811 454.795 1.87614
215.067 10.4867 455.382 1.87958
215.124 10.5923 455.974 1.87608
215.18 10.697 456.573 1.85778
215.236 10.8008 457.177 1.83987
215.292 10.9036 457.788 1.81922
215.348 11.0049 458.404 1.79407
215.404 11.1045 459.025 1.75425
215.461 11.2015 459.652 1.70463
215.517 11.2954 460.285 1.65136
215.573 11.3864 460.922 1.59623
215.629 11.4744 461.565 1.5475
215.685 11.5589 462.213 1.47316
215.742 11.639 462.865 1.39648
215.798 11.715 463.521 1.32464
215.854 11.7869 464.182 1.25258
215.91 11.855 464.846 1.18497
215.966 11.9191 465.514 1.11562
216.022 11.9793 466.186 1.03606
216.079 12.036 466.861 0.982938
216.135 12.0893 467.539 0.927716
216.191 12.1397 468.22 0.876502
216.247 12.1875 468.904 0.832598
216.303 12.2328 469.59 0.784863
216.36 12.2752 470.278 0.734287
216.416 12.3147 470.969 0.683437
216.472 12.3517 471.662 0.643929
216.528 12.3869 472.358 0.617344
216.584 12.4209 473.055 0.595848
216.64 12.454 473.754 0.587016
216.697 12.4872 474.454 0.59611
216.753 12.5217 475.157 0.624991
216.809 12.5579 475.862 0.66073
216.865 12.597 476.568 0.720149
216.921 12.6396 477.278 0.784826
216.978 12.6861 477.989 0.858844
217.034 12.7369 478.704 0.933582
217.09 12.792 479.421 1.01221
217.146 12.8515 480.142 1.0908
217.202 12.9151 480.866 1.1586
217.258 12.9818 481.594 1.20437
217.315 13.0506 482.325 1.2366
217.371 13.1204 483.061 1.24661
217.427 13.1903 483.8 1.23956
217.483 13.2596 484.544 1.22703
217.539 13.3276 485.291 1.19908
217.596 13.3937 486.042 1.16271
217.652 13.4576 486.796 1.11819
217.708 13.5188 487.555 1.0716
217.764 13.5776 488.316 1.0277
217.82 13.634 489.081 0.990277
217.876 13.6888 489.849 0.967534
217.933 13.7427 490.619 0.958802
217.989 13.7968 491.393 0.965393
218.045 13.8515 492.17 0.975768
218.101 13.9068 492.95 0.993999
218.157 13.9635 493.733 1.01943
218.213 14.0217 494.52 1.04869
218.27 14.0815 495.31 1.06822
218.326 14.142 496.103 1.08556
218.382 14.2031 496.899 1.08743
218.438 14.2633 497.699 1.05679
218.494 14.3211 498.502 1.00565
218.551 14.375 499.309 0.921751
218.607 14.4226 500.118 0.792499
218.663 14.4626 500.93 0.651537
218.719 14.4937 501.743 0.487663
218.775 14.5145 502.558 0.286491
218.831 14.5236 503.374 0.0763785
218.888 14.52 504.19 -0.159249
218.944 14.5026 505.005 -0.411729
219 14.4703 505.819 -0.682303
219.056 14.4229 506.63 -0.952301
219.112 14.3611 507.439 -1.20262
219.169 14.2851 508.243 -1.44925
219.225 14.1958 509.043 -1.68036
219.281 14.0948 509.837 -1.87436
219.337 13.9835 510.625 -2.04707
219.393 13.8634 511.406 -2.19363
219.449 13.736 512.181 -2.31296
219.506 13.6031 512.948 -2.39868
219.562 13.4659 513.708 -2.46436
219.618 13.3255 514.46 -2.52135
219.674 13.1829 515.203 -2.54602
219.73 13.0396 515.939 -2.54868
219.787 12.8966 516.667 -2.54307
219.843 12.7542 517.387 -2.52644
219.899 12.6126 518.098 -2.51506
219.955 12.472 518.802 -2.49903
220.011 12.332 519.498 -2.48121
220.067 12.1932 520.186 -2.46629
220.124 12.0552 520.867 -2.44968
220.18 11.9182 521.539 -2.43139
220.236 11.7823 522.204 -2.41289
220.292 11.6479 522.862 -2.38111
220.348 11.5148 523.512 -2.36545
220.404 11.3829 524.154 -2.33438
220.461 11.2524 524.789 -2.30946
220.517 11.1239 525.417 -2.27418
220.573 10.9974 526.038 -2.23834
220.629 10.8732 526.651 -2.18876
220.685 10.752 527.258 -2.13488
220.742 10.6342 527.858 -2.06518
220.798 10.5213 528.452 -1.97236
220.854 10.414 529.039 -1.86531
220.91 10.3133 529.621 -1.74001
220.966 10.2206 530.197 -1.58784
221.022 10.1374 530.768 -1.40539
221.079 10.0647 531.335 -1.22086
221.135 10.0034 531.899 -0.998579
221.191 9.95502 532.459 -0.77183
221.247 9.91912 533.017 -0.548661
221.303 9.89631 533.573 -0.310197
221.36 9.88669 534.129 -0.0818861
221.416 9.88953 534.684 0.13909
221.472 9.90423 535.24 0.341788
221.528 9.92982 535.798 0.532301
221.584 9.96551 536.357 0.700078
221.64 10.0102 536.918 0.85793
221.697 10.0631 537.482 0.990723
221.753 10.1222 538.049 1.09346
221.809 10.1869 538.62 1.18894
221.865 10.2564 539.195 1.26633
221.921 10.3294 539.774 1.31997
221.978 10.4049 540.356 1.3616
222.034 10.4828 540.944 1.40271
222.09 10.5625 541.535 1.43103
222.146 10.644 542.131 1.46046
222.202 10.727 542.732 1.48755
222.258 10.8111 543.338 1.50504
222.315 10.8961 543.948 1.51636
222.371 10.9816 544.563 1.52756
222.427 11.0672 545.183 1.51997
222.483 11.1524 545.807 1.51267
222.539 11.2365 546.437 1.48377
222.596 11.3187 547.071 1.45143
222.652 11.3986 547.709 1.40192
222.708 11.4753 548.352 1.33632
222.764 11.5473 548.999 1.24275
222.82 11.6137 549.65 1.13729
222.876 11.6735 550.305 1.01047
222.933 11.7257 550.962 0.869381
222.989 11.769 551.623 0.699498
223.045 11.8019 552.285 0.515965
223.101 11.8244 552.949 0.321382
223.157 11.8351 553.614 0.0998957
223.213 11.8329 554.278 -0.131244
223.27 11.8174 554.943 -0.369055
223.326 11.7883 555.606 -0.624776
223.382 11.7451 556.267 -0.868902
223.438 11.6876 556.925 -1.12615
223.494 11.6159 557.579 -1.37287
223.551 11.5309 558.229 -1.60354
223.607 11.4336 558.873 -1.81229
223.663 11.3252 559.512 -2.00417
223.719 11.2069 560.144 -2.16663
223.775 11.0809 560.77 -2.28491
223.831 10.9499 561.388 -2.36003
223.888 10.8156 561.998 -2.40516
223.944 10.6803 562.601 -2.40423
224 10.5462 563.197 -2.37258
224.056 10.4147 563.785 -2.31184
224.112 10.2877 564.366 -2.22455
224.169 10.1664 564.94 -2.1148
224.225 10.0514 565.507 -2.00114
224.281 9.94298 566.068 -1.87551
224.337 9.84238 566.623 -1.73502
224.393 9.74988 567.173 -1.58743
224.449 9.66585 567.718 -1.43182
224.506 9.59068 568.258 -1.27526
224.562 9.52443 568.795 -1.11649
224.618 9.46719 569.328 -0.953424
224.674 9.4191 569.858 -0.797592
224.73 9.37981 570.386 -0.634526
224.787 9.34914 570.912 -0.481517
224.843 9.3275 571.436 -0.321057
224.899 9.31424 571.96 -0.181226
224.955 9.30804 572.483 -0.0665904
225.011 9.30823 573.006 0.0479581
225.067 9.31378 573.529 0.137421
225.124 9.32499 574.052 0.238578
225.18 9.34088 574.577 0.310998
225.236 9.36117 575.102 0.394107
225.292 9.38529 575.629 0.451812
225.348 9.41315 576.157 0.524481
225.404 9.44536 576.687 0.603049
225.461 9.4816 577.219 0.674988
225.517 9.52198 577.753 0.749972
225.573 9.56663 578.289 0.824261
225.629 9.61544 578.828 0.900162
225.685 9.66872 579.37 0.977219
225.742 9.72603 579.915 1.04766
225.798 9.78695 580.464 1.11029
225.854 9.85173 581.016 1.17527
225.91 9.91903 581.571 1.2151
225.966 9.98841 582.131 1.25408
226.022 10.0606 582.695 1.30512
226.079 10.1349 583.262 1.33375
226.135 10.2107 583.834 1.35601
226.191 10.2873 584.41 1.36734
226.247 10.3641 584.991 1.36691
226.303 10.4407 585.576 1.36642
226.36 10.5176 586.165 1.36462
226.416 10.594 586.758 1.36083
226.472 10.6702 587.356 1.35025
226.528 10.7458 587.958 1.33882
226.584 10.8205 588.564 1.32596
226.64 10.894 589.175 1.28842
226.697 10.9648 589.789 1.23202
226.753 11.0314 590.407 1.15171
226.809 11.0931 591.029 1.06175
226.865 11.1497 591.654 0.972111
226.921 11.2007 592.283 0.865044
226.978 11.2453 592.913 0.744943
227.034 11.2828 593.546 0.611706
227.09 11.3124 594.181 0.478112
227.146 11.3339 594.818 0.325281
227.202 11.3475 595.455 0.184465
227.258 11.3533 596.093 0.0442294
227.315 11.3509 596.73 -0.0970725
227.371 11.3407 597.368 -0.241268
227.427 11.3225 598.004 -0.381526
227.483 11.2961 598.639 -0.525909
227.539 11.2621 599.273 -0.65804
227.596 11.2207 599.904 -0.787616
227.652 11.1722 600.533 -0.913832
227.708 11.1166 601.159 -1.04127
227.764 11.0534 601.781 -1.1803
227.82 10.9827 602.4 -1.31262
227.876 10.9044 603.014 -1.44943
227.933 10.8185 603.624 -1.57926
227.989 10.725 604.229 -1.71969
228.045 10.6237 604.828 -1.86238
228.101 10.5146 605.421 -1.99297
228.157 10.3977 606.008 -2.13633
228.213 10.2732 606.588 -2.26909
228.27 10.1411 607.161 -2.40332
228.326 10.0016 607.726 -2.53233
228.382 9.85559 608.283 -2.64133
228.438 9.704 608.831 -2.73594
228.494 9.54769 609.371 -2.80734
228.551 9.38824 609.902 -2.85264
228.607 9.22728 610.424 -2.87055
228.663 9.06653 610.937 -2.84963
228.719 8.90819 611.441 -2.79296
228.775 8.75449 611.936 -2.69132
228.831 8.60774 612.423 -2.54976
228.888 8.47046 612.902 -2.3672
228.944 8.34467 613.374 -2.14417
229 8.23257 613.839 -1.89097
229.056 8.13569 614.298 -1.60857
229.112 8.05519 614.752 -1.30812
229.169 7.99248 615.202 -0.989968
229.225 7.94787 615.65 -0.662428
229.281 7.92143 616.095 -0.342682
229.337 7.91262 616.54 -0.0410083
229.393 7.91962 616.985 0.228704
229.449 7.9402 617.43 0.453819
229.506 7.97193 617.877 0.629814
229.562 8.01163 618.327 0.751675
229.618 8.05631 618.778 0.816397
229.674 8.10242 619.232 0.818871
229.73 8.1468 619.689 0.758035
229.787 8.18639 620.148 0.65929
229.843 8.21905 620.609 0.525015
229.899 8.24271 621.072 0.343292
229.955 8.25485 621.535 0.130126
230.011 8.2544 621.999 -0.106621
230.067 8.24116 622.462 -0.327402
230.124 8.21424 622.925 -0.574171
230.18 8.17357 623.385 -0.823067
230.236 8.11902 623.842 -1.07143
230.292 8.0507 624.296 -1.31214
230.348 7.96927 624.746 -1.53601
230.404 7.87604 625.19 -1.74124
230.461 7.77202 625.629 -1.92621
230.513 7.6663 626.032 -2.08598
230.566 7.55122 626.434 -2.22438
230.62 7.42638 626.84 -2.34797
230.674 7.29561 627.239 -2.43764
230.729 7.16096 627.63 -2.50653
230.783 7.02298 628.015 -2.56366
230.837 6.88186 628.391 -2.62334
230.891 6.73768 628.76 -2.67749
230.946 6.58994 629.121 -2.74718
231 6.4385 629.473 -2.81752
231.056 6.27705 629.83 -2.91031
231.112 6.11017 630.177 -3.016
231.169 5.93674 630.514 -3.13083
231.225 5.75637 630.842 -3.267
231.281 5.56854 631.159 -3.39716
231.337 5.37376 631.465 -3.50567
231.393 5.17419 631.76 -3.58234
231.449 4.97075 632.044 -3.64252
231.506 4.76639 632.316 -3.63249
231.562 4.56336 632.577 -3.59849
231.618 4.36403 632.827 -3.50758
231.674 4.17122 633.066 -3.37482
231.73 3.98694 633.294 -3.21141
231.787 3.8129 633.512 -3.0174
231.843 3.65038 633.72 -2.80774
231.899 3.50028 633.92 -2.58143
231.955 3.36307 634.112 -2.34623
232.011 3.23942 634.297 -2.10487
232.067 3.12928 634.475 -1.86267
232.124 3.03306 634.648 -1.61486
232.18 2.95047 634.815 -1.37361
232.236 2.88141 634.979 -1.1347
232.292 2.82535 635.139 -0.906457
232.348 2.78154 635.296 -0.692727
232.404 2.74964 635.451 -0.486449
232.461 2.72891 635.605 -0.293884
232.517 2.71865 635.758 -0.109775
232.573 2.71842 635.91 0.0648181
232.629 2.72781 636.063 0.233584
232.685 2.7465 636.217 0.395936
232.742 2.77381 636.372 0.545417
232.798 2.80926 636.529 0.686452
232.854 2.85202 636.689 0.809951
232.91 2.90135 636.85 0.920877
232.966 2.95592 637.015 1.00148
233.022 3.01432 637.183 1.06054
233.079 3.07505 637.355 1.08875
233.135 3.13671 637.529 1.09811
233.191 3.19795 637.708 1.07955
233.247 3.25704 637.889 1.03234
233.303 3.31296 638.074 0.969343
233.36 3.36492 638.262 0.895445
233.416 3.41263 638.453 0.816174
233.472 3.4558 638.646 0.735153
233.528 3.49438 638.841 0.655059
233.584 3.52875 639.039 0.584316
233.64 3.55956 639.238 0.526669
233.697 3.58757 639.439 0.482421
233.753 3.61358 639.642 0.453197
233.809 3.6385 639.845 0.438773
233.865 3.66288 640.051 0.435189
233.921 3.68775 640.257 0.448235
233.978 3.71396 640.465 0.478259
234.034 3.7418 640.675 0.506498
234.09 3.77151 640.886 0.54457
234.146 3.80376 641.099 0.591967
234.202 3.83817 641.314 0.62548
234.258 3.87424 641.531 0.652523
234.315 3.91159 641.75 0.671756
234.371 3.94952 641.971 0.678537
234.427 3.98752 642.194 0.67328
234.483 4.02455 642.419 0.648493
234.539 4.06004 642.646 0.621435
234.596 4.09374 642.876 0.583192
234.652 4.12505 643.107 0.538576
234.708 4.15379 643.339 0.494239
234.764 4.18008 643.574 0.448619
234.82 4.20365 643.809 0.402537
234.876 4.22489 644.046 0.363341
234.933 4.24439 644.284 0.338445
234.989 4.2627 644.523 0.317012
235.045 4.28025 644.763 0.313506
235.101 4.29799 645.004 0.315651
235.157 4.31612 645.247 0.330284
235.213 4.33542 645.49 0.35396
235.27 4.3564 645.734 0.381635
235.326 4.37902 645.979 0.416093
235.382 4.40346 646.226 0.45348
235.438 4.43059 646.475 0.501351
235.494 4.46021 646.724 0.547848
235.551 4.49255 646.976 0.593901
235.607 4.52751 647.23 0.641907
235.663 4.56528 647.485 0.693107
235.719 4.6058 647.743 0.740877
235.775 4.64912 648.003 0.789025
235.831 4.69471 648.266 0.827396
235.888 4.74255 648.531 0.869217
235.944 4.79261 648.799 0.903031
236 4.84426 649.07 0.934961
236.056 4.89767 649.344 0.960269
236.112 4.95247 649.621 0.98316
236.169 5.00792 649.901 0.993466
236.225 5.06363 650.185 0.99187
236.281 5.11949 650.471 0.993271
236.337 5.17508 650.761 0.98582
236.393 5.22963 651.053 0.964507
236.449 5.28293 651.349 0.93419
236.506 5.33412 651.647 0.895314
236.562 5.38294 651.949 0.849565
236.618 5.42933 652.253 0.805598
236.674 5.47322 652.559 0.765003
236.73 5.51494 652.868 0.726206
236.787 5.55436 653.179 0.691828
236.843 5.59235 653.492 0.663066
236.899 5.6288 653.808 0.640917
236.955 5.66444 654.125 0.631883
237.011 5.70006 654.445 0.637117
237.067 5.7366 654.766 0.657873
237.124 5.77491 655.09 0.695352
237.18 5.81588 655.416 0.75425
237.236 5.86038 655.744 0.820414
237.292 5.90918 656.075 0.904011
237.348 5.96296 656.408 0.993278
237.404 6.02234 656.745 1.10195
237.461 6.08802 657.086 1.21627
237.517 6.16043 657.43 1.33764
237.573 6.23947 657.779 1.45458
237.629 6.32484 658.132 1.56221
237.685 6.41616 658.491 1.66221
237.742 6.51275 658.855 1.7538
237.798 6.614 659.224 1.83374
237.854 6.71918 659.599 1.89775
237.91 6.82735 659.98 1.94009
237.966 6.93722 660.367 1.96289
238.022 7.0483 660.761 1.98535
238.079 7.15948 661.16 1.9779
238.135 7.26958 661.566 1.94101
238.191 7.37712 661.978 1.8936
238.247 7.48156 662.396 1.83743
238.303 7.58185 662.82 1.74935
238.36 7.67676 663.249 1.64543
238.416 7.76534 663.684 1.53102
238.472 7.84735 664.123 1.41627
238.528 7.92296 664.566 1.29553
238.584 7.99134 665.014 1.17416
238.64 8.05313 665.465 1.05649
238.697 8.1087 665.919 0.940668
238.753 8.1582 666.376 0.843061
238.809 8.20214 666.836 0.743856
238.865 8.24157 667.298 0.670813
238.921 8.27661 667.762 0.597906
238.978 8.30795 668.228 0.528974
239.034 8.33528 668.696 0.457216
239.09 8.35782 669.165 0.366813
239.146 8.37533 669.635 0.268799
239.202 8.38668 670.106 0.155269
239.258 8.39154 670.578 0.0359568
239.315 8.38892 671.049 -0.106768
239.371 8.37771 671.52 -0.265505
239.427 8.35701 671.99 -0.435287
239.483 8.3268 672.458 -0.609807
239.539 8.28622 672.925 -0.797574
239.596 8.23531 673.389 -0.973823
239.652 8.17528 673.849 -1.12948
239.708 8.10683 674.306 -1.27714
239.764 8.03074 674.759 -1.40123
239.82 7.94859 675.208 -1.49865
239.876 7.86196 675.651 -1.57095
239.933 7.77215 676.09 -1.617
239.989 7.68028 676.524 -1.64583
240.045 7.58744 676.952 -1.65239
240.101 7.49486 677.375 -1.64748
240.157 7.40245 677.793 -1.64166
240.213 7.31056 678.206 -1.63196
240.27 7.21971 678.613 -1.60904
240.326 7.13011 679.016 -1.58269
240.382 7.04198 679.414 -1.55849
240.438 6.95561 679.806 -1.52665
240.494 6.87088 680.194 -1.49941
240.551 6.78785 680.577 -1.46533
240.607 6.70652 680.956 -1.43809
240.663 6.62664 681.33 -1.41125
240.719 6.54865 681.7 -1.37204
240.775 6.47283 682.065 -1.33389
240.831 6.39942 682.426 -1.29013
240.888 6.3282 682.783 -1.2511
240.944 6.25934 683.137 -1.20855
241 6.19285 683.486 -1.16847
241.056 6.12894 683.832 -1.11714
241.112 6.06765 684.174 -1.07296
241.169 6.00892 684.513 -1.02387
241.225 5.95309 684.848 -0.974552
241.281 5.8998 685.181 -0.931809
241.337 5.84881 685.511 -0.893228
241.393 5.80025 685.838 -0.844407
241.449 5.75449 686.162 -0.794981
241.506 5.71145 686.484 -0.746479
241.562 5.67148 686.803 -0.688315
241.618 5.63475 687.121 -0.629165
241.674 5.60177 687.436 -0.558198
241.73 5.57271 687.75 -0.485737
241.787 5.54799 688.062 -0.40627
241.843 5.52837 688.373 -0.310039
241.899 5.51479 688.683 -0.19463
241.955 5.5082 688.993 -0.0635092
242.011 5.50961 689.302 0.0865126
242.067 5.51989 689.612 0.249521
242.124 5.53987 689.923 0.428615
242.18 5.57063 690.235 0.627333
242.236 5.61309 690.549 0.844755
242.292 5.66851 690.867 1.08302
242.348 5.73752 691.187 1.3257
242.404 5.82076 691.512 1.58967
242.461 5.91944 691.843 1.87115
242.517 6.03447 692.179 2.16582
242.573 6.16662 692.522 2.47665
242.629 6.31644 692.874 2.79426
242.685 6.48417 693.234 3.11334
242.742 6.66951 693.605 3.42611
242.798 6.87199 693.986 3.71949
242.854 7.08986 694.379 3.98112
242.91 7.32092 694.785 4.1998
242.966 7.56292 695.205 4.36175
243.022 7.81091 695.638 4.44142
243.079 8.06203 696.085 4.47566
243.135 8.31165 696.547 4.41484
243.191 8.55614 697.022 4.30581
243.247 8.79199 697.511 4.11574
243.303 9.01492 698.012 3.86407
243.36 9.22246 698.526 3.57779
243.416 9.41321 699.05 3.26942
243.472 9.58505 699.585 2.9159
243.528 9.73717 700.129 2.56821
243.584 9.8699 700.68 2.22741
243.64 9.98426 701.239 1.91163
243.697 10.0818 701.803 1.62339
243.753 10.1641 702.372 1.36139
243.809 10.2325 702.946 1.12647
243.865 10.2889 703.522 0.926502
243.921 10.3347 704.102 0.741127
243.978 10.3706 704.684 0.577358
244.034 10.3978 705.267 0.415802
244.09 10.4173 705.852 0.301917
244.146 10.4302 706.438 0.170875
244.202 10.4351 707.024 0.0342342
244.258 10.4325 707.61 -0.0978548
244.315 10.4225 708.196 -0.235942
244.371 10.4035 708.781 -0.416635
244.427 10.3734 709.365 -0.618684
244.483 10.3308 709.946 -0.860782
244.539 10.2737 710.525 -1.12119
244.596 10.2009 711.099 -1.41346
244.652 10.1114 711.669 -1.71284
244.708 10.0052 712.234 -2.00955
244.764 9.88246 712.792 -2.29627
244.82 9.74426 713.343 -2.56494
244.876 9.5916 713.885 -2.81476
244.933 9.4265 714.418 -3.01723
244.989 9.25137 714.942 -3.17923
245.045 9.06874 715.456 -3.29008
245.101 8.88122 715.959 -3.36377
245.157 8.69093 716.451 -3.39495
245.213 8.50072 716.933 -3.3742
245.27 8.31298 717.404 -3.31711
245.326 8.13009 717.865 -3.21236
245.382 7.95329 718.316 -3.09667
245.438 7.784 718.757 -2.95362
245.494 7.62358 719.189 -2.78506
245.551 7.47346 719.612 -2.59302
245.607 7.33453 720.027 -2.38825
245.663 7.20736 720.435 -2.17857
245.719 7.09285 720.836 -1.94343
245.775 6.99143 721.231 -1.71475
245.831 6.90262 721.621 -1.4917
245.888 6.82694 722.006 -1.25446
245.944 6.76429 722.387 -1.02366
246 6.71439 722.765 -0.795902
246.056 6.67728 723.141 -0.567564
246.112 6.65296 723.516 -0.343773
246.169 6.64081 723.889 -0.131518
246.225 6.64052 724.262 0.0781155
246.281 6.65176 724.635 0.276974
246.337 6.67321 725.01 0.451061
246.393 6.7046 725.386 0.625168
246.449 6.74439 725.764 0.762037
246.506 6.79129 726.144 0.880491
246.562 6.84425 726.527 0.978996
246.618 6.90129 726.914 1.0414
246.674 6.96125 727.303 1.0807
246.73 7.02286 727.697 1.10662
246.787 7.08501 728.093 1.09404
246.843 7.146 728.493 1.07867
246.899 7.20562 728.897 1.04339
246.955 7.26278 729.304 0.996312
247.011 7.3165 729.713 0.926426
247.067 7.36551 730.126 0.839604
247.124 7.40997 730.541 0.756007
247.18 7.44944 730.959 0.66878
247.236 7.48301 731.379 0.548989
247.292 7.50987 731.8 0.430321
247.348 7.5297 732.223 0.304252
247.404 7.54236 732.646 0.170926
247.461 7.54723 733.07 0.0280804
247.517 7.54386 733.494 -0.112916
247.573 7.5323 733.918 -0.26694
247.629 7.51205 734.34 -0.422937
247.685 7.48265 734.761 -0.590322
247.742 7.44377 735.18 -0.76054
247.798 7.39515 735.597 -0.936616
247.854 7.33611 736.01 -1.12997
247.91 7.2661 736.42 -1.32159
247.966 7.18622 736.826 -1.48333
248.022 7.09753 737.226 -1.6413
248.079 6.99992 737.622 -1.80518
248.135 6.89327 738.012 -1.94841
248.191 6.77903 738.395 -2.08712
248.247 6.6576 738.772 -2.21447
248.303 6.52926 739.142 -2.32465
248.36 6.39535 739.504 -2.41456
248.416 6.25717 739.859 -2.48775
248.472 6.11551 740.205 -2.54408
248.528 5.9712 740.544 -2.58245
248.584 5.82519 740.875 -2.60403
248.64 5.67866 741.197 -2.60749
248.697 5.53217 741.511 -2.60744
248.753 5.38593 741.817 -2.59597
248.809 5.24108 742.115 -2.5675
248.865 5.09829 742.404 -2.52232
248.921 4.95859 742.686 -2.46776
248.978 4.822 742.96 -2.40569
249.034 4.68944 743.226 -2.33068
249.09 4.56112 743.485 -2.25197
249.146 4.43772 743.737 -2.15643
249.202 4.32046 743.983 -2.03962
249.258 4.21018 744.222 -1.90999
249.315 4.10792 744.455 -1.75839
249.371 4.01455 744.682 -1.60047
249.427 3.93039 744.905 -1.43178
249.483 3.85608 745.123 -1.24503
249.539 3.79297 745.338 -1.04065
249.596 3.74172 745.549 -0.824323
249.652 3.70318 745.758 -0.590586
249.708 3.67758 745.965 -0.365769
249.764 3.665 746.171 -0.129788
249.82 3.66586 746.377 0.110384
249.876 3.67992 746.583 0.346423
249.933 3.70718 746.791 0.575201
249.989 3.74678 747 0.786886
250.045 3.7978 747.213 0.987444
250.101 3.85939 747.428 1.16657
250.157 3.93043 747.647 1.32952
250.213 4.00988 747.871 1.47173
250.27 4.09642 748.099 1.57968
250.326 4.1878 748.332 1.65569
250.382 4.28253 748.57 1.70601
250.438 4.37953 748.814 1.73911
250.494 4.47729 749.064 1.73822
250.551 4.57399 749.318 1.70738
250.607 4.66808 749.579 1.65504
250.663 4.7586 749.844 1.57637
250.719 4.84407 750.114 1.48443
250.775 4.92354 750.389 1.36289
250.831 4.99567 750.668 1.22908
250.888 5.05989 750.951 1.08559
250.944 5.11579 751.237 0.935617
251 5.16333 751.526 0.786098
251.056 5.20257 751.818 0.637939
251.112 5.23348 752.111 0.494103
251.169 5.25637 752.406 0.350919
251.225 5.27182 752.702 0.227277
251.281 5.28069 752.998 0.114914
251.337 5.28368 753.295 0.0125492
251.393 5.28146 753.592 -0.0727455
251.449 5.27514 753.888 -0.138206
251.506 5.26558 754.184 -0.189505
251.562 5.25355 754.48 -0.227922
251.618 5.24011 754.774 -0.244857
251.674 5.22644 755.068 -0.241244
251.73 5.21363 755.362 -0.219574
251.787 5.20272 755.654 -0.180085
251.843 5.19451 755.946 -0.123988
251.899 5.18938 756.238 -0.0708438
251.955 5.18741 756.529 -0.0110954
252.011 5.18898 756.821 0.0521003
252.067 5.19416 757.112 0.117511
252.124 5.20291 757.404 0.180826
252.18 5.21508 757.697 0.240201
252.236 5.23055 757.991 0.298256
252.292 5.24926 758.285 0.357206
252.348 5.2715 758.581 0.420443
252.404 5.2974 758.878 0.483771
252.461 5.32719 759.176 0.553815
252.517 5.36069 759.477 0.620929
252.573 5.39863 759.779 0.712742
252.629 5.44176 760.084 0.804742
252.685 5.49084 760.391 0.917668
252.742 5.54571 760.701 1.01436
252.798 5.60611 761.015 1.11329
252.854 5.67182 761.332 1.20712
252.91 5.7429 761.653 1.30471
252.966 5.8196 761.978 1.40289
253.022 5.90175 762.308 1.50537
253.079 5.9891 762.643 1.59051
253.135 6.08173 762.982 1.68405
253.191 6.17935 763.327 1.77258
253.247 6.2814 763.678 1.84838
253.303 6.38795 764.034 1.92676
253.36 6.49866 764.397 1.99878
253.416 6.61324 764.766 2.06956
253.472 6.73149 765.141 2.13095
253.528 6.8532 765.523 2.19021
253.584 6.9781 765.913 2.24696
253.64 7.10618 766.309 2.29796
253.697 7.23673 766.713 2.34087
253.753 7.36963 767.124 2.382
253.809 7.50481 767.542 2.41912
253.865 7.64177 767.968 2.44871
253.921 7.78037 768.402 2.48151
253.978 7.92029 768.844 2.49325
254.034 8.0615 769.294 2.52021
254.09 8.20389 769.752 2.54059
254.146 8.34683 770.217 2.54761
254.202 8.48963 770.691 2.5458
254.258 8.63188 771.173 2.52429
254.315 8.77251 771.662 2.49008
254.371 8.91118 772.16 2.45234
254.427 9.047 772.665 2.39642
254.483 9.1794 773.178 2.32526
254.539 9.30745 773.698 2.24966
254.596 9.43147 774.225 2.17939
254.652 9.55148 774.759 2.10579
254.708 9.66725 775.299 2.02963
254.764 9.77855 775.846 1.9477
254.82 9.88483 776.399 1.85828
254.876 9.98634 776.958 1.77226
254.933 10.083 777.522 1.68491
254.989 10.1747 778.092 1.59486
255.045 10.2615 778.666 1.51333
255.101 10.344 779.246 1.43697
255.157 10.4227 779.83 1.37799
255.213 10.4989 780.418 1.3473
255.27 10.5735 781.01 1.31505
255.326 10.6465 781.607 1.2916
255.382 10.7186 782.207 1.27974
255.438 10.7904 782.812 1.27264
255.494 10.8618 783.42 1.27149
255.551 10.934 784.033 1.29957
255.607 11.0083 784.65 1.33941
255.663 11.0852 785.271 1.38395
255.719 11.1642 785.896 1.42132
255.775 11.2453 786.526 1.45974
255.831 11.3286 787.161 1.48996
255.888 11.413 787.8 1.51208
255.944 11.4982 788.444 1.51885
256 11.5835 789.093 1.51427
256.056 11.6677 789.746 1.49126
256.112 11.7506 790.405 1.46582
256.169 11.8317 791.068 1.42339
256.225 11.9098 791.735 1.36866
256.281 11.9846 792.407 1.29999
256.337 12.055 793.082 1.22308
256.393 12.1208 793.762 1.13581
256.449 12.1817 794.445 1.04706
256.506 12.2374 795.131 0.950379
256.562 12.2879 795.82 0.863722
256.618 12.3334 796.512 0.772623
256.674 12.3736 797.206 0.681055
256.73 12.4092 797.903 0.604331
256.787 12.4406 798.601 0.529458
256.843 12.4679 799.301 0.4576
256.899 12.4915 800.002 0.396886
256.955 12.5123 800.705 0.355919
257.011 12.531 801.408 0.321544
257.067 12.5486 802.113 0.307762
257.124 12.566 802.818 0.316823
257.18 12.5847 803.525 0.343566
257.236 12.6053 804.233 0.38303
257.292 12.6287 804.941 0.438836
257.348 12.6552 805.652 0.497443
257.404 12.6857 806.364 0.571201
257.461 12.7204 807.078 0.652153
257.517 12.7598 807.794 0.733946
257.573 12.8037 808.512 0.808484
257.629 12.8514 809.233 0.876436
257.685 12.9028 809.956 0.944316
257.742 12.9578 810.683 1.0034
257.798 13.0161 811.413 1.05871
257.854 13.0771 812.146 1.1026
257.91 13.1403 812.883 1.13123
257.966 13.2044 813.624 1.14874
258.022 13.2691 814.368 1.14989
258.079 13.3333 815.115 1.13414
258.135 13.3963 815.866 1.11443
258.191 13.4577 816.621 1.07696
258.247 13.5165 817.379 1.03077
258.303 13.5725 818.14 0.966313
258.36 13.6244 818.905 0.895339
258.416 13.672 819.672 0.811448
258.472 13.7134 820.441 0.69308
258.528 13.7485 821.213 0.571711
258.584 13.7757 821.986 0.421862
258.64 13.7935 822.761 0.251873
258.697 13.8017 823.536 0.0723089
258.753 13.7999 824.311 -0.11177
258.809 13.7874 825.086 -0.296116
258.865 13.7649 825.86 -0.470637
258.921 13.7324 826.632 -0.647382
258.978 13.6904 827.402 -0.818034
259.034 13.6389 828.17 -0.980746
259.09 13.5785 828.934 -1.13445
259.146 13.5095 829.695 -1.28798
259.202 13.4321 830.451 -1.43582
259.258 13.3464 831.203 -1.58169
259.315 13.2527 831.949 -1.72333
259.371 13.1514 832.691 -1.8602
259.427 13.0425 833.426 -1.97966
259.483 12.9271 834.155 -2.10384
259.539 12.8048 834.877 -2.22761
259.596 12.6753 835.592 -2.35374
259.652 12.5398 836.299 -2.44837
259.708 12.3992 836.999 -2.54231
259.764 12.2536 837.691 -2.62038
259.82 12.1043 838.374 -2.68312
259.876 11.9516 839.049 -2.73859
259.933 11.7964 839.715 -2.77716
259.989 11.6396 840.373 -2.79268
260.045 11.4824 841.021 -2.80025
260.101 11.3253 841.661 -2.78947
260.157 11.1696 842.292 -2.7574
260.213 11.016 842.915 -2.71533
260.27 10.8654 843.528 -2.65547
260.326 10.7187 844.134 -2.5785
260.382 10.5769 844.731 -2.48624
260.438 10.4408 845.321 -2.3788
260.494 10.3113 845.903 -2.25016
260.551 10.1893 846.478 -2.12328
260.607 10.0752 847.047 -1.97017
260.663 9.96966 847.609 -1.81745
260.719 9.87356 848.166 -1.64077
260.775 9.78735 848.718 -1.4617
260.831 9.71167 849.265 -1.26981
260.888 9.64703 849.808 -1.06877
260.944 9.59373 850.348 -0.867631
261 9.55165 850.886 -0.668905
261.056 9.52081 851.421 -0.46847
261.112 9.50138 851.956 -0.26417
261.169 9.49306 852.489 -0.0726579
261.225 9.49531 853.022 0.114998
261.281 9.50789 853.556 0.296269
261.337 9.53029 854.091 0.465416
261.393 9.56186 854.627 0.623856
261.449 9.602 855.166 0.775671
261.506 9.6505 855.707 0.921855
261.562 9.70675 856.251 1.05425
261.618 9.77046 856.798 1.18588
261.674 9.8414 857.35 1.31313
261.73 9.91879 857.905 1.41925
261.787 10.0017 858.465 1.51205
261.843 10.0891 859.03 1.58325
261.899 10.1802 859.6 1.64338
261.955 10.2744 860.175 1.69604
262.011 10.3706 860.755 1.72184
262.067 10.468 861.341 1.74437
262.124 10.5661 861.933 1.7471
262.18 10.6639 862.53 1.73423
262.236 10.7606 863.132 1.71413
262.292 10.8555 863.74 1.67123
262.348 10.9478 864.353 1.624
262.404 11.0373 864.971 1.56924
262.461 11.1233 865.594 1.49998
262.517 11.2047 866.221 1.41536
262.573 11.2814 866.853 1.33034
262.629 11.3528 867.49 1.23563
262.685 11.4188 868.13 1.13162
262.742 11.4788 868.773 1.02473
262.798 11.5322 869.42 0.900384
262.854 11.5783 870.069 0.763312
262.91 11.6162 870.721 0.614784
262.966 11.6443 871.375 0.423979
263.022 11.6613 872.03 0.216766
263.079 11.6655 872.685 -0.0192075
263.135 11.6566 873.34 -0.259899
263.191 11.6327 873.994 -0.535017
263.247 11.5932 874.646 -0.823545
263.303 11.5369 875.296 -1.11919
263.36 11.4633 875.942 -1.44388
263.416 11.372 876.583 -1.75401
263.472 11.263 877.218 -2.0664
263.528 11.1361 877.847 -2.38156
263.584 10.9921 878.467 -2.6819
263.64 10.8319 879.08 -2.96519
263.697 10.6566 879.682 -3.22245
263.753 10.4675 880.275 -3.45801
263.809 10.2664 880.856 -3.65593
263.865 10.0553 881.426 -3.81817
263.921 9.83602 881.983 -3.95409
263.978 9.61065 882.528 -4.04725
264.034 9.38069 883.06 -4.1214
264.09 9.1478 883.58 -4.16173
264.146 8.91322 884.086 -4.1764
264.202 8.67899 884.578 -4.15186
264.258 8.44758 885.058 -4.09975
264.315 8.21933 885.525 -4.03046
264.371 7.99643 885.979 -3.92437
264.427 7.77992 886.421 -3.80726
264.483 7.57094 886.851 -3.65837
264.539 7.3709 887.27 -3.49106
264.596 7.18125 887.677 -3.2967
264.652 7.00279 888.075 -3.09445
264.708 6.83623 888.463 -2.87144
264.764 6.68301 888.841 -2.62675
264.82 6.54379 889.212 -2.37716
264.876 6.41929 889.575 -2.11014
264.933 6.31004 889.932 -1.83646
264.989 6.21583 890.284 -1.56993
265.045 6.13667 890.63 -1.3009
265.101 6.07265 890.973 -1.03153
265.157 6.02351 891.312 -0.773337
265.213 5.98848 891.649 -0.523013
265.27 5.9674 891.985 -0.27255
265.326 5.95989 892.32 -0.0374827
265.382 5.96554 892.655 0.191749
265.438 5.98416 892.99 0.421958
265.494 6.01567 893.328 0.650168
265.551 6.05967 893.667 0.870377
265.607 6.11577 894.009 1.08297
265.663 6.18337 894.355 1.28355
265.719 6.26149 894.705 1.45909
265.775 6.34915 895.06 1.62316
265.831 6.44499 895.42 1.76362
265.888 6.54883 895.785 1.90596
265.944 6.66018 896.157 2.02953
266 6.77831 896.535 2.15116
266.056 6.90311 896.92 2.26737
266.112 7.03397 897.312 2.37025
266.169 7.17056 897.712 2.47116
266.225 7.31243 898.119 2.55599
266.281 7.45885 898.535 2.63857
266.337 7.60928 898.959 2.70351
266.393 7.76258 899.392 2.74316
266.449 7.91781 899.833 2.77733
266.506 8.07437 900.283 2.79003
266.562 8.23094 900.742 2.78196
266.618 8.38666 901.21 2.76108
266.674 8.54045 901.686 2.71839
266.73 8.69108 902.171 2.65681
266.787 8.83803 902.664 2.58555
266.843 8.98034 903.166 2.49499
266.899 9.1169 903.675 2.38417
266.955 9.24636 904.191 2.24795
267.011 9.3678 904.715 2.10643
267.067 9.48119 905.245 1.9571
267.124 9.58584 905.781 1.79797
267.18 9.68131 906.323 1.63526
267.236 9.768 906.87 1.48366
267.292 9.84616 907.421 1.33352
267.348 9.91671 907.977 1.20543
267.404 9.98053 908.536 1.09146
267.461 10.0385 909.099 0.996226
267.517 10.0917 909.665 0.914636
267.573 10.1411 910.233 0.858879
267.629 10.1882 910.805 0.825982
267.685 10.234 911.379 0.81303
267.742 10.28 911.955 0.823319
267.798 10.3276 912.534 0.863571
267.854 10.378 913.116 0.919122
267.91 10.4324 913.701 0.998993
267.966 10.4913 914.289 1.08021
268.022 10.5546 914.881 1.15652
268.079 10.622 915.476 1.23136
268.135 10.6934 916.075 1.29316
268.191 10.768 916.678 1.34912
268.247 10.8447 917.286 1.37268
268.303 10.9218 917.898 1.37147
268.36 10.9978 918.514 1.33318
268.416 11.0704 919.134 1.25721
268.472 11.1369 919.758 1.13163
268.528 11.1955 920.386 0.973857
268.584 11.2442 921.017 0.79141
268.64 11.2815 921.65 0.575624
268.697 11.3055 922.284 0.328695
268.753 11.3154 922.92 0.0695481
268.809 11.3097 923.555 -0.222339
268.865 11.288 924.19 -0.50664
268.921 11.249 924.823 -0.815464
268.978 11.1929 925.453 -1.1276
269.034 11.1193 926.08 -1.42998
269.09 11.0284 926.701 -1.74648
269.146 10.9198 927.317 -2.05699
269.202 10.7945 927.927 -2.34121
269.258 10.6539 928.528 -2.60626
269.315 10.4996 929.122 -2.83773
269.371 10.3336 929.706 -3.02653
269.427 10.1586 930.281 -3.16902
269.483 9.97739 930.845 -3.24828
269.539 9.79424 931.4 -3.26211
269.596 9.61243 931.944 -3.21159
269.652 9.4351 932.478 -3.1158
269.708 9.26457 933.002 -2.98204
269.764 9.10239 933.517 -2.8193
269.82 8.94992 934.023 -2.64197
269.876 8.80747 934.521 -2.46829
269.933 8.67393 935.011 -2.32118
269.989 8.54753 935.494 -2.20768
270.045 8.42609 935.971 -2.13834
270.101 8.30682 936.44 -2.11749
270.157 8.18681 936.903 -2.15211
270.213 8.06375 937.358 -2.21901
270.27 7.93608 937.807 -2.31073
270.326 7.80287 938.248 -2.40664
270.382 7.66438 938.682 -2.50415
270.438 7.52 939.108 -2.60823
270.494 7.37085 939.525 -2.67969
270.551 7.21751 939.934 -2.74886
270.607 7.06205 940.335 -2.77154
270.663 6.90684 940.726 -2.76256
270.719 6.75179 941.109 -2.74961
270.775 6.59931 941.483 -2.68621
270.831 6.45091 941.849 -2.60939
270.888 6.30709 942.206 -2.5242
270.944 6.16884 942.556 -2.41559
271 6.03672 942.898 -2.3108
271.056 5.91045 943.233 -2.2037
271.112 5.79005 943.561 -2.09864
271.169 5.67552 943.882 -1.99745
271.225 5.56668 944.197 -1.89297
271.281 5.4641 944.507 -1.7828
271.337 5.36766 944.81 -1.66975
271.393 5.27762 945.109 -1.55642
271.449 5.19454 945.402 -1.42773
271.506 5.11858 945.692 -1.30102
271.562 5.0497 945.977 -1.1691
271.618 4.98887 946.259 -1.02314
271.674 4.93694 946.537 -0.858673
271.73 4.89422 946.813 -0.693613
271.787 4.86119 947.087 -0.51574
271.843 4.83849 947.359 -0.330396
271.899 4.82636 947.63 -0.140603
271.955 4.82464 947.901 0.0436549
272.011 4.83305 948.173 0.222987
272.067 4.85143 948.445 0.397606
272.124 4.87946 948.718 0.563566
272.18 4.91647 948.994 0.719001
272.236 4.96169 949.271 0.859897
272.292 5.01433 949.552 0.98678
272.348 5.07368 949.835 1.1035
272.404 5.13902 950.123 1.2016
272.461 5.20943 950.414 1.28246
272.517 5.28392 950.709 1.35188
272.573 5.36191 951.008 1.40942
272.629 5.44213 951.312 1.43784
272.685 5.52356 951.621 1.45492
272.742 5.60543 951.934 1.45837
272.798 5.68719 952.251 1.45094
272.854 5.76822 952.574 1.43498
272.91 5.84828 952.9 1.41379
272.966 5.92655 953.232 1.37978
273.022 6.00232 953.567 1.32549
273.079 6.07461 953.907 1.25898
273.135 6.14267 954.25 1.17988
273.191 6.20581 954.598 1.07908
273.247 6.26397 954.948 0.998365
273.303 6.31669 955.302 0.897819
273.36 6.36328 955.658 0.785689
273.416 6.40364 956.017 0.671887
273.472 6.43724 956.378 0.551261
273.528 6.46391 956.741 0.428947
273.584 6.48399 957.105 0.312898
273.64 6.49743 957.469 0.190152
273.697 6.5042 957.835 0.0757987
273.753 6.50472 958.2 -0.036805
273.809 6.49881 958.565 -0.149092
273.865 6.48698 958.93 -0.247498
273.921 6.47052 959.294 -0.32434
273.978 6.44988 959.657 -0.395432
274.034 6.42571 960.018 -0.450547
274.09 6.39944 960.379 -0.481421
274.146 6.37113 960.737 -0.514712
274.202 6.34223 961.094 -0.513787
274.258 6.31358 961.449 -0.504403
274.315 6.28601 961.803 -0.478347
274.371 6.26064 962.155 -0.432494
274.427 6.23818 962.506 -0.376391
274.483 6.21981 962.856 -0.291792
274.539 6.20641 963.205 -0.200885
274.596 6.19826 963.554 -0.105452
274.652 6.19578 963.902 -0.00517459
274.708 6.19927 964.25 0.100625
274.764 6.20854 964.598 0.204804
274.82 6.22333 964.948 0.299777
274.876 6.24273 965.298 0.374589
274.933 6.26608 965.649 0.44031
274.989 6.29283 966.002 0.496473
275.045 6.32162 966.357 0.521505
275.101 6.35131 966.713 0.533863
275.157 6.38063 967.071 0.510323
275.213 6.40808 967.43 0.468557
275.27 6.43247 967.791 0.403992
275.326 6.45211 968.153 0.306435
275.382 6.46483 968.516 0.165019
275.438 6.46767 968.879 -0.0266213
275.494 6.46006 969.243 -0.204714
275.551 6.44138 969.605 -0.423671
275.607 6.40983 969.966 -0.660999
275.663 6.36438 970.324 -0.913033
275.719 6.30431 970.68 -1.17681
275.775 6.2294 971.032 -1.43866
275.831 6.1396 971.379 -1.70246
275.888 6.03623 971.72 -1.9295
275.944 5.92052 972.055 -2.14214
276 5.79421 972.384 -2.31333
276.056 5.65992 972.705 -2.43705
276.112 5.52019 973.018 -2.51605
276.169 5.3776 973.323 -2.55088
276.225 5.23411 973.621 -2.54545
276.281 5.09226 973.91 -2.50995
276.337 4.95345 974.191 -2.44573
276.393 4.81854 974.465 -2.36856
276.449 4.68848 974.731 -2.27734
276.506 4.56369 974.991 -2.18842
276.562 4.44365 975.243 -2.10421
276.618 4.32768 975.489 -2.03901
276.674 4.21479 975.728 -1.98907
276.73 4.1043 975.961 -1.95426
276.787 3.9954 976.188 -1.92974
276.843 3.88733 976.409 -1.92284
276.899 3.77957 976.623 -1.92174
276.955 3.67151 976.832 -1.92826
277.011 3.56248 977.035 -1.94784
277.067 3.45228 977.231 -1.96949
277.124 3.34118 977.421 -1.98486
277.18 3.229 977.605 -2.00204
277.236 3.11635 977.783 -2.00763
277.292 3.00351 977.954 -2.00404
277.348 2.89176 978.119 -1.97688
277.404 2.78201 978.278 -1.93728
277.461 2.67519 978.431 -1.87462
277.517 2.57256 978.577 -1.7917
277.573 2.47525 978.719 -1.6871
277.629 2.38477 978.855 -1.55411
277.685 2.30214 978.986 -1.41272
277.742 2.22825 979.113 -1.24879
277.798 2.1639 979.235 -1.07304
277.854 2.10967 979.355 -0.892379
277.91 2.066 979.472 -0.702231
277.966 2.03303 979.587 -0.51352
278.022 2.01025 979.701 -0.33616
278.079 1.99694 979.813 -0.169598
278.135 1.99285 979.925 -0.010104
278.191 1.99762 980.037 0.14694
278.247 2.01063 980.15 0.289763
278.303 2.03145 980.263 0.423148
278.36 2.05949 980.378 0.545507
278.416 2.09413 980.495 0.662969
278.472 2.13536 980.614 0.783267
278.528 2.18332 980.736 0.903837
278.584 2.23833 980.86 1.03151
278.64 2.3006 980.988 1.16363
278.697 2.37044 981.12 1.29645
278.753 2.44782 981.255 1.43276
278.809 2.53295 981.396 1.57005
278.865 2.6258 981.541 1.70835
278.921 2.72636 981.692 1.84475
278.978 2.83464 981.849 1.98059
279.034 2.95019 982.012 2.10806
279.09 3.07262 982.182 2.22365
279.146 3.20133 982.359 2.33751
279.202 3.33595 982.543 2.43459
279.258 3.47558 982.735 2.51803
279.315 3.61967 982.935 2.59281
279.371 3.76716 983.143 2.64491
279.427 3.91709 983.36 2.68703
279.483 4.06879 983.585 2.70799
279.539 4.22189 983.819 2.73275
279.596 4.37582 984.061 2.74524
279.652 4.53054 984.312 2.76058
279.708 4.68583 984.572 2.76651
279.764 4.84137 984.841 2.76877
279.82 4.99675 985.118 2.75983
279.876 5.15189 985.404 2.76859
279.933 5.30745 985.699 2.7692
279.989 5.4633 986.002 2.77664
