# t frame_uz frame_z ub_dans_repere
160.001 6.89507e-05 7.101e-08 0.0669511
160.019 0.0198662 0.000211328 1.15312
160.051 0.0613084 0.00164175 1.36189
160.092 0.122942 0.00569118 1.56435
160.14 0.20308 0.0137136 1.78876
160.19 0.3002 0.0268758 2.00682
160.243 0.412874 0.0462302 2.22172
160.297 0.539233 0.0725435 2.42223
160.352 0.678106 0.106706 2.59538
160.407 0.825973 0.148797 2.7525
160.463 0.985092 0.200339 2.90184
160.519 1.15219 0.261058 3.03812
160.575 1.32626 0.331371 3.15241
160.631 1.50619 0.411627 3.25383
160.687 1.69154 0.502139 3.34614
160.743 1.88125 0.603179 3.4155
160.798 2.07436 0.714955 3.47047
160.854 2.26986 0.837626 3.50594
160.91 2.4668 0.971293 3.52659
160.966 2.66483 1.11602 3.5452
161.022 2.86343 1.27208 3.54161
161.079 3.06224 1.43965 3.53362
161.135 3.26021 1.61837 3.51454
161.191 3.45667 1.80816 3.48421
161.247 3.65128 2.00892 3.44988
161.303 3.84365 2.22054 3.40565
161.36 4.0333 2.44288 3.35677
161.416 4.2204 2.67579 3.31356
161.472 4.40499 2.91913 3.26751
161.528 4.58701 3.17274 3.22635
161.584 4.76725 3.43652 3.19631
161.64 4.94552 3.71037 3.15739
161.697 5.12128 3.99414 3.11041
161.753 5.29479 4.28771 3.07324
161.809 5.46601 4.59095 3.02881
161.865 5.6345 4.90373 2.97852
161.921 5.80017 5.22587 2.93281
161.978 5.96382 5.55724 2.89584
162.034 6.12492 5.89773 2.84846
162.09 6.28375 6.24719 2.81008
162.146 6.43993 6.60549 2.7581
162.202 6.59313 6.97246 2.70721
162.258 6.74336 7.34794 2.65245
162.315 6.89044 7.73175 2.59404
162.371 7.03408 8.12371 2.53188
162.427 7.17451 8.52363 2.47885
162.483 7.31154 8.93133 2.40994
162.539 7.44489 9.3466 2.35416
162.596 7.57515 9.76926 2.29353
162.652 7.70214 10.1991 2.23853
162.708 7.8258 10.636 2.17831
162.764 7.9462 11.0797 2.12158
162.82 8.06384 11.5301 2.07459
162.876 8.17841 11.987 2.01758
162.933 8.29015 12.4503 1.96863
162.989 8.39907 12.9197 1.91817
163.045 8.50518 13.3951 1.86828
163.101 8.60849 13.8765 1.81845
163.157 8.7093 14.3635 1.77887
163.213 8.8078 14.8561 1.73723
163.27 8.90414 15.3542 1.70075
163.326 8.99838 15.8576 1.65199
163.382 9.08982 16.3662 1.61108
163.438 9.17856 16.8799 1.5565
163.494 9.2644 17.3984 1.50734
163.551 9.34699 17.9217 1.44822
163.607 9.4263 18.4495 1.38482
163.663 9.50211 18.9817 1.32678
163.719 9.57461 19.5179 1.26744
163.775 9.64403 20.0582 1.21402
163.831 9.71043 20.6022 1.1608
163.888 9.77366 21.1499 1.1036
163.944 9.83348 21.701 1.03779
164 9.88971 22.2554 0.977029
164.056 9.94262 22.8128 0.918648
164.112 9.99232 23.3731 0.861391
164.169 10.039 23.936 0.808574
164.225 10.0827 24.5015 0.757941
164.281 10.1238 25.0693 0.710264
164.337 10.162 25.6394 0.659479
164.393 10.1972 26.2115 0.605997
164.449 10.2298 26.7855 0.561125
164.506 10.2599 27.3612 0.519016
164.562 10.2874 27.9385 0.472091
164.618 10.3124 28.5173 0.426587
164.674 10.3352 29.0975 0.391778
164.73 10.3562 29.6788 0.363613
164.787 10.3757 30.2613 0.333472
164.843 10.3934 30.8448 0.301524
164.899 10.4092 31.4292 0.270498
164.955 10.4235 32.0145 0.240666
165.011 10.4361 32.6005 0.214452
165.067 10.4472 33.1872 0.188946
165.124 10.4571 33.7745 0.166994
165.18 10.4661 34.3622 0.154576
165.236 10.4741 34.9505 0.137105
165.292 10.4814 35.5392 0.125295
165.348 10.4882 36.1283 0.116658
165.404 10.4944 36.7177 0.106812
165.461 10.5001 37.3075 0.0990021
165.517 10.5056 37.8975 0.103054
165.573 10.5117 38.4879 0.11088
165.629 10.5181 39.0787 0.117336
165.685 10.525 39.6698 0.128588
165.742 10.5328 40.2614 0.145455
165.798 10.5417 40.8534 0.165182
165.854 10.5517 41.446 0.187192
165.91 10.563 42.0391 0.212772
165.966 10.5761 42.633 0.245
166.022 10.591 43.2277 0.28133
166.079 10.6081 43.8232 0.317788
166.135 10.6272 44.4198 0.355604
166.191 10.6484 45.0176 0.392654
166.247 10.6718 45.6166 0.434261
166.303 10.6977 46.217 0.477464
166.36 10.7259 46.8189 0.521624
166.416 10.7566 47.4225 0.565519
166.472 10.7899 48.0279 0.608271
166.528 10.8256 48.6353 0.653885
166.584 10.8638 49.2447 0.694294
166.64 10.9041 49.8564 0.733453
166.697 10.9469 50.4704 0.783334
166.753 10.9923 51.087 0.82112
166.809 11.0396 51.7061 0.856623
166.865 11.089 52.3279 0.896286
166.921 11.1406 52.9527 0.932282
166.978 11.1943 53.5803 0.971754
167.034 11.25 54.2111 1.00692
167.09 11.3076 54.845 1.0345
167.146 11.3667 55.4823 1.06241
167.202 11.4274 56.1229 1.09064
167.258 11.4897 56.767 1.12241
167.315 11.5534 57.4146 1.13933
167.371 11.6181 58.0659 1.15744
167.427 11.6835 58.7208 1.17007
167.483 11.7498 59.3794 1.18622
167.539 11.8169 60.0417 1.19794
167.596 11.8848 60.7079 1.21678
167.652 11.9537 61.3779 1.23279
167.708 12.0232 62.0518 1.24144
167.764 12.0932 62.7296 1.25081
167.82 12.1639 63.4114 1.25987
167.876 12.2349 64.0971 1.2685
167.933 12.3065 64.7869 1.27806
167.989 12.379 65.4807 1.29641
168.045 12.4523 66.1786 1.3084
168.101 12.5261 66.8807 1.32007
168.157 12.6009 67.5869 1.33426
168.213 12.6762 68.2974 1.34531
168.27 12.7519 69.0121 1.34972
168.326 12.8279 69.731 1.35095
168.382 12.904 70.4543 1.35594
168.438 12.9801 71.1818 1.35466
168.494 13.0561 71.9136 1.35244
168.551 13.132 72.6496 1.34922
168.607 13.2076 73.3899 1.34375
168.663 13.2827 74.1344 1.33243
168.719 13.3571 74.8832 1.32024
168.775 13.431 75.6361 1.31073
168.831 13.5042 76.3931 1.29599
168.888 13.5765 77.1542 1.28195
168.944 13.6482 77.9193 1.27144
169 13.719 78.6885 1.25335
169.056 13.7887 79.4616 1.23189
169.112 13.8572 80.2385 1.21164
169.169 13.9246 81.0193 1.18964
169.225 13.9905 81.8038 1.16076
169.281 14.0543 82.5919 1.11705
169.337 14.1157 83.3836 1.07349
169.393 14.1745 84.1786 1.02793
169.449 14.2304 84.9768 0.977001
169.506 14.2838 85.7781 0.929088
169.562 14.3342 86.5823 0.880054
169.618 14.382 87.3892 0.829238
169.674 14.4265 88.1987 0.765132
169.73 14.4673 89.0105 0.699859
169.787 14.5042 89.8246 0.629877
169.843 14.5372 90.6406 0.558898
169.899 14.5663 91.4582 0.489299
169.955 14.5914 92.2774 0.421737
170.011 14.6125 93.0979 0.343348
170.067 14.6291 93.9194 0.264535
170.124 14.6411 94.7417 0.178303
170.18 14.6482 95.5645 0.0907046
170.236 14.6502 96.3875 -0.000153119
170.292 14.6469 97.2105 -0.0957197
170.348 14.6385 98.0331 -0.185832
170.404 14.6251 98.855 -0.275234
170.461 14.6063 99.6761 -0.372405
170.517 14.5824 100.496 -0.459944
170.573 14.5536 101.314 -0.547914
170.629 14.5197 102.131 -0.642858
170.685 14.4806 102.945 -0.729581
170.742 14.4369 103.757 -0.808983
170.798 14.3888 104.567 -0.888771
170.854 14.3362 105.373 -0.967645
170.91 14.2792 106.177 -1.04886
170.966 14.2175 106.977 -1.12819
171.022 14.1518 107.773 -1.20079
171.079 14.082 108.566 -1.2701
171.135 14.0081 109.355 -1.34493
171.191 13.9302 110.139 -1.41537
171.247 13.848 110.919 -1.49329
171.303 13.7614 111.694 -1.57462
171.36 13.6706 112.464 -1.64508
171.416 13.5761 113.229 -1.70769
171.472 13.4781 113.988 -1.76753
171.528 13.377 114.742 -1.81868
171.584 13.2731 115.49 -1.86766
171.64 13.1669 116.232 -1.90298
171.697 13.0586 116.968 -1.94062
171.753 12.9488 117.698 -1.95995
171.809 12.8381 118.422 -1.97916
171.865 12.7261 119.14 -2.00423
171.921 12.6134 119.851 -2.00634
171.978 12.5005 120.555 -2.00811
172.034 12.388 121.254 -1.99899
172.09 12.2762 121.946 -1.98253
172.146 12.1656 122.632 -1.9567
172.202 12.0571 123.312 -1.91613
172.258 11.9511 123.986 -1.86643
172.315 11.8482 124.654 -1.80726
172.371 11.7491 125.316 -1.7374
172.427 11.654 125.973 -1.66157
172.483 11.5631 126.624 -1.58557
172.539 11.477 127.271 -1.49879
172.596 11.3956 127.913 -1.41334
172.652 11.3191 128.551 -1.32672
172.708 11.2477 129.184 -1.23428
172.764 11.1813 129.814 -1.147
172.82 11.1197 130.44 -1.06239
172.876 11.0631 131.063 -0.974136
172.933 11.0108 131.682 -0.900207
172.989 10.9629 132.299 -0.822765
173.045 10.9194 132.914 -0.746702
173.101 10.8797 133.526 -0.67695
173.157 10.8438 134.136 -0.614442
173.213 10.8115 134.744 -0.548782
173.27 10.7829 135.35 -0.480953
173.326 10.7576 135.955 -0.432148
173.382 10.7352 136.559 -0.37225
173.438 10.7166 137.161 -0.305462
173.494 10.7014 137.763 -0.244453
173.551 10.6896 138.364 -0.187136
173.607 10.6812 138.964 -0.123159
173.663 10.6766 139.564 -0.0514754
173.719 10.6762 140.163 0.0212046
173.775 10.68 140.763 0.0990047
173.831 10.688 141.364 0.173427
173.888 10.7002 141.964 0.246324
173.944 10.7167 142.566 0.324015
174 10.7372 143.169 0.392198
174.056 10.7616 143.773 0.460403
174.112 10.7898 144.378 0.528833
174.169 10.8214 144.986 0.586128
174.225 10.8561 145.595 0.63732
174.281 10.8934 146.206 0.680447
174.337 10.9327 146.819 0.711019
174.393 10.9737 147.435 0.739982
174.449 11.016 148.053 0.762616
174.506 11.0592 148.673 0.772487
174.562 11.1029 149.296 0.775547
174.618 11.1467 149.921 0.780396
174.674 11.1901 150.549 0.766795
174.73 11.2327 151.179 0.755043
174.787 11.2748 151.811 0.742874
174.843 11.3159 152.446 0.725024
174.899 11.3563 153.083 0.713841
174.955 11.3957 153.722 0.694534
175.011 11.434 154.364 0.672555
175.067 11.4712 155.008 0.65215
175.124 11.507 155.653 0.629689
175.18 11.5418 156.301 0.613282
175.236 11.5756 156.95 0.590996
175.292 11.6083 157.602 0.574211
175.348 11.6401 158.255 0.558645
175.404 11.6712 158.91 0.551345
175.461 11.702 159.567 0.546463
175.517 11.7322 160.225 0.532543
175.573 11.7617 160.885 0.520948
175.629 11.7907 161.547 0.5111
175.685 11.819 162.21 0.500105
175.742 11.8469 162.875 0.489803
175.798 11.8743 163.542 0.484681
175.854 11.9013 164.21 0.480369
175.91 11.9283 164.879 0.479979
175.966 11.9552 165.55 0.478731
176.022 11.982 166.223 0.479082
176.079 12.0091 166.897 0.483663
176.135 12.0366 167.573 0.494536
176.191 12.0643 168.25 0.493888
176.247 12.0923 168.928 0.498433
176.303 12.1207 169.609 0.511443
176.36 12.1501 170.291 0.531294
176.416 12.1808 170.974 0.556341
176.472 12.2131 171.66 0.585957
176.528 12.2467 172.347 0.605459
176.584 12.2813 173.036 0.623572
176.64 12.317 173.727 0.645492
176.697 12.3541 174.421 0.671228
176.753 12.3927 175.116 0.696928
176.809 12.4328 175.813 0.723095
176.865 12.4742 176.513 0.749835
176.921 12.5176 177.216 0.78938
176.978 12.5629 177.92 0.817291
177.034 12.6097 178.628 0.842547
177.09 12.658 179.338 0.868603
177.146 12.7078 180.05 0.899751
177.202 12.7592 180.766 0.926852
177.258 12.8122 181.485 0.952974
177.315 12.8668 182.206 0.982431
177.371 12.9228 182.931 1.00763
177.427 12.9804 183.659 1.03487
177.483 13.0392 184.39 1.05385
177.539 13.0993 185.125 1.08204
177.596 13.1611 185.863 1.10983
177.652 13.2241 186.604 1.12832
177.708 13.2882 187.349 1.14834
177.764 13.3534 188.098 1.16861
177.82 13.4199 188.851 1.19317
177.876 13.4876 189.607 1.21307
177.933 13.5563 190.367 1.22865
177.989 13.626 191.131 1.249
178.045 13.6967 191.899 1.26335
178.101 13.7679 192.67 1.26994
178.157 13.8394 193.446 1.2719
178.213 13.9108 194.226 1.2719
178.27 13.9826 195.01 1.27791
178.326 14.0543 195.798 1.27461
178.382 14.1257 196.59 1.2676
178.438 14.1968 197.386 1.26044
178.494 14.2674 198.186 1.25545
178.551 14.3376 198.99 1.24479
178.607 14.407 199.798 1.22853
178.663 14.4753 200.609 1.20596
178.719 14.5422 201.425 1.18186
178.775 14.6075 202.244 1.14709
178.831 14.6708 203.067 1.11107
178.888 14.7316 203.893 1.0632
178.944 14.7897 204.723 1.01209
179 14.8445 205.556 0.95337
179.056 14.896 206.391 0.890054
179.112 14.9438 207.23 0.824407
179.169 14.988 208.071 0.761885
179.225 15.0285 208.914 0.694605
179.281 15.0652 209.76 0.622299
179.337 15.0977 210.607 0.549888
179.393 15.1258 211.456 0.4677
179.449 15.1493 212.307 0.385765
179.506 15.1683 213.159 0.305334
179.562 15.1824 214.011 0.2177
179.618 15.1919 214.865 0.133249
179.674 15.1968 215.718 0.0573626
179.73 15.197 216.572 -0.0281642
179.787 15.1925 217.426 -0.11455
179.843 15.1833 218.279 -0.195049
179.899 15.1696 219.131 -0.275288
179.955 15.1516 219.983 -0.351118
180.011 15.1297 220.834 -0.413789
180.067 15.1043 221.683 -0.477403
180.124 15.0755 222.53 -0.539472
180.18 15.0433 223.376 -0.595074
180.236 15.0079 224.22 -0.654412
180.292 14.9693 225.062 -0.711343
180.348 14.9274 225.902 -0.768171
180.404 14.8822 226.739 -0.827176
180.461 14.8337 227.573 -0.887499
180.517 14.7819 228.405 -0.944444
180.573 14.7267 229.233 -1.00696
180.629 14.6681 230.059 -1.07086
180.685 14.6058 230.881 -1.1315
180.742 14.5399 231.699 -1.19906
180.798 14.4703 232.514 -1.27017
180.854 14.3962 233.324 -1.34866
180.91 14.3177 234.13 -1.42793
180.966 14.2347 234.932 -1.50744
181.022 14.1477 235.729 -1.57489
181.079 14.0568 236.52 -1.64462
181.135 13.9622 237.307 -1.71247
181.191 13.8641 238.088 -1.76646
181.247 13.7632 238.863 -1.81235
181.303 13.6599 239.633 -1.85841
181.36 13.5544 240.397 -1.88415
181.416 13.4481 241.155 -1.89666
181.472 13.3417 241.907 -1.89275
181.528 13.2356 242.653 -1.88408
181.584 13.1307 243.393 -1.8555
181.64 13.0276 244.127 -1.81987
181.697 12.9269 244.856 -1.7728
181.753 12.829 245.578 -1.72403
181.809 12.7345 246.296 -1.65464
181.865 12.6438 247.008 -1.58617
181.921 12.557 247.716 -1.51719
181.978 12.4743 248.418 -1.44141
182.034 12.3959 249.117 -1.36063
182.09 12.322 249.81 -1.28781
182.146 12.2522 250.5 -1.21371
182.202 12.1869 251.186 -1.12743
182.258 12.1261 251.869 -1.05536
182.315 12.0693 252.548 -0.985436
182.371 12.0163 253.225 -0.917019
182.427 11.9666 253.898 -0.861159
182.483 11.9203 254.569 -0.798361
182.539 11.8777 255.237 -0.734183
182.596 11.8382 255.903 -0.682189
182.652 11.8019 256.567 -0.622794
182.708 11.7688 257.229 -0.568844
182.764 11.7385 257.889 -0.514894
182.82 11.7119 258.547 -0.446914
182.876 11.6887 259.204 -0.392863
182.933 11.6688 259.86 -0.330662
182.989 11.6523 260.515 -0.271237
183.045 11.6391 261.169 -0.210633
183.101 11.6289 261.823 -0.161461
183.157 11.6219 262.476 -0.0960579
183.213 11.6189 263.129 -0.0276821
183.27 11.619 263.782 0.0233208
183.326 11.622 264.434 0.0700838
183.382 11.6277 265.088 0.119454
183.438 11.6358 265.741 0.161957
183.494 11.6465 266.395 0.204564
183.551 11.6591 267.05 0.237965
183.607 11.6734 267.705 0.267209
183.663 11.6894 268.362 0.293191
183.719 11.7066 269.019 0.313135
183.775 11.7246 269.677 0.325758
183.831 11.7432 270.337 0.33476
183.888 11.762 270.997 0.33694
183.944 11.781 271.658 0.337876
184 11.7999 272.321 0.331868
184.056 11.8182 272.984 0.322644
184.112 11.836 273.649 0.312818
184.169 11.8531 274.314 0.298403
184.225 11.8694 274.981 0.2846
184.281 11.8848 275.648 0.266863
184.337 11.8992 276.316 0.247832
184.393 11.9124 276.985 0.227876
184.449 11.9245 277.655 0.206355
184.506 11.9355 278.325 0.190373
184.562 11.9458 278.996 0.179817
184.618 11.9553 279.668 0.162032
184.674 11.9637 280.34 0.142976
184.73 11.9714 281.012 0.132202
184.787 11.9782 281.685 0.110437
184.843 11.9838 282.358 0.094147
184.899 11.9886 283.031 0.080155
184.955 11.9926 283.705 0.0661354
185.011 11.9958 284.379 0.0493761
185.067 11.9983 285.053 0.0406828
185.124 12.0002 285.727 0.0283945
185.18 12.0011 286.401 0.0112317
185.236 12.0012 287.075 -0.00367992
185.292 12.0005 287.749 -0.0184503
185.348 11.9988 288.424 -0.0390217
185.404 11.9962 289.098 -0.0510666
185.461 11.9929 289.771 -0.0630894
185.517 11.989 290.445 -0.0763278
185.573 11.9838 291.118 -0.101604
185.629 11.9775 291.792 -0.116231
185.685 11.9707 292.464 -0.126224
185.742 11.9633 293.136 -0.136976
185.798 11.9547 293.808 -0.163297
185.854 11.9452 294.48 -0.1726
185.91 11.9352 295.15 -0.181575
185.966 11.9246 295.82 -0.194154
186.022 11.9128 296.49 -0.219986
186.079 11.8998 297.159 -0.236622
186.135 11.8859 297.827 -0.253196
186.191 11.8712 298.494 -0.268188
186.247 11.8552 299.161 -0.296745
186.303 11.8377 299.826 -0.316557
186.36 11.8193 300.49 -0.336257
186.416 11.7999 301.154 -0.352544
186.472 11.7793 301.816 -0.379298
186.528 11.757 302.477 -0.406466
186.584 11.7336 303.137 -0.421376
186.64 11.7091 303.795 -0.447069
186.697 11.683 304.452 -0.478897
186.753 11.655 305.107 -0.509518
186.809 11.6257 305.761 -0.529831
186.865 11.5953 306.413 -0.549551
186.921 11.5638 307.064 -0.56756
186.978 11.5309 307.712 -0.597685
187.034 11.4967 308.359 -0.614495
187.09 11.4618 309.004 -0.625329
187.146 11.4264 309.646 -0.633821
187.202 11.3905 310.287 -0.642028
187.258 11.3543 310.926 -0.641577
187.315 11.3181 311.562 -0.645002
187.371 11.2822 312.197 -0.637879
187.427 11.2464 312.83 -0.633939
187.483 11.2108 313.46 -0.629635
187.539 11.1758 314.089 -0.619877
187.596 11.1411 314.716 -0.61655
187.652 11.1066 315.34 -0.60964
187.708 11.0729 315.963 -0.595437
187.764 11.0402 316.584 -0.571358
187.82 11.0084 317.203 -0.556592
187.876 10.9778 317.821 -0.541679
187.933 10.9476 318.436 -0.533304
187.989 10.9183 319.05 -0.512945
188.045 10.89 319.663 -0.498734
188.101 10.8625 320.274 -0.484191
188.157 10.8355 320.883 -0.474692
188.213 10.8093 321.491 -0.460126
188.27 10.7839 322.097 -0.44982
188.326 10.7585 322.702 -0.452279
188.382 10.7334 323.306 -0.443662
188.438 10.7089 323.908 -0.430667
188.494 10.6848 324.509 -0.425403
188.551 10.661 325.108 -0.421948
188.607 10.6375 325.707 -0.416428
188.663 10.6143 326.303 -0.408198
188.719 10.5916 326.899 -0.404422
188.775 10.569 327.493 -0.399058
188.831 10.5462 328.086 -0.410199
188.888 10.5234 328.678 -0.404237
188.944 10.5009 329.268 -0.396919
189 10.4787 329.857 -0.393169
189.056 10.4568 330.445 -0.38847
189.112 10.4353 331.032 -0.377734
189.169 10.4144 331.618 -0.367094
189.225 10.3942 332.202 -0.355979
189.281 10.3747 332.785 -0.342506
189.337 10.3557 333.368 -0.336583
189.393 10.3372 333.949 -0.32511
189.449 10.3194 334.529 -0.310856
189.506 10.3023 335.108 -0.300882
189.562 10.2857 335.686 -0.293814
189.618 10.2694 336.264 -0.287517
189.674 10.2533 336.84 -0.283782
189.73 10.2374 337.415 -0.284379
189.787 10.2213 337.99 -0.288027
189.843 10.2049 338.564 -0.29342
189.899 10.1883 339.136 -0.300835
189.955 10.1711 339.708 -0.309558
190.011 10.1532 340.279 -0.323005
190.067 10.1345 340.849 -0.342213
190.124 10.1147 341.418 -0.356589
190.18 10.094 341.985 -0.374198
190.236 10.0725 342.551 -0.392852
190.292 10.05 343.117 -0.408889
190.348 10.0261 343.68 -0.434608
190.404 10.0007 344.243 -0.462974
190.461 9.97404 344.804 -0.483669
190.517 9.94594 345.363 -0.509319
190.573 9.91646 345.921 -0.538722
190.629 9.88554 346.477 -0.556622
190.685 9.85308 347.031 -0.588167
190.742 9.81925 347.584 -0.615632
190.798 9.78384 348.134 -0.639274
190.854 9.7472 348.683 -0.659336
190.91 9.70936 349.229 -0.684808
190.966 9.67039 349.773 -0.699846
191.022 9.63034 350.315 -0.720486
191.079 9.58909 350.855 -0.745938
191.135 9.54657 351.392 -0.765484
191.191 9.50294 351.927 -0.779973
191.247 9.45877 352.459 -0.791365
191.303 9.41404 352.989 -0.799813
191.36 9.36906 353.516 -0.798719
191.416 9.32436 354.041 -0.795651
191.472 9.27946 354.564 -0.800511
191.528 9.23465 355.083 -0.795173
191.584 9.19028 355.601 -0.785906
191.64 9.14666 356.116 -0.771023
191.697 9.10365 356.628 -0.760916
191.753 9.06121 357.138 -0.751968
191.809 9.01951 357.646 -0.732323
191.865 8.97925 358.151 -0.706943
191.921 8.94037 358.654 -0.68335
191.978 8.90322 359.155 -0.647497
192.034 8.86781 359.654 -0.619036
192.09 8.83419 360.151 -0.584968
192.146 8.80275 360.646 -0.540931
192.202 8.77388 361.14 -0.496389
192.258 8.74752 361.632 -0.45031
192.315 8.72386 362.123 -0.401652
192.371 8.70297 362.612 -0.350993
192.427 8.68474 363.1 -0.306801
192.483 8.66939 363.588 -0.250498
192.539 8.65715 364.074 -0.193435
192.596 8.64824 364.56 -0.137747
192.652 8.64231 365.046 -0.0863552
192.708 8.63936 365.531 -0.026563
192.764 8.64011 366.017 0.039175
192.82 8.64442 366.502 0.0981989
192.876 8.6518 366.988 0.15377
192.933 8.66245 367.474 0.211591
192.989 8.67627 367.962 0.267988
193.045 8.69326 368.45 0.325712
193.101 8.71346 368.939 0.381959
193.157 8.73689 369.429 0.440279
193.213 8.76347 369.921 0.495111
193.27 8.79319 370.414 0.550101
193.326 8.82607 370.909 0.60876
193.382 8.86203 371.406 0.65937
193.438 8.90078 371.905 0.709631
193.494 8.9422 372.407 0.755435
193.551 8.98616 372.911 0.798819
193.607 9.03255 373.417 0.838474
193.663 9.08091 373.926 0.871417
193.719 9.13094 374.438 0.900547
193.775 9.1825 374.953 0.927431
193.831 9.23571 375.47 0.961054
193.888 9.29054 375.991 0.986939
193.944 9.3468 376.515 1.0079
194 9.40412 377.042 1.02716
194.056 9.46222 377.572 1.03742
194.112 9.52062 378.106 1.03761
194.169 9.57895 378.642 1.03629
194.225 9.6367 379.183 1.02327
194.281 9.69382 379.726 1.01266
194.337 9.75057 380.272 1.00862
194.393 9.80703 380.822 1.00324
194.449 9.86328 381.375 0.998188
194.506 9.91937 381.931 0.998174
194.562 9.97517 382.49 0.989414
194.618 10.0303 383.052 0.973038
194.674 10.0845 383.618 0.956652
194.73 10.1375 384.186 0.936489
194.787 10.1892 384.757 0.911004
194.843 10.2399 385.331 0.895966
194.899 10.2895 385.908 0.876265
194.955 10.3383 386.488 0.861458
195.011 10.3863 387.07 0.851284
195.067 10.4334 387.656 0.830083
195.124 10.4796 388.243 0.813733
195.18 10.5247 388.834 0.796057
195.236 10.5686 389.426 0.772767
195.292 10.6114 390.021 0.753643
195.348 10.6532 390.619 0.736349
195.404 10.6938 391.219 0.715755
195.461 10.7334 391.821 0.696278
195.517 10.7718 392.425 0.675814
195.573 10.8091 393.032 0.655782
195.629 10.8454 393.64 0.639366
195.685 10.8808 394.251 0.624022
195.742 10.9154 394.863 0.61362
195.798 10.9496 395.478 0.606426
195.854 10.9836 396.094 0.602652
195.91 11.0173 396.712 0.599274
195.966 11.0508 397.332 0.594615
196.022 11.0841 397.954 0.593377
196.079 11.1174 398.578 0.591199
196.135 11.1504 399.204 0.58642
196.191 11.1835 399.831 0.589635
196.247 11.2167 400.461 0.593863
196.303 11.25 401.092 0.596086
196.36 11.2836 401.725 0.598988
196.416 11.3174 402.36 0.602892
196.472 11.3513 402.997 0.601447
196.528 11.3849 403.636 0.597793
196.584 11.4181 404.277 0.585254
196.64 11.4503 404.919 0.566444
196.697 11.4817 405.563 0.552305
196.753 11.5123 406.21 0.541933
196.809 11.5425 406.857 0.533058
196.865 11.5723 407.507 0.527877
196.921 11.6015 408.158 0.517294
196.978 11.6301 408.811 0.503413
197.034 11.6578 409.465 0.48442
197.09 11.6843 410.121 0.464822
197.146 11.7099 410.778 0.449493
197.202 11.7347 411.437 0.435742
197.258 11.7585 412.097 0.414365
197.315 11.781 412.758 0.391334
197.371 11.8022 413.421 0.368499
197.427 11.8221 414.084 0.343206
197.483 11.8406 414.749 0.320403
197.539 11.8579 415.415 0.301064
197.596 11.8741 416.082 0.281193
197.652 11.8895 416.749 0.265391
197.708 11.9042 417.418 0.26241
197.764 11.9183 418.087 0.243487
197.82 11.9314 418.757 0.226983
197.876 11.9438 419.428 0.216578
197.933 11.9556 420.099 0.204338
197.989 11.9668 420.771 0.195513
198.045 11.9773 421.444 0.179411
198.101 11.9866 422.117 0.160395
198.157 11.9952 422.791 0.14523
198.213 12.0028 423.465 0.131565
198.27 12.0098 424.14 0.120072
198.326 12.0159 424.814 0.0989214
198.382 12.021 425.49 0.0858717
198.438 12.0252 426.165 0.0706919
198.494 12.0288 426.841 0.0598758
198.551 12.032 427.517 0.0549239
198.607 12.0348 428.193 0.0486631
198.663 12.0374 428.869 0.0450393
198.719 12.0399 429.545 0.0472553
198.775 12.0426 430.222 0.0488289
198.831 12.0456 430.898 0.0531466
198.888 12.0486 431.575 0.0584852
198.944 12.0519 432.252 0.0586814
199 12.0553 432.929 0.0631347
199.056 12.0592 433.607 0.0697044
199.112 12.0631 434.284 0.0683776
199.169 12.0668 434.962 0.0652284
199.225 12.0704 435.64 0.0631456
199.281 12.0735 436.319 0.048632
199.337 12.0757 436.997 0.0320778
199.393 12.0768 437.675 0.0109352
199.449 12.0766 438.354 -0.0134739
199.506 12.0749 439.032 -0.0414384
199.562 12.0715 439.71 -0.0716955
199.618 12.0663 440.389 -0.104352
199.674 12.0594 441.066 -0.135781
199.73 12.0507 441.743 -0.167762
199.787 12.0402 442.42 -0.199626
199.843 12.0279 443.096 -0.230781
199.899 12.014 443.771 -0.256635
199.955 11.9988 444.446 -0.281545
200.011 11.9824 445.119 -0.297855
200.067 11.9655 445.792 -0.301347
200.124 11.9485 446.464 -0.300445
200.18 11.9318 447.134 -0.297042
200.236 11.9154 447.804 -0.284439
200.292 11.9002 448.473 -0.262958
200.348 11.8862 449.141 -0.239477
200.404 11.8737 449.808 -0.20507
200.461 11.8634 450.475 -0.168134
200.517 11.8551 451.141 -0.138076
200.573 11.8485 451.807 -0.106932
200.629 11.8435 452.472 -0.0760803
200.685 11.8403 453.138 -0.045525
200.742 11.8384 453.803 -0.0276777
200.798 11.8373 454.468 -0.0135906
200.854 11.837 455.133 -0.000935476
200.91 11.8375 455.798 0.0115285
200.966 11.8386 456.463 0.0272082
201.022 11.8404 457.128 0.0355227
201.079 11.8429 457.793 0.0516386
201.135 11.8459 458.459 0.0548484
201.191 11.8491 459.124 0.0585419
201.247 11.8519 459.79 0.049622
201.303 11.8545 460.456 0.0440377
201.36 11.8569 461.122 0.0400958
201.416 11.8596 461.788 0.0539575
201.472 11.8629 462.455 0.0638624
201.528 11.8671 463.121 0.0813223
201.584 11.8723 463.788 0.103027
201.64 11.8788 464.455 0.123598
201.697 11.8866 465.123 0.147261
201.753 11.8956 465.791 0.166897
201.809 11.906 466.46 0.195098
201.865 11.918 467.129 0.225081
201.921 11.9317 467.799 0.256479
201.978 11.947 468.47 0.284125
202.034 11.9639 469.142 0.312223
202.09 11.9824 469.814 0.336721
202.146 12.0021 470.488 0.36124
202.202 12.0231 471.163 0.384519
202.258 12.0453 471.839 0.402526
202.315 12.0683 472.517 0.416593
202.371 12.0922 473.196 0.423838
202.427 12.1162 473.876 0.425677
202.483 12.1401 474.557 0.425088
202.539 12.1638 475.24 0.418348
202.596 12.187 475.924 0.410354
202.652 12.2099 476.61 0.403874
202.708 12.2323 477.296 0.394005
202.764 12.2543 477.984 0.389088
202.82 12.2756 478.673 0.373897
202.876 12.2959 479.364 0.350488
202.933 12.3154 480.055 0.342134
202.989 12.334 480.748 0.326954
203.045 12.352 481.441 0.315536
203.101 12.3696 482.136 0.31247
203.157 12.3868 482.831 0.302516
203.213 12.4037 483.528 0.296775
203.27 12.4203 484.225 0.296729
203.326 12.437 484.923 0.298001
203.382 12.4538 485.623 0.297682
203.438 12.4704 486.323 0.294447
203.494 12.4866 487.024 0.283189
203.551 12.5023 487.726 0.274484
203.607 12.5176 488.429 0.270358
203.663 12.5324 489.133 0.259004
203.719 12.5463 489.837 0.241313
203.775 12.5595 490.543 0.229715
203.831 12.5717 491.249 0.211175
203.888 12.5829 491.955 0.191298
203.944 12.5929 492.663 0.171458
204 12.6013 493.37 0.138032
204.056 12.6081 494.078 0.110656
204.112 12.6133 494.787 0.0800004
204.169 12.6168 495.496 0.0493579
204.225 12.6183 496.205 0.0134608
204.281 12.618 496.913 -0.0149965
204.337 12.6161 497.622 -0.0473294
204.393 12.6124 498.331 -0.0769769
204.449 12.607 499.039 -0.107368
204.506 12.6004 499.747 -0.127851
204.562 12.5924 500.455 -0.150834
204.618 12.5828 501.162 -0.182892
204.674 12.5717 501.869 -0.206572
204.73 12.5596 502.574 -0.223531
204.787 12.5461 503.28 -0.243682
204.843 12.5318 503.984 -0.260361
204.899 12.5169 504.688 -0.268118
204.955 12.5016 505.39 -0.274186
205.011 12.486 506.092 -0.279988
205.067 12.4704 506.793 -0.274854
205.124 12.455 507.493 -0.27046
205.18 12.4398 508.192 -0.268851
205.236 12.425 508.891 -0.261972
205.292 12.4107 509.588 -0.248886
205.348 12.3972 510.285 -0.232166
205.404 12.3848 510.981 -0.212473
205.461 12.3734 511.676 -0.195529
205.517 12.363 512.371 -0.180255
205.573 12.3535 513.065 -0.162367
205.629 12.345 513.759 -0.141484
205.685 12.338 514.452 -0.114073
205.742 12.3326 515.145 -0.0872856
205.798 12.3285 515.838 -0.0650835
205.854 12.3256 516.531 -0.0424751
205.91 12.3238 517.223 -0.0252239
205.966 12.3229 517.915 -0.00906765
206.022 12.3232 518.608 0.0143822
206.079 12.3245 519.3 0.0262814
206.135 12.3265 519.992 0.0406512
206.191 12.3292 520.685 0.0504747
206.247 12.3323 521.378 0.0576577
206.303 12.336 522.071 0.0721192
206.36 12.3401 522.764 0.0719038
206.416 12.3442 523.457 0.0729831
206.472 12.3482 524.151 0.0720384
206.528 12.3521 524.845 0.0661377
206.584 12.3556 525.539 0.0620844
206.64 12.359 526.233 0.0572792
206.697 12.3616 526.927 0.0385216
206.753 12.3633 527.622 0.0256751
206.809 12.3646 528.317 0.0205436
206.865 12.3655 529.011 0.0121137
206.921 12.3659 529.706 0.00654764
206.978 12.3658 530.401 -0.00903535
207.034 12.3647 531.095 -0.024558
207.09 12.3627 531.79 -0.0431394
207.146 12.3597 532.484 -0.0592838
207.202 12.3559 533.179 -0.0755448
207.258 12.351 533.873 -0.093901
207.315 12.3457 534.566 -0.0947411
207.371 12.3404 535.26 -0.0963269
207.427 12.3349 535.953 -0.0969894
207.483 12.3295 536.646 -0.0968115
207.539 12.324 537.338 -0.0988294
207.596 12.3182 538.03 -0.103964
207.652 12.3127 538.722 -0.0947612
207.708 12.3076 539.414 -0.0860116
207.764 12.3035 540.105 -0.0651502
207.82 12.3005 540.796 -0.0448076
207.876 12.2988 541.487 -0.019446
207.933 12.2988 542.178 0.0135551
207.989 12.3006 542.869 0.0430015
208.045 12.3042 543.56 0.0781251
208.101 12.3099 544.251 0.116116
208.157 12.3178 544.943 0.156089
208.213 12.3281 545.636 0.203944
208.27 12.3411 546.329 0.246179
208.326 12.3564 547.022 0.288449
208.382 12.3738 547.717 0.322179
208.438 12.3931 548.413 0.356644
208.494 12.4143 549.11 0.390576
208.551 12.4369 549.808 0.413807
208.607 12.4609 550.508 0.435549
208.663 12.4861 551.209 0.457699
208.719 12.5123 551.911 0.469257
208.775 12.5389 552.615 0.476753
208.831 12.5657 553.32 0.479509
208.888 12.5927 554.027 0.482496
208.944 12.6198 554.735 0.483434
209 12.647 555.445 0.484222
209.056 12.6742 556.157 0.483189
209.112 12.7013 556.87 0.48032
209.169 12.7283 557.584 0.48311
209.225 12.755 558.3 0.474626
209.281 12.7816 559.017 0.470844
209.337 12.8079 559.736 0.465512
209.393 12.8335 560.457 0.453852
209.449 12.8589 561.179 0.450391
209.506 12.8844 561.902 0.457251
209.562 12.9102 562.627 0.459939
209.618 12.936 563.353 0.457375
209.674 12.9616 564.08 0.454956
209.73 12.9867 564.809 0.443686
209.787 13.0112 565.54 0.430846
209.843 13.0348 566.272 0.415206
209.899 13.0573 567.005 0.391103
209.955 13.0785 567.739 0.366929
210.011 13.0984 568.474 0.347086
210.067 13.117 569.211 0.32008
210.124 13.1338 569.948 0.283531
210.18 13.1487 570.687 0.250991
210.236 13.1616 571.426 0.215108
210.292 13.1724 572.166 0.173917
210.348 13.1807 572.906 0.131451
210.404 13.1864 573.647 0.0826026
210.461 13.1893 574.388 0.0311015
210.517 13.1895 575.129 -0.015001
210.573 13.1869 575.87 -0.0659744
210.629 13.1816 576.61 -0.11443
210.685 13.1737 577.35 -0.157788
210.742 13.1634 578.09 -0.198656
210.798 13.1509 578.829 -0.23763
210.854 13.1367 579.568 -0.264579
210.91 13.121 580.305 -0.28595
210.966 13.1045 581.042 -0.29845
211.022 13.0876 581.777 -0.301419
211.079 13.0709 582.512 -0.295229
211.135 13.0548 583.246 -0.279701
211.191 13.0398 583.979 -0.256781
211.247 13.0264 584.711 -0.227393
211.303 13.0145 585.442 -0.199888
211.36 13.0046 586.173 -0.161078
211.416 12.9968 586.903 -0.121526
211.472 12.9915 587.633 -0.0745784
211.528 12.9889 588.363 -0.0280566
211.584 12.9887 589.093 0.0118466
211.64 12.9904 589.823 0.0448512
211.697 12.994 590.553 0.0779748
211.753 12.9994 591.283 0.105099
211.809 13.0059 592.013 0.12056
211.865 13.013 592.744 0.130332
211.921 13.0205 593.475 0.137747
211.978 13.0281 594.207 0.136886
212.034 13.0359 594.939 0.141277
212.09 13.0439 595.672 0.141035
212.146 13.0516 596.405 0.134748
212.202 13.0591 597.139 0.134408
212.258 13.0667 597.872 0.137222
212.315 13.0747 598.607 0.146037
212.371 13.0834 599.342 0.158464
212.427 13.0926 600.077 0.167793
212.483 13.1023 600.813 0.175503
212.539 13.1123 601.549 0.183236
212.596 13.1229 602.286 0.190735
212.652 13.1339 603.024 0.19885
212.708 13.1455 603.762 0.21014
212.764 13.1576 604.501 0.221242
212.82 13.1706 605.241 0.235371
212.876 13.1843 605.981 0.248756
212.933 13.1981 606.722 0.243721
212.989 13.2116 607.464 0.235404
213.045 13.2245 608.207 0.225029
213.101 13.2364 608.95 0.201857
213.157 13.2474 609.694 0.18797
213.213 13.257 610.439 0.161994
213.27 13.2651 611.184 0.132905
213.326 13.2715 611.929 0.0990531
213.382 13.2758 612.675 0.0626369
213.438 13.2777 613.421 0.015273
213.494 13.2769 614.167 -0.0340314
213.551 13.2734 614.913 -0.0827244
213.607 13.2667 615.658 -0.142849
213.663 13.2568 616.403 -0.198715
213.719 13.2439 617.147 -0.251469
213.775 13.2279 617.891 -0.305506
213.831 13.2089 618.633 -0.361062
213.888 13.1866 619.375 -0.41913
213.944 13.1613 620.115 -0.47293
214 13.1329 620.853 -0.527099
214.056 13.1014 621.59 -0.582749
214.112 13.0667 622.325 -0.638551
214.169 13.0291 623.058 -0.691185
214.225 12.9885 623.788 -0.742596
214.281 12.9452 624.516 -0.787751
214.337 12.8994 625.242 -0.83305
214.393 12.8512 625.965 -0.874206
214.449 12.8006 626.686 -0.916849
214.506 12.7476 627.403 -0.959443
214.562 12.6926 628.117 -0.991673
214.618 12.6353 628.828 -1.03675
214.674 12.5757 629.536 -1.07384
214.73 12.5144 630.241 -1.10307
214.787 12.4515 630.942 -1.1266
214.843 12.3873 631.639 -1.15071
214.899 12.3218 632.333 -1.17341
214.955 12.2557 633.023 -1.18174
215.011 12.1888 633.709 -1.19743
215.067 12.1213 634.391 -1.20266
215.124 12.0539 635.07 -1.19662
215.18 11.9868 635.745 -1.18902
215.236 11.9207 636.416 -1.1698
215.292 11.8556 637.084 -1.14968
215.348 11.7917 637.748 -1.13106
215.404 11.729 638.408 -1.10477
215.461 11.6678 639.065 -1.08182
215.517 11.608 639.718 -1.05288
215.573 11.55 640.368 -1.01897
215.629 11.4939 641.015 -0.984523
215.685 11.44 641.659 -0.944735
215.742 11.3884 642.3 -0.898219
215.798 11.3394 642.938 -0.854792
215.854 11.293 643.574 -0.808555
215.91 11.2493 644.207 -0.756064
215.966 11.2081 644.837 -0.714562
216.022 11.1699 645.466 -0.661756
216.079 11.1343 646.092 -0.617131
216.135 11.101 646.717 -0.573831
216.191 11.0703 647.339 -0.531461
216.247 11.0419 647.96 -0.487257
216.303 11.0159 648.58 -0.446306
216.36 10.9923 649.198 -0.406019
216.416 10.9708 649.814 -0.366263
216.472 10.9512 650.43 -0.336926
216.528 10.9338 651.045 -0.295925
216.584 10.9185 651.658 -0.253925
216.64 10.9056 652.271 -0.214703
216.697 10.8947 652.884 -0.175418
216.753 10.8862 653.495 -0.137649
216.809 10.8802 654.107 -0.0898067
216.865 10.8768 654.718 -0.0452135
216.921 10.8759 655.329 -0.00115504
216.978 10.8771 655.94 0.0396828
217.034 10.8812 656.551 0.0938528
217.09 10.8881 657.163 0.143968
217.146 10.8981 657.775 0.197607
217.202 10.9107 658.387 0.245445
217.258 10.9264 659.001 0.299206
217.315 10.9448 659.615 0.349778
217.371 10.9666 660.231 0.410559
217.427 10.9914 660.848 0.461016
217.483 11.0188 661.466 0.504379
217.539 11.0489 662.086 0.55727
217.596 11.082 662.708 0.610891
217.652 11.1176 663.332 0.649014
217.708 11.1552 663.958 0.682241
217.764 11.1947 664.586 0.718553
217.82 11.2362 665.216 0.752923
217.876 11.2796 665.849 0.782864
217.933 11.3245 666.484 0.808
217.989 11.3705 667.122 0.828676
218.045 11.4178 667.762 0.846508
218.101 11.4658 668.405 0.858481
218.157 11.514 669.051 0.859434
218.213 11.5622 669.699 0.857497
218.27 11.6103 670.351 0.855073
218.326 11.658 671.004 0.845381
218.382 11.7052 671.661 0.836136
218.438 11.7517 672.32 0.818429
218.494 11.797 672.982 0.801106
218.551 11.8415 673.646 0.784634
218.607 11.885 674.313 0.765981
218.663 11.9272 674.982 0.743359
218.719 11.9683 675.653 0.722401
218.775 12.0081 676.327 0.704802
218.831 12.0467 677.003 0.67988
218.888 12.0838 677.681 0.645332
218.944 12.1189 678.361 0.610483
219 12.1518 679.043 0.570774
219.056 12.1827 679.727 0.535236
219.112 12.2114 680.412 0.49681
219.169 12.2381 681.099 0.461765
219.225 12.2628 681.788 0.42479
219.281 12.2854 682.477 0.384394
219.337 12.3054 683.168 0.337062
219.393 12.3228 683.86 0.29274
219.449 12.3375 684.553 0.242722
219.506 12.3494 685.246 0.192645
219.562 12.3588 685.941 0.147401
219.618 12.3655 686.635 0.0994244
219.674 12.3693 687.33 0.0467007
219.73 12.3701 688.025 -0.00807356
219.787 12.3676 688.72 -0.0686716
219.843 12.3617 689.414 -0.128562
219.899 12.3527 690.109 -0.181625
219.955 12.3408 690.802 -0.233949
220.011 12.326 691.495 -0.282128
220.067 12.3086 692.187 -0.330448
220.124 12.2886 692.878 -0.370897
220.18 12.2664 693.567 -0.410287
220.236 12.2423 694.256 -0.44345
220.292 12.2162 694.943 -0.476261
220.348 12.1884 695.628 -0.507737
220.404 12.1589 696.312 -0.534565
220.461 12.1281 696.994 -0.554539
220.517 12.0961 697.674 -0.58057
220.573 12.0627 698.352 -0.602606
220.629 12.0286 699.029 -0.613412
220.685 11.9936 699.704 -0.625679
220.742 11.9584 700.376 -0.627421
220.798 11.9232 701.047 -0.626466
220.854 11.8878 701.715 -0.630004
220.91 11.8524 702.382 -0.63249
220.966 11.8167 703.047 -0.636913
221.022 11.7809 703.709 -0.632837
221.079 11.7456 704.37 -0.628924
221.135 11.7103 705.029 -0.626654
221.191 11.6752 705.686 -0.625176
221.247 11.6403 706.34 -0.617847
221.303 11.6061 706.993 -0.603891
221.36 11.5724 707.644 -0.598121
221.416 11.5393 708.293 -0.584946
221.472 11.507 708.94 -0.567117
221.528 11.4757 709.586 -0.551817
221.584 11.4453 710.229 -0.53451
221.64 11.4158 710.871 -0.514782
221.697 11.3877 711.512 -0.488653
221.753 11.361 712.15 -0.468427
221.809 11.3356 712.788 -0.442212
221.865 11.3114 713.424 -0.42337
221.921 11.2883 714.059 -0.402791
221.978 11.2665 714.692 -0.375006
222.034 11.2462 715.324 -0.35246
222.09 11.2274 715.955 -0.322765
222.146 11.2104 716.586 -0.290883
222.202 11.1948 717.215 -0.271252
222.258 11.1803 717.843 -0.250062
222.315 11.1669 718.471 -0.229707
222.371 11.1547 719.098 -0.208464
222.427 11.144 719.724 -0.17931
222.483 11.135 720.35 -0.152406
222.539 11.1271 720.975 -0.131416
222.596 11.1204 721.6 -0.113923
222.652 11.1146 722.225 -0.0934814
222.708 11.1101 722.849 -0.0702247
222.764 11.107 723.473 -0.0460254
222.82 11.1052 724.097 -0.0274019
222.876 11.1044 724.721 -0.00353508
222.933 11.1052 725.345 0.0245784
222.989 11.1076 725.969 0.0536843
223.045 11.1114 726.593 0.07809
223.101 11.1168 727.217 0.107729
223.157 11.124 727.842 0.140748
223.213 11.133 728.467 0.176139
223.27 11.144 729.093 0.207247
223.326 11.1569 729.719 0.243805
223.382 11.1718 730.347 0.280093
223.438 11.1887 730.975 0.312716
223.494 11.2075 731.604 0.349301
223.551 11.2283 732.234 0.386338
223.607 11.2516 732.866 0.431674
223.663 11.2773 733.499 0.476314
223.719 11.3055 734.133 0.520942
223.775 11.3363 734.77 0.566
223.831 11.3698 735.408 0.614979
223.888 11.406 736.048 0.662883
223.944 11.4448 736.69 0.710887
224 11.4864 737.334 0.759254
224.056 11.5305 737.981 0.802031
224.112 11.5771 738.63 0.847066
224.169 11.6263 739.282 0.88913
224.225 11.6773 739.937 0.92043
224.281 11.73 740.595 0.947898
224.337 11.7837 741.256 0.959581
224.393 11.8382 741.919 0.974645
224.449 11.893 742.586 0.974616
224.506 11.9476 743.256 0.965882
224.562 12.0017 743.929 0.957325
224.618 12.0547 744.605 0.932819
224.674 12.1063 745.284 0.908542
224.73 12.1562 745.966 0.87499
224.787 12.2041 746.651 0.835611
224.843 12.2496 747.338 0.793669
224.899 12.2925 748.028 0.743006
224.955 12.3325 748.72 0.688603
225.011 12.3692 749.414 0.631413
225.067 12.4024 750.11 0.562454
225.124 12.4314 750.807 0.483487
225.18 12.4558 751.507 0.402192
225.236 12.4754 752.207 0.315269
225.292 12.49 752.909 0.221191
225.348 12.499 753.611 0.121356
225.404 12.5024 754.313 0.0161516
225.461 12.4994 755.015 -0.0987126
225.517 12.4902 755.717 -0.208774
225.573 12.4749 756.418 -0.314145
225.629 12.4537 757.118 -0.41763
225.685 12.427 757.817 -0.515496
225.742 12.3946 758.514 -0.616337
225.798 12.3568 759.209 -0.713148
225.854 12.3137 759.902 -0.802965
225.91 12.2657 760.592 -0.884115
225.966 12.2135 761.28 -0.959664
226.022 12.1575 761.964 -1.02253
226.079 12.0979 762.645 -1.08416
226.135 12.0353 763.323 -1.13155
226.191 11.9704 763.997 -1.17192
226.247 11.9033 764.667 -1.20653
226.303 11.8348 765.333 -1.228
226.36 11.7652 765.996 -1.24696
226.416 11.695 766.654 -1.2509
226.472 11.624 767.309 -1.26849
226.528 11.5532 767.96 -1.25799
226.584 11.4827 768.606 -1.25093
226.64 11.413 769.249 -1.2331
226.697 11.3444 769.888 -1.21103
226.753 11.277 770.523 -1.1916
226.809 11.211 771.154 -1.16233
226.865 11.1472 771.782 -1.11985
226.921 11.0856 772.406 -1.08035
226.978 11.0264 773.027 -1.0333
227.034 10.9702 773.644 -0.978017
227.09 10.9171 774.259 -0.924891
227.146 10.8671 774.871 -0.86424
227.202 10.8206 775.479 -0.80545
227.258 10.7776 776.086 -0.737602
227.315 10.7382 776.69 -0.677778
227.371 10.7023 777.292 -0.614444
227.427 10.6697 777.892 -0.558906
227.483 10.6405 778.491 -0.48985
227.539 10.615 779.088 -0.432576
227.596 10.5928 779.683 -0.370638
227.652 10.5739 780.278 -0.310987
227.708 10.5587 780.871 -0.24525
227.764 10.5469 781.464 -0.183517
227.82 10.5382 782.056 -0.135701
227.876 10.5328 782.648 -0.0682335
227.933 10.5308 783.24 -0.0146144
227.989 10.5323 783.831 0.0533639
228.045 10.5372 784.423 0.108366
228.101 10.5452 785.015 0.164541
228.157 10.5563 785.608 0.221069
228.213 10.5705 786.202 0.274924
228.27 10.5878 786.796 0.329821
228.326 10.6082 787.391 0.381974
228.382 10.6312 787.988 0.427322
228.438 10.6572 788.586 0.485064
228.494 10.686 789.186 0.529346
228.551 10.7173 789.787 0.573711
228.607 10.751 790.391 0.617061
228.663 10.787 790.996 0.653265
228.719 10.8248 791.603 0.68596
228.775 10.8644 792.213 0.720628
228.831 10.9057 792.824 0.739444
228.888 10.9477 793.438 0.752466
228.944 10.9902 794.055 0.759734
229 11.033 794.674 0.763665
229.056 11.0758 795.295 0.76076
229.112 11.1183 795.919 0.754223
229.169 11.1601 796.545 0.736801
229.225 11.2009 797.173 0.71865
229.281 11.2402 797.804 0.683402
229.337 11.2772 798.436 0.642369
229.393 11.3121 799.071 0.603202
229.449 11.3444 799.708 0.556553
229.506 11.3741 800.346 0.508027
229.562 11.4008 800.986 0.453396
229.618 11.4241 801.627 0.388079
229.674 11.4438 802.27 0.325639
229.73 11.4601 802.913 0.26851
229.787 11.473 803.558 0.203054
229.843 11.4823 804.202 0.138918
229.899 11.4882 804.848 0.0824824
229.955 11.4909 805.493 0.0261811
230.011 11.4904 806.139 -0.0311477
230.067 11.4868 806.784 -0.0847564
230.124 11.4803 807.429 -0.137793
230.18 11.4706 808.074 -0.19443
230.236 11.4578 808.718 -0.251151
230.292 11.442 809.361 -0.302834
230.348 11.4232 810.003 -0.354481
230.404 11.4019 810.644 -0.397462
230.461 11.3781 811.284 -0.438558
230.517 11.3523 811.922 -0.473884
230.573 11.3245 812.559 -0.506083
230.629 11.2947 813.195 -0.546754
230.685 11.2628 813.828 -0.582883
230.742 11.2291 814.46 -0.611335
230.798 11.1938 815.089 -0.640057
230.854 11.1571 815.717 -0.661225
230.91 11.1195 816.342 -0.675099
230.966 11.0809 816.966 -0.693438
231.022 11.0414 817.587 -0.71095
231.079 11.001 818.206 -0.723671
231.135 10.9598 818.823 -0.738848
231.191 10.918 819.437 -0.747382
231.247 10.876 820.049 -0.747158
231.303 10.8341 820.658 -0.745242
231.36 10.7924 821.266 -0.742208
231.416 10.7506 821.871 -0.742901
231.472 10.7089 822.473 -0.73985
231.528 10.6677 823.073 -0.730575
231.584 10.6273 823.671 -0.713842
231.64 10.5877 824.267 -0.698146
231.697 10.5491 824.861 -0.678684
231.753 10.5121 825.452 -0.64655
231.809 10.4767 826.041 -0.617825
231.865 10.443 826.629 -0.587647
231.921 10.411 827.214 -0.558328
231.978 10.3804 827.798 -0.534073
232.034 10.3513 828.38 -0.508766
232.09 10.3236 828.961 -0.482121
232.146 10.2972 829.54 -0.462289
232.202 10.2721 830.118 -0.439443
232.258 10.2481 830.694 -0.419964
232.315 10.2248 831.269 -0.409313
232.371 10.2021 831.843 -0.401685
232.427 10.1798 832.415 -0.39436
232.483 10.1577 832.986 -0.393198
232.539 10.1357 833.556 -0.391307
232.596 10.114 834.125 -0.383115
232.652 10.093 834.692 -0.370185
232.708 10.0725 835.259 -0.362882
232.764 10.0524 835.824 -0.352804
232.82 10.0328 836.388 -0.345789
232.876 10.0135 836.951 -0.342037
232.933 9.99451 837.513 -0.337184
232.989 9.97551 838.074 -0.335846
233.045 9.95702 838.633 -0.32547
233.101 9.93913 839.192 -0.312031
233.157 9.92201 839.75 -0.297498
233.213 9.90591 840.307 -0.281531
233.27 9.89066 840.863 -0.26384
233.326 9.87636 841.418 -0.249476
233.382 9.86256 841.972 -0.242823
233.438 9.84947 842.526 -0.226941
233.494 9.83732 843.079 -0.207735
233.551 9.82641 843.631 -0.185854
233.607 9.81681 844.183 -0.16126
233.663 9.80825 844.734 -0.144699
233.719 9.80098 845.285 -0.12024
233.775 9.79516 845.835 -0.0916342
233.831 9.79077 846.385 -0.0684943
233.888 9.78774 846.935 -0.0469815
233.944 9.78599 847.485 -0.0194171
234 9.78583 848.035 0.00863302
234.056 9.78744 848.585 0.0415589
234.112 9.79087 849.135 0.0716336
234.169 9.79574 849.685 0.09786
234.225 9.80246 850.236 0.134302
234.281 9.81118 850.786 0.170798
234.337 9.82202 851.338 0.20733
234.393 9.8345 851.89 0.231862
234.449 9.84872 852.443 0.268061
234.506 9.86474 852.997 0.297431
234.562 9.88262 853.552 0.332236
234.618 9.90215 854.108 0.356417
234.674 9.92305 854.665 0.384225
234.73 9.94581 855.223 0.41916
234.787 9.97045 855.783 0.451334
234.843 9.99653 856.344 0.475139
234.899 10.0242 856.906 0.501786
234.955 10.0531 857.47 0.523057
235.011 10.083 858.036 0.538236
235.067 10.114 858.603 0.56067
235.124 10.1465 859.173 0.5879
235.18 10.1802 859.744 0.608297
235.236 10.215 860.317 0.62698
235.292 10.251 860.892 0.652497
235.348 10.2882 861.469 0.668015
235.404 10.3264 862.048 0.686949
235.461 10.3655 862.63 0.702126
235.517 10.4055 863.214 0.718471
235.573 10.4465 863.8 0.73699
235.629 10.4887 864.388 0.761442
235.685 10.532 864.979 0.77531
235.742 10.576 865.572 0.786829
235.798 10.6207 866.167 0.806278
235.854 10.6668 866.766 0.828857
235.91 10.7144 867.366 0.856757
235.966 10.7635 867.97 0.884361
236.022 10.8137 868.576 0.901133
236.079 10.8651 869.186 0.923239
236.135 10.9175 869.798 0.93864
236.191 10.9709 870.413 0.960146
236.247 11.0254 871.031 0.974947
236.303 11.0807 871.652 0.989328
236.36 11.1365 872.277 0.992324
236.416 11.1922 872.904 0.991634
236.472 11.2474 873.535 0.977075
236.528 11.3014 874.169 0.950487
236.584 11.3534 874.805 0.905879
236.64 11.4029 875.445 0.861861
236.697 11.4496 876.087 0.81369
236.753 11.4933 876.732 0.755463
236.809 11.534 877.379 0.700868
236.865 11.5715 878.028 0.646306
236.921 11.6056 878.679 0.577878
236.978 11.6364 879.332 0.527947
237.034 11.664 879.987 0.466004
237.09 11.6881 880.643 0.404459
237.146 11.709 881.301 0.347531
237.202 11.7267 881.959 0.297146
237.258 11.7419 882.618 0.251229
237.315 11.755 883.278 0.220806
237.371 11.7661 883.939 0.184212
237.427 11.7754 884.601 0.152782
237.483 11.7832 885.262 0.129846
237.539 11.7898 885.925 0.108585
237.596 11.7951 886.587 0.0867325
237.652 11.7995 887.25 0.0726902
237.708 11.8032 887.913 0.0605446
237.764 11.8062 888.576 0.0484455
237.82 11.8085 889.239 0.0356786
237.876 11.8098 889.903 0.0150454
237.933 11.8101 890.566 -0.00227892
237.989 11.8092 891.23 -0.0234978
238.045 11.8069 891.893 -0.0530258
238.101 11.803 892.556 -0.0830481
238.157 11.7973 893.219 -0.114452
238.213 11.7898 893.882 -0.145922
238.27 11.7807 894.544 -0.172434
238.326 11.7702 895.205 -0.195566
238.382 11.7582 895.866 -0.222337
238.438 11.745 896.526 -0.245126
238.494 11.7307 897.186 -0.258972
238.551 11.7156 897.844 -0.272779
238.607 11.7 898.502 -0.281392
238.663 11.6841 899.159 -0.285357
238.719 11.6681 899.815 -0.283752
238.775 11.6523 900.469 -0.279753
238.831 11.637 901.124 -0.267751
238.888 11.6223 901.777 -0.255407
238.944 11.6087 902.429 -0.235211
239 11.5963 903.081 -0.21091
239.056 11.5852 903.732 -0.186455
239.112 11.5757 904.383 -0.158223
239.169 11.5678 905.033 -0.127688
239.225 11.5614 905.682 -0.104101
239.281 11.5565 906.332 -0.0761141
239.337 11.553 906.981 -0.0527516
239.393 11.5506 907.63 -0.0371778
239.449 11.5492 908.279 -0.0188739
239.506 11.5487 908.928 -0.00249486
239.562 11.5489 909.576 0.00306704
239.618 11.5491 910.225 0.00106598
239.674 11.5492 910.874 0.00264795
239.73 11.5494 911.523 0.00795519
239.787 11.5499 912.172 0.00771085
239.843 11.5503 912.821 0.00445251
239.899 11.55 913.469 -0.00861014
239.955 11.5491 914.118 -0.020462
240.011 11.548 914.767 -0.0188411
240.067 11.5463 915.416 -0.0356847
240.124 11.5439 916.064 -0.0510069
240.18 11.5404 916.713 -0.0688074
240.236 11.5357 917.361 -0.0925965
240.292 11.53 918.009 -0.106624
240.348 11.5237 918.656 -0.114617
240.404 11.517 919.304 -0.121241
240.461 11.51 919.95 -0.128061
240.517 11.5027 920.597 -0.130956
240.573 11.495 921.243 -0.14028
240.629 11.4869 921.888 -0.144701
240.685 11.4786 922.533 -0.151211
240.742 11.4697 923.178 -0.159281
240.798 11.4608 923.822 -0.156976
240.854 11.4522 924.465 -0.154334
240.91 11.4432 925.109 -0.163598
240.966 11.434 925.751 -0.164925
241.022 11.4246 926.393 -0.163977
241.079 11.415 927.035 -0.177573
241.135 11.4047 927.676 -0.186242
241.191 11.394 928.316 -0.191306
241.247 11.383 928.956 -0.199688
241.303 11.3712 929.595 -0.217153
241.36 11.3585 930.233 -0.230074
241.416 11.3449 930.871 -0.247075
241.472 11.3306 931.508 -0.261387
241.528 11.3152 932.144 -0.287168
241.584 11.2984 932.779 -0.305802
241.64 11.2806 933.413 -0.328711
241.697 11.2617 934.046 -0.342897
241.753 11.2418 934.678 -0.358025
241.809 11.2214 935.309 -0.369317
241.865 11.2 935.939 -0.387002
241.921 11.178 936.567 -0.393119
241.978 11.1559 937.194 -0.391555
242.034 11.1339 937.82 -0.389844
242.09 11.1121 938.445 -0.385787
242.146 11.0905 939.069 -0.385321
242.202 11.0689 939.691 -0.384476
242.258 11.0471 940.312 -0.390489
242.315 11.0254 940.932 -0.386028
242.371 11.004 941.551 -0.377242
242.427 10.9826 942.168 -0.379749
242.483 10.9612 942.785 -0.386028
242.539 10.9397 943.4 -0.382753
242.596 10.918 944.014 -0.387445
242.652 10.8961 944.626 -0.392723
242.708 10.8739 945.238 -0.400341
242.764 10.8509 945.848 -0.416066
242.82 10.827 946.456 -0.435305
242.876 10.8018 947.064 -0.456518
242.933 10.7752 947.67 -0.484485
242.989 10.7471 948.274 -0.512664
243.045 10.7172 948.877 -0.543318
243.101 10.6857 949.478 -0.575131
243.157 10.6522 950.077 -0.610182
243.213 10.6165 950.674 -0.652223
243.27 10.5784 951.27 -0.695445
243.326 10.538 951.863 -0.735901
243.382 10.4952 952.453 -0.776941
243.438 10.4502 953.041 -0.819075
243.494 10.4027 953.627 -0.8648
243.551 10.3528 954.21 -0.902441
243.607 10.3005 954.789 -0.949514
243.663 10.2457 955.366 -0.993059
243.719 10.1887 955.94 -1.02996
243.775 10.1295 956.51 -1.06701
243.831 10.0687 957.077 -1.09362
243.888 10.0062 957.641 -1.1243
243.944 9.94194 958.201 -1.15493
244 9.87616 958.757 -1.18352
244.056 9.80861 959.31 -1.21428
244.112 9.7392 959.859 -1.24982
244.169 9.66837 960.403 -1.26833
244.225 9.59632 960.944 -1.29354
244.281 9.52286 961.481 -1.31695
244.337 9.44807 962.013 -1.34153
244.393 9.37196 962.541 -1.35899
244.449 9.2949 963.065 -1.37817
244.506 9.21713 963.585 -1.38798
244.562 9.13904 964.1 -1.39157
244.618 9.0607 964.611 -1.39388
244.674 8.98264 965.117 -1.3861
244.73 8.90505 965.619 -1.37598
244.787 8.82821 966.117 -1.36396
244.843 8.75234 966.61 -1.33913
244.899 8.6781 967.1 -1.30842
244.955 8.60583 967.585 -1.27033
245.011 8.53562 968.066 -1.2331
245.067 8.46781 968.543 -1.19031
245.124 8.40252 969.016 -1.14207
245.18 8.33991 969.486 -1.09685
245.236 8.28014 969.953 -1.04271
245.292 8.22341 970.416 -0.985952
245.348 8.16979 970.876 -0.93472
245.404 8.11951 971.334 -0.870129
245.461 8.07261 971.788 -0.811248
245.517 8.02948 972.24 -0.740884
245.573 7.98993 972.69 -0.675878
245.629 7.95435 973.138 -0.606252
245.685 7.92264 973.583 -0.538356
245.742 7.89485 974.028 -0.468662
245.798 7.87052 974.47 -0.406831
245.854 7.84988 974.912 -0.342834
245.91 7.83276 975.352 -0.27879
245.966 7.81927 975.792 -0.214611
246.022 7.80915 976.231 -0.156633
246.079 7.80252 976.669 -0.0919366
246.135 7.79919 977.107 -0.0387096
246.191 7.79903 977.545 0.0192317
246.247 7.80161 977.984 0.0613957
246.303 7.80641 978.422 0.10441
246.36 7.81388 978.861 0.151352
246.416 7.8241 979.3 0.201763
246.472 7.83697 979.74 0.244995
246.528 7.85201 980.181 0.2792
246.584 7.86893 980.623 0.315143
246.64 7.88768 981.065 0.345064
246.697 7.90776 981.509 0.367828
246.753 7.92917 981.954 0.389078
246.809 7.95136 982.4 0.39961
246.865 7.97441 982.848 0.419259
246.921 7.99872 983.297 0.441422
246.978 8.02377 983.747 0.448606
247.034 8.04891 984.198 0.445384
247.09 8.07408 984.651 0.449979
247.146 8.09946 985.106 0.453765
247.202 8.12478 985.562 0.445873
247.258 8.14962 986.019 0.441708
247.315 8.17429 986.478 0.439688
247.371 8.19906 986.938 0.437543
247.427 8.22314 987.399 0.420298
247.483 8.24624 987.862 0.405079
247.539 8.26868 988.326 0.394434
247.596 8.29035 988.791 0.376526
247.652 8.31091 989.258 0.35813
247.708 8.33061 989.725 0.347274
247.764 8.34981 990.194 0.339728
247.82 8.36859 990.664 0.331381
247.876 8.38684 991.135 0.318456
247.933 8.40453 991.606 0.311829
247.989 8.42173 992.079 0.303659
248.045 8.43893 992.553 0.307193
248.101 8.45606 993.027 0.304622
248.157 8.47312 993.503 0.303412
248.213 8.49022 993.98 0.30261
248.27 8.50753 994.457 0.312656
248.326 8.52534 994.936 0.319344
248.382 8.54358 995.415 0.326957
248.438 8.56249 995.896 0.343484
248.494 8.5821 996.378 0.354482
248.551 8.60253 996.86 0.368644
248.607 8.62385 997.344 0.386571
248.663 8.646 997.83 0.400472
248.719 8.66916 998.316 0.419442
248.775 8.69353 998.804 0.443255
248.831 8.71917 999.293 0.465426
248.888 8.74614 999.784 0.488255
248.944 8.7741 1000.28 0.502478
249 8.80274 1000.77 0.517873
249.056 8.83247 1001.27 0.534425
249.112 8.86313 1001.76 0.554732
249.169 8.8946 1002.26 0.566424
249.225 8.927 1002.76 0.582763
249.281 8.9601 1003.27 0.592748
249.337 8.99343 1003.77 0.593445
249.393 9.02695 1004.28 0.596892
249.449 9.06063 1004.78 0.601264
249.506 9.09428 1005.29 0.599376
249.562 9.1277 1005.81 0.591265
249.618 9.16087 1006.32 0.590099
249.674 9.19379 1006.84 0.58478
249.73 9.22636 1007.35 0.576345
249.787 9.2582 1007.87 0.560156
249.843 9.28897 1008.39 0.540175
249.899 9.31873 1008.92 0.520394
249.955 9.34729 1009.44 0.500597
250.011 9.3743 1009.97 0.469267
250.067 9.39971 1010.5 0.440841
250.124 9.42361 1011.02 0.416216
250.18 9.44589 1011.55 0.382333
250.236 9.4662 1012.09 0.34714
250.292 9.48457 1012.62 0.314983
250.348 9.5008 1013.15 0.271083
250.404 9.51457 1013.69 0.226837
250.461 9.52605 1014.22 0.18989
250.517 9.53524 1014.76 0.147505
250.573 9.54218 1015.29 0.106559
250.629 9.54671 1015.83 0.0634261
250.685 9.54883 1016.37 0.0215828
250.742 9.54876 1016.9 -0.0182042
250.798 9.54631 1017.44 -0.0598343
250.854 9.54139 1017.97 -0.105099
250.91 9.53432 1018.51 -0.136545
250.966 9.52562 1019.05 -0.165766
251.022 9.51534 1019.58 -0.194768
251.079 9.50365 1020.11 -0.217617
251.135 9.49055 1020.65 -0.241617
251.191 9.47616 1021.18 -0.263925
251.247 9.46073 1021.71 -0.280968
251.303 9.44438 1022.24 -0.297089
251.36 9.42711 1022.77 -0.312104
251.416 9.40931 1023.3 -0.320282
251.472 9.39118 1023.83 -0.322209
251.528 9.37295 1024.36 -0.325219
251.584 9.35462 1024.88 -0.328654
251.64 9.33603 1025.41 -0.331543
251.697 9.31726 1025.93 -0.335128
251.753 9.29836 1026.45 -0.33816
251.809 9.27949 1026.98 -0.33313
251.865 9.2609 1027.5 -0.327963
251.921 9.24274 1028.02 -0.323192
251.978 9.22501 1028.54 -0.311995
252.034 9.20761 1029.05 -0.308264
252.09 9.19038 1029.57 -0.307652
252.146 9.17331 1030.09 -0.300961
252.202 9.15651 1030.6 -0.296258
252.258 9.14008 1031.11 -0.289644
252.315 9.1242 1031.63 -0.27741
252.371 9.10892 1032.14 -0.266836
252.427 9.094 1032.65 -0.265007
252.483 9.07937 1033.16 -0.258773
252.539 9.06489 1033.67 -0.255114
252.596 9.05055 1034.18 -0.255383
252.652 9.03647 1034.69 -0.24618
252.708 9.02267 1035.19 -0.24177
252.764 9.00914 1035.7 -0.242328
252.82 8.99578 1036.21 -0.23524
252.876 8.98243 1036.71 -0.238127
252.933 8.96907 1037.22 -0.2401
252.989 8.9557 1037.72 -0.236231
253.045 8.94218 1038.22 -0.241534
253.101 8.92853 1038.72 -0.245962
253.157 8.91467 1039.22 -0.247475
253.213 8.90053 1039.73 -0.252854
253.27 8.88624 1040.22 -0.25732
253.326 8.8716 1040.72 -0.261922
253.382 8.85642 1041.22 -0.27247
253.438 8.84063 1041.72 -0.288682
253.494 8.82409 1042.21 -0.297942
253.551 8.80664 1042.71 -0.316621
253.607 8.78841 1043.2 -0.332401
253.663 8.76933 1043.7 -0.344392
253.719 8.74947 1044.19 -0.358437
253.775 8.72907 1044.68 -0.367865
253.831 8.70808 1045.17 -0.379156
253.888 8.686 1045.66 -0.399489
253.944 8.66293 1046.15 -0.418438
254 8.63895 1046.63 -0.432729
254.056 8.61411 1047.12 -0.446953
254.112 8.58861 1047.6 -0.458031
254.169 8.56259 1048.08 -0.467433
254.225 8.53563 1048.56 -0.487018
254.281 8.50761 1049.04 -0.508932
254.337 8.47874 1049.52 -0.518011
254.393 8.44917 1049.99 -0.529237
254.449 8.41928 1050.46 -0.534926
254.506 8.38923 1050.94 -0.533828
254.562 8.359 1051.41 -0.540327
254.618 8.32851 1051.88 -0.547351
254.674 8.29787 1052.34 -0.542074
254.73 8.26771 1052.81 -0.529097
254.787 8.23853 1053.27 -0.512524
254.843 8.21032 1053.73 -0.49636
254.899 8.18274 1054.19 -0.486685
254.955 8.156 1054.65 -0.470552
255.011 8.13039 1055.11 -0.446735
255.067 8.10602 1055.57 -0.422691
255.124 8.0833 1056.02 -0.393169
255.18 8.06219 1056.47 -0.3633
255.236 8.04294 1056.93 -0.326902
255.292 8.02588 1057.38 -0.289901
255.348 8.01125 1057.83 -0.240361
255.404 7.99896 1058.28 -0.201669
255.461 7.98914 1058.73 -0.15753
255.517 7.98173 1059.17 -0.115573
255.573 7.97658 1059.62 -0.0733048
255.629 7.9741 1060.07 -0.0269147
255.685 7.97436 1060.52 0.0248628
255.742 7.97716 1060.97 0.0675614
255.798 7.98246 1061.42 0.112219
255.854 7.99026 1061.86 0.156649
255.91 8.00035 1062.31 0.196765
255.966 8.01298 1062.76 0.24187
256.022 8.02822 1063.21 0.289268
256.079 8.04581 1063.67 0.329061
256.135 8.06567 1064.12 0.367346
256.191 8.08758 1064.57 0.405025
256.247 8.11169 1065.03 0.44745
256.303 8.13823 1065.48 0.487961
256.36 8.16698 1065.94 0.529457
256.416 8.19808 1066.4 0.568482
256.472 8.23127 1066.86 0.602274
256.528 8.26649 1067.33 0.643719
256.584 8.3041 1067.79 0.687033
256.64 8.34416 1068.26 0.728033
256.697 8.38628 1068.73 0.763408
256.753 8.43023 1069.2 0.795226
256.809 8.47598 1069.68 0.825431
256.865 8.52343 1070.16 0.857952
256.921 8.57251 1070.64 0.884329
256.978 8.62312 1071.12 0.910819
257.034 8.67538 1071.61 0.942353
257.09 8.72916 1072.1 0.969152
257.146 8.78445 1072.59 0.993458
257.202 8.84104 1073.08 1.0129
257.258 8.89829 1073.58 1.0236
257.315 8.95626 1074.08 1.03637
257.371 9.01494 1074.59 1.05075
257.427 9.07415 1075.1 1.05582
257.483 9.13368 1075.61 1.06316
257.539 9.19367 1076.12 1.06833
257.596 9.25357 1076.64 1.06532
257.652 9.31344 1077.16 1.06524
257.708 9.3733 1077.69 1.06594
257.764 9.43318 1078.22 1.06723
257.82 9.49355 1078.75 1.07918
257.876 9.55437 1079.29 1.08524
257.933 9.61541 1079.82 1.08719
257.989 9.67665 1080.37 1.09185
258.045 9.738 1080.91 1.09074
258.101 9.79913 1081.46 1.0863
258.157 9.85996 1082.01 1.07983
258.213 9.92043 1082.57 1.07462
258.27 9.98029 1083.13 1.06084
258.326 10.0394 1083.69 1.04724
258.382 10.098 1084.26 1.03672
258.438 10.1554 1084.83 1.01116
258.494 10.211 1085.4 0.976713
258.551 10.2649 1085.98 0.947474
258.607 10.317 1086.55 0.915574
258.663 10.3674 1087.14 0.885407
258.719 10.4163 1087.72 0.858488
258.775 10.4633 1088.31 0.822345
258.831 10.5083 1088.9 0.785559
258.888 10.551 1089.49 0.740395
258.944 10.5911 1090.08 0.696819
259 10.6288 1090.68 0.653549
259.056 10.664 1091.28 0.608067
259.112 10.6965 1091.88 0.560081
259.169 10.7264 1092.48 0.515576
259.225 10.7538 1093.08 0.466856
259.281 10.7783 1093.69 0.414172
259.337 10.7996 1094.29 0.357914
259.393 10.8176 1094.9 0.294366
259.449 10.832 1095.51 0.227853
259.506 10.8424 1096.12 0.159355
259.562 10.849 1096.73 0.0883742
259.618 10.8514 1097.34 0.0134174
259.674 10.8499 1097.95 -0.0527364
259.73 10.8448 1098.56 -0.118999
259.787 10.8359 1099.16 -0.186656
259.843 10.8232 1099.77 -0.252953
259.899 10.8069 1100.38 -0.313185
259.955 10.787 1100.99 -0.378466
260.011 10.7638 1101.59 -0.437842
260.067 10.7373 1102.2 -0.493879
260.124 10.7074 1102.8 -0.557437
260.18 10.6741 1103.4 -0.613795
260.236 10.6378 1104 -0.665663
260.292 10.5988 1104.59 -0.713019
260.348 10.5572 1105.19 -0.761633
260.404 10.5131 1105.78 -0.800815
260.461 10.4668 1106.37 -0.838915
260.517 10.4184 1106.95 -0.876678
260.573 10.368 1107.54 -0.909079
260.629 10.3158 1108.12 -0.939548
260.685 10.262 1108.7 -0.970576
260.742 10.2065 1109.27 -0.998794
260.798 10.1496 1109.84 -1.02164
260.854 10.0917 1110.41 -1.03992
260.91 10.0326 1110.98 -1.05825
260.966 9.97272 1111.54 -1.06869
261.022 9.91249 1112.1 -1.07054
261.079 9.8523 1112.65 -1.0696
261.135 9.79235 1113.2 -1.06742
261.191 9.73263 1113.75 -1.0574
261.247 9.67368 1114.29 -1.04562
261.303 9.61556 1114.84 -1.02594
261.36 9.55878 1115.37 -0.999457
261.416 9.50332 1115.91 -0.981033
261.472 9.44913 1116.44 -0.951755
261.528 9.39677 1116.97 -0.921744
261.584 9.34573 1117.5 -0.896976
261.64 9.29598 1118.02 -0.874789
261.697 9.24762 1118.54 -0.851935
261.753 9.20062 1119.06 -0.824336
261.809 9.15526 1119.57 -0.793783
261.865 9.11158 1120.09 -0.76934
261.921 9.0694 1120.6 -0.738434
261.978 9.02902 1121.11 -0.704261
262.034 8.99053 1121.61 -0.675542
262.09 8.95355 1122.12 -0.645303
262.146 8.91824 1122.62 -0.617547
262.202 8.88474 1123.12 -0.582456
262.258 8.85309 1123.62 -0.549574
262.315 8.82341 1124.11 -0.513528
262.371 8.79548 1124.61 -0.485285
262.427 8.76942 1125.1 -0.449286
262.483 8.74536 1125.59 -0.413895
262.539 8.72323 1126.08 -0.382634
262.596 8.70286 1126.57 -0.345357
262.652 8.68509 1127.06 -0.296295
262.708 8.66972 1127.55 -0.260893
262.764 8.6565 1128.03 -0.216879
262.82 8.64571 1128.52 -0.174115
262.876 8.6378 1129 -0.120323
262.933 8.63254 1129.49 -0.0765643
262.989 8.62954 1129.97 -0.0355927
263.045 8.62938 1130.46 0.0198914
263.101 8.63221 1130.94 0.0675491
263.157 8.63748 1131.43 0.114213
263.213 8.64569 1131.92 0.16531
263.27 8.65683 1132.4 0.221479
263.326 8.67087 1132.89 0.268659
263.382 8.68758 1133.38 0.315984
263.438 8.70694 1133.86 0.363087
263.494 8.7288 1134.35 0.405974
263.551 8.75316 1134.85 0.450765
263.607 8.77971 1135.34 0.486822
263.663 8.80815 1135.83 0.519021
263.719 8.83819 1136.33 0.543825
263.775 8.86935 1136.83 0.561961
263.831 8.90133 1137.33 0.573777
263.888 8.93378 1137.83 0.578518
263.944 8.96666 1138.33 0.590333
264 8.99981 1138.83 0.590113
264.056 9.03289 1139.34 0.584475
264.112 9.06534 1139.85 0.572929
264.169 9.09678 1140.36 0.549551
264.225 9.12674 1140.87 0.519182
264.281 9.15475 1141.39 0.484453
264.337 9.18044 1141.9 0.437624
264.393 9.20345 1142.42 0.389066
264.449 9.2236 1142.94 0.336121
264.506 9.24055 1143.45 0.276904
264.562 9.25409 1143.97 0.216759
264.618 9.26437 1144.49 0.16172
264.674 9.27147 1145.01 0.10339
264.73 9.27519 1145.54 0.0406637
264.787 9.27541 1146.06 -0.0192077
264.843 9.272 1146.58 -0.0873858
264.899 9.26512 1147.1 -0.147741
264.955 9.2548 1147.62 -0.207581
265.011 9.2413 1148.14 -0.260792
265.067 9.22501 1148.66 -0.30959
265.124 9.20623 1149.17 -0.350323
265.18 9.1851 1149.69 -0.394811
265.236 9.1612 1150.21 -0.448208
265.292 9.13436 1150.72 -0.493805
265.348 9.10511 1151.23 -0.537078
265.404 9.0737 1151.74 -0.574409
265.461 9.04034 1152.25 -0.604542
265.517 9.00541 1152.76 -0.631909
265.573 8.96919 1153.26 -0.652543
265.629 8.93202 1153.76 -0.666939
265.685 8.8938 1154.27 -0.687511
265.742 8.8549 1154.76 -0.697242
265.798 8.81563 1155.26 -0.699974
265.854 8.77627 1155.75 -0.702278
265.91 8.73678 1156.25 -0.703304
265.966 8.69731 1156.74 -0.701116
266.022 8.65812 1157.22 -0.695182
266.079 8.61951 1157.71 -0.68133
266.135 8.58146 1158.19 -0.675272
266.191 8.54415 1158.67 -0.652773
266.247 8.50847 1159.15 -0.623192
266.303 8.47427 1159.63 -0.599839
266.36 8.44116 1160.1 -0.580553
266.416 8.40977 1160.58 -0.543841
266.472 8.3805 1161.05 -0.505574
266.528 8.35318 1161.52 -0.472351
266.584 8.32796 1161.98 -0.433723
266.64 8.30504 1162.45 -0.39108
266.697 8.28438 1162.92 -0.352688
266.753 8.26609 1163.38 -0.309289
266.809 8.25022 1163.85 -0.264885
266.865 8.23683 1164.31 -0.221131
266.921 8.226 1164.77 -0.173751
266.978 8.21788 1165.23 -0.123783
267.034 8.21245 1165.7 -0.0767605
267.09 8.20977 1166.16 -0.0297706
267.146 8.20975 1166.62 0.0184575
267.202 8.21225 1167.08 0.0631613
267.258 8.21741 1167.54 0.109525
267.315 8.22518 1168 0.15696
267.371 8.23547 1168.46 0.201622
267.427 8.24861 1168.93 0.254187
267.483 8.26428 1169.39 0.293562
267.539 8.28229 1169.86 0.339562
267.596 8.30286 1170.32 0.381913
267.652 8.32596 1170.79 0.430701
267.708 8.35152 1171.26 0.472107
267.764 8.37952 1171.73 0.513533
267.82 8.40969 1172.2 0.554018
267.876 8.44215 1172.67 0.593391
267.933 8.47698 1173.15 0.636338
267.989 8.51394 1173.63 0.669855
268.045 8.55255 1174.11 0.698571
268.101 8.5929 1174.59 0.732037
268.157 8.63503 1175.07 0.765592
268.213 8.67869 1175.56 0.787094
268.27 8.72371 1176.05 0.808928
268.326 8.7699 1176.54 0.83219
268.382 8.81727 1177.03 0.852075
268.438 8.8661 1177.53 0.880838
268.494 8.91651 1178.03 0.905464
268.551 8.96782 1178.53 0.920639
268.607 9.02034 1179.04 0.94375
268.663 9.07415 1179.55 0.9674
268.719 9.12918 1180.06 0.987337
268.775 9.18535 1180.57 1.0075
268.831 9.24246 1181.09 1.02226
268.888 9.30022 1181.61 1.03252
268.944 9.35881 1182.14 1.05112
269 9.41842 1182.67 1.06707
269.056 9.47869 1183.2 1.07603
269.112 9.53959 1183.73 1.08883
269.169 9.60102 1184.27 1.09535
269.225 9.66268 1184.81 1.09831
269.281 9.72443 1185.36 1.09798
269.337 9.78622 1185.9 1.10083
269.393 9.84786 1186.46 1.09276
269.449 9.90924 1187.01 1.09129
269.506 9.97059 1187.57 1.09373
269.562 10.032 1188.13 1.09405
269.618 10.0938 1188.7 1.10298
269.674 10.1562 1189.27 1.11482
269.73 10.219 1189.84 1.1222
269.787 10.2821 1190.42 1.12203
269.843 10.3452 1191 1.12334
269.899 10.4085 1191.58 1.12983
269.955 10.4723 1192.17 1.13625
270.011 10.5361 1192.76 1.13756
270.067 10.6001 1193.35 1.1407
270.124 10.6646 1193.95 1.15239
270.18 10.7294 1194.55 1.15471
270.236 10.7941 1195.15 1.14686
270.292 10.858 1195.76 1.13302
270.348 10.9217 1196.38 1.13621
270.404 10.985 1196.99 1.1263
270.461 11.0485 1197.61 1.13182
270.517 11.1121 1198.23 1.13189
270.573 11.1755 1198.86 1.12747
270.629 11.2387 1199.49 1.11987
270.685 11.3013 1200.12 1.11291
270.742 11.3633 1200.76 1.10004
270.798 11.4247 1201.4 1.086
270.854 11.4851 1202.04 1.06747
270.91 11.5442 1202.69 1.04127
270.966 11.6019 1203.34 1.01471
271.022 11.6577 1204 0.979065
271.079 11.7114 1204.65 0.941458
271.135 11.763 1205.31 0.902401
271.191 11.8126 1205.97 0.869011
271.247 11.86 1206.64 0.828386
271.303 11.9048 1207.31 0.776681
271.36 11.9467 1207.98 0.724827
271.416 11.9856 1208.65 0.670936
271.472 12.0216 1209.32 0.62029
271.528 12.0549 1210 0.571509
271.584 12.085 1210.68 0.509902
271.64 12.1117 1211.36 0.452702
271.697 12.1354 1212.04 0.401567
271.753 12.156 1212.72 0.343784
271.809 12.1735 1213.41 0.290235
271.865 12.1884 1214.09 0.247006
271.921 12.2004 1214.78 0.192901
271.978 12.2094 1215.46 0.137529
272.034 12.2155 1216.15 0.0888642
272.09 12.219 1216.83 0.0436944
272.146 12.2202 1217.52 0.00185877
272.202 12.2189 1218.21 -0.0414239
272.258 12.2149 1218.89 -0.08795
272.315 12.2084 1219.58 -0.134163
272.371 12.1996 1220.27 -0.172741
272.427 12.1886 1220.95 -0.210084
272.483 12.1757 1221.63 -0.244264
272.539 12.1609 1222.32 -0.274555
272.596 12.1443 1223 -0.30776
272.652 12.1263 1223.68 -0.32938
272.708 12.1073 1224.36 -0.341891
272.764 12.0879 1225.04 -0.348633
272.82 12.0678 1225.72 -0.363229
272.876 12.047 1226.4 -0.374836
272.933 12.0257 1227.07 -0.379605
272.989 12.0043 1227.75 -0.379875
273.045 11.983 1228.42 -0.375473
273.101 11.9621 1229.1 -0.369681
273.157 11.9418 1229.77 -0.357147
273.213 11.9223 1230.44 -0.33992
273.27 11.9033 1231.11 -0.334438
273.326 11.8847 1231.77 -0.330442
273.382 11.8663 1232.44 -0.324816
273.438 11.848 1233.11 -0.32711
273.494 11.8295 1233.77 -0.331567
273.551 11.8108 1234.44 -0.335834
273.607 11.7914 1235.1 -0.350852
273.663 11.7708 1235.76 -0.375248
273.719 11.7491 1236.42 -0.395391
273.775 11.7261 1237.08 -0.418746
273.831 11.7016 1237.74 -0.445607
273.888 11.6758 1238.4 -0.467998
273.944 11.6486 1239.05 -0.495808
274 11.6198 1239.7 -0.524355
274.056 11.5895 1240.36 -0.547956
274.112 11.5579 1241.01 -0.570803
274.169 11.5252 1241.65 -0.589502
274.225 11.4917 1242.3 -0.600868
274.281 11.4576 1242.94 -0.610773
274.337 11.4231 1243.59 -0.615563
274.393 11.3885 1244.23 -0.616208
274.449 11.3537 1244.87 -0.617159
274.506 11.3192 1245.5 -0.615429
274.562 11.2848 1246.14 -0.609799
274.618 11.2509 1246.77 -0.593717
274.674 11.2184 1247.4 -0.568942
274.73 11.1872 1248.03 -0.543633
274.787 11.1576 1248.66 -0.514815
274.843 11.1296 1249.28 -0.489375
274.899 11.1029 1249.91 -0.466544
274.955 11.0773 1250.53 -0.448269
275.011 11.053 1251.15 -0.425898
275.067 11.0298 1251.77 -0.401444
275.124 11.0079 1252.39 -0.380776
275.18 10.9872 1253.01 -0.362297
275.236 10.9674 1253.63 -0.345735
275.292 10.9483 1254.24 -0.334166
275.348 10.9299 1254.86 -0.322646
275.404 10.9119 1255.47 -0.319992
275.461 10.8947 1256.08 -0.302758
275.517 10.878 1256.69 -0.291737
275.573 10.862 1257.3 -0.277951
275.629 10.8468 1257.91 -0.267038
275.685 10.8324 1258.52 -0.251173
275.742 10.819 1259.13 -0.229779
275.798 10.8066 1259.74 -0.211313
275.854 10.7956 1260.35 -0.188376
275.91 10.7856 1260.95 -0.170572
275.966 10.7766 1261.56 -0.153883
276.022 10.7688 1262.16 -0.127785
276.079 10.7627 1262.77 -0.0962387
276.135 10.7582 1263.37 -0.0684001
276.191 10.7551 1263.98 -0.0462205
276.247 10.7533 1264.58 -0.0237911
276.303 10.7526 1265.18 -0.00620525
276.36 10.753 1265.79 0.016887
276.416 10.7546 1266.39 0.03806
276.472 10.7575 1267 0.0583937
276.528 10.7612 1267.6 0.0721001
276.584 10.7656 1268.21 0.083018
276.64 10.7706 1268.81 0.0921819
276.697 10.776 1269.42 0.0960175
276.753 10.7815 1270.02 0.0995233
276.809 10.7871 1270.63 0.0997441
276.865 10.7927 1271.23 0.100608
276.921 10.7983 1271.84 0.100174
276.978 10.8042 1272.45 0.105605
277.034 10.8101 1273.05 0.104924
277.09 10.8163 1273.66 0.111249
277.146 10.8227 1274.27 0.113037
277.202 10.8288 1274.88 0.106667
277.258 10.8347 1275.49 0.107437
277.315 10.8406 1276.1 0.102324
277.371 10.8464 1276.7 0.103875
277.427 10.8523 1277.31 0.108569
277.483 10.8585 1277.92 0.112392
277.539 10.865 1278.53 0.117543
277.596 10.8716 1279.14 0.118343
277.652 10.8783 1279.76 0.11973
277.708 10.8852 1280.37 0.125034
277.764 10.8926 1280.98 0.136006
277.82 10.9004 1281.59 0.143128
277.876 10.9088 1282.2 0.151977
277.933 10.9178 1282.82 0.167619
277.989 10.9276 1283.43 0.176643
278.045 10.9379 1284.04 0.185526
278.101 10.9484 1284.66 0.187386
278.157 10.959 1285.27 0.194267
278.213 10.9701 1285.89 0.201195
278.27 10.9816 1286.51 0.20943
278.326 10.9934 1287.13 0.210032
278.382 11.0053 1287.74 0.213081
278.438 11.0175 1288.36 0.218476
278.494 11.0298 1288.98 0.219033
278.551 11.0423 1289.6 0.222445
278.607 11.055 1290.22 0.230512
278.663 11.0681 1290.84 0.234234
278.719 11.0816 1291.47 0.242115
278.775 11.0955 1292.09 0.251556
278.831 11.1096 1292.71 0.253054
278.888 11.1242 1293.34 0.265633
278.944 11.1396 1293.96 0.282272
279 11.1558 1294.59 0.292303
279.056 11.1728 1295.22 0.308372
279.112 11.1907 1295.84 0.323231
279.169 11.2091 1296.47 0.331193
279.225 11.2281 1297.1 0.343101
279.281 11.248 1297.74 0.358405
279.337 11.2684 1298.37 0.36933
279.393 11.2897 1299 0.386625
279.449 11.3122 1299.64 0.407855
279.506 11.3357 1300.27 0.426724
279.562 11.3604 1300.91 0.447186
279.618 11.3862 1301.55 0.464117
279.674 11.4125 1302.19 0.473562
279.73 11.4396 1302.83 0.485744
279.787 11.4672 1303.48 0.497951
279.843 11.4955 1304.12 0.508259
279.899 11.5244 1304.77 0.517009
279.955 11.5538 1305.42 0.52483
