# t frame_uz frame_z ub_dans_repere
160.009 -0.00782256 -4.43191e-05 -0.934961
160.037 -0.0332731 -0.000677648 -0.915547
160.075 -0.0669528 -0.00273696 -0.854452
160.12 -0.103028 -0.006757 -0.755086
160.17 -0.136607 -0.0128628 -0.627346
160.222 -0.163857 -0.0208476 -0.445092
160.275 -0.180826 -0.0302334 -0.221319
160.33 -0.183933 -0.0402802 0.0641369
160.385 -0.169533 -0.0499913 0.396544
160.44 -0.136715 -0.0583938 0.712759
160.496 -0.0859341 -0.0644197 1.03111
160.552 -0.0188592 -0.0670437 1.30045
160.608 0.0602866 -0.0654849 1.48129
160.664 0.148097 -0.0591936 1.61762
160.72 0.241376 -0.0477888 1.6934
160.776 0.337692 -0.031053 1.73602
160.832 0.436746 -0.00883811 1.79325
160.888 0.538801 0.0190264 1.8375
160.944 0.642197 0.0526532 1.85421
161 0.746794 0.0921064 1.88278
161.056 0.853612 0.137653 1.91498
161.112 0.962678 0.189272 1.96271
161.169 1.07513 0.247129 2.03019
161.225 1.19235 0.311457 2.12538
161.281 1.31605 0.382581 2.25034
161.337 1.44744 0.460907 2.39927
161.393 1.5878 0.546912 2.56664
161.449 1.7387 0.641151 2.76541
161.506 1.9008 0.744244 2.96585
161.562 2.07421 0.856825 3.16672
161.618 2.25827 0.979512 3.34876
161.674 2.45228 1.11288 3.51925
161.73 2.65462 1.25744 3.651
161.787 2.86311 1.41358 3.74762
161.843 3.07565 1.58158 3.79933
161.899 3.28888 1.76156 3.78675
161.955 3.50002 1.95346 3.72822
162.011 3.70621 2.15707 3.62615
162.067 3.90519 2.37203 3.47922
162.124 4.09499 2.59786 3.30727
162.18 4.2738 2.834 3.09513
162.236 4.4407 3.07978 2.88691
162.292 4.5957 3.33454 2.67034
162.348 4.73807 3.59758 2.44536
162.404 4.86844 3.86821 2.23845
162.461 4.98751 4.14578 2.04517
162.517 5.09639 4.42969 1.86944
162.573 5.19611 4.7194 1.71918
162.629 5.28782 5.01445 1.57433
162.685 5.37224 5.31439 1.45641
162.742 5.44964 5.61884 1.32799
162.798 5.52024 5.92741 1.20796
162.854 5.58477 6.23974 1.11515
162.91 5.64436 6.55552 1.0232
162.966 5.69891 6.87448 0.938306
163.022 5.74903 7.19635 0.864921
163.079 5.79548 7.52091 0.801166
163.135 5.83854 7.84797 0.743541
163.191 5.87853 8.17733 0.69278
163.247 5.91585 8.50886 0.645907
163.303 5.95023 8.84238 0.588638
163.36 5.98153 9.17773 0.537836
163.416 6.01016 9.51475 0.490153
163.472 6.03606 9.85329 0.441805
163.528 6.05974 10.1932 0.41077
163.584 6.08196 10.5344 0.385244
163.64 6.10307 10.8768 0.365367
163.697 6.12312 11.2203 0.345954
163.753 6.14209 11.565 0.336889
163.809 6.16116 11.9107 0.342626
163.865 6.18043 12.2575 0.340769
163.921 6.19974 12.6053 0.342409
163.978 6.21867 12.9543 0.335035
164.034 6.23721 13.3043 0.325986
164.09 6.2549 13.6553 0.307556
164.146 6.27125 14.0072 0.274907
164.202 6.28504 14.36 0.224873
164.258 6.29583 14.7135 0.170967
164.315 6.30344 15.0675 0.109819
164.371 6.30704 15.4217 0.0317082
164.427 6.30606 15.776 -0.0489648
164.483 6.30057 16.1301 -0.130404
164.539 6.2903 16.4838 -0.221088
164.596 6.27439 16.8367 -0.320966
164.652 6.25318 17.1885 -0.413931
164.708 6.22684 17.5389 -0.504257
164.764 6.19592 17.8877 -0.577113
164.82 6.1611 18.2346 -0.647881
164.876 6.12216 18.5795 -0.727395
164.933 6.07955 18.922 -0.787895
164.989 6.03321 19.262 -0.846427
165.045 5.98397 19.5993 -0.896481
165.101 5.93234 19.9337 -0.935276
165.157 5.87863 20.2652 -0.968402
165.213 5.82292 20.5936 -1.00384
165.27 5.76567 20.9188 -1.02665
165.326 5.70702 21.2408 -1.05481
165.382 5.64742 21.5594 -1.06969
165.438 5.58679 21.8746 -1.07977
165.494 5.52531 22.1864 -1.09841
165.551 5.46306 22.4947 -1.11475
165.607 5.40003 22.7995 -1.12673
165.663 5.33644 23.1007 -1.13178
165.719 5.27286 23.3984 -1.12916
165.775 5.20962 23.6925 -1.12005
165.831 5.14769 23.9831 -1.0922
165.888 5.08736 24.2702 -1.05534
165.944 5.02984 24.5541 -1.00169
166 4.97618 24.8348 -0.923893
166.056 4.92777 25.1127 -0.817225
166.112 4.88578 25.3881 -0.697269
166.169 4.8514 25.6614 -0.542708
166.225 4.8275 25.9331 -0.345236
166.281 4.8153 26.2038 -0.124538
166.337 4.81735 26.4744 0.143135
166.393 4.8356 26.7455 0.454512
166.449 4.87273 27.0184 0.804023
166.506 4.93107 27.294 1.19702
166.562 5.0122 27.5736 1.60942
166.618 5.11725 27.8586 2.04871
166.674 5.24805 28.1504 2.51688
166.73 5.40536 28.4504 2.98637
166.787 5.58963 28.7602 3.47112
166.843 5.80006 29.0812 3.93163
166.899 6.03516 29.4149 4.34734
166.955 6.29307 29.7625 4.74602
167.011 6.57089 30.1253 5.06778
167.067 6.86426 30.5043 5.32064
167.124 7.169 30.9002 5.4793
167.18 7.47949 31.3134 5.55279
167.236 7.79074 31.7441 5.51179
167.292 8.0971 32.1921 5.39939
167.348 8.393 32.657 5.17109
167.404 8.67301 33.1381 4.85122
167.461 8.93214 33.6342 4.44152
167.517 9.16643 34.144 3.97426
167.573 9.3719 34.666 3.44881
167.629 9.54734 35.1986 2.89375
167.685 9.69028 35.7399 2.3081
167.742 9.80053 36.2882 1.73413
167.798 9.87888 36.8416 1.17437
167.851 9.92639 37.369 0.715703
167.901 9.95104 37.8679 0.356729
167.951 9.96097 38.36 0.116881
168 9.96216 38.8524 -0.0182974
168.055 9.95953 39.3962 -0.0525203
168.11 9.95825 39.9449 0.0117323
168.165 9.96371 40.4991 0.172202
168.221 9.98183 41.0541 0.436426
168.277 10.0155 41.6106 0.733264
168.332 10.0676 42.1695 1.08229
168.388 10.1403 42.7321 1.44808
168.444 10.2318 43.2993 1.77874
168.499 10.3423 43.8722 2.12208
168.555 10.4715 44.452 2.45256
168.61 10.6177 45.0394 2.74273
168.666 10.7795 45.6356 3.01233
168.722 10.9542 46.2412 3.22121
168.777 11.1396 46.8569 3.39916
168.833 11.3337 47.4832 3.53715
168.889 11.5349 48.1205 3.6641
168.932 11.6932 48.6183 3.7244
168.97 11.8355 49.0664 3.74771
169.009 11.9855 49.5409 3.78703
169.055 12.1586 50.0895 3.81394
169.102 12.3399 50.6754 3.78267
169.143 12.4922 51.1846 3.67261
169.19 12.6594 51.7653 3.57679
169.239 12.8321 52.3996 3.3941
169.292 13.005 53.0758 3.22162
169.345 13.1692 53.7772 2.9647
169.391 13.295 54.3841 2.58463
169.437 13.4023 54.9982 2.17132
169.487 13.4981 55.6688 1.7722
169.535 13.5734 56.3234 1.41119
169.584 13.6328 56.9884 1.10732
169.631 13.6776 57.6373 0.822926
169.681 13.7118 58.3208 0.598212
169.733 13.7369 59.0321 0.413139
169.786 13.755 59.7661 0.294983
169.84 13.7685 60.501 0.235606
169.893 13.7789 61.2364 0.158628
169.947 13.7836 61.9723 0.0307476
170 13.7803 62.7082 -0.1341
170.056 13.7654 63.4819 -0.351859
170.112 13.7378 64.2543 -0.59142
170.169 13.6969 65.0248 -0.829576
170.225 13.6422 65.7925 -1.06771
170.278 13.5748 66.5211 -1.39788
170.333 13.4885 67.2585 -1.69694
170.388 13.3872 67.998 -1.94651
170.444 13.2701 68.7391 -2.20394
170.499 13.141 69.4733 -2.38496
170.555 13.0009 70.2 -2.60502
170.61 12.8504 70.9185 -2.77093
170.666 12.6925 71.6283 -2.85536
170.722 12.5362 72.3294 -2.76505
170.777 12.3867 73.022 -2.62531
170.833 12.2484 73.7066 -2.36592
170.889 12.1263 74.384 -2.09043
170.944 12.0207 75.0552 -1.77034
171 11.9324 75.7211 -1.46893
171.056 11.8595 76.389 -1.18872
171.112 11.8015 77.0532 -0.93325
171.169 11.7569 77.7147 -0.704203
171.225 11.7242 78.374 -0.504293
171.281 11.702 79.0319 -0.321893
171.337 11.6898 79.6888 -0.153247
171.393 11.6869 80.3454 0.0167985
171.449 11.693 81.0022 0.173225
171.506 11.7075 81.6595 0.316384
171.562 11.7304 82.318 0.465524
171.618 11.7611 82.978 0.599606
171.674 11.7993 83.64 0.732043
171.73 11.8446 84.3044 0.854523
171.787 11.8962 84.9715 0.95832
171.843 11.9526 85.6417 1.03112
171.899 12.0118 86.3152 1.06209
171.955 12.0718 86.992 1.06798
172.011 12.1312 87.6722 1.04512
172.067 12.1883 88.3557 0.994955
172.124 12.242 89.0423 0.924292
172.18 12.2907 89.7317 0.825638
172.236 12.3332 90.4236 0.710454
172.292 12.3688 91.1178 0.585316
172.348 12.3967 91.8136 0.436001
172.404 12.416 92.5107 0.281664
172.461 12.4263 93.2087 0.123499
172.517 12.4277 93.9069 -0.0432674
172.573 12.4199 94.6048 -0.204021
172.629 12.4035 95.3021 -0.35023
172.685 12.3804 95.9981 -0.448684
172.742 12.3526 96.6927 -0.517566
172.798 12.3224 97.3857 -0.547052
172.854 12.2917 98.0769 -0.543241
172.91 12.2623 98.7665 -0.507014
172.966 12.2363 99.4545 -0.427013
173.022 12.216 100.141 -0.316466
173.079 12.2029 100.827 -0.181463
173.135 12.197 101.512 -0.0530918
173.191 12.1982 102.198 0.0679964
173.247 12.2057 102.883 0.175277
173.303 12.2184 103.569 0.256293
173.36 12.2344 104.256 0.296187
173.416 12.2503 104.944 0.276741
173.472 12.2645 105.633 0.229202
173.528 12.2746 106.322 0.147164
173.584 12.28 107.012 0.0596636
173.64 12.2797 107.702 -0.0501947
173.697 12.2734 108.391 -0.154612
173.753 12.2609 109.081 -0.264296
173.809 12.2425 109.769 -0.36638
173.865 12.2194 110.456 -0.444415
173.921 12.1922 111.141 -0.503935
173.978 12.1623 111.825 -0.546247
174.034 12.1313 112.508 -0.556359
174.09 12.1006 113.188 -0.532764
174.146 12.072 113.867 -0.48784
174.202 12.0474 114.544 -0.403701
174.258 12.0286 115.22 -0.280813
174.315 12.0177 115.896 -0.130767
174.371 12.0167 116.571 0.0596094
174.427 12.0279 117.246 0.295512
174.483 12.0529 117.923 0.547911
174.539 12.0931 118.601 0.820935
174.596 12.1485 119.282 1.09773
174.652 12.2196 119.967 1.37336
174.708 12.3052 120.657 1.6227
174.764 12.4041 121.351 1.849
174.82 12.5144 122.052 2.03473
174.876 12.6335 122.759 2.16706
174.933 12.7586 123.473 2.25897
174.989 12.8871 124.194 2.29876
175.045 13.0161 124.922 2.29063
175.101 13.1434 125.658 2.24711
175.157 13.2679 126.4 2.19279
175.213 13.3879 127.15 2.09104
175.27 13.5012 127.906 1.96265
175.326 13.6069 128.668 1.82883
175.382 13.7034 129.436 1.64534
175.438 13.7889 130.208 1.43429
175.494 13.8613 130.985 1.19246
175.551 13.9191 131.766 0.914225
175.607 13.9608 132.55 0.626535
175.663 13.9851 133.335 0.305245
175.719 13.9905 134.121 -0.0469866
175.775 13.977 134.906 -0.366259
175.831 13.9444 135.691 -0.719653
175.888 13.8928 136.472 -1.05972
175.944 13.8223 137.251 -1.37302
176 13.7351 138.024 -1.67591
176.056 13.6316 138.792 -1.93035
176.112 13.5154 139.554 -2.16086
176.169 13.3867 140.309 -2.36169
176.225 13.249 141.057 -2.50844
176.281 13.1033 141.796 -2.63775
176.337 12.9534 142.527 -2.68331
176.393 12.8021 143.25 -2.69674
176.449 12.6511 143.964 -2.67448
176.506 12.5032 144.67 -2.60663
176.562 12.3598 145.367 -2.51803
176.618 12.2217 146.057 -2.42179
176.674 12.088 146.739 -2.35641
176.73 11.958 147.414 -2.29134
176.787 11.8303 148.081 -2.26996
176.843 11.7029 148.742 -2.27145
176.899 11.5745 149.395 -2.29726
176.955 11.4437 150.041 -2.35284
177.011 11.3093 150.679 -2.4176
177.067 11.1714 151.31 -2.47887
177.124 11.0303 151.933 -2.53153
177.18 10.8868 152.548 -2.56782
177.236 10.7418 153.154 -2.58952
177.292 10.5958 153.753 -2.60452
177.348 10.4499 154.343 -2.59725
177.404 10.3049 154.925 -2.57175
177.461 10.1616 155.5 -2.53483
177.517 10.0205 156.066 -2.49707
177.573 9.8815 156.624 -2.45739
177.629 9.74496 157.174 -2.41001
177.685 9.61131 157.717 -2.35924
177.742 9.48045 158.253 -2.30724
177.798 9.35294 158.781 -2.24705
177.854 9.22861 159.302 -2.18915
177.91 9.10829 159.817 -2.10685
177.966 8.99217 160.325 -2.03909
178.022 8.88046 160.826 -1.95356
178.079 8.77352 161.321 -1.86332
178.135 8.67186 161.811 -1.77886
178.191 8.57594 162.295 -1.66587
178.247 8.48584 162.773 -1.56011
178.303 8.40189 163.247 -1.45057
178.36 8.32405 163.717 -1.33976
178.416 8.25238 164.182 -1.2272
178.472 8.18686 164.643 -1.12451
178.528 8.12764 165.101 -1.00773
178.584 8.07441 165.556 -0.906301
178.64 8.02694 166.008 -0.805861
178.697 7.98485 166.457 -0.709941
178.753 7.94766 166.905 -0.631221
178.809 7.91455 167.35 -0.561466
178.865 7.88516 167.794 -0.498365
178.921 7.85855 168.236 -0.45261
178.978 7.83472 168.676 -0.404276
179.034 7.81362 169.116 -0.357397
179.09 7.79545 169.554 -0.303595
179.146 7.78006 169.992 -0.260181
179.202 7.76781 170.428 -0.204543
179.258 7.7603 170.864 -0.101042
179.315 7.75812 171.3 0.00269599
179.371 7.76232 171.736 0.134086
179.427 7.7744 172.173 0.266328
179.483 7.79604 172.61 0.457139
179.539 7.82766 173.049 0.640384
179.596 7.87007 173.49 0.828005
179.652 7.92301 173.934 1.01759
179.708 7.9868 174.381 1.20849
179.764 8.06086 174.833 1.39373
179.82 8.14505 175.288 1.5653
179.876 8.23769 175.749 1.70268
179.933 8.33722 176.215 1.81469
179.989 8.44146 176.687 1.88201
180.045 8.54859 177.165 1.91881
180.101 8.65684 177.649 1.92921
180.157 8.76478 178.139 1.90998
180.213 8.87054 178.635 1.85941
180.27 8.97271 179.136 1.78698
180.326 9.06987 179.644 1.68988
180.382 9.1604 180.156 1.56372
180.438 9.24495 180.674 1.45473
180.494 9.32261 181.196 1.33239
180.551 9.39279 181.722 1.19793
180.607 9.45561 182.252 1.06499
180.663 9.5113 182.785 0.941673
180.719 9.56005 183.321 0.824544
180.775 9.60294 183.86 0.723862
180.831 9.6404 184.4 0.634483
180.888 9.67327 184.943 0.55186
180.944 9.70228 185.488 0.497685
181 9.72847 186.033 0.443707
181.056 9.75192 186.581 0.399701
181.112 9.77303 187.129 0.358826
181.169 9.79193 187.679 0.323898
181.225 9.80893 188.23 0.281613
181.281 9.82287 188.781 0.227996
181.337 9.83397 189.334 0.176715
181.393 9.84152 189.886 0.106032
181.449 9.8448 190.439 0.0213781
181.506 9.84293 190.992 -0.066234
181.562 9.83568 191.545 -0.171522
181.618 9.82245 192.097 -0.279102
181.674 9.80339 192.649 -0.380092
181.73 9.77848 193.198 -0.486209
181.787 9.7475 193.747 -0.591835
181.843 9.71043 194.293 -0.708542
181.899 9.66697 194.837 -0.814197
181.955 9.61737 195.379 -0.929354
182.011 9.56067 195.917 -1.05879
182.067 9.49708 196.452 -1.18187
182.124 9.42653 196.983 -1.31017
182.18 9.34854 197.51 -1.43493
182.236 9.26334 198.033 -1.56749
182.292 9.17028 198.55 -1.71292
182.348 9.07042 199.062 -1.82648
182.404 8.96394 199.568 -1.93622
182.461 8.85122 200.068 -2.05171
182.517 8.73217 200.561 -2.15145
182.573 8.60836 201.047 -2.23719
182.629 8.48103 201.527 -2.27841
182.685 8.35063 201.999 -2.33795
182.742 8.21823 202.463 -2.36713
182.798 8.08526 202.921 -2.36525
182.854 7.95231 203.37 -2.3591
182.91 7.82038 203.813 -2.34342
182.966 7.6908 204.248 -2.28799
183.022 7.56365 204.675 -2.23978
183.079 7.4395 205.096 -2.18409
183.135 7.31945 205.51 -2.09461
183.191 7.20434 205.917 -2.01454
183.247 7.09417 206.318 -1.92768
183.303 6.98866 206.713 -1.83969
183.36 6.88823 207.103 -1.75539
183.416 6.79256 207.486 -1.66998
183.472 6.70165 207.865 -1.58792
183.528 6.6147 208.238 -1.5243
183.584 6.53146 208.607 -1.45503
183.64 6.45169 208.971 -1.39287
183.697 6.37523 209.331 -1.33977
183.753 6.30206 209.687 -1.27985
183.809 6.23238 210.039 -1.21358
183.865 6.1663 210.386 -1.14954
183.921 6.10386 210.731 -1.08128
183.978 6.04586 211.072 -0.998872
184.034 5.99278 211.41 -0.907936
184.09 5.94522 211.745 -0.806241
184.146 5.90351 212.077 -0.696511
184.202 5.86814 212.408 -0.58214
184.258 5.83972 212.736 -0.452335
184.315 5.81845 213.064 -0.325673
184.371 5.80475 213.39 -0.186428
184.427 5.7986 213.716 -0.0560968
184.483 5.79964 214.042 0.068954
184.539 5.80738 214.368 0.187999
184.596 5.82183 214.694 0.301486
184.652 5.84229 215.022 0.407124
184.708 5.86746 215.351 0.482454
184.764 5.8966 215.682 0.540742
184.82 5.92869 216.014 0.591557
184.876 5.96336 216.348 0.633207
184.933 5.99941 216.685 0.645461
184.989 6.036 217.023 0.653754
185.045 6.07285 217.363 0.652546
185.101 6.10996 217.706 0.657566
185.157 6.14713 218.05 0.667053
185.213 6.18506 218.397 0.682544
185.27 6.22402 218.746 0.707003
185.326 6.26492 219.097 0.745634
185.382 6.30748 219.45 0.769578
185.438 6.35152 219.806 0.793305
185.494 6.39691 220.164 0.813606
185.551 6.44231 220.525 0.805136
185.607 6.4871 220.888 0.787724
185.663 6.5305 221.254 0.763334
185.719 6.57189 221.623 0.721015
185.775 6.6114 221.993 0.691506
185.831 6.64946 222.366 0.668945
185.888 6.68695 222.741 0.660871
185.944 6.7256 223.118 0.700725
186 6.76669 223.497 0.754116
186.056 6.8116 223.879 0.836531
186.112 6.86198 224.263 0.937988
186.169 6.91852 224.65 1.04932
186.225 6.98094 225.041 1.15315
186.281 7.04916 225.436 1.24936
186.337 7.12266 225.834 1.34025
186.393 7.1998 226.237 1.38896
186.449 7.28037 226.644 1.46547
186.506 7.36556 227.056 1.55437
186.562 7.45736 227.473 1.68827
186.618 7.55739 227.895 1.84175
186.674 7.66658 228.323 2.01478
186.73 7.78685 228.758 2.22668
186.787 7.9192 229.2 2.4425
186.843 8.06334 229.649 2.64487
186.899 8.21846 230.108 2.83538
186.955 8.38305 230.575 2.98932
187.011 8.55508 231.052 3.09905
187.067 8.73098 231.538 3.1406
187.124 8.90496 232.034 3.05097
187.18 9.07053 232.54 2.86912
187.236 9.2231 233.055 2.60073
187.292 9.35866 233.578 2.27551
187.348 9.47313 234.108 1.86816
187.404 9.56332 234.643 1.42705
187.461 9.62791 235.183 0.960105
187.517 9.66535 235.725 0.472901
187.573 9.67682 236.268 0.0249868
187.629 9.66357 236.812 -0.401586
187.685 9.62829 237.354 -0.773404
187.742 9.57373 237.893 -1.09734
187.798 9.50178 238.428 -1.39777
187.854 9.41479 238.959 -1.6431
187.91 9.3159 239.485 -1.83038
187.966 9.20767 240.005 -1.99129
188.022 9.08941 240.518 -2.1759
188.079 8.96224 241.024 -2.31473
188.135 8.82739 241.523 -2.44912
188.191 8.68561 242.014 -2.57253
188.247 8.53657 242.497 -2.70652
188.303 8.37981 242.972 -2.85045
188.36 8.21545 243.437 -2.98256
188.416 8.04272 243.893 -3.13922
188.472 7.86134 244.338 -3.28686
188.528 7.67161 244.774 -3.43659
188.584 7.47416 245.198 -3.56341
188.64 7.27047 245.611 -3.66303
188.697 7.06261 246.013 -3.72548
188.753 6.85189 246.402 -3.76327
188.809 6.64085 246.78 -3.74985
188.865 6.4318 247.146 -3.69582
188.921 6.22846 247.501 -3.56556
188.978 6.03379 247.844 -3.39306
189.034 5.851 248.177 -3.15915
189.09 5.68241 248.5 -2.89245
189.146 5.52919 248.814 -2.6081
189.202 5.39336 249.12 -2.28639
189.258 5.27567 249.419 -1.96677
189.315 5.17593 249.712 -1.64479
189.371 5.09382 249.999 -1.34501
189.427 5.02829 250.283 -1.05338
189.483 4.9786 250.564 -0.777541
189.539 4.94334 250.843 -0.530169
189.596 4.92154 251.119 -0.297147
189.652 4.91204 251.396 -0.0838625
189.708 4.91419 251.672 0.117765
189.764 4.92725 251.948 0.307302
189.82 4.95065 252.226 0.486656
189.876 4.98368 252.505 0.656155
189.933 5.02563 252.786 0.806933
189.989 5.07646 253.07 0.967558
190.045 5.13558 253.357 1.1075
190.101 5.20256 253.648 1.2463
190.157 5.2765 253.943 1.36769
190.213 5.35747 254.242 1.49205
190.27 5.4447 254.546 1.59439
190.326 5.53747 254.855 1.68779
190.382 5.63514 255.169 1.77298
190.438 5.73717 255.489 1.83966
190.494 5.84199 255.815 1.88267
190.551 5.94884 256.147 1.91058
190.607 6.05662 256.485 1.92254
190.663 6.16454 256.829 1.91847
190.719 6.27204 257.178 1.90785
190.775 6.37847 257.534 1.88286
190.831 6.48368 257.896 1.86448
190.888 6.5872 258.264 1.83414
190.944 6.68941 258.638 1.80901
191 6.79034 259.017 1.77706
191.056 6.89024 259.402 1.77231
191.112 6.98946 259.792 1.76261
191.169 7.08846 260.188 1.76717
191.225 7.18829 260.59 1.78567
191.281 7.28931 260.997 1.81136
191.337 7.39261 261.41 1.86035
191.393 7.49874 261.829 1.90439
191.449 7.60663 262.254 1.9328
191.506 7.71648 262.685 1.97102
191.562 7.82838 263.122 2.00255
191.618 7.9412 263.566 2.01122
191.674 8.05456 264.016 2.0205
191.73 8.16805 264.472 2.01715
191.787 8.28106 264.935 2.00085
191.843 8.39164 265.404 1.95213
191.899 8.50029 265.879 1.91834
191.955 8.606 266.36 1.8612
192.011 8.70902 266.847 1.81546
192.067 8.80923 267.339 1.76515
192.124 8.90677 267.838 1.717
192.18 9.00249 268.341 1.69492
192.236 9.09686 268.85 1.67551
192.292 9.19089 269.364 1.67337
192.348 9.28495 269.884 1.67619
192.404 9.37986 270.409 1.69701
192.461 9.47624 270.939 1.72739
192.517 9.57354 271.475 1.73852
192.573 9.67168 272.016 1.75154
192.629 9.76943 272.562 1.72805
192.685 9.86531 273.114 1.69087
192.742 9.95799 273.672 1.61849
192.798 10.0457 274.234 1.52352
192.854 10.1272 274.801 1.40001
192.91 10.2012 275.373 1.25713
192.966 10.2664 275.948 1.09916
193.022 10.3227 276.527 0.940351
193.079 10.3698 277.108 0.767459
193.135 10.4075 277.692 0.606701
193.191 10.4365 278.278 0.457043
193.247 10.4574 278.865 0.31727
193.303 10.4711 279.453 0.200717
193.36 10.479 280.042 0.101442
193.416 10.4821 280.63 0.0308125
193.472 10.4825 281.219 -0.00987067
193.528 10.4811 281.808 -0.0284089
193.584 10.4799 282.397 -0.0153511
193.64 10.4797 282.986 0.00593609
193.697 10.4815 283.575 0.0550555
193.753 10.4866 284.164 0.115644
193.809 10.4955 284.753 0.189934
193.865 10.5085 285.343 0.25776
193.921 10.5251 285.934 0.317956
193.978 10.5455 286.526 0.386409
194.034 10.5685 287.119 0.421097
194.09 10.5924 287.714 0.423891
194.146 10.6154 288.31 0.389913
194.202 10.6346 288.907 0.30341
194.258 10.6477 289.505 0.179424
194.315 10.6523 290.103 0.0152587
194.371 10.6466 290.701 -0.182649
194.427 10.629 291.299 -0.404045
194.483 10.5977 291.895 -0.661729
194.539 10.5516 292.489 -0.933526
194.596 10.4894 293.08 -1.22313
194.652 10.4118 293.666 -1.48034
194.708 10.3214 294.248 -1.68465
194.764 10.2216 294.825 -1.8329
194.82 10.1151 295.395 -1.93396
194.876 10.0047 295.96 -1.98153
194.933 9.89341 296.518 -1.98241
194.989 9.78277 297.07 -1.9594
195.045 9.67338 297.616 -1.93807
195.101 9.56552 298.156 -1.91091
195.157 9.45896 298.69 -1.88856
195.213 9.35273 299.218 -1.90324
195.27 9.24459 299.74 -1.94556
195.326 9.13201 300.255 -2.04275
195.382 9.01259 300.764 -2.18471
195.438 8.88314 301.266 -2.38995
195.494 8.74103 301.761 -2.63457
195.551 8.58322 302.246 -2.93337
195.607 8.40703 302.723 -3.28233
195.663 8.20948 303.188 -3.68364
195.719 7.9882 303.642 -4.11408
195.775 7.74146 304.083 -4.58343
195.831 7.46724 304.509 -5.07823
195.888 7.16594 304.918 -5.55362
195.944 6.83812 305.31 -6.00795
196 6.48685 305.682 -6.41339
196.056 6.11481 306.034 -6.74155
196.112 5.72771 306.365 -6.97641
196.169 5.33097 306.673 -7.10021
196.225 4.93144 306.959 -7.11114
196.281 4.53374 307.223 -7.04101
196.337 4.14415 307.464 -6.84674
196.393 3.76662 307.684 -6.62475
196.449 3.40548 307.884 -6.29652
196.506 3.06401 308.063 -5.93065
196.561 2.75033 308.221 -5.56851
196.615 2.45682 308.363 -5.19702
196.67 2.18351 308.488 -4.83054
196.725 1.92928 308.6 -4.49829
196.78 1.69307 308.698 -4.16949
196.835 1.47475 308.784 -3.84265
196.89 1.27461 308.858 -3.51733
196.945 1.09174 308.922 -3.20234
196.993 0.94743 308.97 -2.90998
197.044 0.806702 309.014 -2.62772
197.099 0.672177 309.054 -2.28786
197.155 0.556319 309.088 -1.94648
197.211 0.46002 309.115 -1.59075
197.267 0.382231 309.138 -1.23678
197.323 0.324102 309.158 -0.890142
197.38 0.284842 309.175 -0.570512
197.436 0.262251 309.19 -0.287643
197.493 0.255428 309.205 -0.0104919
197.549 0.263073 309.219 0.232521
197.603 0.283427 309.234 0.457406
197.659 0.315334 309.251 0.655126
197.714 0.357271 309.269 0.833242
197.769 0.408965 309.291 1.01094
197.824 0.470295 309.315 1.18566
197.879 0.541039 309.343 1.34789
197.934 0.620462 309.376 1.50905
197.989 0.708217 309.413 1.64637
198.045 0.804497 309.456 1.76287
198.101 0.906598 309.504 1.84606
198.157 1.01156 309.559 1.87994
198.213 1.11777 309.619 1.89058
198.269 1.22166 309.685 1.8529
198.324 1.32134 309.755 1.78784
198.379 1.41752 309.832 1.69678
198.435 1.50763 309.913 1.57505
198.49 1.5904 309.999 1.43578
198.546 1.66454 310.09 1.27137
198.601 1.729 310.185 1.0878
198.656 1.78296 310.282 0.897086
198.712 1.8263 310.383 0.701283
198.767 1.85878 310.485 0.510075
198.823 1.88161 310.589 0.340129
198.878 1.89585 310.693 0.205689
198.933 1.90367 310.799 0.09867
198.989 1.90718 310.904 0.0445254
199.045 1.90867 311.011 0.0236349
199.101 1.91079 311.119 0.0524183
199.157 1.91619 311.226 0.132032
199.213 1.92768 311.334 0.260866
199.27 1.94726 311.443 0.41314
199.326 1.97691 311.553 0.609092
199.382 2.01922 311.666 0.849575
199.438 2.07563 311.781 1.1107
199.494 2.14762 311.9 1.3958
199.551 2.23642 312.024 1.70736
199.607 2.34262 312.153 2.01449
199.663 2.46678 312.288 2.33976
199.719 2.60909 312.432 2.66425
199.775 2.76968 312.584 2.98915
199.831 2.94824 312.745 3.30045
199.888 3.14442 312.917 3.61668
199.944 3.35762 313.101 3.91511
200 3.58641 313.297 4.16907
200.056 3.82838 313.507 4.39486
200.112 4.0817 313.731 4.57579
200.169 4.3432 313.969 4.70664
200.225 4.61062 314.222 4.78613
200.281 4.88067 314.49 4.81389
200.337 5.15106 314.773 4.80562
200.393 5.41863 315.072 4.7297
200.449 5.68113 315.385 4.62856
200.506 5.93693 315.713 4.49975
200.562 6.18402 316.055 4.32487
200.617 6.41795 316.406 4.12932
200.672 6.6366 316.764 3.90533
200.727 6.84271 317.134 3.66596
200.781 7.03562 317.514 3.43068
200.836 7.21516 317.905 3.18683
200.891 7.38083 318.305 2.92696
200.945 7.53207 318.713 2.65995
201 7.66868 319.129 2.3934
201.056 7.79324 319.564 2.10131
201.112 7.90144 320.006 1.80902
201.169 7.99268 320.453 1.4997
201.225 8.06671 320.905 1.1994
201.281 8.12394 321.36 0.897596
201.337 8.16412 321.818 0.593579
201.393 8.18692 322.277 0.284425
201.449 8.19218 322.737 -0.037181
201.506 8.17857 323.197 -0.380381
201.562 8.14492 323.656 -0.743078
201.618 8.09147 324.111 -1.09214
201.674 8.01746 324.564 -1.46471
201.73 7.92276 325.011 -1.82753
201.787 7.80864 325.452 -2.17151
201.843 7.67569 325.887 -2.49364
201.899 7.52571 326.313 -2.77913
201.955 7.36099 326.73 -3.02617
202.011 7.18423 327.138 -3.22024
202.067 6.99839 327.535 -3.35556
202.124 6.8074 327.922 -3.42382
202.18 6.61484 328.298 -3.43338
202.236 6.42377 328.663 -3.36796
202.292 6.23703 329.018 -3.28212
202.348 6.05671 329.362 -3.15181
202.404 5.88453 329.696 -3.00719
202.461 5.72176 330.021 -2.82737
202.517 5.56803 330.338 -2.67241
202.573 5.423 330.645 -2.51545
202.629 5.28754 330.945 -2.33543
202.685 5.16179 331.238 -2.1646
202.742 5.04614 331.524 -1.98353
202.798 4.94233 331.804 -1.75986
202.854 4.85227 332.079 -1.49206
202.91 4.77826 332.349 -1.19706
202.966 4.72122 332.615 -0.889253
203.022 4.68287 332.879 -0.540054
203.079 4.66453 333.141 -0.171611
203.135 4.66779 333.403 0.211279
203.191 4.6919 333.666 0.576548
203.247 4.73713 333.931 0.954754
203.303 4.80339 334.2 1.31448
203.36 4.8883 334.472 1.64057
203.416 4.98982 334.75 1.90897
203.472 5.10523 335.035 2.15028
203.528 5.2336 335.326 2.36396
203.584 5.37247 335.624 2.53482
203.64 5.52025 335.931 2.695
203.697 5.67571 336.246 2.81506
203.752 5.83342 336.565 2.8753
203.806 5.99084 336.885 2.93886
203.86 6.15062 337.213 2.97361
203.914 6.31067 337.55 2.96358
203.968 6.47102 337.896 2.97324
204.022 6.63428 338.256 2.97858
204.079 6.80134 338.634 2.9659
204.135 6.9667 339.022 2.92618
204.191 7.13013 339.419 2.89882
204.247 7.29086 339.825 2.83498
204.303 7.44721 340.24 2.74364
204.36 7.59764 340.663 2.63184
204.416 7.74162 341.095 2.51275
204.472 7.87836 341.535 2.38037
204.528 8.00821 341.982 2.26949
204.584 8.1324 342.436 2.18211
204.64 8.25334 342.897 2.13507
204.697 8.37208 343.364 2.10058
204.753 8.48934 343.839 2.07313
204.809 8.60445 344.319 2.02155
204.865 8.71596 344.807 1.9635
204.921 8.82351 345.3 1.87496
204.978 8.92551 345.799 1.77284
205.034 9.02074 346.304 1.63861
205.09 9.10769 346.813 1.48499
205.146 9.18578 347.328 1.32315
205.202 9.25482 347.846 1.1646
205.258 9.31407 348.368 0.97847
205.315 9.36214 348.893 0.772646
205.371 9.39838 349.42 0.550507
205.427 9.42038 349.949 0.277492
205.483 9.42607 350.479 -0.0188072
205.539 9.41411 351.008 -0.34639
205.596 9.38383 351.536 -0.667843
205.652 9.33486 352.062 -1.00649
205.708 9.26701 352.584 -1.33937
205.764 9.18069 353.102 -1.66915
205.819 9.07934 353.599 -1.98121
205.872 8.96385 354.08 -2.28767
205.925 8.83241 354.554 -2.57759
205.979 8.6863 355.021 -2.84359
206.034 8.52109 355.493 -3.10683
206.09 8.33821 355.966 -3.34792
206.146 8.14205 356.428 -3.58366
206.202 7.93325 356.878 -3.8027
206.258 7.71278 357.317 -4.0072
206.315 7.48081 357.742 -4.2039
206.371 7.23905 358.154 -4.36438
206.427 6.98889 358.553 -4.51161
206.483 6.73023 358.937 -4.65802
206.539 6.46508 359.306 -4.75369
206.596 6.19614 359.66 -4.79903
206.652 5.9267 359.999 -4.78546
206.708 5.66005 360.323 -4.71503
206.764 5.39912 360.632 -4.59001
206.82 5.14641 360.927 -4.43713
206.876 4.90294 361.208 -4.25962
206.933 4.67079 361.475 -4.04571
206.989 4.4508 361.73 -3.82434
207.045 4.2439 361.973 -3.59207
207.101 4.05017 362.205 -3.35428
207.157 3.86977 362.426 -3.11587
207.213 3.70245 362.638 -2.89163
207.27 3.54718 362.841 -2.67814
207.326 3.40322 363.035 -2.48527
207.382 3.26967 363.222 -2.31051
207.438 3.14572 363.401 -2.13903
207.494 3.03102 363.574 -1.97457
207.551 2.92507 363.741 -1.83028
207.607 2.82723 363.902 -1.68531
207.663 2.73708 364.058 -1.55083
207.719 2.65436 364.209 -1.41989
207.775 2.57864 364.355 -1.30118
207.831 2.50924 364.498 -1.19158
207.888 2.44597 364.636 -1.08242
207.944 2.38904 364.772 -0.964582
208 2.33866 364.904 -0.850306
208.056 2.29559 365.034 -0.719773
208.112 2.2598 365.162 -0.578876
208.169 2.23208 365.288 -0.430983
208.225 2.21331 365.413 -0.267319
208.281 2.2046 365.537 -0.0845288
208.337 2.20598 365.661 0.0934304
208.393 2.21765 365.785 0.286738
208.449 2.24013 365.91 0.48128
208.506 2.27363 366.037 0.672133
208.562 2.31816 366.166 0.880947
208.618 2.37457 366.298 1.08374
208.674 2.44274 366.434 1.29644
208.73 2.52243 366.574 1.4981
208.787 2.61328 366.719 1.70003
208.843 2.71585 366.869 1.90874
208.899 2.83002 367.025 2.11611
208.955 2.95581 367.188 2.32037
209.011 3.09279 367.359 2.51403
209.067 3.24024 367.538 2.69785
209.124 3.398 367.725 2.87739
209.18 3.56533 367.921 3.04208
209.236 3.74078 368.128 3.17917
209.292 3.92361 368.344 3.29936
209.348 4.11279 368.571 3.41145
209.404 4.30802 368.808 3.51662
209.461 4.50833 369.057 3.59729
209.517 4.71277 369.317 3.66566
209.573 4.92039 369.589 3.70931
209.629 5.12976 369.872 3.73144
209.685 5.33963 370.168 3.73575
209.742 5.54884 370.475 3.71161
209.798 5.75648 370.793 3.68062
209.854 5.96125 371.124 3.61963
209.91 6.16241 371.465 3.55727
209.966 6.35985 371.818 3.47669
210.022 6.55335 372.182 3.41413
210.079 6.74232 372.557 3.33129
210.135 6.92648 372.942 3.24301
210.191 7.10622 373.337 3.17343
210.247 7.28294 373.742 3.12684
210.303 7.45646 374.157 3.06758
210.36 7.62689 374.582 3.01243
210.416 7.79515 375.016 2.98711
210.472 7.96184 375.459 2.96159
210.528 8.1276 375.912 2.94962
210.584 8.29317 376.375 2.94562
210.64 8.4594 376.846 2.96898
210.697 8.62722 377.327 2.99865
210.753 8.79656 377.817 3.0319
210.809 8.96801 378.317 3.06152
210.865 9.14032 378.827 3.0649
210.921 9.31185 379.346 3.04282
210.978 9.48155 379.875 3.014
211.034 9.64937 380.413 2.96854
211.09 9.81366 380.961 2.89077
211.146 9.97241 381.518 2.78231
211.202 10.1252 382.083 2.67576
211.258 10.2722 382.657 2.57865
211.315 10.4133 383.239 2.46873
211.371 10.5484 383.828 2.35581
211.427 10.6763 384.425 2.22477
211.483 10.7969 385.029 2.09277
211.539 10.9102 385.64 1.96584
211.596 11.0162 386.256 1.83599
211.652 11.1152 386.879 1.70876
211.708 11.2074 387.506 1.59549
211.764 11.2939 388.139 1.50615
211.82 11.3757 388.776 1.41989
211.876 11.4532 389.418 1.3524
211.933 11.5278 390.064 1.31197
211.989 11.6 390.714 1.26028
212.045 11.6699 391.368 1.23185
212.101 11.7377 392.026 1.17841
212.157 11.8013 392.687 1.10453
212.213 11.86 393.352 1.00347
212.27 11.9116 394.02 0.860829
212.326 11.9542 394.691 0.689854
212.382 11.9865 395.364 0.496127
212.438 12.007 396.038 0.275218
212.494 12.0148 396.713 0.0536332
212.551 12.011 397.388 -0.146832
212.607 11.9953 398.062 -0.359098
212.663 11.9692 398.735 -0.531831
212.719 11.9344 399.406 -0.672076
212.775 11.8926 400.075 -0.779728
212.831 11.8466 400.742 -0.83802
212.888 11.7991 401.406 -0.850283
212.944 11.752 402.067 -0.82075
213 11.7078 402.726 -0.762214
213.056 11.6676 403.382 -0.681871
213.112 11.6326 404.037 -0.581659
213.169 11.6038 404.689 -0.463945
213.225 11.5817 405.34 -0.349531
213.281 11.5666 405.99 -0.221949
213.337 11.5583 406.64 -0.099395
213.393 11.5566 407.289 0.0198916
213.449 11.5615 407.938 0.129334
213.506 11.5719 408.588 0.218822
213.562 11.5868 409.239 0.292312
213.618 11.606 409.89 0.368194
213.674 11.6281 410.543 0.41022
213.73 11.6524 411.197 0.443792
213.787 11.6783 411.853 0.474107
213.843 11.7059 412.51 0.500081
213.899 11.735 413.168 0.535498
213.955 11.7657 413.829 0.560842
214.011 11.7989 414.491 0.604004
214.067 11.8349 415.155 0.665156
214.124 11.8748 415.821 0.738045
214.18 11.9189 416.49 0.819322
214.236 11.9686 417.161 0.931485
214.292 12.0243 417.835 1.03386
214.348 12.0869 418.513 1.16161
214.404 12.1565 419.194 1.289
214.461 12.2337 419.88 1.42807
214.517 12.318 420.57 1.5513
214.573 12.4097 421.265 1.6862
214.629 12.5088 421.965 1.81489
214.685 12.6149 422.672 1.93686
214.742 12.7273 423.384 2.0401
214.798 12.8452 424.103 2.13285
214.854 12.9674 424.829 2.20294
214.91 13.0932 425.562 2.26152
214.966 13.2209 426.301 2.28258
215.022 13.3489 427.048 2.27337
215.079 13.4754 427.803 2.22958
215.135 13.5979 428.564 2.14396
215.191 13.715 429.332 2.0333
215.247 13.8252 430.106 1.90461
215.303 13.9273 430.886 1.75411
215.36 14.0198 431.672 1.57311
215.416 14.1013 432.462 1.36877
215.472 14.1712 433.257 1.16094
215.528 14.2293 434.055 0.950581
215.584 14.2756 434.856 0.736778
215.64 14.3111 435.659 0.563354
215.697 14.3377 436.464 0.41823
215.753 14.3576 437.27 0.316428
215.809 14.3746 438.078 0.300064
215.865 14.3928 438.886 0.353146
215.921 14.4167 439.695 0.486296
215.978 14.4512 440.506 0.708076
216.034 14.4998 441.319 0.972279
216.09 14.565 442.136 1.27715
216.146 14.6467 442.957 1.56672
216.202 14.7439 443.783 1.83143
216.258 14.855 444.615 2.05967
216.315 14.9758 445.454 2.19804
216.371 15.1009 446.299 2.23515
216.427 15.2245 447.152 2.1598
216.483 15.3406 448.011 1.98416
216.539 15.4431 448.877 1.70885
216.596 15.5277 449.747 1.36377
216.652 15.5914 450.622 0.967584
216.708 15.6313 451.499 0.52926
216.764 15.6457 452.378 0.0736977
216.82 15.6345 453.257 -0.380845
216.876 15.5984 454.134 -0.808175
216.933 15.5395 455.008 -1.2034
216.989 15.4601 455.879 -1.55282
217.045 15.3617 456.744 -1.8767
217.101 15.2462 457.603 -2.17332
217.157 15.1151 458.455 -2.44085
217.213 14.9687 459.3 -2.71475
217.27 14.8061 460.135 -3.00943
217.326 14.6278 460.961 -3.28409
217.382 14.433 461.776 -3.58602
217.438 14.221 462.58 -3.89871
217.494 13.9911 463.371 -4.22654
217.551 13.7408 464.149 -4.60171
217.607 13.4687 464.912 -5.0026
217.663 13.1749 465.659 -5.3824
217.719 12.8588 466.388 -5.79394
217.775 12.5189 467.099 -6.22737
217.831 12.155 467.791 -6.63207
217.888 11.7697 468.46 -7.00148
217.944 11.3647 469.108 -7.34694
218 10.9429 469.732 -7.60318
218.056 10.509 470.333 -7.79576
218.112 10.0669 470.908 -7.9109
218.169 9.62047 471.459 -7.96022
218.225 9.17325 471.984 -7.95144
218.281 8.7289 472.484 -7.87194
218.337 8.29031 472.96 -7.75276
218.393 7.85966 473.411 -7.59472
218.449 7.43934 473.839 -7.40462
218.506 7.02873 474.243 -7.23937
218.562 6.62825 474.624 -7.05675
218.618 6.23799 474.983 -6.86555
218.674 5.85809 475.321 -6.6949
218.73 5.48694 475.637 -6.54862
218.787 5.12377 475.933 -6.40029
218.843 4.7688 476.209 -6.26747
218.899 4.42097 476.465 -6.13309
218.955 4.08108 476.702 -5.98417
219.011 3.75034 476.92 -5.82036
219.067 3.42883 477.12 -5.65115
219.124 3.11858 477.302 -5.42677
219.18 2.82236 477.467 -5.16166
219.236 2.54206 477.616 -4.86972
219.292 2.27955 477.75 -4.53995
219.348 2.03662 477.87 -4.17572
219.404 1.81421 477.977 -3.81205
219.461 1.61306 478.072 -3.42974
219.517 1.43263 478.156 -3.06492
219.573 1.27255 478.231 -2.70494
219.629 1.13205 478.298 -2.36714
219.685 1.01009 478.357 -2.04235
219.742 0.905573 478.41 -1.73994
219.798 0.817502 478.458 -1.45894
219.854 0.744023 478.502 -1.20733
219.91 0.683701 478.541 -0.995485
219.966 0.634195 478.578 -0.811279
220.022 0.594543 478.612 -0.645243
220.079 0.562999 478.645 -0.506878
220.135 0.538402 478.675 -0.396155
220.191 0.519489 478.705 -0.30207
220.247 0.50513 478.734 -0.222015
220.303 0.494842 478.762 -0.160116
220.36 0.487893 478.789 -0.100655
220.416 0.48367 478.817 -0.058995
220.472 0.481941 478.844 -0.0149362
220.528 0.482439 478.871 0.0249705
220.584 0.484999 478.898 0.049256
220.64 0.488347 478.925 0.0619927
220.697 0.492583 478.953 0.0882394
220.753 0.497401 478.981 0.0896975
220.809 0.502553 479.009 0.0935992
220.865 0.50827 479.037 0.105546
220.921 0.514628 479.066 0.121359
220.978 0.522313 479.095 0.148951
221.034 0.531298 479.125 0.170585
221.09 0.541706 479.155 0.196655
221.146 0.553769 479.186 0.224046
221.202 0.566207 479.217 0.220968
221.258 0.578625 479.25 0.218888
221.315 0.590382 479.282 0.20042
221.371 0.600166 479.316 0.152174
221.427 0.606924 479.35 0.0962038
221.483 0.610077 479.384 0.0302303
221.539 0.60996 479.418 -0.0207862
221.596 0.606903 479.453 -0.074151
221.652 0.60129 479.487 -0.119255
221.708 0.593498 479.52 -0.153694
221.764 0.584648 479.553 -0.159293
221.82 0.575858 479.586 -0.154223
221.876 0.567687 479.618 -0.13238
221.933 0.561933 479.649 -0.0835766
221.989 0.55933 479.681 -0.0138345
222.045 0.561607 479.712 0.0772001
222.101 0.569765 479.744 0.19152
222.157 0.584967 479.777 0.321185
222.213 0.607006 479.81 0.443138
222.27 0.636739 479.845 0.583291
222.326 0.674205 479.882 0.718764
222.382 0.718455 479.922 0.828734
222.438 0.768934 479.964 0.943822
222.494 0.825165 480.009 1.03719
222.551 0.886212 480.057 1.11691
222.607 0.951232 480.109 1.18914
222.663 1.0203 480.165 1.25463
222.719 1.09268 480.225 1.30956
222.775 1.16793 480.289 1.35779
222.831 1.24546 480.357 1.39553
222.888 1.32523 480.429 1.43362
222.944 1.40702 480.507 1.47008
223 1.49085 480.588 1.50711
223.056 1.57671 480.675 1.54731
223.112 1.66504 480.767 1.59095
223.169 1.75602 480.863 1.64235
223.225 1.85008 480.965 1.69659
223.281 1.94704 481.072 1.75051
223.337 2.04799 481.185 1.8263
223.393 2.15305 481.304 1.90127
223.449 2.26241 481.428 1.97529
223.506 2.37602 481.559 2.05486
223.562 2.49375 481.697 2.1249
223.618 2.61564 481.841 2.19447
223.674 2.74131 481.992 2.26124
223.73 2.86992 482.15 2.3085
223.787 3.00139 482.316 2.35679
223.843 3.13505 482.489 2.39516
223.899 3.27036 482.67 2.41775
223.955 3.40671 482.858 2.43123
224.011 3.54381 483.054 2.44825
224.067 3.68116 483.258 2.4432
224.124 3.81838 483.469 2.43969
224.18 3.95485 483.688 2.42037
224.236 4.09014 483.915 2.40006
224.292 4.2243 484.149 2.37366
224.348 4.35665 484.391 2.34144
224.404 4.48753 484.64 2.31732
224.461 4.61657 484.897 2.28302
224.517 4.7437 485.16 2.24938
224.573 4.86873 485.431 2.21057
224.629 4.99134 485.709 2.16776
224.685 5.11197 485.993 2.13422
224.742 5.23056 486.284 2.09842
224.798 5.3471 486.582 2.05976
224.854 5.46161 486.887 2.02472
224.91 5.57424 487.197 1.98709
224.966 5.68454 487.514 1.94698
225.022 5.79274 487.837 1.91346
225.079 5.89933 488.166 1.88881
225.135 6.00466 488.501 1.86433
225.191 6.10866 488.842 1.84796
225.247 6.21102 489.189 1.81449
225.303 6.31215 489.541 1.79103
225.36 6.41173 489.899 1.76157
225.416 6.51022 490.262 1.74826
225.472 6.60778 490.631 1.72949
225.528 6.70416 491.006 1.70708
225.584 6.79916 491.386 1.67825
225.64 6.89251 491.771 1.64966
225.697 6.9842 492.161 1.62151
225.753 7.07416 492.557 1.58843
225.809 7.16174 492.957 1.537
225.865 7.24614 493.362 1.48132
225.921 7.32772 493.772 1.43141
225.978 7.40634 494.186 1.37867
226.034 7.48156 494.605 1.312
226.09 7.5533 495.028 1.25015
226.146 7.62116 495.454 1.18016
226.202 7.68472 495.885 1.09592
226.258 7.74301 496.319 0.999669
226.315 7.79543 496.755 0.889496
226.371 7.84153 497.195 0.77499
226.427 7.88074 497.637 0.648346
226.483 7.91238 498.081 0.505784
226.539 7.93622 498.526 0.366075
226.596 7.95206 498.972 0.22987
226.652 7.96111 499.419 0.10368
226.708 7.96366 499.867 0.00416194
226.764 7.96021 500.314 -0.109673
226.82 7.95214 500.761 -0.172722
226.876 7.9397 501.207 -0.248169
226.933 7.92372 501.653 -0.312393
226.989 7.90546 502.097 -0.329542
227.045 7.88644 502.541 -0.339512
227.101 7.867 502.983 -0.348792
227.157 7.84756 503.425 -0.355575
227.213 7.82973 503.865 -0.303224
227.27 7.81383 504.304 -0.264857
227.326 7.80103 504.743 -0.19611
227.382 7.79309 505.181 -0.100337
227.438 7.79139 505.618 0.0252621
227.494 7.79737 506.056 0.174921
227.551 7.81355 506.495 0.369106
227.607 7.84194 506.935 0.608013
227.663 7.88541 507.377 0.887115
227.719 7.94567 507.822 1.20135
227.775 8.02536 508.271 1.56741
227.831 8.12653 508.725 1.95935
227.888 8.25043 509.185 2.3745
227.944 8.39855 509.654 2.80705
228 8.57071 510.131 3.23704
228.056 8.76606 510.619 3.63464
228.112 8.98308 511.119 4.00014
228.169 9.21829 511.632 4.30199
228.225 9.46825 512.158 4.5375
228.281 9.7294 512.699 4.71315
228.337 9.99619 513.254 4.76495
228.393 10.2634 513.825 4.73571
228.449 10.5261 514.41 4.62973
228.506 10.7804 515.01 4.44277
228.562 11.0221 515.624 4.18902
228.618 11.2467 516.251 3.85872
228.674 11.4502 516.89 3.46238
228.73 11.6311 517.539 3.05465
228.787 11.7876 518.198 2.60272
228.843 11.9183 518.865 2.14401
228.899 12.0234 519.538 1.68209
228.955 12.1023 520.216 1.22415
229.011 12.1568 520.898 0.807683
229.067 12.1884 521.582 0.401761
229.124 12.1986 522.267 0.0442804
229.18 12.1904 522.952 -0.265934
229.236 12.166 523.637 -0.545673
229.292 12.126 524.319 -0.807457
229.348 12.0713 524.998 -1.0717
229.402 12.0072 525.648 -1.268
229.457 11.9317 526.298 -1.46744
229.512 11.8445 526.956 -1.63903
229.568 11.7486 527.61 -1.79341
229.623 11.6441 528.258 -1.93913
229.678 11.5316 528.9 -2.08504
229.734 11.412 529.535 -2.20442
229.789 11.286 530.164 -2.31517
229.845 11.1544 530.785 -2.4104
229.9 11.0181 531.399 -2.48694
229.956 10.8783 532.006 -2.53739
230.011 10.7361 532.606 -2.57262
230.067 10.5911 533.204 -2.58058
230.124 10.447 533.794 -2.5445
230.18 10.3068 534.376 -2.46035
230.236 10.1724 534.951 -2.33886
230.292 10.0463 535.518 -2.18009
230.348 9.93043 536.078 -1.97912
230.404 9.82656 536.633 -1.76081
230.461 9.73555 537.182 -1.51407
230.517 9.65945 537.726 -1.24469
230.573 9.59888 538.266 -0.968435
230.629 9.55376 538.804 -0.690174
230.685 9.52435 539.34 -0.409171
230.742 9.51049 539.874 -0.136864
230.798 9.51169 540.409 0.124361
230.854 9.52686 540.943 0.360976
230.91 9.55507 541.479 0.588704
230.966 9.59487 542.018 0.784998
231.022 9.64487 542.558 0.95814
231.079 9.70393 543.102 1.11436
231.135 9.77095 543.649 1.24542
231.191 9.84459 544.201 1.35313
231.247 9.9237 544.757 1.44497
231.303 10.0076 545.317 1.51961
231.36 10.0957 545.882 1.59742
231.416 10.1875 546.452 1.65625
231.472 10.2823 547.028 1.7138
231.528 10.3804 547.609 1.76492
231.584 10.4812 548.195 1.81648
231.64 10.5843 548.788 1.84718
231.697 10.6893 549.386 1.88493
231.753 10.7959 549.99 1.89679
231.809 10.9034 550.6 1.91705
231.865 11.0112 551.216 1.91909
231.921 11.1188 551.838 1.90949
231.978 11.2253 552.467 1.88518
232.034 11.3304 553.101 1.85781
232.09 11.4334 553.741 1.8145
232.146 11.533 554.387 1.74469
232.202 11.6281 555.038 1.6585
232.258 11.7184 555.694 1.57028
232.315 11.8031 556.355 1.4672
232.371 11.8829 557.021 1.38968
232.427 11.9577 557.691 1.28899
232.483 12.0265 558.365 1.18242
232.539 12.0891 559.043 1.06341
232.596 12.1455 559.724 0.956508
232.652 12.1956 560.408 0.849743
232.708 12.24 561.095 0.751015
232.764 12.279 561.784 0.653687
232.82 12.3129 562.475 0.574046
232.876 12.343 563.168 0.51317
232.933 12.3695 563.862 0.443211
232.989 12.3923 564.558 0.38039
233.045 12.4119 565.255 0.331975
233.101 12.4286 565.952 0.272685
233.157 12.4423 566.651 0.233351
233.213 12.4547 567.351 0.210358
233.27 12.4659 568.051 0.192219
233.326 12.4762 568.751 0.178868
233.382 12.4865 569.453 0.188656
233.438 12.4973 570.154 0.195276
233.494 12.5088 570.857 0.211404
233.551 12.5211 571.56 0.229623
233.607 12.5352 572.264 0.265601
233.663 12.552 572.969 0.317023
233.719 12.5711 573.675 0.356183
233.775 12.5924 574.381 0.395296
233.831 12.6159 575.09 0.429581
233.888 12.6414 575.799 0.468994
233.944 12.669 576.51 0.507254
234 12.6989 577.223 0.549073
234.056 12.7304 577.938 0.567443
234.112 12.7625 578.654 0.573997
234.169 12.7944 579.372 0.563701
234.225 12.8256 580.092 0.549121
234.281 12.8555 580.813 0.519563
234.337 12.8838 581.537 0.491396
234.393 12.9102 582.261 0.453769
234.449 12.9344 582.987 0.414728
234.506 12.9559 583.715 0.363616
234.562 12.9746 584.443 0.314156
234.618 12.9908 585.173 0.271803
234.674 13.0046 585.903 0.226819
234.73 13.0161 586.634 0.189954
234.787 13.0252 587.366 0.148816
234.843 13.0327 588.098 0.122246
234.899 13.0381 588.83 0.0775012
234.955 13.041 589.563 0.0344923
235.011 13.0412 590.295 -0.0143013
235.067 13.0386 591.028 -0.0674045
235.124 13.0333 591.76 -0.112389
235.18 13.0253 592.492 -0.159888
235.236 13.0146 593.223 -0.210065
235.292 13.001 593.954 -0.264943
235.348 12.9846 594.684 -0.313043
235.404 12.9654 595.413 -0.355901
235.461 12.9443 596.141 -0.393528
235.517 12.921 596.867 -0.429129
235.573 12.8959 597.592 -0.45539
235.629 12.8695 598.316 -0.480105
235.685 12.8416 599.038 -0.506801
235.742 12.8124 599.758 -0.526403
235.798 12.782 600.477 -0.544558
235.854 12.7512 601.194 -0.55369
235.91 12.7198 601.909 -0.558956
235.966 12.6887 602.623 -0.549898
236.022 12.6585 603.335 -0.525689
236.079 12.6303 604.045 -0.487719
236.135 12.6045 604.754 -0.4361
236.191 12.5825 605.461 -0.364897
236.247 12.5644 606.167 -0.294286
236.303 12.5505 606.873 -0.215709
236.36 12.5412 607.577 -0.129742
236.416 12.5369 608.282 -0.0367835
236.472 12.5376 608.986 0.0470807
236.528 12.543 609.691 0.130456
236.584 12.5532 610.396 0.223388
236.64 12.5689 611.101 0.319833
236.697 12.5905 611.808 0.425221
236.753 12.6182 612.516 0.550372
236.809 12.6534 613.226 0.678084
236.865 12.6964 613.939 0.825404
236.921 12.7483 614.654 0.989769
236.978 12.8097 615.372 1.16797
237.034 12.8815 616.094 1.35494
237.09 12.964 616.82 1.54882
237.146 13.0574 617.552 1.73402
237.202 13.1608 618.289 1.90871
237.258 13.2729 619.032 2.04924
237.315 13.3916 619.781 2.14757
237.371 13.5143 620.538 2.19687
237.427 13.6375 621.301 2.18976
237.483 13.7582 622.072 2.11154
237.539 13.8721 622.848 1.96016
237.596 13.9754 623.631 1.7457
237.652 14.0647 624.419 1.48448
237.708 14.1384 625.212 1.18999
237.764 14.194 626.008 0.850034
237.82 14.2299 626.807 0.501754
237.876 14.2463 627.607 0.156027
237.933 14.2439 628.408 -0.17431
237.989 14.2234 629.207 -0.484027
238.045 14.1872 630.005 -0.744106
238.101 14.1385 630.801 -0.941167
238.157 14.0803 631.593 -1.09498
238.213 14.0151 632.382 -1.19633
238.27 13.946 633.167 -1.2459
238.326 13.8757 633.948 -1.25209
238.382 13.8065 634.725 -1.20971
238.438 13.7404 635.499 -1.15295
238.494 13.6789 636.268 -1.05522
238.551 13.6226 637.035 -0.968863
238.607 13.5707 637.798 -0.889028
238.663 13.5228 638.559 -0.833694
238.719 13.4772 639.317 -0.803884
238.775 13.4315 640.073 -0.822001
238.831 13.3842 640.826 -0.864454
238.888 13.3322 641.576 -0.96971
238.944 13.2735 642.323 -1.09532
239 13.2069 643.067 -1.25453
239.056 13.1316 643.806 -1.39893
239.112 13.0478 644.541 -1.54843
239.169 12.9558 645.271 -1.69961
239.225 12.8559 645.996 -1.82308
239.281 12.7502 646.714 -1.91476
239.337 12.6409 647.427 -1.95682
239.393 12.5306 648.133 -1.95841
239.449 12.4225 648.834 -1.90123
239.506 12.3188 649.528 -1.80452
239.562 12.222 650.217 -1.66215
239.618 12.1343 650.9 -1.48634
239.674 12.0578 651.58 -1.28382
239.73 11.9934 652.255 -1.05237
239.787 11.9422 652.927 -0.817292
239.843 11.9045 653.596 -0.571645
239.899 11.8806 654.264 -0.330475
239.955 11.8695 654.931 -0.113279
240.011 11.8696 655.598 0.0776183
240.067 11.8792 656.265 0.226974
240.124 11.8959 656.933 0.340117
240.18 11.9177 657.602 0.416859
240.236 11.9424 658.272 0.447979
240.292 11.9678 658.944 0.450844
240.348 11.9922 659.617 0.422584
240.404 12.0144 660.292 0.375077
240.461 12.033 660.967 0.300791
240.517 12.0466 661.644 0.196711
240.573 12.0539 662.321 0.0838808
240.629 12.0541 662.998 -0.0497236
240.685 12.0467 663.675 -0.192838
240.742 12.0303 664.351 -0.35484
240.798 12.0042 665.027 -0.54731
240.854 11.9656 665.7 -0.786383
240.91 11.9124 666.37 -1.05454
240.966 11.8431 667.037 -1.35487
241.022 11.7561 667.7 -1.68092
241.079 11.6509 668.357 -2.008
241.135 11.5259 669.007 -2.37671
241.191 11.3806 669.65 -2.73051
241.247 11.2158 670.284 -3.07636
241.303 11.0306 670.908 -3.43255
241.36 10.8271 671.521 -3.74909
241.416 10.6064 672.121 -4.04329
241.472 10.3691 672.709 -4.34454
241.528 10.1158 673.283 -4.61289
241.584 9.84836 673.843 -4.84633
241.64 9.56887 674.387 -5.05506
241.697 9.27843 674.915 -5.24366
241.753 8.97781 675.426 -5.41741
241.809 8.66763 675.92 -5.59657
241.865 8.34706 676.396 -5.77161
241.921 8.01761 676.854 -5.9228
241.978 7.68086 677.293 -6.03637
242.034 7.33865 677.713 -6.12384
242.09 6.99242 678.113 -6.18469
242.146 6.64415 678.495 -6.19767
242.202 6.29621 678.856 -6.18283
242.258 5.94985 679.198 -6.14861
242.315 5.60646 679.521 -6.08228
242.371 5.26759 679.824 -5.99561
242.427 4.9342 680.109 -5.89463
242.483 4.607 680.375 -5.76813
242.539 4.28811 680.623 -5.60367
242.596 3.97888 680.854 -5.44399
242.652 3.67832 681.067 -5.2744
242.708 3.38804 681.264 -5.09958
242.764 3.1077 681.445 -4.9179
242.82 2.8374 681.61 -4.73671
242.876 2.57765 681.761 -4.53881
242.933 2.32953 681.897 -4.32576
242.989 2.09456 682.02 -4.08313
243.045 1.87444 682.13 -3.80493
243.101 1.67135 682.228 -3.49158
243.157 1.4858 682.316 -3.17294
243.213 1.31888 682.394 -2.83415
243.27 1.17147 682.463 -2.48573
243.326 1.04403 682.524 -2.1218
243.382 0.937459 682.579 -1.74461
243.438 0.851947 682.629 -1.37435
243.494 0.786965 682.674 -1.01386
243.551 0.741789 682.717 -0.666273
243.607 0.715096 682.758 -0.34981
243.663 0.705244 682.798 -0.0650319
243.719 0.709449 682.837 0.161639
243.775 0.724797 682.878 0.339823
243.831 0.747738 682.919 0.44892
243.888 0.774944 682.962 0.499515
243.944 0.803085 683.006 0.495036
244 0.829134 683.052 0.439721
244.056 0.850702 683.1 0.338945
244.112 0.864738 683.148 0.184517
244.169 0.869133 683.197 0.00324586
244.225 0.862594 683.246 -0.196573
244.281 0.84427 683.293 -0.413827
244.337 0.813461 683.34 -0.637423
244.393 0.770266 683.384 -0.856735
244.449 0.715088 683.426 -1.0657
244.506 0.648675 683.464 -1.26401
244.562 0.571837 683.498 -1.43348
244.618 0.485957 683.527 -1.59386
244.674 0.391696 683.551 -1.73036
244.73 0.290842 683.57 -1.83769
244.787 0.184256 683.582 -1.93601
244.843 0.0727493 683.589 -2.01402
244.899 -0.0429478 683.589 -2.08522
244.955 -0.161474 683.583 -2.13277
245.011 -0.282836 683.57 -2.17328
245.067 -0.405827 683.55 -2.2001
245.124 -0.530173 683.523 -2.22063
245.18 -0.654554 683.489 -2.21251
245.236 -0.777983 683.448 -2.18152
245.292 -0.89893 683.4 -2.12622
245.348 -1.01603 683.345 -2.0543
245.404 -1.12802 683.285 -1.94876
245.461 -1.23313 683.218 -1.81425
245.517 -1.3294 683.145 -1.6473
245.573 -1.41492 683.067 -1.43654
245.629 -1.48793 682.985 -1.20429
245.685 -1.5461 682.9 -0.91957
245.742 -1.5878 682.811 -0.617209
245.798 -1.61131 682.721 -0.28345
245.854 -1.61509 682.631 0.0811643
245.91 -1.59812 682.54 0.45199
245.966 -1.55984 682.452 0.833889
246.022 -1.49931 682.366 1.23964
246.079 -1.416 682.285 1.6458
246.135 -1.30968 682.208 2.05944
246.191 -1.17994 682.139 2.47256
246.247 -1.02705 682.078 2.88424
246.303 -0.851485 682.026 3.28433
246.36 -0.653474 681.985 3.68263
246.416 -0.433948 681.955 4.05697
246.472 -0.193917 681.939 4.41831
246.528 0.0658757 681.937 4.76078
246.584 0.34355 681.95 5.06548
246.64 0.638 681.979 5.35073
246.697 0.946956 682.025 5.59157
246.753 1.26798 682.089 5.79026
246.809 1.59827 682.171 5.93244
246.865 1.9353 682.273 6.0358
246.921 2.27588 682.393 6.07033
246.978 2.61646 682.532 6.05482
247.034 2.95394 682.69 5.97317
247.09 3.28427 682.868 5.81401
247.146 3.60382 683.063 5.59794
247.202 3.90968 683.276 5.32929
247.258 4.19772 683.505 4.99106
247.315 4.46561 683.75 4.61719
247.371 4.71098 684.009 4.19997
247.427 4.93184 684.282 3.74801
247.483 5.12633 684.565 3.26835
247.539 5.29346 684.859 2.77796
247.596 5.43286 685.161 2.27919
247.652 5.54384 685.47 1.77344
247.708 5.62555 685.785 1.24455
247.764 5.67777 686.103 0.716385
247.82 5.70002 686.423 0.179964
247.876 5.69108 686.743 -0.381091
247.933 5.64988 687.061 -0.968603
247.989 5.57605 687.376 -1.54835
248.045 5.4693 687.686 -2.13308
248.101 5.3299 687.989 -2.71381
248.157 5.15809 688.282 -3.28431
248.213 4.95492 688.566 -3.83829
248.27 4.72198 688.836 -4.3497
248.326 4.46106 689.093 -4.83873
248.382 4.17395 689.334 -5.28212
248.438 3.86365 689.558 -5.6782
248.494 3.53324 689.764 -6.01363
248.551 3.18537 689.951 -6.30567
248.607 2.82426 690.118 -6.5062
248.663 2.45343 690.264 -6.64704
248.719 2.07766 690.389 -6.70207
248.775 1.70159 690.493 -6.67242
248.831 1.33085 690.576 -6.53857
248.888 0.970522 690.639 -6.31316
248.944 0.626622 690.682 -5.98516
249 0.303212 690.706 -5.59187
249.056 0.00367337 690.713 -5.14478
249.112 -0.268264 690.703 -4.63712
249.169 -0.511057 690.68 -4.10863
249.225 -0.723194 690.644 -3.55394
249.281 -0.904084 690.597 -2.99865
249.337 -1.05383 690.541 -2.44768
249.393 -1.17358 690.478 -1.92187
249.449 -1.2639 690.409 -1.39891
249.506 -1.32592 690.336 -0.909407
249.562 -1.36172 690.26 -0.457938
249.618 -1.37307 690.183 -0.0384251
249.674 -1.36221 690.106 0.346215
249.73 -1.33068 690.03 0.700085
249.787 -1.28047 689.957 1.01689
249.843 -1.21351 689.887 1.3062
249.899 -1.13206 689.822 1.54279
249.955 -1.03849 689.761 1.74054
250.011 -0.935466 689.707 1.89471
250.067 -0.82489 689.658 2.01481
250.124 -0.708583 689.615 2.1022
250.18 -0.58878 689.579 2.15183
250.236 -0.467019 689.55 2.17206
250.292 -0.344904 689.528 2.16982
250.348 -0.223967 689.513 2.14272
250.404 -0.104935 689.505 2.10262
250.461 0.0118924 689.503 2.05646
250.517 0.125631 689.507 1.99883
250.573 0.235797 689.518 1.93661
250.629 0.342486 689.535 1.87638
250.685 0.446189 689.557 1.82774
250.742 0.547146 689.586 1.77804
250.798 0.645453 689.62 1.73176
250.854 0.741456 689.66 1.68999
250.91 0.835435 689.704 1.66358
250.966 0.928451 689.754 1.65426
251.022 1.02115 689.81 1.64569
251.079 1.11354 689.87 1.64757
251.135 1.20703 689.936 1.67394
251.191 1.30177 690.007 1.69606
251.247 1.39779 690.083 1.718
251.303 1.49541 690.165 1.7524
251.36 1.59563 690.252 1.80419
251.416 1.6985 690.346 1.84874
251.472 1.80436 690.445 1.90893
251.528 1.91385 690.55 1.9745
251.584 2.02692 690.661 2.03928
251.64 2.14363 690.779 2.10361
251.697 2.26416 690.903 2.17241
251.753 2.3881 691.035 2.22916
251.809 2.5152 691.173 2.28319
251.865 2.64522 691.319 2.33541
251.921 2.77813 691.472 2.3865
251.978 2.91393 691.632 2.43699
252.034 3.05177 691.801 2.46553
252.09 3.19102 691.977 2.48885
252.146 3.33129 692.161 2.50318
252.202 3.47192 692.353 2.49952
252.258 3.61192 692.552 2.48464
252.315 3.75042 692.76 2.45212
252.371 3.88601 692.975 2.38473
252.427 4.01774 693.198 2.31559
252.483 4.14531 693.428 2.2414
252.539 4.26846 693.665 2.15672
252.596 4.3863 693.909 2.05414
252.652 4.498 694.159 1.94162
252.708 4.60301 694.416 1.82107
252.764 4.70103 694.677 1.69537
252.82 4.79224 694.945 1.57201
252.876 4.87699 695.217 1.46603
252.933 4.95584 695.493 1.36385
252.989 5.02953 695.774 1.278
253.045 5.09918 696.059 1.21714
253.101 5.16611 696.348 1.17485
253.157 5.23069 696.64 1.12945
253.213 5.29227 696.936 1.07138
253.27 5.35069 697.236 1.02377
253.326 5.40644 697.538 0.967668
253.382 5.45879 697.844 0.908643
253.438 5.50681 698.152 0.812273
253.494 5.54858 698.463 0.696636
253.551 5.58375 698.776 0.567908
253.607 5.6107 699.09 0.41332
253.663 5.6279 699.406 0.229408
253.719 5.63438 699.723 0.0367958
253.775 5.63008 700.039 -0.153097
253.831 5.61497 700.355 -0.343561
253.888 5.58984 700.67 -0.51533
253.944 5.55595 700.983 -0.656406
254 5.51541 701.293 -0.761867
254.056 5.47105 701.602 -0.798833
254.112 5.42667 701.908 -0.768512
254.169 5.38599 702.211 -0.689262
254.225 5.35164 702.512 -0.547701
254.281 5.32699 702.812 -0.359527
254.337 5.31446 703.111 -0.12786
254.393 5.31684 703.41 0.165448
254.449 5.33708 703.709 0.497027
254.506 5.37657 704.01 0.839047
254.562 5.43614 704.314 1.21032
254.618 5.51666 704.622 1.57726
254.674 5.61655 704.935 1.9126
254.73 5.73439 705.255 2.20886
254.787 5.86706 705.581 2.45336
254.843 6.01148 705.916 2.64691
254.899 6.16439 706.258 2.76309
254.955 6.3217 706.61 2.8117
255.011 6.47887 706.97 2.78437
255.067 6.63316 707.34 2.71762
255.124 6.78269 707.717 2.61775
255.18 6.92522 708.103 2.47933
255.236 7.0585 708.497 2.29908
255.292 7.18097 708.898 2.09906
255.348 7.29134 709.305 1.87334
255.404 7.38936 709.718 1.66243
255.461 7.47597 710.136 1.46387
255.517 7.55253 710.558 1.29617
255.573 7.62006 710.985 1.14767
255.629 7.68051 711.415 1.03195
255.685 7.73551 711.849 0.947095
255.742 7.7865 712.285 0.88471
255.798 7.83468 712.724 0.842397
255.854 7.88081 713.166 0.802612
255.91 7.92502 713.61 0.775874
255.966 7.96826 714.057 0.762318
256.022 8.01105 714.506 0.753708
256.079 8.05264 714.957 0.725415
256.135 8.09359 715.411 0.723336
256.191 8.13397 715.867 0.719063
256.247 8.17429 716.325 0.71815
256.303 8.21432 716.786 0.705302
256.36 8.25362 717.249 0.69791
256.416 8.29221 717.714 0.686464
256.472 8.33065 718.181 0.68187
256.528 8.36864 718.65 0.668421
256.584 8.40599 719.122 0.662535
256.64 8.44228 719.595 0.639309
256.697 8.47764 720.071 0.619219
256.753 8.51181 720.548 0.602175
256.809 8.54488 721.027 0.583265
256.865 8.57719 721.508 0.563709
256.921 8.60972 721.991 0.583962
256.978 8.64311 722.476 0.602313
257.034 8.67792 722.963 0.637754
257.09 8.71537 723.452 0.686328
257.146 8.75593 723.943 0.74989
257.202 8.79998 724.436 0.816862
257.258 8.84831 724.932 0.889803
257.315 8.90033 725.431 0.947432
257.371 8.95549 725.933 0.999895
257.427 9.01307 726.438 1.03855
257.483 9.07209 726.946 1.05703
257.539 9.13175 727.458 1.06163
257.596 9.19101 727.973 1.04851
257.652 9.249 728.491 1.01916
257.708 9.30533 729.013 0.988395
257.764 9.3594 729.537 0.942397
257.82 9.41019 730.065 0.880238
257.876 9.45772 730.595 0.821733
257.933 9.50191 731.128 0.763996
257.989 9.54233 731.663 0.689604
258.045 9.57891 732.2 0.626561
258.101 9.61258 732.74 0.582829
258.157 9.64368 733.281 0.536145
258.213 9.67292 733.824 0.508991
258.27 9.70099 734.368 0.496964
258.326 9.72874 734.914 0.49013
258.382 9.75638 735.461 0.492763
258.438 9.7843 736.01 0.501745
258.494 9.81285 736.561 0.516555
258.551 9.84197 737.113 0.523269
258.607 9.87168 737.667 0.533019
258.663 9.9015 738.223 0.529678
258.719 9.93071 738.78 0.509969
258.775 9.95832 739.339 0.478076
258.831 9.98352 739.899 0.423182
258.888 10.0045 740.461 0.340375
258.944 10.0207 741.024 0.242095
259 10.0313 741.587 0.145069
259.056 10.0355 742.151 0.0221104
259.112 10.0322 742.714 -0.106015
259.169 10.0223 743.278 -0.223926
259.225 10.0058 743.84 -0.340037
259.281 9.98332 744.402 -0.438488
259.337 9.95559 744.961 -0.526315
259.393 9.92365 745.52 -0.589129
259.449 9.8892 746.076 -0.622536
259.506 9.85417 746.63 -0.619038
259.562 9.81957 747.183 -0.616847
259.618 9.78586 747.733 -0.569853
259.674 9.75544 748.282 -0.527648
259.73 9.72823 748.829 -0.456881
259.787 9.70504 749.375 -0.377137
259.843 9.68665 749.92 -0.288184
259.899 9.67486 750.463 -0.167613
259.955 9.66894 751.007 -0.0697118
260.011 9.66774 751.55 0.0191649
260.067 9.67295 752.093 0.141486
260.124 9.68478 752.637 0.255153
260.18 9.70275 753.182 0.369088
260.236 9.72794 753.727 0.496323
260.292 9.7597 754.275 0.614281
260.348 9.79854 754.825 0.752276
260.404 9.84537 755.377 0.880536
260.461 9.89895 755.931 1.0033
260.517 9.95916 756.49 1.11756
260.573 10.0257 757.051 1.23325
260.629 10.0986 757.617 1.33582
260.685 10.1763 758.187 1.4147
260.742 10.2583 758.761 1.4873
260.798 10.3441 759.341 1.55335
260.854 10.4333 759.925 1.60463
260.91 10.5249 760.514 1.64885
260.966 10.6195 761.108 1.70802
261.022 10.7175 761.708 1.76861
261.079 10.8188 762.314 1.82899
261.135 10.9246 762.925 1.91821
261.191 11.0361 763.543 2.02084
261.247 11.153 764.166 2.11872
261.303 11.2747 764.797 2.19076
261.36 11.4003 765.435 2.25607
261.416 11.5285 766.08 2.29136
261.472 11.6573 766.732 2.28507
261.528 11.7838 767.391 2.22458
261.584 11.9051 768.057 2.11252
261.64 12.0184 768.73 1.94857
261.697 12.1213 769.408 1.75271
261.753 12.213 770.092 1.55025
261.809 12.2926 770.781 1.33816
261.865 12.361 771.474 1.13016
261.921 12.4178 772.171 0.933635
261.978 12.4644 772.87 0.761764
262.034 12.5026 773.571 0.629266
262.09 12.5342 774.275 0.514435
262.146 12.5606 774.98 0.440854
262.202 12.5836 775.686 0.388795
262.258 12.6053 776.394 0.381921
262.315 12.6274 777.103 0.404165
262.371 12.6518 777.813 0.459186
262.427 12.6792 778.525 0.509574
262.483 12.7102 779.238 0.58847
262.539 12.7466 779.954 0.689533
262.596 12.7897 780.671 0.823729
262.652 12.8408 781.391 0.973391
262.708 12.9005 782.115 1.11845
262.764 12.9678 782.842 1.25261
262.82 13.0427 783.573 1.38021
262.876 13.1236 784.308 1.4723
262.933 13.2081 785.048 1.51931
262.989 13.2938 785.793 1.53385
263.045 13.3792 786.543 1.50874
263.101 13.4623 787.297 1.45053
263.157 13.5416 788.056 1.38281
263.213 13.6157 788.82 1.26986
263.27 13.6829 789.587 1.13908
263.326 13.742 790.358 0.988662
263.382 13.7933 791.131 0.85664
263.438 13.8367 791.908 0.71221
263.494 13.8716 792.686 0.563126
263.551 13.8979 793.467 0.403088
263.607 13.9149 794.248 0.234381
263.663 13.9222 795.03 0.0619237
263.719 13.9194 795.812 -0.127961
263.775 13.9058 796.594 -0.318232
263.831 13.8818 797.374 -0.490783
263.888 13.8491 798.153 -0.636287
263.944 13.8095 798.93 -0.754986
264 13.7638 799.704 -0.84626
264.056 13.7144 800.475 -0.903494
264.112 13.6621 801.244 -0.948654
264.169 13.6073 802.01 -0.998261
264.225 13.5486 802.772 -1.07746
264.281 13.4849 803.531 -1.17325
264.337 13.4152 804.287 -1.29091
264.393 13.3375 805.038 -1.44957
264.449 13.251 805.784 -1.60215
264.506 13.1558 806.525 -1.75178
264.562 13.0525 807.261 -1.89117
264.618 12.9422 807.991 -2.00834
264.674 12.8259 808.714 -2.10153
264.73 12.7055 809.43 -2.1639
264.787 12.5825 810.14 -2.20648
264.843 12.4575 810.843 -2.23642
264.899 12.331 811.538 -2.25897
264.955 12.2035 812.227 -2.2773
265.011 12.0748 812.908 -2.30343
265.067 11.944 813.582 -2.34872
265.124 11.8108 814.249 -2.39262
265.18 11.6743 814.907 -2.45026
265.236 11.5348 815.559 -2.50081
265.292 11.3931 816.202 -2.53434
265.348 11.25 816.837 -2.55113
265.404 11.1064 817.464 -2.55916
265.461 10.9628 818.083 -2.55132
265.517 10.8202 818.695 -2.53004
265.573 10.6788 819.298 -2.50464
265.629 10.5401 819.893 -2.44359
265.685 10.4054 820.48 -2.36539
265.742 10.2755 821.061 -2.27467
265.798 10.1511 821.634 -2.17537
265.854 10.0319 822.2 -2.08778
265.91 9.91692 822.76 -2.02416
265.966 9.80428 823.313 -1.99877
266.022 9.69178 823.86 -2.00973
266.079 9.57725 824.401 -2.06036
266.135 9.45875 824.935 -2.14502
266.191 9.33459 825.462 -2.25516
266.247 9.20339 825.982 -2.39304
266.303 9.06386 826.494 -2.55065
266.36 8.91419 826.999 -2.74485
266.416 8.75255 827.494 -2.9618
266.472 8.57871 827.98 -3.1808
266.528 8.39275 828.456 -3.38828
266.584 8.19648 828.921 -3.56205
266.64 7.99144 829.374 -3.70367
266.697 7.77959 829.816 -3.81407
266.753 7.56262 830.246 -3.8805
266.809 7.34352 830.663 -3.90867
266.865 7.12355 831.068 -3.92142
266.921 6.90359 831.461 -3.91115
266.978 6.68476 831.842 -3.88996
267.034 6.46732 832.21 -3.84774
267.09 6.25353 832.566 -3.76866
267.146 6.04568 832.91 -3.64175
267.202 5.84637 833.243 -3.48646
267.258 5.65672 833.565 -3.29563
267.315 5.47875 833.877 -3.08966
267.371 5.31195 834.179 -2.88459
267.427 5.15621 834.472 -2.69352
267.483 5.01083 834.757 -2.5166
267.539 4.87494 835.034 -2.36192
267.596 4.74659 835.303 -2.23414
267.652 4.62434 835.566 -2.14054
267.708 4.5061 835.822 -2.08986
267.764 4.38869 836.071 -2.09003
267.82 4.27047 836.313 -2.12173
267.876 4.14916 836.549 -2.18827
267.933 4.02272 836.778 -2.29838
267.989 3.89004 837 -2.4018
268.045 3.75129 837.213 -2.51652
268.101 3.60702 837.419 -2.6028
268.157 3.4584 837.617 -2.67061
268.213 3.30697 837.806 -2.70924
268.27 3.15364 837.987 -2.73353
268.326 3.0002 838.159 -2.72903
268.382 2.84789 838.322 -2.69339
268.438 2.69792 838.477 -2.64852
268.494 2.55097 838.624 -2.59809
268.551 2.40716 838.762 -2.5273
268.607 2.268 838.893 -2.4435
268.663 2.13395 839.016 -2.34644
268.719 2.00631 839.131 -2.21653
268.775 1.88563 839.24 -2.10402
268.831 1.7712 839.342 -1.99392
268.888 1.66297 839.438 -1.88575
268.944 1.55986 839.528 -1.80444
269 1.46106 839.612 -1.72662
269.056 1.36619 839.691 -1.66492
269.112 1.27496 839.764 -1.59861
269.169 1.18724 839.833 -1.54072
269.225 1.10407 839.897 -1.4418
269.281 1.02638 839.956 -1.33747
269.337 0.955252 840.012 -1.21139
269.393 0.892716 840.063 -1.03718
269.449 0.841191 840.111 -0.831586
269.506 0.802669 840.157 -0.580746
269.562 0.780044 840.202 -0.282122
269.618 0.77538 840.245 0.0571549
269.674 0.791287 840.289 0.440579
269.73 0.829831 840.335 0.855405
269.787 0.892884 840.383 1.30861
269.843 0.982687 840.436 1.79045
269.899 1.09996 840.495 2.29041
269.955 1.2458 840.562 2.80065
270.011 1.42045 840.638 3.30909
270.067 1.62306 840.724 3.80166
270.124 1.85177 840.823 4.24911
270.18 2.10477 840.936 4.66501
270.236 2.3782 841.063 4.99001
270.292 2.66697 841.206 5.2352
270.348 2.96582 841.366 5.36244
270.404 3.26827 841.543 5.38509
270.461 3.56862 841.737 5.30447
270.517 3.86015 841.947 5.09692
270.573 4.13664 842.173 4.79597
270.629 4.39232 842.414 4.3756
270.684 4.61818 842.664 3.89968
270.739 4.81282 842.922 3.34944
270.793 4.97518 843.189 2.73063
270.848 5.10186 843.464 2.05373
270.902 5.19057 843.745 1.34224
270.956 5.23962 844.029 0.606104
271.011 5.24759 844.317 -0.16686
271.067 5.212 844.611 -0.937375
271.124 5.13386 844.901 -1.69007
271.18 5.01417 845.186 -2.41366
271.236 4.857 845.462 -3.04389
271.292 4.66881 845.729 -3.54726
271.348 4.45522 845.984 -3.96007
271.404 4.22139 846.227 -4.2911
271.461 3.97092 846.455 -4.55508
271.517 3.70822 846.67 -4.7462
271.573 3.43645 846.869 -4.89606
271.629 3.15814 847.052 -4.99142
271.685 2.8755 847.22 -5.05381
271.742 2.5902 847.372 -5.08324
271.798 2.30469 847.508 -5.07534
271.854 2.02062 847.628 -5.03486
271.91 1.74077 847.732 -4.93485
271.966 1.46907 847.821 -4.76636
272.022 1.20901 847.894 -4.53256
272.079 0.964851 847.954 -4.21552
272.135 0.740384 848.001 -3.8302
272.191 0.540846 848.035 -3.35738
272.247 0.37042 848.06 -2.8062
272.303 0.233633 848.076 -2.17958
272.36 0.134144 848.085 -1.48856
272.415 0.0762978 848.091 -0.739442
272.47 0.0608181 848.094 0.0324866
272.525 0.0888601 848.098 0.82711
272.581 0.160898 848.105 1.62032
272.636 0.275644 848.118 2.38105
272.691 0.430877 848.138 3.08723
272.746 0.62221 848.168 3.71095
272.801 0.845317 848.21 4.25048
272.856 1.09489 848.265 4.6874
272.912 1.36523 848.334 5.02699
272.967 1.65155 848.419 5.2817
273.022 1.95086 848.52 5.44094
273.079 2.25997 848.64 5.53827
273.135 2.57219 848.778 5.55902
273.191 2.88328 848.933 5.51365
273.247 3.18965 849.105 5.40558
273.303 3.48738 849.294 5.22067
273.358 3.7666 849.495 4.9724
273.414 4.03135 849.713 4.65679
273.468 4.27423 849.941 4.29265
273.523 4.49652 850.183 3.87272
273.579 4.69567 850.439 3.39717
273.634 4.86661 850.706 2.86918
273.69 5.00693 850.98 2.30087
273.745 5.11439 851.261 1.69278
273.8 5.18739 851.548 1.06729
273.856 5.2259 851.836 0.447724
273.911 5.22982 852.126 -0.181296
273.967 5.19953 852.415 -0.78387
274.022 5.13624 852.703 -1.37087
274.079 5.04011 852.989 -1.92871
274.135 4.914 853.268 -2.4511
274.191 4.76097 853.539 -2.90148
274.247 4.58506 853.8 -3.27349
274.303 4.38933 854.052 -3.61292
274.359 4.18082 854.287 -3.86575
274.414 3.96011 854.511 -4.0688
274.469 3.73058 854.723 -4.19972
274.525 3.4957 854.921 -4.26974
274.58 3.25909 855.106 -4.27507
274.635 3.02397 855.279 -4.23313
274.69 2.79246 855.438 -4.15157
274.746 2.56684 855.585 -4.02939
274.801 2.34906 855.72 -3.87408
274.856 2.14044 855.843 -3.7024
274.912 1.9421 855.954 -3.50765
274.961 1.77309 856.046 -3.32001
275.011 1.61515 856.129 -3.12599
275.065 1.45336 856.211 -2.90717
275.12 1.30108 856.285 -2.68682
275.175 1.15919 856.353 -2.46882
275.231 1.02891 856.413 -2.24718
275.286 0.910811 856.466 -2.03509
275.342 0.804054 856.514 -1.83459
275.398 0.708087 856.555 -1.6491
275.454 0.622286 856.592 -1.46924
275.509 0.546217 856.624 -1.29802
275.565 0.47918 856.652 -1.13907
275.621 0.420413 856.677 -1.00024
275.677 0.368792 856.698 -0.879147
275.732 0.323578 856.717 -0.767493
275.788 0.284154 856.734 -0.6677
275.844 0.249781 856.749 -0.585209
275.9 0.219974 856.762 -0.506326
275.955 0.193703 856.773 -0.448869
276.011 0.170537 856.783 -0.393555
276.067 0.149715 856.792 -0.3536
276.124 0.13114 856.8 -0.317531
276.18 0.114172 856.806 -0.294545
276.236 0.0983578 856.812 -0.277555
276.292 0.0831437 856.817 -0.266557
276.348 0.0682926 856.822 -0.263101
276.404 0.0535716 856.825 -0.263468
276.461 0.0389568 856.827 -0.261099
276.517 0.0241698 856.829 -0.264995
276.573 0.00895914 856.83 -0.27471
276.629 -0.0068814 856.83 -0.284948
276.685 -0.0233724 856.829 -0.293469
276.742 -0.0408986 856.827 -0.330406
276.798 -0.059348 856.824 -0.338546
276.854 -0.0785241 856.82 -0.346543
276.91 -0.0983341 856.815 -0.356192
276.963 -0.117267 856.809 -0.361923
277.011 -0.135282 856.803 -0.379366
277.065 -0.155833 856.795 -0.384411
277.119 -0.177082 856.786 -0.396885
277.174 -0.198845 856.776 -0.395132
277.229 -0.220806 856.764 -0.396328
277.285 -0.242954 856.751 -0.396016
277.341 -0.265017 856.736 -0.391894
277.397 -0.286606 856.721 -0.379879
277.453 -0.307389 856.704 -0.366634
277.509 -0.326923 856.686 -0.338243
277.564 -0.345096 856.668 -0.316195
277.62 -0.361407 856.648 -0.278395
277.676 -0.375367 856.627 -0.231058
277.732 -0.386536 856.606 -0.176584
277.788 -0.39389 856.584 -0.103401
277.844 -0.397489 856.562 -0.0377557
277.899 -0.397103 856.539 0.040143
277.955 -0.392597 856.517 0.108055
278.011 -0.383494 856.496 0.195252
278.067 -0.369824 856.475 0.275579
278.124 -0.351894 856.454 0.347779
278.18 -0.330038 856.435 0.414723
278.236 -0.304628 856.418 0.477631
278.292 -0.275597 856.402 0.541115
278.348 -0.243347 856.387 0.594363
278.404 -0.208371 856.375 0.641508
278.461 -0.17101 856.364 0.679944
278.517 -0.131626 856.356 0.713789
278.573 -0.0904953 856.35 0.743
278.629 -0.047892 856.346 0.76994
278.685 -0.0037216 856.345 0.794713
278.742 0.0412787 856.346 0.805084
278.798 0.0869183 856.35 0.818663
278.854 0.133301 856.357 0.830497
278.91 0.180228 856.366 0.839587
278.966 0.227887 856.377 0.856205
279.022 0.276504 856.392 0.868041
279.079 0.325505 856.409 0.876141
279.135 0.375425 856.429 0.898326
279.191 0.426475 856.452 0.915189
279.247 0.478348 856.478 0.928786
279.303 0.531359 856.506 0.957902
279.36 0.586231 856.538 0.988161
279.416 0.642784 856.573 1.0226
279.472 0.701912 856.611 1.07591
279.528 0.763912 856.652 1.12168
279.584 0.828344 856.697 1.1637
279.64 0.895844 856.746 1.22786
279.697 0.967195 856.799 1.30156
279.753 1.04311 856.856 1.38511
279.809 1.12393 856.917 1.47574
279.865 1.21031 856.983 1.57733
279.921 1.30249 857.054 1.68408
279.978 1.40113 857.131 1.80026
