# t frame_uz frame_z ub_dans_repere
160.001 -1.53922e-05 -1.5852e-08 -0.0149459
160.019 -0.00158136 -1.99166e-05 -0.0495103
160.051 0.00188147 -2.61349e-05 0.212631
160.092 0.0181423 0.000417108 0.504965
160.14 0.0508019 0.00214014 0.819951
160.19 0.101724 0.00618502 1.13708
160.243 0.171414 0.0136903 1.44019
160.297 0.258589 0.0256893 1.73046
160.352 0.362436 0.0432547 1.99459
160.407 0.480129 0.0669881 2.23825
160.463 0.612986 0.0982711 2.45875
160.519 0.756767 0.137367 2.64082
160.575 0.910391 0.184845 2.80995
160.631 1.07246 0.241213 2.95066
160.687 1.24166 0.306898 3.0701
160.743 1.41688 0.382261 3.16757
160.798 1.59642 0.467586 3.23228
160.854 1.77989 0.563094 3.30371
160.91 1.96651 0.66898 3.35181
160.966 2.1551 0.785382 3.38116
161.022 2.34537 0.912586 3.40283
161.079 2.53687 1.0508 3.41178
161.135 2.72856 1.19978 3.41225
161.191 2.9201 1.35953 3.40441
161.247 3.11081 1.53002 3.38772
161.303 3.30059 1.71118 3.37117
161.36 3.48921 1.90297 3.3478
161.416 3.67613 2.1053 3.31126
161.472 3.86071 2.31806 3.26909
161.528 4.04318 2.54111 3.23427
161.584 4.2231 2.77434 3.18169
161.64 4.40028 3.01757 3.13603
161.697 4.57483 3.27068 3.08622
161.753 4.74642 3.53349 3.03315
161.809 4.91465 3.80583 2.9673
161.865 5.07877 4.08748 2.8925
161.921 5.2391 4.37823 2.82578
161.978 5.39551 4.67785 2.75237
162.034 5.54754 4.98611 2.67539
162.09 5.69517 5.30277 2.59367
162.146 5.83819 5.62757 2.51186
162.202 5.97627 5.96023 2.42434
162.258 6.10956 6.30049 2.33693
162.315 6.23788 6.64807 2.25407
162.371 6.36187 7.00271 2.17373
162.427 6.4812 7.36417 2.09192
162.483 6.59606 7.73217 2.01285
162.539 6.70653 8.10648 1.93612
162.596 6.81241 8.48684 1.84876
162.652 6.91342 8.87299 1.76652
162.708 7.01017 9.26466 1.69424
162.764 7.1031 9.66164 1.62799
162.82 7.19266 10.0637 1.57306
162.876 7.27919 10.4707 1.52007
162.933 7.363 10.8825 1.47213
162.989 7.44436 11.2989 1.43189
163.045 7.52319 11.7198 1.38393
163.101 7.59941 12.145 1.33602
163.157 7.67298 12.5745 1.29123
163.213 7.74373 13.0079 1.23882
163.27 7.81131 13.4453 1.17783
163.326 7.87582 13.8863 1.12771
163.382 7.93751 14.3308 1.08034
163.438 7.99685 14.7788 1.04134
163.494 8.05427 15.23 1.00797
163.551 8.10959 15.6843 0.971418
163.607 8.16305 16.1418 0.939036
163.663 8.21513 16.6021 0.919743
163.719 8.266 17.0654 0.895491
163.775 8.31573 17.5314 0.878071
163.831 8.36486 18.0003 0.872493
163.888 8.41359 18.4718 0.865693
163.944 8.46234 18.9461 0.86557
164 8.51083 19.4232 0.868349
164.056 8.55966 19.903 0.870787
164.112 8.60872 20.3855 0.872774
164.169 8.6586 20.8708 0.893973
164.225 8.70887 21.359 0.896868
164.281 8.75947 21.8499 0.905185
164.337 8.81074 22.3437 0.91918
164.393 8.8627 22.8405 0.931492
164.449 8.9155 23.3402 0.944775
164.506 8.96955 23.8429 0.973107
164.562 9.02462 24.3486 0.986905
164.618 9.08075 24.8575 1.00565
164.674 9.13795 25.3696 1.02548
164.73 9.19634 25.8849 1.04934
164.787 9.25602 26.4036 1.07046
164.843 9.31671 26.9256 1.08677
164.899 9.37804 27.4511 1.09742
164.955 9.44022 27.98 1.11369
165.011 9.50329 28.5125 1.12771
165.067 9.56697 29.0485 1.13555
165.124 9.63113 29.5882 1.14382
165.18 9.69555 30.1314 1.15049
165.236 9.76045 30.6783 1.1587
165.292 9.82606 31.2288 1.17181
165.348 9.89227 31.7831 1.18124
165.404 9.95886 32.3411 1.18987
165.461 10.026 32.9028 1.19833
165.517 10.0939 33.4684 1.21526
165.573 10.1627 34.0378 1.23333
165.629 10.2325 34.611 1.2459
165.685 10.3028 35.1883 1.25589
165.742 10.3734 35.7695 1.25523
165.798 10.4439 36.3546 1.25288
165.854 10.5139 36.9437 1.24146
165.91 10.583 37.5367 1.22378
165.966 10.6512 38.1336 1.20835
166.022 10.7188 38.7342 1.19778
166.079 10.7855 39.3387 1.18501
166.135 10.8516 39.9468 1.17066
166.191 10.9172 40.5587 1.16282
166.247 10.982 41.1742 1.14972
166.303 11.0462 41.7933 1.13647
166.36 11.1093 42.416 1.11576
166.416 11.1713 43.0422 1.09584
166.472 11.232 43.6719 1.06802
166.528 11.2905 44.3049 1.02133
166.584 11.3463 44.9411 0.972214
166.64 11.3992 45.5803 0.917561
166.697 11.4491 46.2224 0.870583
166.753 11.4962 46.8672 0.816378
166.809 11.5402 47.5146 0.760616
166.865 11.5811 48.1643 0.707924
166.921 11.6189 48.8162 0.649975
166.978 11.6534 49.4701 0.591231
167.034 11.6848 50.1259 0.536487
167.09 11.713 50.7833 0.479652
167.146 11.738 51.4422 0.424285
167.202 11.7601 52.1024 0.371579
167.258 11.7789 52.7637 0.308529
167.315 11.794 53.426 0.243783
167.371 11.8056 54.089 0.180428
167.427 11.8134 54.7525 0.11265
167.483 11.8177 55.4163 0.0519276
167.539 11.8185 56.0803 -0.0102487
167.596 11.8159 56.7442 -0.0702579
167.652 11.81 57.4078 -0.127893
167.708 11.8013 58.071 -0.172644
167.764 11.79 58.7336 -0.21849
167.82 11.7765 59.3955 -0.257119
167.876 11.7609 60.0566 -0.289549
167.933 11.7439 60.7168 -0.310701
167.989 11.7257 61.3759 -0.33447
168.045 11.7061 62.034 -0.356106
168.101 11.6854 62.691 -0.374702
168.157 11.6641 63.3467 -0.384444
168.213 11.6422 64.0013 -0.390428
168.27 11.62 64.6546 -0.397522
168.326 11.5976 65.3067 -0.398002
168.382 11.5756 65.9575 -0.388837
168.438 11.5541 66.6071 -0.377331
168.494 11.5333 67.2555 -0.368752
168.551 11.5131 67.9027 -0.349306
168.607 11.4941 68.5489 -0.332394
168.663 11.4757 69.194 -0.319981
168.719 11.4587 69.8381 -0.293046
168.775 11.4432 70.4813 -0.263299
168.831 11.4296 71.1237 -0.230238
168.888 11.4177 71.7654 -0.199471
168.944 11.4072 72.4065 -0.17742
169 11.3983 73.0471 -0.146732
169.056 11.3913 73.6872 -0.106829
169.112 11.3867 74.327 -0.0693057
169.169 11.384 74.9666 -0.0345489
169.225 11.3832 75.6061 0.00248174
169.281 11.3846 76.2456 0.0383169
169.337 11.3879 76.8853 0.0726642
169.393 11.3931 77.5253 0.109859
169.449 11.4006 78.1656 0.148841
169.506 11.4102 78.8064 0.187236
169.562 11.4221 79.4478 0.225299
169.618 11.4356 80.0899 0.251764
169.674 11.4508 80.7329 0.282496
169.73 11.4679 81.3767 0.319724
169.787 11.4868 82.0216 0.347779
169.843 11.5075 82.6676 0.380921
169.899 11.5299 83.3149 0.407874
169.955 11.5531 83.9634 0.421029
170.011 11.5776 84.6133 0.443824
170.067 11.6033 85.2646 0.464883
170.124 11.6296 85.9173 0.471979
170.18 11.6564 86.5716 0.478977
170.236 11.6837 87.2273 0.490724
170.292 11.7114 87.8847 0.497006
170.348 11.7396 88.5436 0.503641
170.404 11.7679 89.204 0.505297
170.461 11.7961 89.8661 0.49972
170.517 11.8241 90.5298 0.495455
170.573 11.8516 91.195 0.488281
170.629 11.8787 91.8617 0.477677
170.685 11.9051 92.5299 0.465931
170.742 11.9309 93.1996 0.451586
170.798 11.9555 93.8707 0.432292
170.854 11.979 94.5432 0.403201
170.91 12.0008 95.2169 0.378104
170.966 12.0209 95.8918 0.346352
171.022 12.0394 96.5678 0.317403
171.079 12.0563 97.2447 0.29138
171.135 12.0718 97.9226 0.265151
171.191 12.0859 98.6012 0.242224
171.247 12.0988 99.2807 0.222241
171.303 12.1107 99.9608 0.204286
171.36 12.1216 100.642 0.186037
171.416 12.1313 101.323 0.166907
171.472 12.1397 102.005 0.143262
171.528 12.1472 102.687 0.12433
171.584 12.1536 103.37 0.107314
171.64 12.1592 104.053 0.0958192
171.697 12.1644 104.736 0.089782
171.753 12.1693 105.419 0.0846349
171.809 12.1735 106.103 0.0680313
171.865 12.1769 106.787 0.0540527
171.921 12.1798 107.471 0.0498241
171.978 12.1825 108.156 0.0481211
172.034 12.1853 108.84 0.0508255
172.09 12.1883 109.525 0.0539272
172.146 12.1914 110.21 0.0556159
172.202 12.1945 110.895 0.0572497
172.258 12.198 111.58 0.0646425
172.315 12.2017 112.265 0.067981
172.371 12.2059 112.951 0.0768436
172.427 12.2101 113.637 0.074129
172.483 12.2143 114.323 0.0773423
172.539 12.2193 115.009 0.0953113
172.596 12.225 115.696 0.105367
172.652 12.231 116.383 0.106821
172.708 12.2371 117.07 0.10941
172.764 12.2435 117.758 0.116213
172.82 12.2503 118.446 0.124232
172.876 12.2573 119.135 0.124701
172.933 12.2643 119.823 0.12304
172.989 12.2713 120.513 0.130248
173.045 12.2788 121.202 0.13389
173.101 12.2863 121.892 0.133914
173.157 12.2936 122.583 0.126042
173.213 12.3005 123.274 0.120675
173.27 12.307 123.965 0.11161
173.326 12.3128 124.657 0.101107
173.382 12.3182 125.349 0.0911308
173.438 12.3231 126.041 0.0887993
173.494 12.3278 126.733 0.0777322
173.551 12.3317 127.426 0.0603174
173.607 12.3348 128.119 0.0522725
173.663 12.3371 128.812 0.0339356
173.719 12.3385 129.505 0.018058
173.775 12.3389 130.198 0.00108453
173.831 12.3383 130.891 -0.0188222
173.888 12.3366 131.585 -0.038121
173.944 12.334 132.277 -0.0530908
174 12.3304 132.97 -0.0700109
174.056 12.3261 133.663 -0.0822183
174.112 12.321 134.355 -0.0998878
174.169 12.3147 135.047 -0.118598
174.225 12.3075 135.739 -0.130919
174.281 12.2999 136.43 -0.140426
174.337 12.2914 137.121 -0.158244
174.393 12.2821 137.811 -0.168679
174.449 12.2724 138.501 -0.175753
174.506 12.2622 139.19 -0.184224
174.562 12.2516 139.878 -0.193001
174.618 12.2406 140.566 -0.19676
174.674 12.2295 141.253 -0.195583
174.73 12.2187 141.94 -0.192102
174.787 12.2081 142.626 -0.18674
174.843 12.1977 143.312 -0.181782
174.899 12.1879 143.997 -0.170098
174.955 12.1787 144.681 -0.15746
175.011 12.1701 145.365 -0.149348
175.067 12.1625 146.048 -0.130643
175.124 12.1557 146.731 -0.111021
175.18 12.1503 147.414 -0.0893933
175.236 12.146 148.097 -0.0671778
175.292 12.1431 148.779 -0.0394991
175.348 12.1419 149.461 -0.00887625
175.404 12.1425 150.143 0.0217975
175.461 12.1447 150.825 0.0525164
175.517 12.1487 151.508 0.0822782
175.573 12.1544 152.19 0.113694
175.629 12.1619 152.874 0.146585
175.685 12.1713 153.557 0.182985
175.742 12.1826 154.241 0.217887
175.798 12.1961 154.926 0.253441
175.854 12.2116 155.612 0.29153
175.91 12.2291 156.298 0.329561
175.966 12.2489 156.986 0.368883
176.022 12.2711 157.675 0.40736
176.079 12.2952 158.365 0.444158
176.135 12.3216 159.057 0.485988
176.191 12.3501 159.75 0.523144
176.247 12.3807 160.445 0.560367
176.303 12.4137 161.141 0.603467
176.36 12.4487 161.84 0.639114
176.416 12.4859 162.541 0.678181
176.472 12.5252 163.243 0.712752
176.528 12.5664 163.948 0.745763
176.584 12.6092 164.656 0.770135
176.64 12.6533 165.366 0.795773
176.697 12.6988 166.078 0.819692
176.753 12.7454 166.793 0.833039
176.809 12.7923 167.511 0.835545
176.865 12.8392 168.231 0.833944
176.921 12.8858 168.954 0.824398
176.978 12.9318 169.679 0.815265
177.034 12.9772 170.407 0.802123
177.09 13.0212 171.138 0.77175
177.146 13.0637 171.871 0.7462
177.202 13.1042 172.606 0.700072
177.258 13.142 173.344 0.654945
177.315 13.1768 174.083 0.59662
177.371 13.2081 174.825 0.527449
177.427 13.2355 175.567 0.460905
177.483 13.259 176.312 0.388953
177.539 13.2782 177.057 0.311615
177.596 13.293 177.804 0.228474
177.652 13.3029 178.551 0.138679
177.708 13.3076 179.299 0.0496825
177.764 13.3073 180.046 -0.0434518
177.82 13.3019 180.794 -0.128434
177.876 13.2917 181.541 -0.216669
177.933 13.2767 182.287 -0.302247
177.989 13.257 183.032 -0.382613
178.045 13.2327 183.776 -0.463997
178.101 13.2041 184.519 -0.540056
178.157 13.1715 185.259 -0.604714
178.213 13.1352 185.998 -0.672254
178.27 13.0955 186.735 -0.726819
178.326 13.0528 187.469 -0.779099
178.382 13.0072 188.201 -0.830409
178.438 12.9593 188.93 -0.868326
178.494 12.9094 189.656 -0.897033
178.551 12.8579 190.38 -0.929226
178.607 12.805 191.1 -0.949083
178.663 12.7507 191.818 -0.978008
178.719 12.6951 192.532 -0.999142
178.775 12.6387 193.244 -1.00994
178.831 12.5819 193.952 -1.00912
178.888 12.525 194.657 -1.017
178.944 12.4678 195.358 -1.01889
179 12.4105 196.057 -1.01872
179.056 12.3533 196.752 -1.01694
179.112 12.2964 197.444 -1.01105
179.169 12.2398 198.133 -1.00351
179.225 12.1834 198.819 -1.00445
179.281 12.1272 199.502 -0.998072
179.337 12.0715 200.181 -0.987684
179.393 12.0161 200.857 -0.986126
179.449 11.9608 201.53 -0.983118
179.506 11.9059 202.201 -0.971106
179.562 11.8517 202.868 -0.959209
179.618 11.7982 203.532 -0.947435
179.674 11.7454 204.193 -0.93423
179.73 11.6935 204.851 -0.915936
179.787 11.6427 205.506 -0.89829
179.843 11.5928 206.158 -0.879608
179.899 11.5441 206.808 -0.858599
179.955 11.4964 207.455 -0.842592
180.011 11.4498 208.099 -0.821663
180.067 11.4042 208.741 -0.805285
180.124 11.36 209.38 -0.77383
180.18 11.3176 210.017 -0.744501
180.236 11.2764 210.651 -0.724355
180.292 11.2368 211.283 -0.694245
180.348 11.1989 211.913 -0.657015
180.404 11.1632 212.541 -0.623269
180.461 11.1295 213.167 -0.584455
180.517 11.0979 213.792 -0.544823
180.573 11.0687 214.414 -0.504123
180.629 11.0419 215.035 -0.458849
180.685 11.0177 215.654 -0.412186
180.742 10.9959 216.273 -0.36933
180.798 10.9768 216.89 -0.323443
180.854 10.9604 217.506 -0.268781
180.91 10.9469 218.121 -0.223656
180.966 10.936 218.736 -0.175873
181.022 10.9277 219.35 -0.127763
181.079 10.922 219.964 -0.0822356
181.135 10.9188 220.577 -0.0407265
181.191 10.9181 221.19 0.00805237
181.247 10.9201 221.804 0.0548854
181.303 10.9248 222.418 0.09987
181.36 10.9319 223.032 0.145077
181.416 10.9413 223.646 0.183705
181.472 10.9529 224.261 0.220496
181.528 10.9664 224.877 0.254005
181.584 10.9818 225.493 0.287852
181.64 10.999 226.111 0.316879
181.697 11.0174 226.729 0.335749
181.753 11.0369 227.349 0.353233
181.809 11.0576 227.97 0.374271
181.865 11.0791 228.592 0.386641
181.921 11.1009 229.215 0.390023
181.978 11.1229 229.839 0.391932
182.034 11.1452 230.465 0.396975
182.09 11.1668 231.092 0.376767
182.146 11.1873 231.72 0.358818
182.202 11.207 232.349 0.343564
182.258 11.2256 232.979 0.320132
182.315 11.2425 233.61 0.283962
182.371 11.257 234.243 0.243676
182.427 11.2693 234.875 0.20181
182.483 11.2791 235.509 0.15376
182.539 11.286 236.143 0.101877
182.596 11.2897 236.777 0.0382453
182.652 11.2897 237.411 -0.0250763
182.708 11.2862 238.045 -0.0867119
182.764 11.279 238.679 -0.155785
182.82 11.2679 239.313 -0.227133
182.876 11.2529 239.945 -0.292276
182.933 11.2345 240.577 -0.353186
182.989 11.2125 241.207 -0.415361
183.045 11.187 241.836 -0.47932
183.101 11.1579 242.464 -0.546594
183.157 11.1256 243.089 -0.595437
183.213 11.0905 243.713 -0.641329
183.27 11.053 244.335 -0.683606
183.326 11.0134 244.955 -0.719905
183.382 10.9718 245.572 -0.754094
183.438 10.9285 246.187 -0.778745
183.494 10.8843 246.799 -0.789197
183.551 10.84 247.409 -0.785406
183.607 10.7962 248.017 -0.768576
183.663 10.7538 248.622 -0.7485
183.719 10.7123 249.225 -0.732514
183.775 10.6716 249.825 -0.715725
183.831 10.6324 250.423 -0.68559
183.888 10.5953 251.019 -0.639538
183.944 10.5609 251.614 -0.592715
184 10.5293 252.206 -0.544271
184.056 10.5005 252.796 -0.489136
184.112 10.4745 253.385 -0.444049
184.169 10.4513 253.973 -0.393162
184.225 10.431 254.559 -0.338435
184.281 10.4138 255.145 -0.282192
184.337 10.4 255.729 -0.225558
184.393 10.3888 256.313 -0.182109
184.449 10.3797 256.897 -0.14695
184.506 10.3728 257.48 -0.107477
184.562 10.3683 258.062 -0.0605953
184.618 10.3663 258.645 -0.0194576
184.674 10.3665 259.227 0.0189535
184.73 10.3688 259.809 0.0556831
184.787 10.3729 260.392 0.0859453
184.843 10.3786 260.975 0.110316
184.899 10.3859 261.558 0.141361
184.955 10.3947 262.142 0.170049
185.011 10.4055 262.726 0.204107
185.067 10.4182 263.311 0.240924
185.124 10.4329 263.897 0.274694
185.18 10.4495 264.484 0.30703
185.236 10.4679 265.071 0.344246
185.292 10.4883 265.66 0.375705
185.348 10.5105 266.25 0.407666
185.404 10.5347 266.841 0.444973
185.461 10.5607 267.434 0.478006
185.517 10.5888 268.028 0.513023
185.573 10.6189 268.624 0.549418
185.629 10.6508 269.222 0.577337
185.685 10.684 269.821 0.600384
185.742 10.7184 270.423 0.621105
185.798 10.7537 271.026 0.633674
185.854 10.7898 271.632 0.645927
185.91 10.8263 272.239 0.654388
185.966 10.8632 272.848 0.657568
186.022 10.9003 273.46 0.659768
186.079 10.9374 274.074 0.659064
186.135 10.9742 274.689 0.654916
186.191 11.0109 275.307 0.652294
186.247 11.0475 275.927 0.648941
186.303 11.0836 276.549 0.641222
186.36 11.1194 277.173 0.635659
186.416 11.155 277.798 0.633462
186.472 11.1905 278.426 0.630499
186.528 11.2255 279.056 0.620085
186.584 11.2603 279.688 0.618866
186.64 11.2949 280.322 0.615401
186.697 11.3294 280.958 0.61433
186.753 11.3641 281.595 0.618743
186.809 11.3988 282.235 0.617862
186.865 11.4335 282.876 0.616275
186.921 11.468 283.52 0.615041
186.978 11.5024 284.165 0.609781
187.034 11.5365 284.813 0.607031
187.09 11.5706 285.462 0.604877
187.146 11.6044 286.113 0.602032
187.202 11.6383 286.766 0.600224
187.258 11.672 287.421 0.603261
187.315 11.7061 288.078 0.608806
187.371 11.7406 288.737 0.616497
187.427 11.7753 289.398 0.619379
187.483 11.8103 290.06 0.628807
187.539 11.8457 290.725 0.629718
187.596 11.8815 291.392 0.638431
187.652 11.9174 292.06 0.63892
187.708 11.9534 292.731 0.642893
187.764 11.99 293.404 0.656656
187.82 12.0272 294.079 0.662647
187.876 12.0645 294.756 0.665825
187.933 12.1018 295.435 0.664214
187.989 12.139 296.116 0.658177
188.045 12.1759 296.799 0.657277
188.101 12.2127 297.484 0.656385
188.157 12.2492 298.172 0.645278
188.213 12.2848 298.861 0.625527
188.27 12.3192 299.552 0.599396
188.326 12.3517 300.246 0.565303
188.382 12.3825 300.94 0.537726
188.438 12.4118 301.637 0.509129
188.494 12.4391 302.335 0.471128
188.551 12.4642 303.035 0.431007
188.607 12.4872 303.736 0.392316
188.663 12.5076 304.438 0.345472
188.719 12.5256 305.142 0.30211
188.775 12.5412 305.846 0.258539
188.831 12.5543 306.551 0.2151
188.888 12.5651 307.256 0.179393
188.944 12.5741 307.963 0.147732
189 12.5812 308.669 0.112286
189.056 12.5864 309.376 0.0776421
189.112 12.5897 310.084 0.0464242
189.169 12.5912 310.791 0.0176548
189.225 12.5914 311.498 -0.00824603
189.281 12.5902 312.206 -0.0299927
189.337 12.5879 312.913 -0.0462352
189.393 12.5848 313.62 -0.0627349
189.449 12.5808 314.327 -0.0757256
189.506 12.5762 315.033 -0.0816735
189.562 12.5714 315.74 -0.0888173
189.618 12.5662 316.446 -0.0970968
189.674 12.5606 317.152 -0.0999389
189.73 12.555 317.857 -0.0993543
189.787 12.5494 318.562 -0.0979539
189.843 12.5438 319.267 -0.10284
189.899 12.538 319.972 -0.102012
189.955 12.5326 320.676 -0.0923802
190.011 12.5275 321.38 -0.0873478
190.067 12.5226 322.083 -0.0873525
190.124 12.518 322.787 -0.0746706
190.18 12.5142 323.49 -0.0621516
190.236 12.5113 324.193 -0.0462605
190.292 12.5093 324.896 -0.0293438
190.348 12.5078 325.598 -0.0233179
190.404 12.5072 326.301 -0.0043323
190.461 12.5078 327.004 0.0227216
190.517 12.51 327.706 0.0525854
190.573 12.5139 328.409 0.0792381
190.629 12.5193 329.113 0.106874
190.685 12.5262 329.816 0.135499
190.742 12.535 330.52 0.167687
190.798 12.5456 331.225 0.202731
190.854 12.5583 331.93 0.240937
190.91 12.5731 332.636 0.281815
190.966 12.5902 333.343 0.319973
191.022 12.6087 334.051 0.341304
191.079 12.6291 334.76 0.374933
191.135 12.6512 335.47 0.407924
191.191 12.6749 336.182 0.433398
191.247 12.7003 336.894 0.463107
191.303 12.7272 337.609 0.488757
191.36 12.7552 338.325 0.506652
191.416 12.7841 339.042 0.515647
191.472 12.8132 339.762 0.520986
191.528 12.8426 340.482 0.525943
191.584 12.8724 341.205 0.531317
191.64 12.9022 341.929 0.528176
191.697 12.9317 342.655 0.522493
191.753 12.9607 343.382 0.511734
191.809 12.9892 344.112 0.500457
191.865 13.0166 344.842 0.478427
191.921 13.043 345.574 0.457934
191.978 13.0679 346.308 0.431304
192.034 13.0913 347.043 0.408649
192.09 13.1132 347.779 0.37564
192.146 13.1333 348.516 0.344081
192.202 13.1512 349.255 0.304681
192.258 13.167 349.994 0.263466
192.315 13.1805 350.734 0.226468
192.371 13.1919 351.475 0.184979
192.427 13.2007 352.217 0.137455
192.483 13.207 352.959 0.0940913
192.539 13.2107 353.701 0.0475642
192.596 13.2119 354.443 0.00214668
192.652 13.2104 355.185 -0.043723
192.708 13.2062 355.927 -0.0936675
192.764 13.1995 356.669 -0.142636
192.82 13.1898 357.41 -0.190381
192.876 13.1773 358.151 -0.243439
192.933 13.1615 358.89 -0.308989
192.989 13.1421 359.629 -0.370121
193.045 13.1192 360.367 -0.431017
193.101 13.0929 361.103 -0.492976
193.157 13.0632 361.838 -0.555246
193.213 13.0298 362.57 -0.617687
193.27 12.9932 363.301 -0.674537
193.326 12.9537 364.03 -0.720874
193.382 12.9115 364.756 -0.776471
193.438 12.8659 365.48 -0.835506
193.494 12.8172 366.201 -0.886509
193.551 12.7657 366.919 -0.933121
193.607 12.7121 367.635 -0.967327
193.663 12.6568 368.347 -0.99373
193.719 12.6 369.056 -1.0209
193.775 12.5423 369.762 -1.03145
193.831 12.4844 370.465 -1.02731
193.888 12.4268 371.164 -1.02566
193.944 12.3694 371.86 -1.02046
194 12.3124 372.553 -1.00985
194.056 12.2559 373.243 -1.00466
194.112 12.1998 373.93 -0.993093
194.169 12.1446 374.613 -0.974997
194.225 12.0902 375.294 -0.965505
194.281 12.0365 375.971 -0.947272
194.337 11.984 376.646 -0.926533
194.393 11.9325 377.317 -0.908106
194.449 11.8819 377.986 -0.896518
194.506 11.832 378.652 -0.883806
194.562 11.7825 379.315 -0.880117
194.618 11.7331 379.975 -0.880507
194.674 11.6835 380.633 -0.88295
194.73 11.6339 381.287 -0.882356
194.787 11.5843 381.939 -0.885105
194.843 11.5346 382.588 -0.88403
194.899 11.4846 383.235 -0.89131
194.955 11.4347 383.878 -0.889112
195.011 11.3846 384.519 -0.894298
195.067 11.3342 385.157 -0.900475
195.124 11.2839 385.792 -0.893235
195.18 11.2338 386.424 -0.891248
195.236 11.1835 387.053 -0.896107
195.292 11.1331 387.68 -0.902264
195.348 11.0826 388.304 -0.895133
195.404 11.0325 388.925 -0.886607
195.461 10.983 389.543 -0.880487
195.517 10.9338 390.158 -0.869286
195.573 10.8852 390.771 -0.860584
195.629 10.8374 391.381 -0.843619
195.685 10.7907 391.988 -0.822696
195.742 10.7452 392.593 -0.800803
195.798 10.701 393.195 -0.779441
195.854 10.6577 393.795 -0.762109
195.91 10.6156 394.392 -0.740296
195.966 10.5746 394.987 -0.72222
196.022 10.5351 395.58 -0.690671
196.079 10.497 396.17 -0.674425
196.135 10.46 396.759 -0.649229
196.191 10.4245 397.345 -0.62036
196.247 10.3905 397.93 -0.594953
196.303 10.3579 398.512 -0.571589
196.36 10.3267 399.093 -0.54538
196.416 10.2969 399.672 -0.517649
196.472 10.2692 400.25 -0.480883
196.528 10.2433 400.826 -0.448593
196.584 10.2192 401.4 -0.417104
196.64 10.1968 401.974 -0.387185
196.697 10.176 402.546 -0.358521
196.753 10.157 403.117 -0.32435
196.809 10.1402 403.687 -0.284333
196.865 10.1255 404.256 -0.244594
196.921 10.1131 404.825 -0.204027
196.978 10.103 405.392 -0.162237
197.034 10.0953 405.96 -0.117343
197.09 10.0902 406.527 -0.0723926
197.146 10.088 407.093 -0.0175205
197.202 10.0889 407.66 0.0377583
197.258 10.0927 408.227 0.0851135
197.315 10.0993 408.794 0.138298
197.371 10.1087 409.362 0.186084
197.427 10.121 409.93 0.24077
197.483 10.1363 410.499 0.292819
197.539 10.1546 411.069 0.350547
197.596 10.1759 411.641 0.398304
197.652 10.2001 412.213 0.452179
197.708 10.2272 412.787 0.499932
197.764 10.2568 413.363 0.542061
197.82 10.2888 413.94 0.586491
197.876 10.3231 414.519 0.627202
197.933 10.3596 415.1 0.663605
197.989 10.398 415.684 0.697411
198.045 10.4383 416.269 0.728664
198.101 10.48 416.857 0.752992
198.157 10.523 417.447 0.771082
198.213 10.5669 418.04 0.788361
198.27 10.6116 418.635 0.799922
198.326 10.6569 419.233 0.80609
198.382 10.702 419.833 0.802871
198.438 10.7469 420.436 0.797668
198.494 10.7912 421.041 0.778289
198.551 10.8344 421.649 0.760843
198.607 10.8762 422.259 0.732848
198.663 10.9163 422.871 0.699099
198.719 10.9543 423.486 0.659811
198.775 10.9897 424.102 0.61031
198.831 11.0221 424.721 0.554148
198.888 11.0513 425.341 0.494748
198.944 11.0767 425.963 0.422971
199 11.098 426.586 0.350093
199.056 11.1153 427.21 0.278029
199.112 11.128 427.835 0.192764
199.169 11.1361 428.46 0.114144
199.225 11.14 429.086 0.0366737
199.281 11.1391 429.712 -0.0487579
199.337 11.1336 430.337 -0.130662
199.393 11.1234 430.962 -0.214655
199.449 11.1086 431.587 -0.294823
199.506 11.0895 432.21 -0.372826
199.562 11.066 432.833 -0.44664
199.618 11.0385 433.453 -0.516485
199.674 11.0076 434.072 -0.571265
199.73 10.9736 434.69 -0.626677
199.787 10.937 435.305 -0.670288
199.843 10.8981 435.918 -0.704647
199.899 10.8574 436.529 -0.732458
199.955 10.8151 437.138 -0.762882
200.011 10.7713 437.744 -0.791124
200.067 10.726 438.347 -0.810632
200.124 10.6798 438.948 -0.832618
200.18 10.6324 439.547 -0.851428
200.236 10.5841 440.142 -0.86446
200.292 10.5348 440.735 -0.884108
200.348 10.4847 441.326 -0.898896
200.404 10.4337 441.913 -0.912433
200.461 10.3817 442.497 -0.929337
200.517 10.3295 443.079 -0.931824
200.573 10.277 443.657 -0.936084
200.629 10.224 444.233 -0.945948
200.685 10.1708 444.805 -0.94848
200.742 10.1177 445.375 -0.943969
200.798 10.0648 445.942 -0.937825
200.854 10.0123 446.505 -0.9303
200.91 9.96064 447.066 -0.911587
200.966 9.91013 447.624 -0.885705
201.022 9.86111 448.179 -0.863512
201.079 9.8139 448.731 -0.822048
201.135 9.76917 449.281 -0.776723
201.191 9.72677 449.829 -0.742892
201.247 9.68668 450.374 -0.692189
201.303 9.6497 450.917 -0.634936
201.36 9.61584 451.458 -0.583578
201.416 9.58477 451.997 -0.531398
201.472 9.55659 452.534 -0.481085
201.528 9.53187 453.07 -0.413979
201.584 9.51047 453.605 -0.360225
201.64 9.49199 454.139 -0.308083
201.697 9.47625 454.672 -0.262542
201.753 9.46328 455.203 -0.208653
201.809 9.45293 455.735 -0.165598
201.865 9.44532 456.266 -0.117153
201.921 9.44018 456.796 -0.0726997
201.978 9.43752 457.326 -0.0294747
202.034 9.43734 457.856 0.0112153
202.09 9.43916 458.387 0.0485959
202.146 9.44319 458.917 0.0877878
202.202 9.44934 459.448 0.120684
202.258 9.45739 459.979 0.158244
202.315 9.4675 460.511 0.193809
202.371 9.47966 461.043 0.230309
202.427 9.49384 461.576 0.26999
202.483 9.51004 462.11 0.299239
202.539 9.52774 462.645 0.326235
202.596 9.54734 463.181 0.365011
202.652 9.56905 463.718 0.399116
202.708 9.59259 464.256 0.430658
202.764 9.61794 464.796 0.463654
202.82 9.64479 465.337 0.489585
202.876 9.67332 465.88 0.518268
202.933 9.70341 466.424 0.546371
202.989 9.73482 466.97 0.567806
203.045 9.76729 467.518 0.581699
203.101 9.80048 468.068 0.595429
203.157 9.83422 468.62 0.60587
203.213 9.86865 469.174 0.617208
203.27 9.90364 469.729 0.62782
203.326 9.93904 470.287 0.632419
203.382 9.97452 470.846 0.629533
203.438 10.0099 471.408 0.62758
203.494 10.0449 471.971 0.621349
203.551 10.0795 472.537 0.612949
203.607 10.1138 473.104 0.607065
203.663 10.1474 473.674 0.600632
203.719 10.1805 474.245 0.580835
203.775 10.2128 474.818 0.571838
203.831 10.2444 475.393 0.553819
203.888 10.2751 475.969 0.540799
203.944 10.3052 476.548 0.535468
204 10.334 477.127 0.504018
204.056 10.3617 477.709 0.489502
204.112 10.3884 478.292 0.467047
204.169 10.4139 478.876 0.447027
204.225 10.4382 479.462 0.424068
204.281 10.4614 480.05 0.405153
204.337 10.4832 480.638 0.373851
204.393 10.5031 481.228 0.339268
204.449 10.5208 481.818 0.300138
204.506 10.5362 482.41 0.261344
204.562 10.5499 483.002 0.225626
204.618 10.5616 483.595 0.196773
204.674 10.5715 484.189 0.164672
204.73 10.5797 484.783 0.131519
204.787 10.5858 485.378 0.0935674
204.843 10.5898 485.973 0.0558574
204.899 10.5917 486.568 0.0192718
204.955 10.5916 487.163 -0.0167939
205.011 10.5893 487.758 -0.0559478
205.067 10.585 488.353 -0.0904405
205.124 10.5788 488.947 -0.122699
205.18 10.5706 489.541 -0.161554
205.236 10.5604 490.135 -0.193613
205.292 10.5486 490.727 -0.22204
205.348 10.5351 491.32 -0.252598
205.404 10.5201 491.911 -0.27659
205.461 10.5035 492.501 -0.304693
205.517 10.4855 493.091 -0.332487
205.573 10.4664 493.679 -0.346126
205.629 10.4466 494.267 -0.357035
205.685 10.4264 494.853 -0.353952
205.742 10.4063 495.438 -0.358548
205.798 10.3863 496.022 -0.354865
205.854 10.3666 496.605 -0.345474
205.91 10.3476 497.186 -0.330931
205.966 10.3297 497.767 -0.313223
206.022 10.3125 498.347 -0.302295
206.079 10.2964 498.926 -0.275429
206.135 10.2817 499.504 -0.25067
206.191 10.2684 500.081 -0.228186
206.247 10.2565 500.657 -0.198174
206.303 10.2466 501.233 -0.159635
206.36 10.2387 501.809 -0.126698
206.416 10.2325 502.384 -0.103966
206.472 10.2276 502.958 -0.0726757
206.528 10.2245 503.533 -0.0449856
206.584 10.2229 504.107 -0.0168962
206.64 10.2231 504.681 0.0173794
206.697 10.225 505.256 0.0465528
206.753 10.2285 505.83 0.073489
206.809 10.2333 506.405 0.0930459
206.865 10.2392 506.98 0.109749
206.921 10.2459 507.556 0.125105
206.978 10.2536 508.132 0.145124
207.034 10.2621 508.708 0.156185
207.09 10.2711 509.285 0.163031
207.146 10.2808 509.862 0.177714
207.202 10.2911 510.44 0.188332
207.258 10.3018 511.018 0.191916
207.315 10.3127 511.598 0.196842
207.371 10.3241 512.177 0.20514
207.427 10.3361 512.758 0.218388
207.483 10.3486 513.339 0.225559
207.539 10.3613 513.921 0.22639
207.596 10.3744 514.503 0.236166
207.652 10.3878 515.086 0.237915
207.708 10.4012 515.671 0.242243
207.764 10.4152 516.255 0.248321
207.82 10.4289 516.841 0.241951
207.876 10.4425 517.427 0.244269
207.933 10.4562 518.014 0.241325
207.989 10.4695 518.602 0.236525
208.045 10.4829 519.191 0.238715
208.101 10.4962 519.78 0.234603
208.157 10.5092 520.37 0.231823
208.213 10.5223 520.961 0.233914
208.27 10.5352 521.553 0.225279
208.326 10.5474 522.145 0.213233
208.382 10.5592 522.738 0.209801
208.438 10.5708 523.332 0.20545
208.494 10.5821 523.926 0.200041
208.551 10.5929 524.521 0.188716
208.607 10.6032 525.116 0.179131
208.663 10.6131 525.712 0.174133
208.719 10.6225 526.309 0.164968
208.775 10.6315 526.906 0.157246
208.831 10.6402 527.503 0.153522
208.888 10.6485 528.101 0.14455
208.944 10.6565 528.7 0.137664
209 10.6639 529.299 0.129167
209.056 10.6706 529.898 0.115456
209.112 10.6768 530.498 0.104441
209.169 10.6824 531.098 0.0987061
209.225 10.6878 531.698 0.0927963
209.281 10.6929 532.299 0.0905635
209.337 10.6979 532.9 0.0883478
209.393 10.7029 533.501 0.0886395
209.449 10.7081 534.102 0.0929214
209.506 10.7135 534.704 0.101204
209.562 10.7193 535.306 0.105795
209.618 10.7256 535.909 0.115288
209.674 10.7325 536.511 0.130326
209.73 10.7404 537.115 0.144409
209.787 10.749 537.718 0.159676
209.843 10.7585 538.323 0.176766
209.899 10.769 538.927 0.191067
209.955 10.7804 539.533 0.21127
210.011 10.793 540.139 0.234738
210.067 10.807 540.746 0.258355
210.124 10.8224 541.353 0.283608
210.18 10.8393 541.962 0.310907
210.236 10.8575 542.571 0.33497
210.292 10.8772 543.182 0.359499
210.348 10.8985 543.794 0.389755
210.404 10.9211 544.407 0.414323
210.461 10.9453 545.021 0.437467
210.517 10.9706 545.637 0.458311
210.573 10.9967 546.254 0.469813
210.629 11.0235 546.873 0.481734
210.685 11.0511 547.493 0.498866
210.742 11.0796 548.115 0.512796
210.798 11.109 548.738 0.529404
210.854 11.1391 549.363 0.54173
210.91 11.1696 549.99 0.542471
210.966 11.2 550.619 0.539371
211.022 11.2304 551.249 0.543666
211.079 11.2607 551.881 0.538876
211.135 11.2909 552.514 0.531057
211.191 11.3205 553.15 0.525082
211.247 11.3495 553.787 0.511635
211.303 11.3779 554.425 0.4997
211.36 11.4054 555.065 0.481529
211.416 11.4318 555.707 0.460314
211.472 11.457 556.35 0.442125
211.528 11.4814 556.995 0.427674
211.584 11.5047 557.641 0.402503
211.64 11.5264 558.288 0.377155
211.697 11.547 558.936 0.35926
211.753 11.5665 559.585 0.339245
211.809 11.5849 560.236 0.320189
211.865 11.6024 560.887 0.307028
211.921 11.6191 561.539 0.291595
211.978 11.6353 562.193 0.286431
212.034 11.6511 562.847 0.282719
212.09 11.6668 563.502 0.276345
212.146 11.6823 564.158 0.276585
212.202 11.6979 564.815 0.283657
212.258 11.7142 565.473 0.291333
212.315 11.7309 566.131 0.302341
212.371 11.7483 566.791 0.313714
212.427 11.7661 567.451 0.322962
212.483 11.7848 568.113 0.338009
212.539 11.8042 568.776 0.350543
212.596 11.8243 569.44 0.364087
212.652 11.8454 570.105 0.379881
212.708 11.867 570.771 0.392442
212.764 11.8895 571.438 0.405381
212.82 11.9128 572.107 0.420207
212.876 11.9367 572.777 0.429026
212.933 11.9609 573.448 0.437504
212.989 11.9855 574.121 0.437109
213.045 12.0101 574.795 0.435834
213.101 12.0344 575.471 0.429339
213.157 12.0585 576.148 0.430701
213.213 12.0826 576.826 0.428613
213.27 12.1067 577.506 0.431492
213.326 12.1311 578.187 0.431658
213.382 12.155 578.869 0.425353
213.438 12.179 579.553 0.428633
213.494 12.203 580.238 0.426574
213.551 12.2271 580.924 0.432861
213.607 12.2514 581.612 0.433175
213.663 12.2756 582.301 0.427672
213.719 12.2996 582.991 0.425725
213.775 12.323 583.683 0.413749
213.831 12.3459 584.376 0.40054
213.888 12.3682 585.071 0.394844
213.944 12.39 585.766 0.385749
214 12.4114 586.463 0.375081
214.056 12.4322 587.161 0.36606
214.112 12.452 587.86 0.346924
214.169 12.4707 588.56 0.320549
214.225 12.4885 589.261 0.31146
214.281 12.5053 589.964 0.291178
214.337 12.5212 590.667 0.275511
214.393 12.5362 591.371 0.26118
214.449 12.5504 592.075 0.248756
214.506 12.5639 592.781 0.232
214.562 12.5763 593.487 0.214811
214.618 12.5876 594.194 0.192322
214.674 12.5978 594.902 0.173491
214.73 12.6072 595.61 0.161165
214.787 12.6156 596.318 0.142128
214.843 12.6232 597.027 0.130016
214.899 12.6301 597.737 0.119128
214.955 12.6363 598.446 0.107949
215.011 12.6421 599.157 0.0978785
215.067 12.6472 599.867 0.0862156
215.124 12.6515 600.578 0.0722953
215.18 12.6551 601.289 0.0578463
215.236 12.6579 602 0.0452081
215.292 12.66 602.711 0.0325256
215.348 12.6615 603.422 0.0217692
215.404 12.6623 604.133 0.00953134
215.461 12.6622 604.845 -0.00596493
215.517 12.6615 605.556 -0.0204963
215.573 12.6598 606.267 -0.0336569
215.629 12.6574 606.979 -0.0513272
215.685 12.6537 607.689 -0.0760173
215.742 12.6487 608.4 -0.0950681
215.798 12.6427 609.111 -0.11532
215.854 12.6355 609.821 -0.136807
215.91 12.6272 610.53 -0.155606
215.966 12.6177 611.239 -0.176057
216.022 12.6073 611.948 -0.191583
216.079 12.5961 612.656 -0.205312
216.135 12.5839 613.363 -0.223301
216.191 12.5707 614.069 -0.242145
216.247 12.5566 614.775 -0.256099
216.303 12.5415 615.48 -0.276151
216.36 12.5258 616.184 -0.282091
216.416 12.5098 616.887 -0.283675
216.472 12.4937 617.59 -0.286928
216.528 12.4778 618.291 -0.282854
216.584 12.462 618.991 -0.280943
216.64 12.4462 619.691 -0.280808
216.697 12.4305 620.39 -0.277271
216.753 12.4154 621.088 -0.264064
216.809 12.4007 621.785 -0.257886
216.865 12.3864 622.481 -0.254039
216.921 12.3722 623.176 -0.250836
216.978 12.3585 623.871 -0.24145
217.034 12.3455 624.565 -0.226637
217.09 12.3332 625.258 -0.213014
217.146 12.3214 625.95 -0.208563
217.202 12.3098 626.642 -0.205923
217.258 12.2985 627.333 -0.197425
217.315 12.2876 628.024 -0.187853
217.371 12.277 628.714 -0.191679
217.427 12.2663 629.403 -0.188019
217.483 12.2557 630.092 -0.187041
217.539 12.2454 630.78 -0.182192
217.596 12.2356 631.468 -0.167608
217.652 12.2261 632.155 -0.169913
217.708 12.2167 632.841 -0.167951
217.764 12.2073 633.527 -0.165493
217.82 12.1982 634.213 -0.158849
217.876 12.1897 634.898 -0.14483
217.933 12.1821 635.582 -0.134545
217.989 12.1749 636.266 -0.125628
218.045 12.1684 636.95 -0.112912
218.101 12.1624 637.634 -0.101883
218.157 12.157 638.317 -0.0886336
218.213 12.1527 639 -0.068707
218.27 12.1495 639.682 -0.05073
218.326 12.1472 640.365 -0.0337565
218.382 12.1458 641.047 -0.0191643
218.438 12.1452 641.729 -0.00427199
218.494 12.1455 642.412 0.0128022
218.551 12.1469 643.094 0.0316052
218.607 12.1493 643.777 0.04883
218.663 12.1528 644.459 0.0692725
218.719 12.1571 645.142 0.0841041
218.775 12.1625 645.825 0.103632
218.831 12.1688 646.509 0.120847
218.888 12.1762 647.193 0.137589
218.944 12.1846 647.877 0.156385
219 12.1938 648.562 0.168583
219.056 12.2038 649.247 0.184352
219.112 12.2147 649.933 0.199928
219.169 12.2263 650.62 0.210048
219.225 12.2384 651.307 0.219633
219.281 12.2511 651.995 0.230125
219.337 12.2643 652.684 0.238458
219.393 12.2779 653.373 0.244595
219.449 12.2916 654.063 0.246314
219.506 12.3056 654.754 0.249466
219.562 12.3196 655.446 0.247496
219.618 12.3335 656.139 0.247842
219.674 12.3471 656.832 0.239812
219.73 12.3602 657.526 0.22835
219.787 12.3727 658.221 0.216693
219.843 12.3843 658.917 0.199908
219.899 12.3948 659.613 0.178357
219.955 12.404 660.309 0.151599
220.011 12.4116 661.006 0.125493
220.067 12.4176 661.704 0.095111
220.124 12.4219 662.402 0.0664096
220.18 12.4245 663.1 0.0309412
220.236 12.4251 663.798 -0.00414421
220.292 12.4239 664.496 -0.0323583
220.348 12.4208 665.194 -0.0690473
220.404 12.4158 665.891 -0.103383
220.461 12.4088 666.588 -0.135935
220.517 12.4001 667.285 -0.165961
220.573 12.3897 667.982 -0.197521
220.629 12.3778 668.677 -0.221214
220.685 12.3642 669.372 -0.256904
220.742 12.3486 670.066 -0.293025
220.798 12.3311 670.759 -0.322233
220.854 12.3121 671.452 -0.349314
220.91 12.2916 672.143 -0.375726
220.966 12.2698 672.832 -0.398773
221.022 12.247 673.521 -0.412348
221.079 12.2233 674.208 -0.424688
221.135 12.1991 674.894 -0.436469
221.191 12.1742 675.579 -0.445356
221.247 12.1489 676.262 -0.451933
221.303 12.1234 676.943 -0.453892
221.36 12.0979 677.624 -0.452845
221.416 12.0727 678.302 -0.446846
221.472 12.048 678.98 -0.43437
221.528 12.0239 679.656 -0.426008
221.584 12.0004 680.331 -0.414664
221.64 11.9777 681.004 -0.397141
221.697 11.9558 681.676 -0.381104
221.753 11.9351 682.347 -0.357031
221.809 11.9161 683.017 -0.324068
221.865 11.899 683.686 -0.288666
221.921 11.8842 684.354 -0.247462
221.978 11.8716 685.021 -0.211464
222.034 11.8609 685.688 -0.175788
222.09 11.8523 686.354 -0.138449
222.146 11.8458 687.019 -0.101864
222.202 11.8411 687.685 -0.0705398
222.258 11.8382 688.35 -0.0393556
222.315 11.8368 689.015 -0.0146417
222.371 11.8368 689.68 0.00648401
222.427 11.8378 690.345 0.0217885
222.483 11.8396 691.01 0.0406976
222.539 11.8424 691.675 0.0572643
222.596 11.8466 692.34 0.0799266
222.652 11.8519 693.006 0.105057
222.708 11.8582 693.672 0.114056
222.764 11.8649 694.339 0.121478
222.82 11.8722 695.005 0.134927
222.876 11.8801 695.673 0.144193
222.933 11.8887 696.34 0.160181
222.989 11.8982 697.009 0.173933
223.045 11.9083 697.677 0.185341
223.101 11.9193 698.347 0.20015
223.157 11.9308 699.017 0.206807
223.213 11.9425 699.687 0.214177
223.27 11.9548 700.359 0.218447
223.326 11.9672 701.031 0.222281
223.382 11.9798 701.704 0.225406
223.438 11.9928 702.377 0.233601
223.494 12.0058 703.051 0.231263
223.551 12.0187 703.726 0.226644
223.607 12.0313 704.402 0.222929
223.663 12.0438 705.078 0.223576
223.719 12.0563 705.755 0.219952
223.775 12.0684 706.433 0.214715
223.831 12.0804 707.111 0.210719
223.888 12.092 707.79 0.201908
223.944 12.103 708.47 0.189899
224 12.1132 709.15 0.17665
224.056 12.1224 709.831 0.156829
224.112 12.1307 710.512 0.142204
224.169 12.1383 711.194 0.129551
224.225 12.1449 711.876 0.112686
224.281 12.1508 712.559 0.100916
224.337 12.1561 713.242 0.0871074
224.393 12.1605 713.925 0.0756291
224.449 12.1644 714.608 0.0629164
224.506 12.1676 715.292 0.0532116
224.562 12.1702 715.975 0.0430114
224.618 12.1725 716.659 0.0362032
224.674 12.1744 717.343 0.033576
224.73 12.1757 718.027 0.0201318
224.787 12.1767 718.711 0.0113591
224.843 12.1773 719.395 0.0107931
224.899 12.1776 720.079 0.00167189
224.955 12.1774 720.763 -0.00824578
225.011 12.1767 721.447 -0.0148852
225.067 12.1755 722.132 -0.0234786
225.124 12.1739 722.815 -0.030528
225.18 12.1721 723.499 -0.0316812
225.236 12.17 724.183 -0.0375366
225.292 12.1679 724.867 -0.0384578
225.348 12.1658 725.55 -0.0383593
225.404 12.1633 726.234 -0.046464
225.461 12.1604 726.917 -0.0583363
225.517 12.1569 727.6 -0.0662566
225.573 12.1526 728.283 -0.0816619
225.629 12.1478 728.965 -0.0920344
225.685 12.1425 729.648 -0.0934871
225.742 12.1371 730.33 -0.0995589
225.798 12.1313 731.011 -0.106086
225.854 12.1253 731.693 -0.109019
225.91 12.119 732.374 -0.114299
225.966 12.1125 733.054 -0.118675
226.022 12.106 733.734 -0.115368
226.079 12.0994 734.414 -0.120579
226.135 12.0925 735.094 -0.123632
226.191 12.0855 735.773 -0.123609
226.247 12.0785 736.452 -0.12405
226.303 12.0715 737.13 -0.125535
226.36 12.0645 737.808 -0.12814
226.416 12.0572 738.486 -0.129799
226.472 12.0497 739.163 -0.136812
226.528 12.0418 739.839 -0.144405
226.584 12.0334 740.516 -0.153814
226.64 12.0244 741.191 -0.163987
226.697 12.0151 741.867 -0.16794
226.753 12.0054 742.541 -0.174094
226.809 11.9956 743.215 -0.175725
226.865 11.9858 743.889 -0.174242
226.921 11.9759 744.562 -0.176271
226.978 11.966 745.234 -0.17803
227.034 11.956 745.906 -0.180008
227.09 11.9457 746.578 -0.181927
227.146 11.9355 747.248 -0.182011
227.202 11.9254 747.919 -0.177682
227.258 11.9156 748.588 -0.169511
227.315 11.9065 749.257 -0.160343
227.371 11.8982 749.926 -0.139911
227.427 11.891 750.594 -0.12089
227.483 11.8848 751.262 -0.101322
227.539 11.8798 751.93 -0.083888
227.596 11.8756 752.597 -0.0652996
227.652 11.8725 753.264 -0.0490227
227.708 11.8705 753.931 -0.0283846
227.764 11.8695 754.598 -0.0102663
227.82 11.8694 755.264 0.00545788
227.876 11.8701 755.931 0.0187821
227.933 11.8716 756.598 0.0341898
227.989 11.8739 757.265 0.0449785
228.045 11.8771 757.932 0.0657091
228.101 11.881 758.6 0.0790358
228.157 11.8861 759.267 0.0989051
228.213 11.8923 759.935 0.117872
228.27 11.8994 760.604 0.131048
228.326 11.9073 761.272 0.145144
228.382 11.916 761.942 0.161075
228.438 11.9254 762.611 0.172036
228.494 11.9356 763.282 0.183702
228.551 11.9463 763.953 0.195015
228.607 11.9573 764.624 0.194982
228.663 11.9683 765.296 0.193348
228.719 11.979 765.969 0.187955
228.775 11.9891 766.642 0.172702
228.831 11.9984 767.316 0.161609
228.888 12.0071 767.991 0.149865
228.944 12.0148 768.665 0.127985
229 12.0212 769.341 0.103111
229.056 12.0261 770.016 0.0749863
229.112 12.0291 770.692 0.03964
229.169 12.0301 771.368 -0.000263904
229.225 12.0285 772.044 -0.0463423
229.281 12.0242 772.719 -0.0964508
229.337 12.0172 773.394 -0.144786
229.393 12.0072 774.069 -0.201851
229.449 11.9937 774.743 -0.264163
229.506 11.9768 775.417 -0.325547
229.562 11.9564 776.089 -0.387301
229.618 11.9326 776.76 -0.448685
229.674 11.9051 777.429 -0.514703
229.73 11.8744 778.097 -0.568018
229.787 11.8403 778.763 -0.630786
229.843 11.8028 779.427 -0.69252
229.899 11.7624 780.089 -0.737716
229.955 11.7193 780.748 -0.785401
230.011 11.6737 781.405 -0.825389
230.067 11.6264 782.059 -0.853779
230.124 11.5775 782.711 -0.883306
230.18 11.5273 783.359 -0.901216
230.236 11.4759 784.005 -0.920509
230.292 11.4235 784.648 -0.941416
230.348 11.3702 785.288 -0.950822
230.404 11.3167 785.925 -0.956238
230.461 11.2627 786.559 -0.964147
230.517 11.2085 787.19 -0.963182
230.573 11.1547 787.818 -0.958321
230.629 11.1012 788.443 -0.944651
230.685 11.0485 789.065 -0.930505
230.742 10.9967 789.684 -0.913745
230.798 10.946 790.3 -0.893114
230.854 10.8965 790.913 -0.873614
230.91 10.8479 791.523 -0.859377
230.966 10.8001 792.131 -0.844031
231.022 10.7536 792.736 -0.819385
231.079 10.7084 793.339 -0.793002
231.135 10.6648 793.939 -0.764139
231.191 10.623 794.537 -0.73459
231.247 10.583 795.132 -0.692818
231.303 10.5453 795.726 -0.655972
231.36 10.51 796.317 -0.610402
231.416 10.4775 796.906 -0.552382
231.472 10.4483 797.494 -0.496121
231.528 10.4227 798.08 -0.431051
231.584 10.4005 798.665 -0.369868
231.64 10.3821 799.248 -0.299689
231.697 10.3679 799.831 -0.222332
231.753 10.3581 800.413 -0.145271
231.809 10.3522 800.995 -0.0788163
231.865 10.3502 801.576 -0.00498982
231.921 10.3525 802.158 0.0733227
231.978 10.3593 802.74 0.150709
232.034 10.3702 803.322 0.22282
232.09 10.3852 803.905 0.29632
232.146 10.4038 804.489 0.356299
232.202 10.426 805.074 0.420054
232.258 10.4516 805.661 0.479607
232.315 10.4803 806.249 0.530126
232.371 10.5116 806.839 0.57615
232.427 10.5456 807.431 0.624418
232.483 10.582 808.024 0.662694
232.539 10.6203 808.62 0.692594
232.596 10.6601 809.218 0.720571
232.652 10.7014 809.818 0.745088
232.708 10.7442 810.421 0.770449
232.764 10.7884 811.026 0.798376
232.82 10.8342 811.634 0.825801
232.876 10.8814 812.244 0.850617
232.933 10.9299 812.857 0.872355
232.989 10.9796 813.473 0.894028
233.045 11.0305 814.091 0.913358
233.101 11.0825 814.713 0.935048
233.157 11.1358 815.337 0.954546
233.213 11.19 815.964 0.969268
233.27 11.2449 816.595 0.982713
233.326 11.3004 817.228 0.992932
233.382 11.3567 817.865 1.00763
233.438 11.4139 818.505 1.0231
233.494 11.4716 819.148 1.03069
233.551 11.5297 819.795 1.03458
233.607 11.5879 820.444 1.03946
233.663 11.6462 821.097 1.03755
233.719 11.7045 821.754 1.03606
233.775 11.7627 822.413 1.03476
233.831 11.8206 823.076 1.02973
233.888 11.8782 823.742 1.02336
233.944 11.9356 824.411 1.02023
234 11.9928 825.084 1.01704
234.056 12.0498 825.759 1.01188
234.112 12.1063 826.438 1.00274
234.169 12.1623 827.12 0.99577
234.225 12.2182 827.805 0.993203
234.281 12.2737 828.494 0.98437
234.337 12.3286 829.185 0.971181
234.393 12.3825 829.88 0.952126
234.449 12.4355 830.577 0.936736
234.506 12.4876 831.277 0.927404
234.562 12.5394 831.981 0.918035
234.618 12.5907 832.687 0.910007
234.674 12.641 833.396 0.889997
234.73 12.6905 834.108 0.875743
234.787 12.7395 834.822 0.868953
234.843 12.7879 835.54 0.854731
234.899 12.8354 836.26 0.837137
234.955 12.882 836.982 0.822773
235.011 12.9274 837.708 0.799893
235.067 12.9717 838.435 0.779284
235.124 13.0147 839.166 0.756763
235.18 13.0562 839.898 0.72414
235.236 13.0957 840.633 0.688622
235.292 13.1331 841.37 0.648467
235.348 13.1679 842.109 0.602969
235.404 13.2003 842.85 0.554039
235.461 13.2297 843.592 0.503727
235.517 13.2561 844.337 0.450522
235.573 13.2796 845.082 0.393418
235.629 13.2999 845.829 0.338699
235.685 13.317 846.577 0.284454
235.742 13.3314 847.325 0.235721
235.798 13.343 848.075 0.184148
235.854 13.3511 848.825 0.12037
235.91 13.356 849.575 0.0646613
235.966 13.3578 850.325 0.0112749
236.022 13.3563 851.076 -0.054171
236.079 13.3511 851.826 -0.117882
236.135 13.3424 852.576 -0.179743
236.191 13.3302 853.325 -0.244884
236.247 13.3144 854.073 -0.307
236.303 13.295 854.82 -0.369118
236.36 13.2723 855.567 -0.428263
236.416 13.2464 856.311 -0.486142
236.472 13.2169 857.055 -0.548886
236.528 13.1842 857.796 -0.605937
236.584 13.1486 858.536 -0.652422
236.64 13.1102 859.273 -0.701896
236.697 13.0692 860.008 -0.748136
236.753 13.0258 860.741 -0.788037
236.809 12.9804 861.471 -0.822288
236.865 12.9327 862.199 -0.861545
236.921 12.8834 862.924 -0.888162
236.978 12.833 863.646 -0.901638
237.034 12.7816 864.365 -0.922645
237.09 12.7293 865.081 -0.935188
237.146 12.6769 865.795 -0.935294
237.202 12.6243 866.505 -0.934536
237.258 12.5718 867.213 -0.933211
237.315 12.52 867.917 -0.918698
237.371 12.4686 868.619 -0.913463
237.427 12.4176 869.317 -0.901335
237.483 12.3676 870.013 -0.88427
237.539 12.3185 870.707 -0.865676
237.596 12.2704 871.397 -0.848652
237.652 12.2234 872.085 -0.831905
237.708 12.1772 872.77 -0.814406
237.764 12.1323 873.452 -0.791316
237.82 12.0884 874.133 -0.774958
237.876 12.0453 874.81 -0.759652
237.933 12.0037 875.486 -0.728899
237.989 11.9632 876.159 -0.712447
238.045 11.9237 876.829 -0.69583
238.101 11.8856 877.498 -0.670554
238.157 11.8488 878.164 -0.645796
238.213 11.8131 878.829 -0.625647
238.27 11.7787 879.491 -0.607189
238.326 11.7453 880.152 -0.586236
238.382 11.7131 880.811 -0.561392
238.438 11.6827 881.468 -0.533248
238.494 11.6536 882.123 -0.511452
238.551 11.6254 882.777 -0.491701
238.607 11.5988 883.429 -0.464609
238.663 11.5735 884.08 -0.441788
238.719 11.5492 884.729 -0.424259
238.775 11.5261 885.377 -0.403816
238.831 11.5043 886.024 -0.3791
238.888 11.4835 886.67 -0.366168
238.944 11.4636 887.314 -0.349093
239 11.4443 887.957 -0.338152
239.056 11.4255 888.6 -0.333469
239.112 11.4069 889.241 -0.32855
239.169 11.3887 889.881 -0.323166
239.225 11.3707 890.52 -0.320834
239.281 11.3525 891.159 -0.325424
239.337 11.3343 891.796 -0.321817
239.393 11.3159 892.432 -0.331278
239.449 11.2974 893.067 -0.329422
239.506 11.2789 893.701 -0.32914
239.562 11.2603 894.334 -0.333416
239.618 11.2415 894.966 -0.335197
239.674 11.2223 895.597 -0.3414
239.73 11.2033 896.227 -0.333311
239.787 11.1847 896.856 -0.333212
239.843 11.1662 897.483 -0.328841
239.899 11.1476 898.11 -0.33175
239.955 11.1286 898.736 -0.338832
240.011 11.1098 899.36 -0.328947
240.067 11.0915 899.984 -0.32156
240.124 11.0736 900.606 -0.315744
240.18 11.0563 901.228 -0.304353
240.236 11.0398 901.848 -0.290332
240.292 11.0239 902.468 -0.274777
240.348 11.0091 903.087 -0.257874
240.404 10.995 903.705 -0.244078
240.461 10.9818 904.322 -0.229767
240.517 10.9695 904.939 -0.209397
240.573 10.9581 905.554 -0.201203
240.629 10.9473 906.17 -0.18787
240.685 10.9377 906.784 -0.161744
240.742 10.9292 907.399 -0.144688
240.798 10.9214 908.012 -0.133559
240.854 10.9145 908.626 -0.11659
240.91 10.9082 909.239 -0.109027
240.966 10.9025 909.851 -0.0946214
241.022 10.8976 910.464 -0.0827053
241.079 10.8935 911.076 -0.0667857
241.135 10.8904 911.687 -0.0485232
241.191 10.888 912.299 -0.0359638
241.247 10.8863 912.911 -0.0256306
241.303 10.8852 913.522 -0.0166787
241.36 10.8845 914.134 -0.00841171
241.416 10.8845 914.745 0.00667258
241.472 10.8856 915.357 0.0269882
241.528 10.8879 915.969 0.0528077
241.584 10.8915 916.58 0.0755337
241.64 10.896 917.192 0.086795
241.697 10.9014 917.805 0.101964
241.753 10.9076 918.417 0.113559
241.809 10.9146 919.03 0.133234
241.865 10.9228 919.644 0.155721
241.921 10.9325 920.258 0.182877
241.978 10.9436 920.872 0.207783
242.034 10.956 921.488 0.228536
242.09 10.9696 922.103 0.251001
242.146 10.9843 922.72 0.268977
242.202 10.9999 923.338 0.283376
242.258 11.0161 923.956 0.293012
242.315 11.0329 924.576 0.302978
242.371 11.0505 925.196 0.321711
242.427 11.069 925.818 0.334353
242.483 11.0881 926.44 0.342492
242.539 11.1078 927.064 0.353265
242.596 11.1277 927.688 0.356278
242.652 11.1477 928.314 0.354046
242.708 11.1675 928.941 0.353741
242.764 11.1872 929.569 0.348567
242.82 11.2067 930.198 0.34453
242.876 11.2255 930.829 0.329431
242.933 11.2433 931.46 0.309199
242.989 11.26 932.092 0.288045
243.045 11.2756 932.725 0.272902
243.101 11.2905 933.359 0.258236
243.157 11.3047 933.994 0.249491
243.213 11.3184 934.63 0.239609
243.27 11.3311 935.266 0.213618
243.326 11.3423 935.903 0.191705
243.382 11.3523 936.54 0.168734
243.438 11.3611 937.178 0.150117
243.494 11.3688 937.817 0.12563
243.551 11.3749 938.456 0.100117
243.607 11.3795 939.095 0.0695809
243.663 11.3828 939.734 0.0549757
243.719 11.3853 940.374 0.0358788
243.775 11.3865 941.014 0.0123924
243.831 11.3864 941.653 -0.010831
243.888 11.3852 942.293 -0.027331
243.944 11.383 942.933 -0.0447123
244 11.3802 943.572 -0.0552311
244.056 11.3768 944.211 -0.0646923
244.112 11.3726 944.85 -0.0813904
244.169 11.3675 945.489 -0.0969091
244.225 11.3617 946.127 -0.107411
244.281 11.3554 946.766 -0.112751
244.337 11.3488 947.403 -0.121862
244.393 11.3418 948.041 -0.127143
244.449 11.3342 948.677 -0.138786
244.506 11.3262 949.314 -0.14618
244.562 11.3178 949.95 -0.150405
244.618 11.3094 950.586 -0.150212
244.674 11.301 951.221 -0.147382
244.73 11.2929 951.855 -0.142106
244.787 11.285 952.489 -0.140117
244.843 11.2776 953.123 -0.129188
244.899 11.2707 953.756 -0.119568
244.955 11.2639 954.389 -0.119795
245.011 11.2574 955.022 -0.114041
245.067 11.251 955.654 -0.113876
245.124 11.2444 956.286 -0.119005
245.18 11.2375 956.918 -0.124926
245.236 11.2304 957.549 -0.125993
245.292 11.2234 958.179 -0.127021
245.348 11.2163 958.81 -0.125539
245.404 11.2092 959.44 -0.127518
245.461 11.2019 960.069 -0.131935
245.517 11.1943 960.698 -0.137137
245.573 11.1867 961.327 -0.135429
245.629 11.1791 961.955 -0.133944
245.685 11.1715 962.583 -0.136613
245.742 11.1637 963.21 -0.140321
245.798 11.1556 963.837 -0.145437
245.854 11.1474 964.463 -0.146611
245.91 11.1391 965.089 -0.146087
245.966 11.1308 965.715 -0.147176
246.022 11.1226 966.34 -0.144834
246.079 11.1145 966.965 -0.139758
246.135 11.1069 967.589 -0.133013
246.191 11.0997 968.212 -0.127081
246.247 11.0927 968.836 -0.122623
246.303 11.0858 969.459 -0.12229
246.36 11.0791 970.081 -0.120722
246.416 11.0724 970.703 -0.115791
246.472 11.0659 971.325 -0.107456
246.528 11.0598 971.947 -0.10521
246.584 11.0543 972.568 -0.0932661
246.64 11.0495 973.189 -0.0814433
246.697 11.0452 973.809 -0.0725265
246.753 11.0413 974.43 -0.0689745
246.809 11.0377 975.05 -0.0608766
246.865 11.0345 975.67 -0.0522811
246.921 11.0318 976.29 -0.0446949
246.978 11.0295 976.909 -0.0375598
247.034 11.0278 977.529 -0.0270764
247.09 11.0268 978.149 -0.0133017
247.146 11.0266 978.768 0.00376576
247.202 11.0273 979.387 0.0186182
247.258 11.0289 980.007 0.0341323
247.315 11.0312 980.627 0.0464695
247.371 11.0342 981.247 0.058855
247.427 11.0381 981.867 0.0741875
247.483 11.0427 982.487 0.0887147
247.539 11.0483 983.107 0.104513
247.596 11.0547 983.728 0.121876
247.652 11.0621 984.35 0.139276
247.708 11.0706 984.971 0.159234
247.764 11.0805 985.594 0.184828
247.82 11.0915 986.216 0.204833
247.876 11.1039 986.84 0.232228
247.933 11.1177 987.464 0.255347
247.989 11.1328 988.089 0.276361
248.045 11.1491 988.715 0.295702
248.101 11.1664 989.342 0.318739
248.157 11.1847 989.97 0.333207
248.213 11.2037 990.599 0.336074
248.27 11.2229 991.229 0.343619
248.326 11.2423 991.86 0.347114
248.382 11.2618 992.493 0.347332
248.438 11.2814 993.126 0.349602
248.494 11.3011 993.76 0.351611
248.551 11.3204 994.396 0.335785
248.607 11.3389 995.033 0.326056
248.663 11.3568 995.67 0.312633
248.719 11.3738 996.309 0.295608
248.775 11.39 996.948 0.282613
248.831 11.4048 997.589 0.251547
248.888 11.4178 998.23 0.220265
248.944 11.4292 998.872 0.190116
249 11.4388 999.514 0.158002
249.056 11.4466 1000.16 0.124579
249.112 11.4525 1000.8 0.0940659
249.169 11.4568 1001.44 0.0613333
249.225 11.459 1002.09 0.0221747
249.281 11.4589 1002.73 -0.0174578
249.337 11.4567 1003.38 -0.0501
249.393 11.4529 1004.02 -0.0823691
249.449 11.447 1004.66 -0.118145
249.506 11.4395 1005.3 -0.146626
249.562 11.4305 1005.95 -0.168037
249.618 11.4204 1006.59 -0.186979
249.674 11.4091 1007.23 -0.210732
249.73 11.3965 1007.87 -0.231796
249.787 11.3833 1008.51 -0.240255
249.843 11.3693 1009.15 -0.254439
249.899 11.3548 1009.79 -0.263747
249.955 11.3397 1010.43 -0.270314
250.011 11.3243 1011.06 -0.275416
250.067 11.309 1011.7 -0.271889
250.124 11.294 1012.33 -0.266354
250.18 11.2792 1012.97 -0.260483
250.236 11.2647 1013.6 -0.256259
250.292 11.2504 1014.23 -0.25248
250.348 11.2364 1014.86 -0.245976
250.404 11.2228 1015.49 -0.241413
250.461 11.2094 1016.12 -0.235118
250.517 11.1961 1016.75 -0.236719
250.573 11.1829 1017.38 -0.233848
250.629 11.1698 1018.01 -0.234124
250.685 11.1565 1018.64 -0.240541
250.742 11.1427 1019.26 -0.248753
250.798 11.1286 1019.89 -0.251684
250.854 11.1143 1020.51 -0.256269
250.91 11.0998 1021.14 -0.260519
250.966 11.085 1021.76 -0.266381
251.022 11.0698 1022.38 -0.27514
251.079 11.0543 1023 -0.278578
251.135 11.0386 1023.62 -0.279824
251.191 11.0225 1024.24 -0.28786
251.247 11.006 1024.86 -0.300033
251.303 10.989 1025.48 -0.305982
251.36 10.9715 1026.1 -0.317993
251.416 10.9534 1026.71 -0.326526
251.472 10.9349 1027.33 -0.329309
251.528 10.9161 1027.94 -0.336673
251.584 10.8971 1028.55 -0.341153
251.64 10.8779 1029.17 -0.342009
251.697 10.8585 1029.78 -0.346892
251.753 10.839 1030.39 -0.349161
251.809 10.8195 1030.99 -0.347122
251.865 10.7999 1031.6 -0.349114
251.921 10.7802 1032.21 -0.351441
251.978 10.7605 1032.81 -0.349907
252.034 10.7407 1033.42 -0.35154
252.09 10.7211 1034.02 -0.34815
252.146 10.7016 1034.62 -0.344665
252.202 10.6823 1035.22 -0.34179
252.258 10.6634 1035.82 -0.336267
252.315 10.6447 1036.42 -0.32907
252.371 10.6266 1037.02 -0.318705
252.427 10.6091 1037.61 -0.307726
252.483 10.5921 1038.21 -0.300211
252.539 10.5753 1038.8 -0.298245
252.596 10.5591 1039.4 -0.283896
252.652 10.5435 1039.99 -0.272507
252.708 10.5283 1040.58 -0.269531
252.764 10.5133 1041.17 -0.26815
252.82 10.4984 1041.76 -0.265439
252.876 10.4833 1042.35 -0.266239
252.933 10.4685 1042.94 -0.259915
252.989 10.4541 1043.53 -0.253631
253.045 10.4401 1044.11 -0.246922
253.101 10.4265 1044.7 -0.240887
253.157 10.4132 1045.29 -0.232904
253.213 10.4002 1045.87 -0.228393
253.27 10.3875 1046.45 -0.225444
253.326 10.3745 1047.04 -0.235203
253.382 10.3611 1047.62 -0.235521
253.438 10.348 1048.2 -0.232467
253.494 10.3349 1048.78 -0.233939
253.551 10.3218 1049.36 -0.232641
253.607 10.3088 1049.94 -0.229649
253.663 10.296 1050.52 -0.229943
253.719 10.283 1051.1 -0.231516
253.775 10.2699 1051.68 -0.236184
253.831 10.2568 1052.25 -0.233113
253.888 10.2439 1052.83 -0.224204
253.944 10.2315 1053.4 -0.218816
254 10.2193 1053.98 -0.215198
254.056 10.2072 1054.55 -0.216376
254.112 10.1949 1055.12 -0.221395
254.169 10.1822 1055.7 -0.228567
254.225 10.1692 1056.27 -0.232918
254.281 10.1562 1056.84 -0.230275
254.337 10.1434 1057.41 -0.22099
254.393 10.1312 1057.98 -0.214044
254.449 10.1192 1058.55 -0.215429
254.506 10.1068 1059.12 -0.225261
254.562 10.094 1059.68 -0.227791
254.618 10.0813 1060.25 -0.221806
254.674 10.0691 1060.82 -0.215081
254.73 10.0573 1061.38 -0.206112
254.787 10.0457 1061.94 -0.207773
254.843 10.0338 1062.51 -0.210895
254.899 10.022 1063.07 -0.210299
254.955 10.0103 1063.63 -0.210952
255.011 9.99863 1064.2 -0.204986
255.067 9.98722 1064.76 -0.202861
255.124 9.97568 1065.32 -0.205928
255.18 9.96424 1065.88 -0.200997
255.236 9.95305 1066.44 -0.197475
255.292 9.94224 1067 -0.189419
255.348 9.93177 1067.56 -0.183179
255.404 9.92136 1068.11 -0.181917
255.461 9.9114 1068.67 -0.174574
255.517 9.90194 1069.23 -0.163251
255.573 9.89306 1069.78 -0.156238
255.629 9.88442 1070.34 -0.153019
255.685 9.87629 1070.89 -0.137631
255.742 9.86909 1071.45 -0.119951
255.798 9.86313 1072 -0.0983008
255.854 9.85813 1072.56 -0.0831877
255.91 9.85398 1073.11 -0.0662132
255.966 9.85121 1073.66 -0.0366661
256.022 9.85016 1074.22 -0.00656061
256.079 9.85074 1074.77 0.0209854
256.135 9.8529 1075.32 0.0505911
256.191 9.85702 1075.88 0.0904652
256.247 9.86347 1076.43 0.132267
256.303 9.87242 1076.99 0.174192
256.36 9.88375 1077.54 0.220736
256.416 9.89768 1078.1 0.265633
256.472 9.91435 1078.65 0.318196
256.528 9.93412 1079.21 0.375028
256.584 9.95707 1079.77 0.431261
256.64 9.9833 1080.33 0.489351
256.697 10.0131 1080.89 0.557859
256.753 10.0466 1081.45 0.625571
256.809 10.0842 1082.02 0.696052
256.865 10.1258 1082.59 0.76976
256.921 10.1713 1083.16 0.837828
256.978 10.2207 1083.73 0.903594
257.034 10.2737 1084.31 0.96912
257.09 10.3302 1084.89 1.03108
257.146 10.3904 1085.47 1.09697
257.202 10.4539 1086.06 1.15431
257.258 10.5204 1086.64 1.20434
257.315 10.5897 1087.24 1.25138
257.371 10.6616 1087.84 1.30063
257.427 10.7359 1088.44 1.33779
257.483 10.8123 1089.04 1.37321
257.539 10.8907 1089.65 1.4092
257.596 10.9707 1090.27 1.43669
257.652 11.0522 1090.89 1.46021
257.708 11.1351 1091.51 1.48476
257.764 11.2191 1092.14 1.50215
257.82 11.3039 1092.77 1.51415
257.876 11.3891 1093.41 1.516
257.933 11.4738 1094.05 1.50504
257.989 11.5581 1094.7 1.49577
258.045 11.6417 1095.35 1.48225
258.101 11.7241 1096.01 1.45566
258.157 11.8053 1096.67 1.43809
258.213 11.8852 1097.34 1.4091
258.27 11.9627 1098.01 1.36138
258.326 12.0374 1098.68 1.31082
258.382 12.1094 1099.36 1.26123
258.438 12.1785 1100.04 1.20977
258.494 12.2445 1100.73 1.14583
258.551 12.3068 1101.42 1.08598
258.607 12.3654 1102.11 1.0149
258.663 12.4198 1102.81 0.937574
258.719 12.4694 1103.51 0.846997
258.775 12.5138 1104.21 0.754067
258.831 12.553 1104.91 0.6564
258.888 12.5863 1105.62 0.550293
258.944 12.6136 1106.33 0.444104
259 12.635 1107.04 0.334742
259.056 12.6504 1107.75 0.230451
259.112 12.6596 1108.46 0.121569
259.169 12.6629 1109.17 0.016929
259.225 12.6605 1109.88 -0.0856002
259.281 12.6521 1110.59 -0.191856
259.337 12.6378 1111.3 -0.295642
259.393 12.618 1112.01 -0.390894
259.449 12.5929 1112.72 -0.482236
259.506 12.5626 1113.43 -0.575404
259.562 12.5276 1114.13 -0.652737
259.618 12.4884 1114.83 -0.725422
259.674 12.4453 1115.53 -0.79457
259.73 12.3987 1116.23 -0.848592
259.787 12.3494 1116.93 -0.894684
259.843 12.2977 1117.62 -0.934703
259.899 12.2441 1118.31 -0.96328
259.955 12.1894 1118.99 -0.976897
260.011 12.1341 1119.68 -0.991404
260.067 12.078 1120.36 -1.00201
260.124 12.0215 1121.03 -1.00593
260.18 11.9649 1121.71 -1.00745
260.236 11.9085 1122.38 -1.00017
260.292 11.8528 1123.04 -0.983402
260.348 11.7981 1123.71 -0.968045
260.404 11.7442 1124.37 -0.94985
260.461 11.6916 1125.03 -0.925797
260.517 11.6405 1125.68 -0.89758
260.573 11.5909 1126.33 -0.87408
260.629 11.5429 1126.98 -0.837541
260.685 11.4966 1127.63 -0.815897
260.742 11.4515 1128.28 -0.79401
260.798 11.408 1128.92 -0.759498
260.854 11.3662 1129.56 -0.737335
260.91 11.3254 1130.19 -0.716967
260.966 11.286 1130.83 -0.686399
261.022 11.2482 1131.46 -0.664963
261.079 11.2114 1132.09 -0.644692
261.135 11.1758 1132.72 -0.625371
261.191 11.1418 1133.35 -0.593471
261.247 11.1095 1133.97 -0.562902
261.303 11.0783 1134.6 -0.545098
261.36 11.0488 1135.22 -0.511803
261.416 11.0213 1135.84 -0.476108
261.472 10.9958 1136.46 -0.437949
261.528 10.9728 1137.07 -0.391154
261.584 10.9521 1137.69 -0.354646
261.64 10.9331 1138.3 -0.325646
261.697 10.9162 1138.92 -0.288518
261.753 10.9012 1139.53 -0.252448
261.809 10.8881 1140.14 -0.221642
261.865 10.8767 1140.75 -0.19009
261.921 10.8675 1141.36 -0.149641
261.978 10.8603 1141.97 -0.110995
262.034 10.8556 1142.58 -0.0678454
262.09 10.8531 1143.19 -0.0313778
262.146 10.8524 1143.8 -0.000356296
262.202 10.8534 1144.41 0.0316138
262.258 10.8566 1145.02 0.0734174
262.315 10.8618 1145.63 0.106288
262.371 10.8691 1146.24 0.147622
262.427 10.8788 1146.85 0.18918
262.483 10.8908 1147.47 0.230124
262.539 10.9053 1148.08 0.275727
262.596 10.9223 1148.69 0.321549
262.652 10.942 1149.31 0.369299
262.708 10.9642 1149.92 0.413993
262.764 10.9889 1150.54 0.457733
262.82 11.0162 1151.16 0.503971
262.876 11.0462 1151.78 0.55387
262.933 11.0789 1152.4 0.601649
262.989 11.1143 1153.02 0.647521
263.045 11.1521 1153.65 0.687832
263.101 11.192 1154.27 0.728263
263.157 11.2343 1154.9 0.764563
263.213 11.2785 1155.54 0.799074
263.27 11.3248 1156.17 0.840485
263.326 11.3729 1156.81 0.866836
263.382 11.4224 1157.45 0.887898
263.438 11.4731 1158.09 0.912536
263.494 11.5248 1158.74 0.92403
263.551 11.577 1159.39 0.930469
263.607 11.6294 1160.04 0.935542
263.663 11.682 1160.7 0.934207
263.719 11.7346 1161.36 0.937453
263.775 11.7864 1162.02 0.91517
263.831 11.8374 1162.68 0.907562
263.888 11.8882 1163.35 0.900366
263.944 11.9383 1164.02 0.888477
264 11.9874 1164.69 0.8657
264.056 12.0353 1165.36 0.843602
264.112 12.0821 1166.04 0.82609
264.169 12.1279 1166.72 0.809146
264.225 12.1727 1167.4 0.789058
264.281 12.2165 1168.09 0.773003
264.337 12.2593 1168.78 0.757041
264.393 12.3013 1169.47 0.738517
264.449 12.3421 1170.16 0.720011
264.506 12.3816 1170.85 0.689208
264.562 12.4189 1171.55 0.645925
264.618 12.4538 1172.25 0.6055
264.674 12.4864 1172.95 0.563993
264.73 12.5164 1173.65 0.507102
264.787 12.5425 1174.36 0.43594
264.843 12.5641 1175.06 0.350922
264.899 12.581 1175.77 0.266002
264.955 12.5931 1176.48 0.183397
265.011 12.6002 1177.18 0.0888563
265.067 12.6021 1177.89 -0.00586929
265.124 12.5986 1178.6 -0.100313
265.18 12.5895 1179.31 -0.201664
265.236 12.575 1180.01 -0.299209
265.292 12.5548 1180.72 -0.399468
265.348 12.5286 1181.43 -0.508842
265.404 12.4966 1182.13 -0.610974
265.461 12.4588 1182.83 -0.715256
265.517 12.4147 1183.53 -0.828582
265.573 12.3649 1184.22 -0.929539
265.629 12.3092 1184.92 -1.0295
265.685 12.2482 1185.61 -1.12038
265.742 12.1825 1186.29 -1.20328
265.798 12.1127 1186.97 -1.26651
265.854 12.0386 1187.65 -1.34514
265.91 11.9612 1188.33 -1.39809
265.966 11.881 1188.99 -1.44572
266.022 11.7983 1189.66 -1.48593
266.079 11.714 1190.32 -1.50698
266.135 11.6286 1190.97 -1.52982
266.191 11.5423 1191.62 -1.53657
266.247 11.4563 1192.27 -1.52581
266.303 11.371 1192.91 -1.51197
266.36 11.2867 1193.55 -1.49212
266.416 11.2037 1194.18 -1.4647
266.472 11.1226 1194.8 -1.42537
266.528 11.0442 1195.43 -1.37815
266.584 10.9685 1196.05 -1.32208
266.64 10.8967 1196.66 -1.2489
266.697 10.8288 1197.27 -1.1829
266.753 10.7648 1197.87 -1.10986
266.809 10.7053 1198.48 -1.02305
266.865 10.6509 1199.08 -0.931597
266.921 10.6014 1199.67 -0.846892
266.978 10.5569 1200.27 -0.75691
267.034 10.5175 1200.86 -0.662885
267.09 10.4829 1201.45 -0.584468
267.146 10.4531 1202.04 -0.495713
267.202 10.428 1202.62 -0.414023
267.258 10.4079 1203.21 -0.325234
267.315 10.3926 1203.79 -0.233614
267.371 10.3823 1204.38 -0.153202
267.427 10.3767 1204.96 -0.0642949
267.483 10.376 1205.54 0.0222303
267.539 10.3802 1206.13 0.114953
267.596 10.3897 1206.71 0.202025
267.652 10.4039 1207.29 0.288167
267.708 10.423 1207.88 0.373195
267.764 10.4466 1208.46 0.449372
267.82 10.4745 1209.05 0.529582
267.876 10.5068 1209.64 0.606153
267.933 10.5435 1210.23 0.680905
267.989 10.5843 1210.83 0.755844
268.045 10.6292 1211.42 0.824576
268.101 10.6777 1212.02 0.888943
268.157 10.7295 1212.62 0.944564
268.213 10.7847 1213.23 1.00718
268.27 10.8432 1213.84 1.06198
268.326 10.9047 1214.45 1.11402
268.382 10.9687 1215.06 1.1575
268.438 11.035 1215.68 1.19395
268.494 11.1035 1216.3 1.23745
268.551 11.1739 1216.93 1.26024
268.607 11.2447 1217.56 1.25999
268.663 11.3157 1218.19 1.26721
268.719 11.3869 1218.83 1.26537
268.775 11.4575 1219.47 1.24974
268.831 11.5275 1220.12 1.24238
268.888 11.5966 1220.77 1.22497
268.944 11.665 1221.42 1.20835
269 11.7323 1222.08 1.19136
269.056 11.7984 1222.74 1.16725
269.112 11.8629 1223.41 1.13739
269.169 11.9257 1224.08 1.10393
269.225 11.9864 1224.75 1.06367
269.281 12.0448 1225.42 1.02364
269.337 12.1009 1226.1 0.978757
269.393 12.1543 1226.78 0.93109
269.449 12.2049 1227.47 0.878398
269.506 12.2522 1228.16 0.818626
269.562 12.2958 1228.84 0.74839
269.618 12.3356 1229.54 0.67669
269.674 12.3709 1230.23 0.598175
269.73 12.4018 1230.93 0.520301
269.787 12.4287 1231.62 0.446569
269.843 12.4512 1232.32 0.372151
269.899 12.4694 1233.02 0.292651
269.955 12.4832 1233.73 0.214736
270.011 12.493 1234.43 0.145769
270.067 12.4989 1235.13 0.0748847
270.124 12.5006 1235.83 -0.00110737
270.18 12.4986 1236.53 -0.0579774
270.236 12.493 1237.24 -0.126288
270.292 12.4837 1237.94 -0.194733
270.348 12.4709 1238.64 -0.249738
270.404 12.4551 1239.34 -0.301162
270.461 12.4362 1240.04 -0.357277
270.517 12.4149 1240.73 -0.393592
270.573 12.3916 1241.43 -0.429605
270.629 12.3662 1242.13 -0.465526
270.685 12.3391 1242.82 -0.48956
270.742 12.3109 1243.51 -0.511941
270.798 12.2819 1244.2 -0.519784
270.854 12.2524 1244.89 -0.524903
270.91 12.2228 1245.58 -0.527179
270.966 12.1936 1246.27 -0.514358
271.022 12.1651 1246.95 -0.5013
271.079 12.1373 1247.63 -0.488761
271.135 12.1107 1248.31 -0.460514
271.191 12.0859 1248.99 -0.427151
271.247 12.0629 1249.67 -0.396859
271.303 12.0421 1250.35 -0.35176
271.36 12.0238 1251.02 -0.306852
271.416 12.008 1251.7 -0.264069
271.472 11.9947 1252.37 -0.220557
271.528 11.9838 1253.05 -0.177541
271.584 11.9755 1253.72 -0.126636
271.64 11.9699 1254.39 -0.0821825
271.697 11.9667 1255.06 -0.0380166
271.753 11.966 1255.74 0.00291326
271.809 11.9677 1256.41 0.0466172
271.865 11.9714 1257.08 0.0798721
271.921 11.9768 1257.75 0.106377
271.978 11.9836 1258.43 0.129992
272.034 11.9921 1259.1 0.165053
272.09 12.0022 1259.77 0.187808
272.146 12.013 1260.45 0.197288
272.202 12.0247 1261.12 0.215903
272.258 12.0371 1261.8 0.229682
272.315 12.0505 1262.48 0.243749
272.371 12.0644 1263.15 0.2481
272.427 12.0786 1263.83 0.254945
272.483 12.0932 1264.51 0.262451
272.539 12.1081 1265.19 0.268751
272.596 12.1232 1265.87 0.266881
272.652 12.138 1266.55 0.26157
272.708 12.1526 1267.24 0.258493
272.764 12.167 1267.92 0.253862
272.82 12.1811 1268.6 0.246905
272.876 12.1949 1269.29 0.245107
272.933 12.2086 1269.97 0.242719
272.989 12.2221 1270.66 0.238498
273.045 12.2354 1271.35 0.231564
273.101 12.248 1272.04 0.219567
273.157 12.2599 1272.72 0.207589
273.213 12.2714 1273.41 0.202039
273.27 12.2825 1274.1 0.195501
273.326 12.2932 1274.79 0.190086
273.382 12.3038 1275.48 0.1852
273.438 12.3139 1276.18 0.176288
273.494 12.3237 1276.87 0.173832
273.551 12.3336 1277.56 0.179707
273.607 12.3436 1278.25 0.177796
273.663 12.3538 1278.95 0.181259
273.719 12.3642 1279.64 0.18804
273.775 12.375 1280.34 0.198779
273.831 12.3866 1281.03 0.208707
273.888 12.3989 1281.73 0.227017
273.944 12.4122 1282.43 0.245079
274 12.4268 1283.12 0.271298
274.056 12.4432 1283.82 0.303743
274.112 12.461 1284.52 0.324369
274.169 12.4802 1285.22 0.354136
274.225 12.5011 1285.92 0.386032
274.281 12.5238 1286.63 0.418326
274.337 12.5484 1287.33 0.449988
274.393 12.5746 1288.04 0.480621
274.449 12.6028 1288.75 0.518122
274.506 12.633 1289.45 0.550125
274.562 12.6648 1290.17 0.58045
274.618 12.6984 1290.88 0.608228
274.674 12.7338 1291.59 0.64227
274.73 12.771 1292.31 0.67677
274.787 12.8101 1293.03 0.708985
274.843 12.8508 1293.75 0.734895
274.899 12.8928 1294.47 0.75538
274.955 12.9356 1295.2 0.767456
275.011 12.9793 1295.93 0.782619
275.067 13.0237 1296.66 0.795313
275.124 13.0687 1297.39 0.805676
275.18 13.1143 1298.13 0.814638
275.236 13.1602 1298.86 0.81375
275.292 13.2056 1299.6 0.812074
275.348 13.2513 1300.35 0.810038
275.404 13.2964 1301.09 0.800064
275.461 13.3407 1301.84 0.784473
275.517 13.384 1302.59 0.761498
275.573 13.4259 1303.35 0.735602
275.629 13.4659 1304.1 0.70184
275.685 13.5045 1304.86 0.672219
275.742 13.5416 1305.62 0.651805
275.798 13.5774 1306.38 0.629413
275.854 13.6117 1307.15 0.596724
275.91 13.6442 1307.91 0.566176
275.966 13.6748 1308.68 0.52934
276.022 13.7033 1309.45 0.493267
276.079 13.7299 1310.22 0.459047
276.135 13.7545 1310.99 0.424744
276.191 13.7773 1311.77 0.390623
276.247 13.7979 1312.54 0.355006
276.303 13.8165 1313.32 0.312493
276.36 13.8324 1314.09 0.265488
276.416 13.8456 1314.87 0.21522
276.472 13.8558 1315.65 0.159487
276.528 13.8628 1316.43 0.100684
276.584 13.8663 1317.21 0.035412
276.64 13.8661 1317.98 -0.0291427
276.697 13.8623 1318.76 -0.0989229
276.753 13.8542 1319.54 -0.174996
276.809 13.8418 1320.32 -0.251314
276.865 13.8251 1321.1 -0.325911
276.921 13.8042 1321.87 -0.40238
276.978 13.7792 1322.65 -0.471772
277.034 13.7503 1323.42 -0.54527
277.09 13.717 1324.19 -0.623388
277.146 13.6799 1324.96 -0.683476
277.202 13.6395 1325.73 -0.744605
277.258 13.5959 1326.49 -0.797217
277.315 13.5495 1327.26 -0.846126
277.371 13.5006 1328.02 -0.886386
277.427 13.4495 1328.77 -0.920832
277.483 13.3965 1329.53 -0.960068
277.539 13.3415 1330.28 -0.989059
277.596 13.2851 1331.02 -1.01089
277.652 13.2278 1331.77 -1.02423
277.708 13.1699 1332.51 -1.03252
277.764 13.1121 1333.25 -1.02692
277.82 13.0543 1333.98 -1.02705
277.876 12.997 1334.71 -1.01735
277.933 12.9404 1335.44 -1.00005
277.989 12.885 1336.17 -0.972689
278.045 12.8312 1336.89 -0.947484
278.101 12.7788 1337.61 -0.923472
278.157 12.7279 1338.33 -0.89105
278.213 12.6791 1339.04 -0.855143
278.27 12.6324 1339.75 -0.815484
278.326 12.588 1340.46 -0.770296
278.382 12.5461 1341.16 -0.731602
278.438 12.5064 1341.87 -0.689931
278.494 12.4689 1342.57 -0.646793
278.551 12.4341 1343.27 -0.604875
278.607 12.402 1343.96 -0.550063
278.663 12.3726 1344.66 -0.502857
278.719 12.3461 1345.35 -0.452031
278.775 12.3223 1346.05 -0.405363
278.831 12.3009 1346.74 -0.36198
278.888 12.2822 1347.43 -0.312311
278.944 12.2663 1348.12 -0.266748
279 12.2533 1348.81 -0.215741
279.056 12.2427 1349.5 -0.169299
279.112 12.2351 1350.18 -0.113845
279.169 12.2304 1350.87 -0.0620018
279.225 12.2287 1351.56 -0.0122073
279.281 12.2294 1352.24 0.0308594
279.337 12.2328 1352.93 0.0809809
279.393 12.2393 1353.62 0.136393
279.449 12.2487 1354.31 0.187222
279.506 12.2607 1355 0.232136
279.562 12.2754 1355.68 0.281704
279.618 12.2931 1356.37 0.334587
279.674 12.3133 1357.07 0.375856
279.73 12.3356 1357.76 0.410627
279.787 12.3599 1358.45 0.44567
279.843 12.386 1359.15 0.477094
279.899 12.4139 1359.84 0.508401
279.955 12.4435 1360.54 0.539213
