# i t cells coeurs_suggere(~100k/coeur)
13960 160.009 1046438 11
13980 160.17 1047852 11
14000 160.385 1050463 11
14020 160.608 1051324 11
14040 160.832 1049049 11
14060 161.056 1045122 11
14080 161.281 1042217 11
14100 161.506 1036085 11
14120 161.73 1030401 11
14140 161.955 1024080 11
14160 162.18 1020734 11
14180 162.404 1017640 11
14200 162.629 1016506 11
14220 162.854 1017787 11
14240 163.079 1021238 11
14260 163.303 1020993 11
14280 163.528 1023863 11
14300 163.753 1021644 11
14320 163.978 1017367 11
14340 164.202 1018284 11
14360 164.427 1021546 11
14380 164.652 1024584 11
14400 164.876 1027951 11
14420 165.101 1033222 11
14440 165.326 1037471 11
14460 165.551 1039298 11
14480 165.775 1040362 11
14500 166 1038815 11
14520 166.225 1034188 11
14540 166.449 1030002 11
14560 166.674 1026187 11
14580 166.899 1021917 11
14600 167.124 1020426 11
14620 167.348 1020608 11
14640 167.573 1018725 11
14660 167.798 1015386 11
14680 168 1010353 11
14700 168.221 1006468 11
14720 168.444 1006356 11
14740 168.666 1005810 11
14760 168.889 1004690 11
14780 169.055 1005005 11
14800 169.239 1003024 11
14820 169.437 999335 10
14840 169.631 1000546 11
14860 169.84 1001596 11
14880 170.056 1003759 11
14900 170.278 1007350 11
14920 170.499 1010542 11
14940 170.722 1015113 11
14960 170.944 1019894 11
14980 171.169 1024283 11
15000 171.393 1027937 11
15020 171.618 1028945 11
15040 171.843 1033250 11
15060 172.067 1032795 11
15080 172.292 1034482 11
15100 172.517 1033950 11
15120 172.742 1034881 11
15140 172.966 1036218 11
15160 173.191 1036169 11
15180 173.416 1035574 11
15200 173.64 1035497 11
15220 173.865 1032172 11
15240 174.09 1029624 11
15260 174.315 1024990 11
15280 174.539 1025564 11
15300 174.764 1026376 11
15320 174.989 1028567 11
15340 175.213 1032396 11
15360 175.438 1034916 11
15380 175.663 1034391 11
15400 175.888 1037184 11
15420 176.112 1038885 11
15440 176.337 1036897 11
15460 176.562 1037702 11
15480 176.787 1036568 11
15500 177.011 1038605 11
15520 177.236 1039774 11
15540 177.461 1039382 11
15560 177.685 1039578 11
15580 177.91 1039550 11
15600 178.135 1040754 11
15620 178.36 1040432 11
15640 178.584 1040558 11
15660 178.809 1040719 11
15680 179.034 1040754 11
15700 179.258 1036239 11
15720 179.483 1031640 11
15740 179.708 1028784 11
15760 179.933 1024423 11
15780 180.157 1024556 11
15800 180.382 1024381 11
15820 180.607 1026838 11
15840 180.831 1027811 11
15860 181.056 1032774 11
15880 181.281 1034461 11
15900 181.506 1031206 11
15920 181.73 1029673 11
15940 181.955 1027482 11
15960 182.18 1027062 11
15980 182.404 1030093 11
16000 182.629 1033467 11
16020 182.854 1035476 11
16040 183.079 1035987 11
16060 183.303 1035252 11
16080 183.528 1036869 11
16100 183.753 1039487 11
16120 183.978 1038437 11
16140 184.202 1035959 11
16160 184.427 1038346 11
16180 184.652 1037156 11
16200 184.876 1038213 11
16220 185.101 1040271 11
16240 185.326 1039410 11
16260 185.551 1037933 11
16280 185.775 1038787 11
16300 186 1040264 11
16320 186.225 1041923 11
16340 186.449 1046053 11
16360 186.674 1050778 11
16380 186.899 1048370 11
16400 187.124 1047257 11
16420 187.348 1045640 11
16440 187.573 1045241 11
16460 187.798 1040733 11
16480 188.022 1038094 11
16500 188.247 1034713 11
16520 188.472 1031871 11
16540 188.697 1032991 11
16560 188.921 1035812 11
16580 189.146 1041412 11
16600 189.371 1046123 11
16620 189.596 1049413 11
16640 189.82 1052654 11
16660 190.045 1053487 11
16680 190.27 1055041 11
16700 190.494 1053571 11
16720 190.719 1050876 11
16740 190.944 1047572 11
16760 191.169 1050288 11
16780 191.393 1054110 11
16800 191.618 1055804 11
16820 191.843 1056665 11
16840 192.067 1057960 11
16860 192.292 1055230 11
16880 192.517 1052955 11
16900 192.742 1049889 11
16920 192.966 1047089 11
16940 193.191 1044562 11
16960 193.416 1041363 11
16980 193.64 1035553 11
17000 193.865 1030674 11
17020 194.09 1025298 11
17040 194.315 1021630 11
17060 194.539 1018634 11
17080 194.764 1019761 11
17100 194.989 1025739 11
17120 195.213 1029785 11
17140 195.438 1036071 11
17160 195.663 1042287 11
17180 195.888 1046165 11
17200 196.112 1051569 11
17220 196.337 1058345 11
17240 196.561 1063231 11
17260 196.78 1067998 11
17280 196.993 1073122 11
17300 197.211 1082243 11
17320 197.436 1090762 11
17340 197.659 1097111 11
17360 197.879 1103733 12
17380 198.101 1110264 12
17400 198.324 1116424 12
17420 198.546 1124894 12
17440 198.767 1130921 12
17460 198.989 1137109 12
17480 199.213 1145908 12
17500 199.438 1151739 12
17520 199.663 1155379 12
17540 199.888 1157962 12
17560 200.112 1157318 12
17580 200.337 1159138 12
17600 200.562 1153139 12
17620 200.781 1147224 12
17640 201 1141015 12
17660 201.225 1133917 12
17680 201.449 1129052 12
17700 201.674 1129262 12
17720 201.899 1130676 12
17740 202.124 1130697 12
17760 202.348 1135366 12
17780 202.573 1139370 12
17800 202.798 1144963 12
17820 203.022 1145803 12
17840 203.247 1151704 12
17860 203.472 1157843 12
17880 203.697 1160069 12
17900 203.914 1160965 12
17920 204.135 1159768 12
17940 204.36 1158263 12
17960 204.584 1153804 12
17980 204.809 1144298 12
18000 205.034 1137690 12
18020 205.258 1128205 12
18040 205.483 1126791 12
18060 205.708 1123081 12
18080 205.925 1123200 12
18100 206.146 1120463 12
18120 206.371 1124222 12
18140 206.596 1129409 12
18160 206.82 1136773 12
18180 207.045 1144459 12
18200 207.27 1153811 12
18220 207.494 1157283 12
18240 207.719 1159243 12
18260 207.944 1162337 12
18280 208.169 1165368 12
18300 208.393 1168917 12
18320 208.618 1164528 12
18340 208.843 1164339 12
18360 209.067 1162652 12
18380 209.292 1162295 12
18400 209.517 1160965 12
18420 209.742 1158963 12
18440 209.966 1153944 12
18460 210.191 1148757 12
18480 210.416 1143199 12
18500 210.64 1138474 12
18520 210.865 1137550 12
18540 211.09 1139818 12
18560 211.315 1143731 12
18580 211.539 1145054 12
18600 211.764 1144564 12
18620 211.989 1143297 12
18640 212.213 1141050 12
18660 212.438 1138467 12
18680 212.663 1129598 12
18700 212.888 1120848 12
18720 213.112 1119917 12
18740 213.337 1117131 12
18760 213.562 1114828 12
18780 213.787 1109200 12
18800 214.011 1105938 12
18820 214.236 1103509 12
18840 214.461 1102711 12
18860 214.685 1100674 12
18880 214.91 1097391 11
18900 215.135 1096306 11
18920 215.36 1093156 11
18940 215.584 1090006 11
18960 215.809 1084714 11
18980 216.034 1081732 11
19000 216.258 1075803 11
19020 216.483 1071764 11
19040 216.708 1064484 11
19060 216.933 1060655 11
19080 217.157 1054796 11
19100 217.382 1051128 11
19120 217.607 1053046 11
19140 217.831 1058373 11
19160 218.056 1061397 11
19180 218.281 1064792 11
19200 218.506 1069146 11
19220 218.73 1071141 11
19240 218.955 1070378 11
19260 219.18 1071456 11
19280 219.404 1074795 11
19300 219.629 1075474 11
19320 219.854 1078974 11
19340 220.079 1079359 11
19360 220.303 1084392 11
19380 220.528 1092204 11
19400 220.753 1098343 11
19420 220.978 1104650 12
19440 221.202 1109228 12
19460 221.427 1110642 12
19480 221.652 1110551 12
19500 221.876 1107142 12
19520 222.101 1103054 12
19540 222.326 1099169 11
19560 222.551 1096082 11
19580 222.775 1096726 11
19600 223 1099141 11
19620 223.225 1102109 12
19640 223.449 1105224 12
19660 223.674 1106239 12
19680 223.899 1107639 12
19700 224.124 1104825 12
19720 224.348 1099729 11
19740 224.573 1094472 11
19760 224.798 1095809 11
19780 225.022 1096684 11
19800 225.247 1098063 11
19820 225.472 1099295 11
19840 225.697 1097160 11
19860 225.921 1093149 11
19880 226.146 1088487 11
19900 226.371 1083237 11
19920 226.596 1076601 11
19940 226.82 1071848 11
19960 227.045 1068922 11
19980 227.27 1070140 11
20000 227.494 1069622 11
20020 227.719 1071232 11
20040 227.944 1069601 11
20060 228.169 1065611 11
20080 228.393 1060571 11
20100 228.618 1058653 11
20120 228.843 1056441 11
20140 229.067 1055510 11
20160 229.292 1055069 11
20180 229.512 1058303 11
20200 229.734 1059577 11
20220 229.956 1063819 11
20240 230.18 1066647 11
20260 230.404 1069657 11
20280 230.629 1070098 11
20300 230.854 1070112 11
20320 231.079 1072499 11
20340 231.303 1076832 11
20360 231.528 1082348 11
20380 231.753 1083895 11
20400 231.978 1082635 11
20420 232.202 1079681 11
20440 232.427 1076601 11
20460 232.652 1071456 11
20480 232.876 1066003 11
20500 233.101 1062489 11
20520 233.326 1062867 11
20540 233.551 1065100 11
20560 233.775 1063609 11
20580 234 1067417 11
20600 234.225 1068649 11
20620 234.449 1070826 11
20640 234.674 1074585 11
20660 234.899 1076223 11
20680 235.124 1074851 11
20700 235.348 1075873 11
20720 235.573 1072128 11
20740 235.798 1068943 11
20760 236.022 1066983 11
20780 236.247 1061208 11
20800 236.472 1055923 11
20820 236.697 1055118 11
20840 236.921 1056112 11
20860 237.146 1057197 11
20880 237.371 1058597 11
20900 237.596 1061075 11
20920 237.82 1060200 11
20940 238.045 1055545 11
20960 238.27 1052864 11
20980 238.494 1052171 11
21000 238.719 1053347 11
21020 238.944 1055258 11
21040 239.169 1056798 11
21060 239.393 1058177 11
21080 239.618 1061334 11
21100 239.843 1067396 11
21120 240.067 1068698 11
21140 240.292 1066227 11
21160 240.517 1066703 11
21180 240.742 1064491 11
21200 240.966 1066829 11
21220 241.191 1068096 11
21240 241.416 1067326 11
21260 241.64 1067494 11
21280 241.865 1070609 11
21300 242.09 1074417 11
21320 242.315 1075033 11
21340 242.539 1075908 11
21360 242.764 1074606 11
21380 242.989 1073038 11
21400 243.213 1073563 11
21420 243.438 1076230 11
21440 243.663 1076846 11
21460 243.888 1076510 11
21480 244.112 1074480 11
21500 244.337 1071169 11
21520 244.562 1069951 11
21540 244.787 1069615 11
21560 245.011 1070889 11
21580 245.236 1074480 11
21600 245.461 1078610 11
21620 245.685 1079562 11
21640 245.91 1079415 11
21660 246.135 1079905 11
21680 246.36 1085778 11
21700 246.584 1090293 11
21720 246.809 1094073 11
21740 247.034 1097636 11
21760 247.258 1098315 11
21780 247.483 1094703 11
21800 247.708 1092120 11
21820 247.933 1089901 11
21840 248.157 1089922 11
21860 248.382 1091546 11
21880 248.607 1092890 11
21900 248.831 1097055 11
21920 249.056 1100751 12
21940 249.281 1100863 12
21960 249.506 1100408 12
21980 249.73 1100961 12
22000 249.955 1102844 12
22020 250.18 1105672 12
22040 250.404 1109613 12
22060 250.629 1113176 12
22080 250.854 1116641 12
22100 251.079 1120372 12
22120 251.303 1122234 12
22140 251.528 1125027 12
22160 251.753 1124432 12
22180 251.978 1121268 12
22200 252.202 1120393 12
22220 252.427 1115976 12
22240 252.652 1113008 12
22260 252.876 1116599 12
22280 253.101 1121100 12
22300 253.326 1124775 12
22320 253.551 1128618 12
22340 253.775 1134351 12
22360 254 1140805 12
22380 254.225 1141449 12
22400 254.449 1142765 12
22420 254.674 1140686 12
22440 254.899 1137158 12
22460 255.124 1135184 12
22480 255.348 1132454 12
22500 255.573 1125930 12
22520 255.798 1122024 12
22540 256.022 1115752 12
22560 256.247 1112560 12
22580 256.472 1110124 12
22600 256.697 1109417 12
22620 256.921 1107051 12
22640 257.146 1104405 12
22660 257.371 1099533 11
22680 257.596 1098707 11
22700 257.82 1096082 11
22720 258.045 1095508 11
22740 258.27 1093884 11
22760 258.494 1091630 11
22780 258.719 1089957 11
22800 258.944 1091182 11
22820 259.169 1091644 11
22840 259.393 1094808 11
22860 259.618 1096348 11
22880 259.843 1097412 11
22900 260.067 1096502 11
22920 260.292 1095655 11
22940 260.517 1097629 11
22960 260.742 1097587 11
22980 260.966 1096859 11
23000 261.191 1098098 11
23020 261.416 1099974 11
23040 261.64 1103271 12
23060 261.865 1103691 12
23080 262.09 1105042 12
23100 262.315 1101815 12
23120 262.539 1099309 11
23140 262.764 1095872 11
23160 262.989 1093576 11
23180 263.213 1088459 11
23200 263.438 1089103 11
23220 263.663 1087703 11
23240 263.888 1089068 11
23260 264.112 1088305 11
23280 264.337 1087878 11
23300 264.562 1089866 11
23320 264.787 1094325 11
23340 265.011 1102235 12
23360 265.236 1107786 12
23380 265.461 1110936 12
23400 265.685 1112126 12
23420 265.91 1116907 12
23440 266.135 1124019 12
23460 266.36 1126924 12
23480 266.584 1130347 12
23500 266.809 1138278 12
23520 267.034 1145005 12
23540 267.258 1154063 12
23560 267.483 1161021 12
23580 267.708 1164535 12
23600 267.933 1167076 12
23620 268.157 1168637 12
23640 268.382 1171948 12
23660 268.607 1175385 12
23680 268.831 1177562 12
23700 269.056 1175595 12
23720 269.281 1175112 12
23740 269.506 1178206 12
23760 269.73 1177184 12
23780 269.955 1174594 12
23800 270.18 1167510 12
23820 270.404 1165746 12
23840 270.629 1163191 12
23860 270.848 1162134 12
23880 271.067 1159964 12
23900 271.292 1159964 12
23920 271.517 1159173 12
23940 271.742 1160244 12
23960 271.966 1160951 12
23980 272.191 1159397 12
24000 272.415 1155722 12
24020 272.636 1150542 12
24040 272.856 1142814 12
24060 273.079 1138453 12
24080 273.303 1136647 12
24100 273.523 1134680 12
24120 273.745 1134309 12
24140 273.967 1133217 12
24160 274.191 1132307 12
24180 274.414 1125979 12
24200 274.635 1117698 12
24220 274.856 1113134 12
24240 275.065 1107555 12
24260 275.286 1102641 12
24280 275.509 1098567 11
24300 275.732 1093765 11
24320 275.955 1089180 11
24340 276.18 1084406 11
24360 276.404 1080178 11
24380 276.629 1078953 11
24400 276.854 1076881 11
24420 277.065 1073178 11
24440 277.285 1068390 11
24460 277.509 1063119 11
24480 277.732 1059031 11
24500 277.955 1053375 11
24520 278.18 1046319 11
24540 278.404 1040278 11
24560 278.629 1032235 11
24580 278.854 1028287 11
24600 279.079 1027349 11
24620 279.303 1025060 11
24640 279.528 1023975 11
24660 279.753 1019558 11
24680 279.978 1016625 11
