# t frame_uz frame_z ub_dans_repere
160.001 -6.05158e-05 -6.23232e-08 -0.0587609
160.019 -0.0165627 -0.000181278 -0.885084
160.051 -0.0397135 -0.0011905 -0.604255
160.092 -0.0564705 -0.00329899 -0.276019
160.14 -0.0596146 -0.00611096 0.0703169
160.19 -0.0453349 -0.00876125 0.421692
160.243 -0.0123377 -0.010183 0.758859
160.297 0.0390857 -0.00925861 1.08081
160.352 0.108484 -0.00489532 1.38129
160.407 0.193817 0.00380997 1.6633
160.463 0.29573 0.0180176 1.9224
160.519 0.411293 0.0383943 2.15679
160.575 0.539283 0.0656619 2.37103
160.631 0.678212 0.100471 2.5508
160.687 0.826128 0.143363 2.70499
160.743 0.982187 0.194813 2.84371
160.798 1.14551 0.255248 2.96128
160.854 1.31468 0.325026 3.06116
160.91 1.48858 0.404435 3.1395
160.966 1.6668 0.493727 3.2116
161.022 1.84852 0.593263 3.26107
161.079 2.03302 0.703323 3.29633
161.135 2.21872 0.823793 3.31167
161.191 2.40528 0.954725 3.32523
161.247 2.59229 1.09616 3.33126
161.303 2.77913 1.24809 3.32413
161.36 2.96546 1.4105 3.3104
161.416 3.15095 1.58336 3.29515
161.472 3.33577 1.76661 3.2845
161.528 3.51926 1.96021 3.25649
161.584 3.70115 2.16406 3.22284
161.64 3.88119 2.37806 3.19328
161.697 4.05978 2.60213 3.16806
161.753 4.23684 2.83619 3.14105
161.809 4.41232 3.08013 3.11203
161.865 4.58629 3.33389 3.08686
161.921 4.75864 3.59736 3.05486
161.978 4.92925 3.87046 3.02438
162.034 5.0978 4.15308 2.98349
162.09 5.26394 4.44508 2.94302
162.146 5.4278 4.74634 2.90173
162.202 5.58922 5.05673 2.85359
162.258 5.74775 5.37608 2.79974
162.315 5.90306 5.70424 2.74107
162.371 6.05492 6.04101 2.6796
162.427 6.20364 6.3862 2.62296
162.483 6.34912 6.73964 2.5697
162.539 6.49192 7.10115 2.52596
162.596 6.63225 7.47061 2.47705
162.652 6.76992 7.84786 2.43138
162.708 6.90456 8.23275 2.37388
162.764 7.03602 8.62509 2.31842
162.82 7.16464 9.02472 2.26971
162.876 7.29067 9.43149 2.22668
162.933 7.41451 9.84526 2.19016
162.989 7.53609 10.2659 2.14898
163.045 7.65554 10.6933 2.11011
163.101 7.77261 11.1274 2.06604
163.157 7.88724 11.5679 2.02278
163.213 7.99936 12.0148 1.9784
163.27 8.10906 12.4679 1.93902
163.326 8.21729 12.9271 1.92032
163.382 8.32415 13.3924 1.88919
163.438 8.4295 13.8636 1.86483
163.494 8.53325 14.3407 1.83471
163.551 8.63524 14.8235 1.80152
163.607 8.7353 15.312 1.76619
163.663 8.83328 15.8061 1.7294
163.719 8.92909 16.3056 1.69091
163.775 9.0227 16.8104 1.64633
163.831 9.1143 17.3203 1.62031
163.888 9.20432 17.8354 1.59156
163.944 9.29245 18.3555 1.55306
164 9.3785 18.8805 1.52004
164.056 9.4626 19.4102 1.48101
164.112 9.54476 19.9446 1.44966
164.169 9.62499 20.4835 1.41262
164.225 9.70309 21.0269 1.37515
164.281 9.77919 21.5746 1.3396
164.337 9.85342 22.1265 1.31303
164.393 9.92635 22.6825 1.28706
164.449 9.99766 23.2426 1.25599
164.506 10.0675 23.8066 1.23353
164.562 10.136 24.3745 1.21079
164.618 10.2033 24.9462 1.18605
164.674 10.2693 25.5217 1.16802
164.73 10.3341 26.1008 1.14216
164.787 10.3974 26.6835 1.11469
164.843 10.4589 27.2697 1.08243
164.899 10.5187 27.8593 1.05534
164.955 10.5773 28.4522 1.03395
165.011 10.6346 29.0484 1.01118
165.067 10.6903 29.6477 0.975869
165.124 10.744 30.2501 0.945041
165.18 10.7962 30.8555 0.919658
165.236 10.8471 31.4637 0.89746
165.292 10.8968 32.0748 0.874223
165.348 10.9454 32.6886 0.858239
165.404 10.9928 33.3051 0.840117
165.461 11.0393 33.9243 0.823446
165.517 11.0849 34.546 0.809702
165.573 11.1299 35.1703 0.797926
165.629 11.1744 35.797 0.787042
165.685 11.2183 36.4263 0.776751
165.742 11.2613 37.058 0.757477
165.798 11.3031 37.6921 0.734253
165.854 11.3437 38.3284 0.715793
165.91 11.3832 38.9671 0.694018
165.966 11.4215 39.6079 0.674859
166.022 11.459 40.2508 0.661587
166.079 11.4956 40.8958 0.645033
166.135 11.5315 41.5428 0.635273
166.191 11.5669 42.1919 0.63044
166.247 11.6019 42.8429 0.621626
166.303 11.6368 43.4958 0.616147
166.36 11.6713 44.1508 0.609902
166.416 11.7051 44.8076 0.596984
166.472 11.7383 45.4663 0.585914
166.528 11.771 46.1269 0.579338
166.584 11.8033 46.7892 0.572771
166.64 11.8353 47.4534 0.565245
166.697 11.867 48.1194 0.563618
166.753 11.8985 48.7871 0.558699
166.809 11.9297 49.4567 0.553683
166.865 11.961 50.1279 0.558096
166.921 11.9923 50.8009 0.556608
166.978 12.0235 51.4757 0.554204
167.034 12.0547 52.1522 0.555687
167.09 12.0854 52.8305 0.54284
167.146 12.1157 53.5105 0.531938
167.202 12.1454 54.1922 0.528126
167.258 12.1746 54.8755 0.515211
167.315 12.2033 55.5604 0.50371
167.371 12.2315 56.2469 0.500995
167.427 12.2593 56.935 0.491287
167.483 12.2864 57.6247 0.478561
167.539 12.3129 58.3158 0.467866
167.596 12.3387 59.0084 0.452644
167.652 12.3639 59.7025 0.445064
167.708 12.3888 60.3979 0.441855
167.764 12.4133 61.0947 0.432606
167.82 12.4373 61.7929 0.424037
167.876 12.4609 62.4925 0.416348
167.933 12.4839 63.1933 0.40682
167.989 12.5066 63.8954 0.401283
168.045 12.5287 64.5988 0.388856
168.101 12.55 65.3033 0.372162
168.157 12.5704 66.0091 0.356797
168.213 12.5898 66.716 0.338952
168.27 12.6082 67.4239 0.322325
168.326 12.6257 68.1328 0.301863
168.382 12.642 68.8427 0.284799
168.438 12.6574 69.5534 0.26486
168.494 12.6716 70.265 0.245657
168.551 12.6845 70.9773 0.22152
168.607 12.6962 71.6903 0.198891
168.663 12.7066 72.4039 0.174629
168.719 12.7154 73.1181 0.146148
168.775 12.7225 73.8327 0.113018
168.831 12.7278 74.5476 0.0806091
168.888 12.7314 75.2628 0.0527265
168.944 12.7331 75.9781 0.0177027
169 12.7332 76.6935 -0.00953199
169.056 12.7318 77.4088 -0.0367308
169.112 12.7286 78.1239 -0.0666389
169.169 12.7241 78.8389 -0.0874523
169.225 12.7187 79.5535 -0.105694
169.281 12.7118 80.2679 -0.133549
169.337 12.7032 80.9817 -0.165981
169.393 12.693 81.6951 -0.19363
169.449 12.6812 82.4077 -0.217893
169.506 12.6683 83.1197 -0.239864
169.562 12.6542 83.831 -0.259491
169.618 12.6389 84.5414 -0.276967
169.674 12.6229 85.2509 -0.291826
169.73 12.6059 85.9595 -0.306096
169.787 12.5882 86.6671 -0.322566
169.843 12.5696 87.3737 -0.3387
169.899 12.55 88.0792 -0.355871
169.955 12.5293 88.7835 -0.375268
170.011 12.5076 89.4867 -0.394631
170.067 12.485 90.1886 -0.405763
170.124 12.4618 90.8892 -0.420485
170.18 12.4377 91.5885 -0.431938
170.236 12.413 92.2864 -0.443236
170.292 12.3877 92.9829 -0.454931
170.348 12.3615 93.678 -0.474412
170.404 12.3344 94.3716 -0.487366
170.461 12.3065 95.0636 -0.502123
170.517 12.2779 95.754 -0.514411
170.573 12.2487 96.4428 -0.525557
170.629 12.2187 97.1299 -0.53855
170.685 12.1883 97.8153 -0.544811
170.742 12.1575 98.499 -0.550954
170.798 12.1265 99.181 -0.553643
170.854 12.0951 99.8612 -0.560991
170.91 12.0636 100.54 -0.562571
170.966 12.0317 101.216 -0.566922
171.022 11.9999 101.891 -0.569141
171.079 11.9679 102.564 -0.56845
171.135 11.9358 103.235 -0.572076
171.191 11.9037 103.905 -0.572579
171.247 11.8716 104.573 -0.56859
171.303 11.8397 105.238 -0.565457
171.36 11.8082 105.903 -0.558573
171.416 11.7772 106.565 -0.547139
171.472 11.7468 107.226 -0.535537
171.528 11.7173 107.884 -0.517818
171.584 11.6889 108.542 -0.496545
171.64 11.6617 109.198 -0.477818
171.697 11.6357 109.852 -0.453391
171.753 11.6107 110.505 -0.436935
171.809 11.5866 111.156 -0.421678
171.865 11.5638 111.806 -0.396712
171.921 11.5421 112.455 -0.379399
171.978 11.5213 113.103 -0.360215
172.034 11.5019 113.75 -0.339813
172.09 11.4837 114.395 -0.312269
172.146 11.4669 115.04 -0.290652
172.202 11.4513 115.683 -0.27013
172.258 11.4369 116.326 -0.246649
172.315 11.4234 116.968 -0.236042
172.371 11.4109 117.61 -0.211842
172.427 11.4001 118.25 -0.182449
172.483 11.3905 118.89 -0.15962
172.539 11.3824 119.53 -0.138702
172.596 11.3758 120.169 -0.105193
172.652 11.3706 120.808 -0.0838866
172.708 11.3666 121.447 -0.0637582
172.764 11.3641 122.085 -0.0308282
172.82 11.3633 122.724 -0.00576244
172.876 11.3637 123.362 0.0172384
172.933 11.3656 124.001 0.0447381
172.989 11.3686 124.639 0.0595971
173.045 11.3725 125.278 0.0752709
173.101 11.3775 125.917 0.101297
173.157 11.3839 126.556 0.120741
173.213 11.3911 127.196 0.132115
173.27 11.3993 127.836 0.153762
173.326 11.4084 128.477 0.165909
173.382 11.418 129.118 0.176126
173.438 11.4285 129.76 0.193065
173.494 11.4398 130.403 0.204874
173.551 11.4515 131.046 0.207449
173.607 11.4635 131.689 0.217151
173.663 11.4758 132.334 0.2217
173.719 11.4886 132.979 0.231634
173.775 11.502 133.625 0.241387
173.831 11.5157 134.272 0.249489
173.888 11.5301 134.919 0.260232
173.944 11.545 135.567 0.269536
174 11.5599 136.216 0.263133
174.056 11.5747 136.866 0.262304
174.112 11.5894 137.517 0.262093
174.169 11.6043 138.169 0.265984
174.225 11.6194 138.821 0.270926
174.281 11.6348 139.474 0.276773
174.337 11.6505 140.129 0.281769
174.393 11.6664 140.784 0.280662
174.449 11.6821 141.44 0.280481
174.506 11.6978 142.096 0.279552
174.562 11.7137 142.754 0.283492
174.618 11.7297 143.413 0.286485
174.674 11.7459 144.072 0.287894
174.73 11.7622 144.733 0.290426
174.787 11.7784 145.394 0.2885
174.843 11.7944 146.056 0.283649
174.899 11.8103 146.719 0.280858
174.955 11.826 147.383 0.278779
175.011 11.8415 148.048 0.274626
175.067 11.8569 148.714 0.273609
175.124 11.8722 149.381 0.269399
175.18 11.8871 150.048 0.262946
175.236 11.9016 150.717 0.257049
175.292 11.9158 151.386 0.250209
175.348 11.9295 152.056 0.240254
175.404 11.9427 152.726 0.228534
175.461 11.9559 153.398 0.23209
175.517 11.9687 154.07 0.225073
175.573 11.9813 154.742 0.225049
175.629 11.994 155.416 0.22516
175.685 12.0065 156.09 0.222495
175.742 12.019 156.765 0.218788
175.798 12.0312 157.441 0.21816
175.854 12.0432 158.117 0.211625
175.91 12.055 158.794 0.205543
175.966 12.0664 159.472 0.202592
176.022 12.0776 160.15 0.197484
176.079 12.0887 160.829 0.198713
176.135 12.1001 161.508 0.202609
176.191 12.1113 162.189 0.197479
176.247 12.1221 162.869 0.187775
176.303 12.1324 163.551 0.180705
176.36 12.1422 164.233 0.174008
176.416 12.1515 164.915 0.15599
176.472 12.1602 165.598 0.153337
176.528 12.1684 166.282 0.144121
176.584 12.1764 166.965 0.135873
176.64 12.184 167.65 0.137683
176.697 12.1913 168.334 0.128814
176.753 12.1983 169.02 0.124037
176.809 12.2052 169.705 0.11884
176.865 12.2115 170.391 0.10974
176.921 12.2176 171.077 0.104793
176.978 12.2233 171.764 0.0994404
177.034 12.2283 172.451 0.0835362
177.09 12.2327 173.138 0.0707389
177.146 12.2364 173.825 0.0661743
177.202 12.2398 174.513 0.0563805
177.258 12.2427 175.201 0.0466468
177.315 12.2448 175.888 0.0304779
177.371 12.2462 176.576 0.0190373
177.427 12.2468 177.264 0.00522096
177.483 12.2466 177.952 -0.00840958
177.539 12.2455 178.64 -0.0285019
177.596 12.2433 179.328 -0.0449998
177.652 12.2404 180.016 -0.0573637
177.708 12.2367 180.704 -0.0719518
177.764 12.2322 181.391 -0.0880436
177.82 12.2267 182.078 -0.102335
177.876 12.2203 182.765 -0.121709
177.933 12.2126 183.451 -0.14813
177.989 12.2039 184.137 -0.159115
178.045 12.1944 184.822 -0.175348
178.101 12.1839 185.507 -0.195971
178.157 12.1722 186.191 -0.217331
178.213 12.1591 186.874 -0.24194
178.27 12.1449 187.557 -0.261082
178.326 12.1298 188.239 -0.27661
178.382 12.1138 188.919 -0.29123
178.438 12.0969 189.599 -0.30946
178.494 12.0788 190.278 -0.328785
178.551 12.0595 190.956 -0.350627
178.607 12.0394 191.633 -0.36411
178.663 12.0184 192.309 -0.379945
178.719 11.9965 192.983 -0.398858
178.775 11.9737 193.657 -0.413073
178.831 11.9499 194.328 -0.427114
178.888 11.9255 194.999 -0.440866
178.944 11.9002 195.668 -0.457409
179 11.874 196.336 -0.470608
179.056 11.8473 197.002 -0.477568
179.112 11.8203 197.667 -0.484347
179.169 11.7929 198.33 -0.488155
179.225 11.7651 198.991 -0.501074
179.281 11.7363 199.651 -0.516752
179.337 11.7072 200.31 -0.517472
179.393 11.678 200.966 -0.520673
179.449 11.6486 201.621 -0.526757
179.506 11.6186 202.275 -0.537243
179.562 11.5882 202.927 -0.545673
179.618 11.5573 203.577 -0.550227
179.674 11.5265 204.225 -0.547241
179.73 11.4958 204.871 -0.545066
179.787 11.4653 205.516 -0.544189
179.843 11.4347 206.159 -0.544195
179.899 11.4041 206.801 -0.543373
179.955 11.3735 207.44 -0.549372
180.011 11.3428 208.078 -0.542128
180.067 11.3125 208.714 -0.536445
180.124 11.2825 209.349 -0.53342
180.18 11.2526 209.982 -0.532048
180.236 11.2226 210.613 -0.531938
180.292 11.1931 211.242 -0.522565
180.348 11.1641 211.87 -0.508588
180.404 11.1362 212.497 -0.489265
180.461 11.1093 213.121 -0.472657
180.517 11.0834 213.744 -0.452768
180.573 11.0586 214.366 -0.435109
180.629 11.0347 214.987 -0.417439
180.685 11.0119 215.606 -0.397643
180.742 10.9903 216.224 -0.376043
180.798 10.9699 216.841 -0.356017
180.854 10.9507 217.456 -0.328748
180.91 10.9329 218.071 -0.307511
180.966 10.9165 218.684 -0.280631
181.022 10.9017 219.297 -0.25221
181.079 10.8884 219.909 -0.225276
181.135 10.8766 220.521 -0.201732
181.191 10.866 221.131 -0.180304
181.247 10.8564 221.741 -0.166487
181.303 10.8476 222.351 -0.150045
181.36 10.8398 222.96 -0.132962
181.416 10.8328 223.569 -0.115826
181.472 10.8271 224.177 -0.0949313
181.528 10.8225 224.785 -0.0724602
181.584 10.8189 225.393 -0.0557696
181.64 10.8164 226.001 -0.0409492
181.697 10.8146 226.609 -0.0224982
181.753 10.8139 227.216 -0.00647152
181.809 10.8143 227.824 0.016397
181.865 10.816 228.431 0.0394598
181.921 10.8187 229.039 0.0561856
181.978 10.8227 229.647 0.0790698
182.034 10.8279 230.255 0.100658
182.09 10.8339 230.864 0.113842
182.146 10.841 231.472 0.134037
182.202 10.8494 232.082 0.160358
182.258 10.859 232.692 0.178286
182.315 10.8696 233.302 0.197463
182.371 10.8815 233.913 0.216738
182.427 10.8941 234.525 0.234762
182.483 10.9081 235.137 0.259439
182.539 10.9236 235.751 0.286768
182.596 10.9407 236.365 0.315329
182.652 10.9588 236.98 0.328823
182.708 10.9778 237.596 0.341834
182.764 10.997 238.214 0.346612
182.82 11.0169 238.832 0.358287
182.876 11.0376 239.452 0.37777
182.933 11.0593 240.073 0.390298
182.989 11.0815 240.695 0.396328
183.045 11.1037 241.318 0.394989
183.101 11.1258 241.943 0.393472
183.157 11.1479 242.568 0.39297
183.213 11.1701 243.195 0.396448
183.27 11.1923 243.824 0.39569
183.326 11.2144 244.453 0.391293
183.382 11.2361 245.084 0.381687
183.438 11.2571 245.716 0.370856
183.494 11.2777 246.349 0.362019
183.551 11.2978 246.983 0.355653
183.607 11.3174 247.619 0.346372
183.663 11.3367 248.255 0.339297
183.719 11.3555 248.893 0.329955
183.775 11.3735 249.531 0.314527
183.831 11.3906 250.171 0.296685
183.888 11.4064 250.811 0.271514
183.944 11.4207 251.453 0.242379
184 11.4336 252.095 0.220234
184.056 11.4451 252.737 0.196791
184.112 11.4552 253.381 0.168974
184.169 11.464 254.024 0.146101
184.225 11.4715 254.669 0.127313
184.281 11.4777 255.313 0.0979344
184.337 11.4823 255.958 0.0708396
184.393 11.4852 256.604 0.0407037
184.449 11.4865 257.249 0.011019
184.506 11.4861 257.894 -0.019361
184.562 11.4841 258.539 -0.0456384
184.618 11.4804 259.184 -0.0784211
184.674 11.4753 259.829 -0.103591
184.73 11.4685 260.474 -0.12967
184.787 11.4603 261.118 -0.157256
184.843 11.4507 261.761 -0.18298
184.899 11.4395 262.404 -0.206944
184.955 11.4271 263.046 -0.228145
185.011 11.4138 263.688 -0.243096
185.067 11.3996 264.329 -0.256879
185.124 11.3846 264.969 -0.274233
185.18 11.3688 265.608 -0.286179
185.236 11.3523 266.246 -0.300357
185.292 11.3348 266.883 -0.318323
185.348 11.3166 267.519 -0.327116
185.404 11.298 268.154 -0.334149
185.461 11.2788 268.788 -0.344993
185.517 11.2592 269.421 -0.350632
185.573 11.2394 270.053 -0.352641
185.629 11.2195 270.684 -0.355192
185.685 11.1993 271.314 -0.362577
185.742 11.1789 271.942 -0.363326
185.798 11.1581 272.57 -0.374943
185.854 11.137 273.196 -0.377704
185.91 11.1157 273.821 -0.377581
185.966 11.0945 274.444 -0.376498
186.022 11.0734 275.067 -0.374458
186.079 11.0528 275.688 -0.361376
186.135 11.0325 276.309 -0.360181
186.191 11.0124 276.928 -0.358247
186.247 10.9926 277.546 -0.350107
186.303 10.9729 278.163 -0.348097
186.36 10.9534 278.778 -0.347353
186.416 10.9342 279.393 -0.340225
186.472 10.9151 280.007 -0.337358
186.528 10.8965 280.619 -0.329935
186.584 10.8784 281.231 -0.316669
186.64 10.8608 281.841 -0.30625
186.697 10.8439 282.451 -0.298379
186.753 10.8277 283.06 -0.282559
186.809 10.8126 283.668 -0.263271
186.865 10.7983 284.274 -0.24696
186.921 10.785 284.881 -0.231637
186.978 10.7723 285.486 -0.220599
187.034 10.7605 286.091 -0.205615
187.09 10.7495 286.695 -0.189556
187.146 10.7391 287.299 -0.182664
187.202 10.7293 287.902 -0.170945
187.258 10.7202 288.504 -0.155622
187.315 10.7118 289.106 -0.14462
187.371 10.7042 289.708 -0.130317
187.427 10.6975 290.309 -0.111981
187.483 10.6916 290.909 -0.0975789
187.539 10.6868 291.51 -0.079952
187.596 10.683 292.11 -0.0593963
187.652 10.6801 292.71 -0.0456095
187.708 10.678 293.31 -0.032522
187.764 10.6767 293.91 -0.0165481
187.82 10.6761 294.51 -0.00802217
187.876 10.6761 295.11 0.00471666
187.933 10.6768 295.709 0.0167822
187.989 10.678 296.309 0.0261592
188.045 10.6797 296.909 0.0325422
188.101 10.6818 297.509 0.0404553
188.157 10.6843 298.109 0.0505983
188.213 10.6874 298.71 0.0590777
188.27 10.6912 299.31 0.0701763
188.326 10.6954 299.911 0.0786007
188.382 10.7002 300.512 0.0883738
188.438 10.7055 301.113 0.0970745
188.494 10.7111 301.715 0.103917
188.551 10.7173 302.317 0.111381
188.607 10.7236 302.919 0.114173
188.663 10.7301 303.522 0.117756
188.719 10.7369 304.125 0.121885
188.775 10.7441 304.728 0.130076
188.831 10.7515 305.332 0.133815
188.888 10.7593 305.937 0.140888
188.944 10.7675 306.541 0.149853
189 10.776 307.147 0.151307
189.056 10.7847 307.752 0.153745
189.112 10.7935 308.358 0.159002
189.169 10.8022 308.965 0.157206
189.225 10.8111 309.572 0.15433
189.281 10.8199 310.18 0.155552
189.337 10.8283 310.788 0.150952
189.393 10.8367 311.397 0.145795
189.449 10.8449 312.006 0.146831
189.506 10.8529 312.615 0.140974
189.562 10.8608 313.225 0.136685
189.618 10.8685 313.836 0.137915
189.674 10.8759 314.447 0.129441
189.73 10.883 315.058 0.12279
189.787 10.8899 315.669 0.123528
189.843 10.8966 316.281 0.117568
189.899 10.9029 316.894 0.109239
189.955 10.909 317.507 0.106479
190.011 10.9146 318.12 0.0976552
190.067 10.92 318.733 0.0919075
190.124 10.9251 319.347 0.0913694
190.18 10.93 319.961 0.0857722
190.236 10.9348 320.575 0.0830881
190.292 10.9395 321.189 0.0841104
190.348 10.944 321.804 0.0771363
190.404 10.9482 322.419 0.070668
190.461 10.9521 323.034 0.0696418
190.517 10.9556 323.65 0.0611637
190.573 10.959 324.265 0.0562191
190.629 10.9621 324.881 0.0569766
190.685 10.965 325.497 0.0501003
190.742 10.9678 326.113 0.0487432
190.798 10.9704 326.729 0.0476477
190.854 10.9729 327.346 0.0421466
190.91 10.9754 327.962 0.0404368
190.966 10.9778 328.579 0.0434665
191.022 10.98 329.196 0.0375327
191.079 10.9822 329.813 0.0367109
191.135 10.9845 330.43 0.0418508
191.191 10.9867 331.047 0.0405589
191.247 10.9893 331.664 0.0434173
191.303 10.992 332.282 0.0517254
191.36 10.995 332.899 0.0562689
191.416 10.9984 333.517 0.0611691
191.472 11.0021 334.135 0.0708413
191.528 11.0063 334.753 0.0797358
191.584 11.0109 335.372 0.0819465
191.64 11.0161 335.991 0.0966527
191.697 11.0218 336.61 0.103582
191.753 11.0281 337.229 0.11102
191.809 11.0349 337.849 0.126681
191.865 11.0424 338.469 0.138906
191.921 11.0505 339.09 0.146353
191.978 11.0592 339.711 0.156952
192.034 11.0682 340.332 0.16338
192.09 11.0777 340.954 0.169256
192.146 11.0876 341.577 0.184362
192.202 11.0981 342.2 0.188871
192.258 11.109 342.824 0.196218
192.315 11.1206 343.449 0.214441
192.371 11.1327 344.074 0.222903
192.427 11.1456 344.7 0.232813
192.483 11.1592 345.326 0.250133
192.539 11.1736 345.954 0.263404
192.596 11.1889 346.582 0.275195
192.652 11.2049 347.211 0.290083
192.708 11.2214 347.841 0.297655
192.764 11.2385 348.472 0.306768
192.82 11.2563 349.104 0.320495
192.876 11.2744 349.737 0.326394
192.933 11.293 350.371 0.331227
192.989 11.3119 351.006 0.338004
193.045 11.3308 351.642 0.337045
193.101 11.3498 352.28 0.338441
193.157 11.3691 352.918 0.347681
193.213 11.3886 353.557 0.347696
193.27 11.4083 354.198 0.34994
193.326 11.4282 354.839 0.357214
193.382 11.4482 355.482 0.356834
193.438 11.4683 356.126 0.357713
193.494 11.4883 356.771 0.355726
193.551 11.5079 357.417 0.345815
193.607 11.527 358.064 0.334874
193.663 11.5457 358.712 0.329489
193.719 11.5639 359.361 0.319381
193.775 11.5815 360.012 0.304947
193.831 11.5983 360.663 0.293925
193.888 11.6145 361.315 0.28394
193.944 11.63 361.968 0.269443
194 11.6446 362.622 0.25486
194.056 11.6581 363.277 0.232213
194.112 11.6705 363.932 0.210965
194.169 11.6816 364.588 0.188457
194.225 11.6915 365.245 0.168207
194.281 11.7002 365.902 0.145009
194.337 11.7077 366.559 0.127102
194.393 11.7138 367.217 0.0964079
194.449 11.7183 367.875 0.0694734
194.506 11.7216 368.534 0.0490828
194.562 11.7234 369.193 0.0210772
194.618 11.7238 369.851 -0.00564172
194.674 11.7225 370.51 -0.0331421
194.73 11.7196 371.168 -0.0607843
194.787 11.7157 371.827 -0.0783332
194.843 11.7105 372.485 -0.101677
194.899 11.7039 373.142 -0.130661
194.955 11.6956 373.799 -0.15852
195.011 11.6862 374.456 -0.174605
195.067 11.6757 375.112 -0.195173
195.124 11.6639 375.768 -0.219211
195.18 11.651 376.423 -0.235834
195.236 11.637 377.077 -0.256084
195.292 11.6221 377.73 -0.272905
195.348 11.6062 378.383 -0.288304
195.404 11.5895 379.034 -0.304399
195.461 11.572 379.685 -0.317717
195.517 11.5538 380.334 -0.327485
195.573 11.535 380.982 -0.337322
195.629 11.5159 381.63 -0.342501
195.685 11.4965 382.276 -0.342155
195.742 11.477 382.921 -0.350165
195.798 11.457 383.565 -0.359138
195.854 11.4367 384.208 -0.362281
195.91 11.4159 384.85 -0.374226
195.966 11.3946 385.491 -0.38409
196.022 11.3729 386.13 -0.387475
196.079 11.3508 386.768 -0.399286
196.135 11.328 387.405 -0.411382
196.191 11.3045 388.041 -0.419155
196.247 11.2807 388.675 -0.42725
196.303 11.2564 389.308 -0.436292
196.36 11.2316 389.94 -0.444626
196.416 11.2063 390.57 -0.453793
196.472 11.1806 391.199 -0.462203
196.528 11.1543 391.826 -0.474614
196.584 11.1269 392.452 -0.493015
196.64 11.0989 393.076 -0.50256
196.697 11.0702 393.698 -0.519928
196.753 11.0404 394.319 -0.537005
196.809 11.0097 394.938 -0.552092
196.865 10.9781 395.556 -0.568915
196.921 10.9457 396.172 -0.582429
196.978 10.9125 396.785 -0.598212
197.034 10.8782 397.397 -0.619655
197.09 10.8426 398.007 -0.643618
197.146 10.8056 398.615 -0.667551
197.202 10.7675 399.221 -0.684768
197.258 10.7288 399.825 -0.692075
197.315 10.6894 400.426 -0.708505
197.371 10.6491 401.025 -0.725205
197.427 10.6076 401.622 -0.744977
197.483 10.5655 402.217 -0.752254
197.539 10.523 402.809 -0.757862
197.596 10.4801 403.398 -0.768112
197.652 10.4366 403.986 -0.778865
197.708 10.3924 404.571 -0.791879
197.764 10.3476 405.153 -0.80083
197.82 10.3025 405.733 -0.80521
197.876 10.2573 406.31 -0.798611
197.933 10.2128 406.885 -0.787366
197.989 10.1691 407.457 -0.773484
198.045 10.1263 408.027 -0.754109
198.101 10.0844 408.594 -0.741649
198.157 10.0432 409.159 -0.72673
198.213 10.0031 409.722 -0.703902
198.27 9.96435 410.283 -0.681226
198.326 9.92674 410.841 -0.661267
198.382 9.89027 411.398 -0.641136
198.438 9.85504 411.952 -0.61721
198.494 9.82135 412.505 -0.588674
198.551 9.7892 413.056 -0.562302
198.607 9.75831 413.604 -0.540209
198.663 9.72877 414.152 -0.514307
198.719 9.70081 414.697 -0.485849
198.775 9.67424 415.241 -0.464883
198.831 9.64896 415.784 -0.439925
198.888 9.62528 416.325 -0.409646
198.944 9.60306 416.865 -0.385845
199 9.58231 417.404 -0.357402
199.056 9.56318 417.942 -0.328557
199.112 9.54567 418.478 -0.299379
199.169 9.52974 419.014 -0.275925
199.225 9.51515 419.549 -0.248607
199.281 9.50236 420.083 -0.211889
199.337 9.49166 420.617 -0.177442
199.393 9.48303 421.15 -0.140951
199.449 9.4759 421.682 -0.117395
199.506 9.47041 422.214 -0.0839352
199.562 9.46704 422.746 -0.0459065
199.618 9.46561 423.278 -0.0113772
199.674 9.46617 423.81 0.0219924
199.73 9.46831 424.342 0.0489536
199.787 9.47217 424.874 0.0820936
199.843 9.47787 425.406 0.113986
199.899 9.48559 425.939 0.153329
199.955 9.49491 426.472 0.175195
200.011 9.50565 427.006 0.197516
200.067 9.51744 427.54 0.217926
200.124 9.53036 428.075 0.240774
200.18 9.54483 428.611 0.267293
200.236 9.56094 429.148 0.299298
200.292 9.57849 429.686 0.320853
200.348 9.59719 430.224 0.33981
200.404 9.61694 430.764 0.359439
200.461 9.63762 431.305 0.375955
200.517 9.65932 431.847 0.391165
200.573 9.68203 432.391 0.413389
200.629 9.70585 432.935 0.432598
200.685 9.73076 433.482 0.449267
200.742 9.75662 434.029 0.46709
200.798 9.78341 434.578 0.483591
200.854 9.81113 435.129 0.498108
200.91 9.83973 435.681 0.515874
200.966 9.86917 436.235 0.529582
201.022 9.89938 436.79 0.539839
201.079 9.92999 437.347 0.548933
201.135 9.96108 437.906 0.556275
201.191 9.99267 438.467 0.566072
201.247 10.0249 439.029 0.577721
201.303 10.0574 439.594 0.580387
201.36 10.0901 440.16 0.581548
201.416 10.1229 440.728 0.588565
201.472 10.1561 441.298 0.593746
201.528 10.1899 441.869 0.60668
201.584 10.2244 442.443 0.618396
201.64 10.259 443.018 0.618123
201.697 10.2939 443.596 0.618054
201.753 10.3286 444.175 0.618365
201.809 10.3632 444.757 0.615589
201.865 10.398 445.34 0.624146
201.921 10.4329 445.926 0.618486
201.978 10.4678 446.513 0.617934
202.034 10.5025 447.102 0.618743
202.09 10.5372 447.693 0.616613
202.146 10.5717 448.286 0.60964
202.202 10.6059 448.882 0.608796
202.258 10.64 449.478 0.606128
202.315 10.6739 450.077 0.602904
202.371 10.7077 450.678 0.600028
202.427 10.7413 451.281 0.596397
202.483 10.7747 451.885 0.591479
202.539 10.8077 452.492 0.584747
202.596 10.8404 453.1 0.581001
202.652 10.873 453.71 0.578461
202.708 10.9053 454.322 0.571442
202.764 10.9372 454.936 0.567155
202.82 10.9689 455.551 0.562747
202.876 11.0003 456.169 0.557335
202.933 11.0314 456.788 0.549838
202.989 11.062 457.409 0.541234
203.045 11.0923 458.031 0.536091
203.101 11.1222 458.655 0.529634
203.157 11.1516 459.281 0.519712
203.213 11.1805 459.909 0.509674
203.27 11.2088 460.538 0.500531
203.326 11.2363 461.168 0.483918
203.382 11.2628 461.8 0.463163
203.438 11.2883 462.434 0.445853
203.494 11.3129 463.069 0.434766
203.551 11.337 463.705 0.424926
203.607 11.3607 464.343 0.421273
203.663 11.3841 464.982 0.414547
203.719 11.4071 465.622 0.40241
203.775 11.4292 466.264 0.384842
203.831 11.4501 466.907 0.365343
203.888 11.4701 467.551 0.350732
203.944 11.4893 468.196 0.335747
204 11.5077 468.842 0.323563
204.056 11.5255 469.489 0.314137
204.112 11.5428 470.137 0.302744
204.169 11.5594 470.786 0.290666
204.225 11.5756 471.436 0.28413
204.281 11.5913 472.087 0.278656
204.337 11.6067 472.739 0.269126
204.393 11.6213 473.391 0.255908
204.449 11.6353 474.045 0.245314
204.506 11.6486 474.699 0.230342
204.562 11.6612 475.354 0.220932
204.618 11.6732 476.009 0.209068
204.674 11.6845 476.665 0.197378
204.73 11.6953 477.322 0.188801
204.787 11.7053 477.979 0.170424
204.843 11.7143 478.637 0.153394
204.899 11.7225 479.296 0.140811
204.955 11.7301 479.955 0.131366
205.011 11.7371 480.614 0.121289
205.067 11.7435 481.273 0.109971
205.124 11.7494 481.933 0.0993126
205.18 11.7546 482.594 0.0901179
205.236 11.7593 483.254 0.0774677
205.292 11.7633 483.915 0.0681445
205.348 11.7668 484.576 0.0581239
205.404 11.7695 485.237 0.0432268
205.461 11.7716 485.898 0.0344182
205.517 11.7733 486.56 0.0284075
205.573 11.7748 487.221 0.0227167
205.629 11.7759 487.883 0.0175706
205.685 11.7764 488.544 0.00366145
205.742 11.7759 489.206 -0.0185177
205.798 11.7744 489.867 -0.0304433
205.854 11.7721 490.529 -0.0462153
205.91 11.7692 491.19 -0.0544774
205.966 11.7655 491.851 -0.0691234
206.022 11.7613 492.512 -0.0785197
206.079 11.7563 493.173 -0.0968609
206.135 11.7503 493.833 -0.11403
206.191 11.7432 494.493 -0.136139
206.247 11.7347 495.152 -0.158661
206.303 11.7252 495.811 -0.175254
206.36 11.7148 496.469 -0.190022
206.416 11.7036 497.127 -0.205834
206.472 11.6916 497.784 -0.217769
206.528 11.679 498.441 -0.227398
206.584 11.6659 499.096 -0.239744
206.64 11.6518 499.751 -0.26029
206.697 11.6366 500.405 -0.275375
206.753 11.6207 501.059 -0.288478
206.809 11.6041 501.711 -0.299119
206.865 11.5871 502.362 -0.305698
206.921 11.5698 503.013 -0.31076
206.978 11.5522 503.662 -0.314271
207.034 11.5344 504.31 -0.315733
207.09 11.5167 504.958 -0.318074
207.146 11.4988 505.604 -0.315836
207.202 11.4811 506.25 -0.315244
207.258 11.4636 506.894 -0.311224
207.315 11.4464 507.538 -0.301773
207.371 11.4299 508.18 -0.287199
207.427 11.4141 508.822 -0.277112
207.483 11.3989 509.462 -0.268493
207.539 11.384 510.102 -0.260209
207.596 11.3697 510.741 -0.25207
207.652 11.3562 511.38 -0.231307
207.708 11.3438 512.017 -0.211241
207.764 11.3322 512.654 -0.203454
207.82 11.3213 513.29 -0.187718
207.876 11.3112 513.926 -0.173418
207.933 11.302 514.561 -0.157905
207.989 11.2936 515.196 -0.143374
208.045 11.2861 515.83 -0.127504
208.101 11.2796 516.464 -0.107344
208.157 11.2741 517.097 -0.0919242
208.213 11.2694 517.731 -0.0759281
208.27 11.2656 518.364 -0.0613879
208.326 11.2628 518.996 -0.0449926
208.382 11.2604 519.629 -0.0412207
208.438 11.2583 520.262 -0.0363289
208.494 11.2566 520.894 -0.0264634
208.551 11.2554 521.526 -0.0171825
208.607 11.2548 522.159 -0.00604824
208.663 11.2547 522.791 -0.00141189
208.719 11.2547 523.423 -0.00117151
208.775 11.2547 524.055 -0.00230465
208.831 11.2546 524.688 -0.000740125
208.888 11.2546 525.32 0.000208153
208.944 11.2545 525.952 -0.00309948
209 11.2543 526.585 -0.00579035
209.056 11.2537 527.217 -0.0122959
209.112 11.2529 527.849 -0.0171075
209.169 11.2518 528.481 -0.0192892
209.225 11.2507 529.113 -0.0211965
209.281 11.2496 529.745 -0.0196625
209.337 11.2481 530.377 -0.0263855
209.393 11.2463 531.009 -0.0361103
209.449 11.2441 531.641 -0.0400818
209.506 11.242 532.272 -0.0403309
209.562 11.2394 532.904 -0.045447
209.618 11.2369 533.535 -0.0458684
209.674 11.2344 534.167 -0.0432319
209.73 11.232 534.798 -0.0421138
209.787 11.2297 535.429 -0.0422107
209.843 11.2275 536.059 -0.0371324
209.899 11.2252 536.69 -0.0387854
209.955 11.2231 537.321 -0.0405942
210.011 11.2208 537.951 -0.0394287
210.067 11.2185 538.581 -0.0393841
210.124 11.2165 539.211 -0.0352895
210.18 11.2148 539.842 -0.0228723
210.236 11.2139 540.472 -0.0105797
210.292 11.2137 541.102 0.00184896
210.348 11.2142 541.732 0.0130267
210.404 11.2151 542.362 0.0193316
210.461 11.2166 542.992 0.0311413
210.517 11.2188 543.622 0.042716
210.573 11.2213 544.252 0.0474454
210.629 11.2244 544.883 0.0616173
210.685 11.2285 545.514 0.0790492
210.742 11.2335 546.144 0.0970524
210.798 11.2394 546.776 0.108292
210.854 11.246 547.407 0.123017
210.91 11.2534 548.039 0.137999
210.966 11.2616 548.672 0.152122
211.022 11.2711 549.305 0.176824
211.079 11.2818 549.939 0.198054
211.135 11.2935 550.573 0.214577
211.191 11.3063 551.208 0.236488
211.247 11.32 551.843 0.248869
211.303 11.3343 552.48 0.257245
211.36 11.3493 553.117 0.273079
211.416 11.3653 553.755 0.292644
211.472 11.3826 554.394 0.313203
211.528 11.4006 555.034 0.326773
211.584 11.4193 555.675 0.341661
211.64 11.4392 556.318 0.359927
211.697 11.4601 556.961 0.377779
211.753 11.4816 557.605 0.388381
211.809 11.5039 558.251 0.398177
211.865 11.5268 558.898 0.414765
211.921 11.5504 559.547 0.423896
211.978 11.5746 560.196 0.434385
212.034 11.5994 560.847 0.445947
212.09 11.6247 561.5 0.453807
212.146 11.6506 562.154 0.466281
212.202 11.677 562.809 0.471918
212.258 11.7038 563.466 0.481235
212.315 11.7311 564.125 0.488085
212.371 11.7588 564.785 0.499284
212.427 11.7867 565.446 0.497801
212.483 11.8148 566.109 0.497944
212.539 11.8429 566.774 0.500245
212.596 11.8711 567.44 0.503732
212.652 11.8995 568.108 0.508084
212.708 11.9284 568.778 0.51935
212.764 11.9579 569.449 0.528128
212.82 11.9879 570.122 0.537031
212.876 12.0183 570.796 0.543283
212.933 12.0489 571.472 0.547606
212.989 12.0798 572.15 0.552798
213.045 12.1109 572.83 0.552904
213.101 12.1419 573.511 0.55222
213.157 12.1728 574.195 0.550686
213.213 12.2039 574.879 0.554641
213.27 12.2351 575.566 0.55498
213.326 12.2664 576.255 0.55631
213.382 12.2978 576.945 0.556011
213.438 12.329 577.637 0.555539
213.494 12.3601 578.33 0.555509
213.551 12.3914 579.026 0.561899
213.607 12.4229 579.723 0.560371
213.663 12.4544 580.422 0.558699
213.719 12.4856 581.123 0.55363
213.775 12.5165 581.825 0.545763
213.831 12.547 582.529 0.54288
213.888 12.5772 583.235 0.538645
213.944 12.6072 583.943 0.528037
214 12.6368 584.652 0.525501
214.056 12.6659 585.363 0.513839
214.112 12.6944 586.076 0.501424
214.169 12.722 586.79 0.483748
214.225 12.7488 587.505 0.469632
214.281 12.7744 588.222 0.447014
214.337 12.7987 588.941 0.422412
214.393 12.8216 589.661 0.398563
214.449 12.8434 590.382 0.381883
214.506 12.8645 591.104 0.373434
214.562 12.8853 591.827 0.367063
214.618 12.9055 592.552 0.355834
214.674 12.9251 593.278 0.343594
214.73 12.9441 594.004 0.332049
214.787 12.9621 594.732 0.316581
214.843 12.9793 595.461 0.300851
214.899 12.996 596.191 0.293476
214.955 13.0121 596.921 0.279009
215.011 13.0275 597.653 0.271278
215.067 13.0424 598.385 0.260774
215.124 13.0567 599.119 0.249459
215.18 13.0704 599.853 0.237859
215.236 13.0834 600.587 0.226856
215.292 13.0956 601.323 0.210894
215.348 13.107 602.059 0.199128
215.404 13.1175 602.796 0.178932
215.461 13.1269 603.533 0.160469
215.517 13.1356 604.271 0.15006
215.573 13.1435 605.009 0.133253
215.629 13.1503 605.747 0.116739
215.685 13.1564 606.486 0.101492
215.742 13.1615 607.226 0.0843255
215.798 13.1655 607.965 0.0637067
215.854 13.1685 608.705 0.045287
215.91 13.1703 609.445 0.0227959
215.966 13.1706 610.185 -0.00506942
216.022 13.1696 610.925 -0.0266329
216.079 13.1676 611.665 -0.0421995
216.135 13.1643 612.404 -0.0671261
216.191 13.1599 613.144 -0.0868427
216.247 13.1544 613.883 -0.104853
216.303 13.1476 614.622 -0.129331
216.36 13.1397 615.36 -0.149852
216.416 13.1306 616.098 -0.169974
216.472 13.1205 616.835 -0.184899
216.528 13.1095 617.572 -0.203405
216.584 13.0978 618.308 -0.211785
216.64 13.0851 619.043 -0.234976
216.697 13.0713 619.778 -0.253293
216.753 13.0569 620.512 -0.256797
216.809 13.0423 621.245 -0.26333
216.865 13.0272 621.977 -0.273594
216.921 13.0115 622.708 -0.281762
216.978 12.9955 623.439 -0.284657
217.034 12.9796 624.168 -0.281975
217.09 12.9639 624.897 -0.279135
217.146 12.9481 625.625 -0.281218
217.202 12.9324 626.352 -0.27735
217.258 12.9171 627.078 -0.269773
217.315 12.9023 627.803 -0.259258
217.371 12.8881 628.527 -0.246701
217.427 12.8745 629.251 -0.238488
217.483 12.8614 629.974 -0.229314
217.539 12.8491 630.696 -0.208938
217.596 12.8381 631.417 -0.188107
217.652 12.8278 632.138 -0.179023
217.708 12.8182 632.859 -0.165449
217.764 12.8096 633.578 -0.144801
217.82 12.8022 634.298 -0.123276
217.876 12.7958 635.017 -0.112965
217.933 12.7899 635.735 -0.0986487
217.989 12.7848 636.454 -0.0840892
218.045 12.7804 637.172 -0.0730691
218.101 12.7768 637.89 -0.0582706
218.157 12.7738 638.608 -0.0496385
218.213 12.7714 639.325 -0.0387088
218.27 12.7694 640.042 -0.0346353
218.326 12.7675 640.76 -0.0320926
218.382 12.7656 641.477 -0.0372976
218.438 12.7636 642.194 -0.0350509
218.494 12.7614 642.911 -0.042902
218.551 12.7588 643.628 -0.0493605
218.607 12.7559 644.345 -0.0530173
218.663 12.7523 645.061 -0.0682732
218.719 12.7483 645.777 -0.0780117
218.775 12.7436 646.493 -0.0851819
218.831 12.7383 647.209 -0.101348
218.888 12.7321 647.925 -0.118313
218.944 12.7249 648.64 -0.134279
219 12.7167 649.354 -0.153245
219.056 12.7074 650.068 -0.176409
219.112 12.6969 650.782 -0.19312
219.169 12.6853 651.495 -0.213768
219.225 12.6727 652.207 -0.235486
219.281 12.6588 652.919 -0.250289
219.337 12.6442 653.629 -0.26508
219.393 12.6292 654.339 -0.27252
219.449 12.6135 655.048 -0.280178
219.506 12.5974 655.756 -0.291763
219.562 12.5807 656.463 -0.299987
219.618 12.5638 657.17 -0.301865
219.674 12.5467 657.875 -0.307264
219.73 12.5295 658.579 -0.309018
219.787 12.5122 659.282 -0.305422
219.843 12.495 659.985 -0.308587
219.899 12.4781 660.686 -0.299598
219.955 12.4618 661.387 -0.284012
220.011 12.4461 662.086 -0.27505
220.067 12.4312 662.785 -0.261752
220.124 12.417 663.483 -0.245532
220.18 12.4037 664.18 -0.229756
220.236 12.3916 664.876 -0.20652
220.292 12.3809 665.572 -0.181268
220.348 12.3716 666.267 -0.153909
220.404 12.3638 666.962 -0.129523
220.461 12.3576 667.657 -0.0974906
220.517 12.353 668.351 -0.0684419
220.573 12.3501 669.045 -0.0427642
220.629 12.3488 669.738 -0.0102279
220.685 12.3489 670.432 0.0113231
220.742 12.3504 671.126 0.0341992
220.798 12.3533 671.82 0.0641468
220.854 12.3578 672.514 0.0936328
220.91 12.3642 673.208 0.123875
220.966 12.3721 673.903 0.153356
221.022 12.3815 674.599 0.178865
221.079 12.3925 675.295 0.20666
221.135 12.4052 675.991 0.237705
221.191 12.419 676.689 0.253819
221.247 12.434 677.387 0.276882
221.303 12.4504 678.086 0.300485
221.36 12.4678 678.786 0.314893
221.416 12.486 679.487 0.327132
221.472 12.5049 680.189 0.342467
221.528 12.5246 680.892 0.353618
221.584 12.545 681.597 0.368514
221.64 12.5663 682.302 0.385253
221.697 12.5881 683.009 0.392786
221.753 12.6105 683.717 0.400729
221.809 12.6334 684.426 0.412945
221.865 12.657 685.137 0.424268
221.921 12.681 685.848 0.429077
221.978 12.7055 686.562 0.441203
222.034 12.7305 687.276 0.44937
222.09 12.7559 687.992 0.453349
222.146 12.7815 688.71 0.457901
222.202 12.8073 689.429 0.461103
222.258 12.8333 690.149 0.460838
222.315 12.8591 690.871 0.459157
222.371 12.8848 691.594 0.456905
222.427 12.9101 692.319 0.447171
222.483 12.935 693.045 0.444847
222.539 12.9599 693.773 0.44408
222.596 12.9848 694.502 0.441895
222.652 13.0093 695.232 0.434426
222.708 13.0334 695.964 0.427697
222.764 13.0573 696.697 0.42017
222.82 13.0807 697.431 0.412727
222.876 13.1037 698.167 0.406075
222.933 13.1262 698.903 0.395893
222.989 13.1482 699.642 0.388481
223.045 13.1698 700.381 0.380276
223.101 13.191 701.122 0.37358
223.157 13.2117 701.863 0.367881
223.213 13.232 702.606 0.358641
223.27 13.2519 703.35 0.352054
223.326 13.2714 704.095 0.339918
223.382 13.2902 704.842 0.329254
223.438 13.3083 705.589 0.316161
223.494 13.3257 706.337 0.306007
223.551 13.3423 707.086 0.288402
223.607 13.358 707.837 0.272574
223.663 13.373 708.587 0.262152
223.719 13.3873 709.339 0.251375
223.775 13.401 710.092 0.237616
223.831 13.4139 710.845 0.225367
223.888 13.4261 711.599 0.21021
223.944 13.4375 712.354 0.197972
224 13.4483 713.109 0.191102
224.056 13.4585 713.865 0.17715
224.112 13.4683 714.621 0.169897
224.169 13.4776 715.378 0.163032
224.225 13.4865 716.136 0.153758
224.281 13.4949 716.894 0.147283
224.337 13.5028 717.652 0.136349
224.393 13.51 718.411 0.122504
224.449 13.5164 719.17 0.104928
224.506 13.522 719.93 0.098741
224.562 13.5272 720.69 0.0878272
224.618 13.5318 721.45 0.0782542
224.674 13.5357 722.21 0.0634034
224.73 13.5386 722.971 0.0454957
224.787 13.5406 723.731 0.0281996
224.843 13.5415 724.492 0.00973521
224.899 13.5412 725.253 -0.015417
224.955 13.5395 726.013 -0.0418804
225.011 13.5363 726.774 -0.065693
225.067 13.5316 727.534 -0.0960621
225.124 13.5252 728.294 -0.128732
225.18 13.5167 729.054 -0.164112
225.236 13.5063 729.813 -0.198615
225.292 13.4942 730.571 -0.227151
225.348 13.4804 731.329 -0.260002
225.404 13.4645 732.086 -0.295505
225.461 13.4469 732.842 -0.325553
225.517 13.4274 733.596 -0.363233
225.573 13.4057 734.35 -0.400704
225.629 13.3818 735.102 -0.440415
225.685 13.356 735.853 -0.474009
225.742 13.3284 736.603 -0.500353
225.798 13.2992 737.35 -0.532277
225.854 13.2685 738.097 -0.556731
225.91 13.2363 738.841 -0.580175
225.966 13.2029 739.583 -0.606787
226.022 13.168 740.324 -0.62854
226.079 13.132 741.063 -0.646769
226.135 13.0953 741.799 -0.660095
226.191 13.0579 742.533 -0.667774
226.247 13.0202 743.266 -0.673882
226.303 12.9823 743.996 -0.67502
226.36 12.9443 744.724 -0.674328
226.416 12.9066 745.45 -0.667726
226.472 12.8698 746.174 -0.65005
226.528 12.8338 746.896 -0.633292
226.584 12.7988 747.615 -0.614633
226.64 12.765 748.333 -0.593145
226.697 12.7323 749.049 -0.578053
226.753 12.7002 749.764 -0.562048
226.809 12.6696 750.476 -0.53192
226.865 12.6405 751.187 -0.509274
226.921 12.6129 751.896 -0.482477
226.978 12.5863 752.604 -0.468485
227.034 12.5607 753.31 -0.445655
227.09 12.5363 754.015 -0.427669
227.146 12.513 754.718 -0.406753
227.202 12.4904 755.42 -0.401085
227.258 12.4678 756.121 -0.401852
227.315 12.4456 756.821 -0.394722
227.371 12.4239 757.52 -0.378278
227.427 12.4029 758.217 -0.371122
227.483 12.3821 758.913 -0.373646
227.539 12.361 759.608 -0.378629
227.596 12.3398 760.302 -0.372864
227.652 12.319 760.994 -0.373557
227.708 12.2977 761.685 -0.384592
227.764 12.2756 762.376 -0.395535
227.82 12.2534 763.065 -0.396595
227.876 12.2311 763.752 -0.396463
227.933 12.2084 764.439 -0.40984
227.989 12.1848 765.124 -0.428349
228.045 12.1606 765.807 -0.432074
228.101 12.136 766.49 -0.440065
228.157 12.1111 767.171 -0.447957
228.213 12.0857 767.85 -0.453146
228.27 12.0602 768.528 -0.453369
228.326 12.0347 769.205 -0.454928
228.382 12.0095 769.88 -0.442483
228.438 11.9847 770.554 -0.441601
228.494 11.9598 771.227 -0.442896
228.551 11.9352 771.898 -0.432998
228.607 11.9112 772.567 -0.425403
228.663 11.8877 773.236 -0.412338
228.719 11.8651 773.903 -0.395864
228.775 11.8432 774.569 -0.384622
228.831 11.8219 775.233 -0.377052
228.888 11.8009 775.897 -0.369845
228.944 11.7804 776.559 -0.365369
229 11.7601 777.22 -0.358892
229.056 11.7402 777.88 -0.351211
229.112 11.7206 778.539 -0.346819
229.169 11.701 779.197 -0.350116
229.225 11.6815 779.854 -0.343862
229.281 11.662 780.509 -0.348692
229.337 11.6424 781.164 -0.351379
229.393 11.6227 781.817 -0.351674
229.449 11.6029 782.469 -0.352784
229.506 11.5829 783.12 -0.359129
229.562 11.5625 783.771 -0.364723
229.618 11.5419 784.419 -0.366996
229.674 11.5212 785.067 -0.370292
229.73 11.5004 785.714 -0.368318
229.787 11.4797 786.359 -0.366674
229.843 11.4594 787.003 -0.361026
229.899 11.439 787.646 -0.362377
229.955 11.4188 788.288 -0.356532
230.011 11.3991 788.929 -0.347326
230.067 11.3801 789.569 -0.330962
230.124 11.3622 790.208 -0.312982
230.18 11.345 790.845 -0.297422
230.236 11.3294 791.482 -0.265278
230.292 11.3156 792.118 -0.234148
230.348 11.3032 792.754 -0.211565
230.404 11.2925 793.388 -0.175966
230.461 11.2837 794.022 -0.142004
230.517 11.2771 794.656 -0.102134
230.573 11.2728 795.289 -0.0592982
230.629 11.2708 795.923 -0.0182088
230.685 11.2712 796.556 0.0274347
230.742 11.2743 797.189 0.0732951
230.798 11.28 797.823 0.120381
230.854 11.2883 798.457 0.168323
230.91 11.2992 799.091 0.211056
230.966 11.3125 799.726 0.253833
231.022 11.328 800.362 0.291602
231.079 11.3459 800.999 0.335503
231.135 11.366 801.638 0.375497
231.191 11.3884 802.277 0.410125
231.247 11.4125 802.917 0.441246
231.303 11.4385 803.559 0.47482
231.36 11.4662 804.203 0.502995
231.416 11.4954 804.848 0.529855
231.472 11.5257 805.495 0.547328
231.528 11.5569 806.144 0.559615
231.584 11.589 806.794 0.575159
231.64 11.622 807.446 0.596584
231.697 11.6562 808.1 0.615003
231.753 11.6916 808.756 0.638578
231.809 11.7279 809.414 0.650001
231.865 11.7646 810.074 0.654295
231.921 11.8014 810.736 0.655193
231.978 11.8379 811.401 0.645524
232.034 11.8739 812.067 0.635266
232.09 11.9096 812.735 0.632575
232.146 11.9449 813.406 0.624274
232.202 11.9794 814.078 0.608971
232.258 12.0131 814.752 0.592736
232.315 12.0457 815.428 0.572465
232.371 12.0771 816.106 0.549812
232.427 12.1073 816.785 0.526858
232.483 12.136 817.466 0.498816
232.539 12.1632 818.149 0.474887
232.596 12.1889 818.833 0.444518
232.652 12.2128 819.519 0.415091
232.708 12.2353 820.206 0.390137
232.764 12.2562 820.894 0.360076
232.82 12.2753 821.583 0.326889
232.876 12.2926 822.273 0.290302
232.933 12.3077 822.964 0.254471
232.989 12.3208 823.656 0.221341
233.045 12.3322 824.349 0.190712
233.101 12.342 825.042 0.165437
233.157 12.3504 825.736 0.13842
233.213 12.3573 826.43 0.111334
233.27 12.3626 827.124 0.0852428
233.326 12.3665 827.819 0.0579756
233.382 12.3689 828.514 0.032291
233.438 12.3698 829.209 0.00565678
233.494 12.3695 829.903 -0.0113224
233.551 12.3681 830.598 -0.0338186
233.607 12.3654 831.293 -0.0585015
233.663 12.3611 831.988 -0.0869474
233.719 12.3557 832.682 -0.101513
233.775 12.3495 833.376 -0.118079
233.831 12.3421 834.069 -0.137741
233.888 12.3336 834.762 -0.159355
233.944 12.324 835.455 -0.175613
234 12.3138 836.147 -0.185356
234.056 12.303 836.838 -0.195783
234.112 12.2916 837.529 -0.206561
234.169 12.2797 838.219 -0.21511
234.225 12.2673 838.909 -0.221779
234.281 12.2545 839.598 -0.232349
234.337 12.241 840.286 -0.244056
234.393 12.227 840.973 -0.254206
234.449 12.2127 841.659 -0.254033
234.506 12.1982 842.345 -0.260605
234.562 12.1835 843.03 -0.262682
234.618 12.1685 843.714 -0.267919
234.674 12.1534 844.397 -0.2732
234.73 12.138 845.079 -0.273026
234.787 12.1227 845.76 -0.270166
234.843 12.1075 846.441 -0.270513
234.899 12.0922 847.121 -0.274759
234.955 12.077 847.799 -0.267354
235.011 12.0619 848.477 -0.267293
235.067 12.0473 849.155 -0.261198
235.124 12.0325 849.831 -0.261832
235.18 12.0181 850.506 -0.256403
235.236 12.004 851.181 -0.244707
235.292 11.9908 851.855 -0.234013
235.348 11.9776 852.528 -0.230286
235.404 11.9651 853.201 -0.220876
235.461 11.953 853.872 -0.209349
235.517 11.9414 854.544 -0.206424
235.573 11.9304 855.214 -0.18797
235.629 11.9202 855.884 -0.180826
235.685 11.9105 856.553 -0.166576
235.742 11.9018 857.222 -0.151077
235.798 11.8943 857.891 -0.121507
235.854 11.8875 858.559 -0.121254
235.91 11.8814 859.226 -0.101315
235.966 11.8763 859.893 -0.0842734
236.022 11.8718 860.561 -0.0764531
236.079 11.8678 861.227 -0.0665861
236.135 11.8651 861.894 -0.0351118
236.191 11.8636 862.561 -0.02645
236.247 11.8624 863.227 -0.0161436
236.303 11.8619 863.893 -0.00395382
236.36 11.862 864.56 0.00500813
236.416 11.8623 865.226 0.00553682
236.472 11.863 865.893 0.0187608
236.528 11.8645 866.559 0.0315088
236.584 11.8659 867.226 0.0204308
236.64 11.8676 867.892 0.0384061
236.697 11.87 868.559 0.0440761
236.753 11.872 869.226 0.0272736
236.809 11.8737 869.893 0.0337841
236.865 11.8754 870.56 0.0267811
236.921 11.8765 871.227 0.0108813
236.978 11.877 871.895 0.0101458
237.034 11.8774 872.562 0.00388396
237.09 11.8773 873.229 -0.00715744
237.146 11.8761 873.896 -0.0263032
237.202 11.8742 874.564 -0.0395948
237.258 11.8714 875.231 -0.0589927
237.315 11.8673 875.897 -0.0809902
237.371 11.8621 876.564 -0.0992435
237.427 11.8558 877.23 -0.121372
237.483 11.8481 877.896 -0.14693
237.539 11.8388 878.561 -0.175561
237.596 11.8282 879.226 -0.199422
237.652 11.8159 879.89 -0.231914
237.708 11.8014 880.553 -0.26945
237.764 11.7855 881.216 -0.291881
237.82 11.7683 881.877 -0.316141
237.876 11.7494 882.538 -0.351027
237.933 11.7288 883.197 -0.380699
237.989 11.7067 883.856 -0.40096
238.045 11.6833 884.512 -0.426036
238.101 11.659 885.168 -0.439204
238.157 11.6337 885.822 -0.457371
238.213 11.6073 886.475 -0.47263
238.27 11.5805 887.126 -0.484593
238.326 11.5531 887.776 -0.485732
238.382 11.5259 888.424 -0.482414
238.438 11.4991 889.07 -0.477396
238.494 11.4726 889.716 -0.467336
238.551 11.4468 890.359 -0.452065
238.607 11.4222 891.001 -0.424605
238.663 11.3993 891.642 -0.397732
238.719 11.3772 892.282 -0.384817
238.775 11.3566 892.921 -0.356679
238.831 11.3379 893.558 -0.313858
238.888 11.3211 894.194 -0.288275
238.944 11.3059 894.83 -0.260894
239 11.2921 895.464 -0.232685
239.056 11.2798 896.098 -0.206874
239.112 11.2691 896.732 -0.179901
239.169 11.2598 897.365 -0.157179
239.225 11.2516 897.997 -0.136029
239.281 11.2447 898.629 -0.115197
239.337 11.2386 899.26 -0.0984219
239.393 11.2338 899.891 -0.0767546
239.449 11.2301 900.522 -0.0595058
239.506 11.2272 901.153 -0.0463897
239.562 11.2251 901.784 -0.0310585
239.618 11.2238 902.414 -0.0159702
239.674 11.2235 903.045 -0.000676552
239.73 11.2237 903.676 0.0072703
239.787 11.2245 904.306 0.0160662
239.843 11.2257 904.937 0.0253343
239.899 11.2277 905.567 0.0413008
239.955 11.2304 906.198 0.0524696
240.011 11.2336 906.829 0.0600569
240.067 11.2371 907.461 0.0606737
240.124 11.2409 908.092 0.0708013
240.18 11.245 908.724 0.0743
240.236 11.2495 909.356 0.0834421
240.292 11.2546 909.988 0.0900692
240.348 11.2597 910.62 0.0903098
240.404 11.2646 911.253 0.0882754
240.461 11.2696 911.886 0.0884904
240.517 11.2747 912.519 0.0924499
240.573 11.2798 913.153 0.0923749
240.629 11.2851 913.787 0.0960959
240.685 11.2906 914.421 0.094991
240.742 11.2957 915.055 0.0895107
240.798 11.3009 915.69 0.0922021
240.854 11.3061 916.325 0.0932117
240.91 11.3112 916.96 0.0879053
240.966 11.316 917.596 0.0856478
241.022 11.3209 918.232 0.0873169
241.079 11.3257 918.868 0.085231
241.135 11.3305 919.505 0.0858264
241.191 11.3353 920.141 0.0840121
241.247 11.34 920.778 0.0848238
241.303 11.3447 921.415 0.0831213
241.36 11.3495 922.053 0.0854794
241.416 11.3543 922.691 0.0894883
241.472 11.3595 923.329 0.092892
241.528 11.3649 923.967 0.0983107
241.584 11.3707 924.606 0.109936
241.64 11.3765 925.245 0.106298
241.697 11.3827 925.884 0.110941
241.753 11.3889 926.524 0.111164
241.809 11.395 927.164 0.10851
241.865 11.4013 927.804 0.113557
241.921 11.4077 928.445 0.115743
241.978 11.4139 929.086 0.109445
242.034 11.4204 929.728 0.118738
242.09 11.4269 930.369 0.115045
242.146 11.4333 931.012 0.11325
242.202 11.4397 931.654 0.117347
242.258 11.4462 932.297 0.115484
242.315 11.4526 932.94 0.11039
242.371 11.4589 933.584 0.113928
242.427 11.4652 934.228 0.113087
242.483 11.4716 934.872 0.112375
242.539 11.4778 935.517 0.106974
242.596 11.4836 936.162 0.100575
242.652 11.489 936.807 0.0934856
242.708 11.494 937.453 0.0867098
242.764 11.4986 938.099 0.0780168
242.82 11.5029 938.745 0.070914
242.876 11.5068 939.391 0.0706596
242.933 11.5108 940.038 0.0712228
242.989 11.5148 940.685 0.0719727
243.045 11.519 941.332 0.0756034
243.101 11.5233 941.979 0.077768
243.157 11.5279 942.626 0.0833463
243.213 11.5328 943.274 0.0892991
243.27 11.5381 943.922 0.0980288
243.326 11.5438 944.571 0.101237
243.382 11.5495 945.219 0.102394
243.438 11.5553 945.868 0.104794
243.494 11.5614 946.518 0.111875
243.551 11.5676 947.168 0.111716
243.607 11.5741 947.818 0.118217
243.663 11.5811 948.468 0.127406
243.719 11.5886 949.119 0.138435
243.775 11.5965 949.77 0.14215
243.831 11.6047 950.422 0.147048
243.888 11.6132 951.074 0.157015
243.944 11.6221 951.727 0.16006
244 11.6313 952.38 0.163862
244.056 11.6408 953.034 0.17489
244.112 11.651 953.688 0.184461
244.169 11.6616 954.343 0.194049
244.225 11.673 954.999 0.209981
244.281 11.6852 955.655 0.2241
244.337 11.6982 956.312 0.234969
244.393 11.712 956.97 0.253071
244.449 11.7265 957.628 0.263199
244.506 11.7414 958.287 0.265782
244.562 11.7566 958.947 0.27421
244.618 11.7722 959.608 0.281732
244.674 11.7884 960.27 0.291241
244.73 11.8053 960.933 0.307951
244.787 11.823 961.597 0.318537
244.843 11.8413 962.262 0.330706
244.899 11.8603 962.928 0.343037
244.955 11.8798 963.595 0.353576
245.011 11.9 964.263 0.365009
245.067 11.9211 964.932 0.3814
245.124 11.9429 965.602 0.394082
245.18 11.9656 966.274 0.409838
245.236 11.989 966.947 0.423164
245.292 12.0131 967.622 0.432672
245.348 12.0377 968.297 0.440346
245.404 12.0627 968.974 0.448423
245.461 12.0881 969.653 0.453423
245.517 12.1137 970.333 0.456036
245.573 12.1392 971.014 0.454786
245.629 12.1648 971.697 0.456374
245.685 12.1904 972.381 0.455119
245.742 12.2161 973.067 0.459464
245.798 12.2418 973.754 0.453773
245.854 12.2672 974.443 0.449684
245.91 12.2924 975.133 0.449947
245.966 12.3175 975.824 0.44518
246.022 12.3425 976.517 0.444163
246.079 12.3675 977.211 0.445995
246.135 12.3924 977.907 0.441527
246.191 12.417 978.604 0.433484
246.247 12.4411 979.302 0.429477
246.303 12.4651 980.002 0.42515
246.36 12.4888 980.703 0.419809
246.416 12.5122 981.406 0.415262
246.472 12.535 982.109 0.402335
246.528 12.5573 982.814 0.391843
246.584 12.579 983.521 0.384365
246.64 12.6001 984.228 0.369977
246.697 12.6206 984.937 0.360523
246.753 12.6407 985.646 0.353738
246.809 12.6601 986.357 0.34046
246.865 12.6787 987.069 0.32561
246.921 12.6962 987.782 0.305077
246.978 12.7126 988.496 0.282685
247.034 12.7277 989.21 0.257543
247.09 12.7414 989.926 0.236889
247.146 12.7538 990.642 0.207607
247.202 12.7646 991.359 0.181903
247.258 12.774 992.076 0.160553
247.315 12.7822 992.794 0.135721
247.371 12.7891 993.513 0.113867
247.427 12.7948 994.231 0.0950436
247.483 12.7995 994.95 0.0746096
247.539 12.803 995.67 0.0518823
247.596 12.8052 996.389 0.0324644
247.652 12.8064 997.108 0.0146291
247.708 12.8067 997.828 -0.00277414
247.764 12.8058 998.547 -0.024694
247.82 12.8035 999.267 -0.0513148
247.876 12.8001 999.986 -0.0693963
247.933 12.7958 1000.7 -0.0804677
247.989 12.7906 1001.42 -0.0994632
248.045 12.7845 1002.14 -0.114286
248.101 12.7775 1002.86 -0.133332
248.157 12.7696 1003.58 -0.146648
248.213 12.7608 1004.29 -0.162728
248.27 12.7513 1005.01 -0.174375
248.326 12.7408 1005.73 -0.192889
248.382 12.7297 1006.44 -0.203501
248.438 12.718 1007.16 -0.209088
248.494 12.7061 1007.87 -0.213079
248.551 12.6939 1008.58 -0.22056
248.607 12.6813 1009.3 -0.225613
248.663 12.6684 1010.01 -0.233054
248.719 12.6552 1010.72 -0.237306
248.775 12.6418 1011.43 -0.236811
248.831 12.6285 1012.14 -0.237604
248.888 12.6151 1012.85 -0.238538
248.944 12.6018 1013.56 -0.233627
249 12.5888 1014.27 -0.22992
249.056 12.576 1014.97 -0.228452
249.112 12.5635 1015.68 -0.21947
249.169 12.5512 1016.38 -0.219789
249.225 12.5392 1017.09 -0.212266
249.281 12.5276 1017.79 -0.201861
249.337 12.5165 1018.5 -0.19289
249.393 12.506 1019.2 -0.185091
249.449 12.4959 1019.9 -0.173997
249.506 12.4862 1020.6 -0.168874
249.562 12.477 1021.3 -0.162304
249.618 12.4683 1022 -0.150924
249.674 12.46 1022.71 -0.14477
249.73 12.4521 1023.4 -0.137535
249.787 12.4447 1024.1 -0.130253
249.843 12.4374 1024.8 -0.127231
249.899 12.4304 1025.5 -0.124637
249.955 12.4235 1026.2 -0.120213
250.011 12.417 1026.9 -0.113802
250.067 12.4108 1027.59 -0.108445
250.124 12.4049 1028.29 -0.102695
250.18 12.3991 1028.99 -0.105679
250.236 12.393 1029.68 -0.109066
250.292 12.3871 1030.38 -0.104794
250.348 12.381 1031.08 -0.108874
250.404 12.3748 1031.77 -0.112661
250.461 12.3683 1032.47 -0.116648
250.517 12.3615 1033.16 -0.125144
250.573 12.3543 1033.86 -0.132051
250.629 12.3468 1034.55 -0.135577
250.685 12.339 1035.24 -0.140399
250.742 12.3307 1035.94 -0.151268
250.798 12.322 1036.63 -0.156577
250.854 12.3127 1037.32 -0.171459
250.91 12.3028 1038.01 -0.180162
250.966 12.2923 1038.7 -0.18794
251.022 12.2815 1039.39 -0.196359
251.079 12.2704 1040.08 -0.201188
251.135 12.2588 1040.77 -0.211136
251.191 12.2465 1041.46 -0.221034
251.247 12.234 1042.15 -0.224178
251.303 12.2214 1042.83 -0.223332
251.36 12.2089 1043.52 -0.219295
251.416 12.1967 1044.21 -0.217018
251.472 12.1845 1044.89 -0.215349
251.528 12.1725 1045.57 -0.21263
251.584 12.1607 1046.26 -0.208591
251.64 12.1494 1046.94 -0.191435
251.697 12.1388 1047.62 -0.187014
251.753 12.1289 1048.3 -0.171381
251.809 12.1198 1048.99 -0.155907
251.865 12.1114 1049.67 -0.143144
251.921 12.1038 1050.35 -0.132766
251.978 12.0968 1051.03 -0.120781
252.034 12.0903 1051.71 -0.110539
252.09 12.0847 1052.38 -0.0945795
252.146 12.0801 1053.06 -0.0753086
252.202 12.0765 1053.74 -0.0552757
252.258 12.074 1054.42 -0.0393649
252.315 12.0722 1055.1 -0.0262146
252.371 12.071 1055.78 -0.0174676
252.427 12.0703 1056.45 -0.0120382
252.483 12.0702 1057.13 0.00363226
252.539 12.0707 1057.81 0.013457
252.596 12.0716 1058.49 0.0201941
252.652 12.0732 1059.17 0.0336701
252.708 12.0753 1059.85 0.0432388
252.764 12.0781 1060.52 0.0505144
252.82 12.0813 1061.2 0.0621191
252.876 12.085 1061.88 0.0707489
252.933 12.0895 1062.56 0.0833584
252.989 12.0947 1063.24 0.0980328
253.045 12.1007 1063.92 0.111859
253.101 12.1074 1064.6 0.123269
253.157 12.1147 1065.28 0.133393
253.213 12.123 1065.96 0.156509
253.27 12.1323 1066.64 0.171804
253.326 12.1424 1067.32 0.184989
253.382 12.1531 1068.01 0.191442
253.438 12.1644 1068.69 0.204164
253.494 12.1763 1069.37 0.21661
253.551 12.1889 1070.06 0.227737
253.607 12.2022 1070.74 0.239808
253.663 12.2159 1071.43 0.248138
253.719 12.2301 1072.12 0.255579
253.775 12.2447 1072.8 0.265164
253.831 12.2599 1073.49 0.275274
253.888 12.2754 1074.18 0.280094
253.944 12.2913 1074.87 0.285861
254 12.3076 1075.56 0.291859
254.056 12.3242 1076.25 0.296846
254.112 12.341 1076.95 0.29948
254.169 12.3582 1077.64 0.308471
254.225 12.3756 1078.34 0.313085
254.281 12.3934 1079.03 0.315181
254.337 12.4112 1079.73 0.318289
254.393 12.429 1080.43 0.316753
254.449 12.4467 1081.13 0.314209
254.506 12.4645 1081.83 0.318629
254.562 12.4823 1082.53 0.316129
254.618 12.5 1083.23 0.315713
254.674 12.5176 1083.93 0.312416
254.73 12.5349 1084.64 0.304223
254.787 12.5518 1085.34 0.295641
254.843 12.5681 1086.05 0.288417
254.899 12.5839 1086.75 0.275235
254.955 12.5989 1087.46 0.262184
255.011 12.6135 1088.17 0.255507
255.067 12.6272 1088.88 0.240071
255.124 12.6403 1089.59 0.228023
255.18 12.6528 1090.3 0.219202
255.236 12.6646 1091.01 0.204157
255.292 12.6755 1091.72 0.185089
255.348 12.6852 1092.43 0.165333
255.404 12.6937 1093.15 0.142246
255.461 12.7012 1093.86 0.124468
255.517 12.7075 1094.57 0.106836
255.573 12.7129 1095.29 0.0886102
255.629 12.7175 1096 0.0765327
255.685 12.7213 1096.72 0.0603804
255.742 12.7238 1097.43 0.0371471
255.798 12.7252 1098.15 0.0143673
255.854 12.7253 1098.86 -0.00365618
255.91 12.7243 1099.58 -0.0276641
255.966 12.7221 1100.29 -0.0483914
256.022 12.7187 1101.01 -0.0654584
256.079 12.7143 1101.72 -0.0831746
256.135 12.709 1102.43 -0.104526
256.191 12.7025 1103.15 -0.125393
256.247 12.6945 1103.86 -0.152441
256.303 12.6852 1104.57 -0.176483
256.36 12.6744 1105.29 -0.201764
256.416 12.662 1106 -0.231217
256.472 12.6482 1106.71 -0.257087
256.528 12.6331 1107.42 -0.276661
256.584 12.6166 1108.13 -0.302141
256.64 12.5989 1108.84 -0.325039
256.697 12.58 1109.54 -0.345425
256.753 12.5596 1110.25 -0.373051
256.809 12.5377 1110.95 -0.400828
256.865 12.5145 1111.66 -0.421682
256.921 12.49 1112.36 -0.444998
256.978 12.4642 1113.06 -0.46749
257.034 12.4372 1113.76 -0.489988
257.09 12.4089 1114.46 -0.511494
257.146 12.3794 1115.15 -0.533575
257.202 12.3489 1115.85 -0.547784
257.258 12.3177 1116.54 -0.560453
257.315 12.2859 1117.23 -0.572737
257.371 12.2535 1117.92 -0.579202
257.427 12.2207 1118.61 -0.583624
257.483 12.1879 1119.29 -0.587122
257.539 12.155 1119.98 -0.583792
257.596 12.1222 1120.66 -0.581927
257.652 12.0896 1121.34 -0.583456
257.708 12.0568 1122.02 -0.585227
257.764 12.0238 1122.69 -0.583906
257.82 11.9911 1123.37 -0.582862
257.876 11.9588 1124.04 -0.572857
257.933 11.9269 1124.71 -0.560894
257.989 11.896 1125.38 -0.545704
258.045 11.866 1126.05 -0.528134
258.101 11.8366 1126.71 -0.51716
258.157 11.8079 1127.38 -0.506576
258.213 11.7801 1128.04 -0.487645
258.27 11.7534 1128.7 -0.465384
258.326 11.7281 1129.36 -0.44041
258.382 11.7042 1130.02 -0.414507
258.438 11.6817 1130.67 -0.391562
258.494 11.6604 1131.33 -0.370688
258.551 11.6402 1131.98 -0.353424
258.607 11.6212 1132.64 -0.324686
258.663 11.604 1133.29 -0.292675
258.719 11.5886 1133.94 -0.261259
258.775 11.5747 1134.59 -0.23838
258.831 11.5623 1135.24 -0.209131
258.888 11.5516 1135.89 -0.178095
258.944 11.5425 1136.54 -0.151588
259 11.535 1137.19 -0.123716
259.056 11.5289 1137.84 -0.0952037
259.112 11.5244 1138.48 -0.0705863
259.169 11.5213 1139.13 -0.0444933
259.225 11.5195 1139.78 -0.0243943
259.281 11.5184 1140.43 -0.0141861
259.337 11.5181 1141.07 -0.000740914
259.393 11.5188 1141.72 0.0218766
259.449 11.5206 1142.37 0.0381644
259.506 11.5234 1143.01 0.0569455
259.562 11.5272 1143.66 0.0758808
259.618 11.532 1144.31 0.0910161
259.674 11.5376 1144.96 0.103617
259.73 11.5438 1145.61 0.114897
259.787 11.5505 1146.25 0.121504
259.843 11.5574 1146.9 0.124175
259.899 11.5648 1147.55 0.136598
259.955 11.5725 1148.2 0.139334
260.011 11.5805 1148.85 0.14345
260.067 11.5888 1149.5 0.150074
260.124 11.5974 1150.16 0.156259
260.18 11.6061 1150.81 0.155264
260.236 11.615 1151.46 0.15889
260.292 11.6238 1152.11 0.155213
260.348 11.6324 1152.77 0.149922
260.404 11.6407 1153.42 0.148238
260.461 11.6489 1154.07 0.144546
260.517 11.6569 1154.73 0.142903
260.573 11.665 1155.38 0.14384
260.629 11.673 1156.04 0.14253
260.685 11.6808 1156.7 0.136198
260.742 11.6883 1157.35 0.132038
260.798 11.6954 1158.01 0.122902
260.854 11.7022 1158.67 0.114459
260.91 11.7085 1159.32 0.112953
260.966 11.7146 1159.98 0.10667
261.022 11.7207 1160.64 0.106318
261.079 11.7267 1161.3 0.108854
261.135 11.7328 1161.96 0.111675
261.191 11.7392 1162.62 0.113942
261.247 11.7457 1163.28 0.118795
261.303 11.7523 1163.94 0.117576
261.36 11.759 1164.6 0.120766
261.416 11.7658 1165.26 0.12215
261.472 11.7727 1165.92 0.121715
261.528 11.7797 1166.58 0.123274
261.584 11.7869 1167.24 0.130868
261.64 11.7942 1167.91 0.130382
261.697 11.8016 1168.57 0.131387
261.753 11.8091 1169.23 0.134627
261.809 11.8168 1169.9 0.139199
261.865 11.8246 1170.56 0.137212
261.921 11.8326 1171.22 0.144388
261.978 11.8407 1171.89 0.146693
262.034 11.8491 1172.55 0.152765
262.09 11.8581 1173.22 0.164861
262.146 11.8676 1173.89 0.172986
262.202 11.8776 1174.55 0.179079
262.258 11.8879 1175.22 0.18672
262.315 11.8985 1175.89 0.191253
262.371 11.9094 1176.56 0.196619
262.427 11.9208 1177.23 0.207796
262.483 11.9325 1177.9 0.211459
262.539 11.9446 1178.57 0.218083
262.596 11.9572 1179.24 0.225385
262.652 11.9699 1179.91 0.229426
262.708 11.9828 1180.59 0.229062
262.764 11.996 1181.26 0.238334
262.82 12.0094 1181.93 0.236182
262.876 12.0229 1182.61 0.242814
262.933 12.0367 1183.28 0.246658
262.989 12.0508 1183.96 0.252736
263.045 12.0651 1184.64 0.253507
263.101 12.0795 1185.32 0.252835
263.157 12.0938 1186 0.255194
263.213 12.1082 1186.68 0.258356
263.27 12.1229 1187.36 0.264418
263.326 12.1378 1188.04 0.266256
263.382 12.1526 1188.72 0.26108
263.438 12.1672 1189.4 0.257724
263.494 12.1815 1190.09 0.253922
263.551 12.1958 1190.77 0.255485
263.607 12.2103 1191.46 0.262964
263.663 12.2254 1192.14 0.272185
263.719 12.241 1192.83 0.280963
263.775 12.2574 1193.52 0.296794
263.831 12.2743 1194.21 0.304808
263.888 12.2916 1194.9 0.310203
263.944 12.3092 1195.59 0.314128
264 12.3268 1196.28 0.315694
264.056 12.3447 1196.98 0.320522
264.112 12.3629 1197.67 0.325577
264.169 12.3813 1198.37 0.33014
264.225 12.4002 1199.06 0.338348
264.281 12.4195 1199.76 0.347764
264.337 12.4393 1200.46 0.354673
264.393 12.4596 1201.16 0.365156
264.449 12.4805 1201.86 0.377125
264.506 12.5019 1202.56 0.384235
264.562 12.5238 1203.26 0.389702
264.618 12.5456 1203.97 0.389996
264.674 12.5673 1204.67 0.383708
264.73 12.5888 1205.38 0.381548
264.787 12.6103 1206.09 0.385577
264.843 12.632 1206.8 0.387241
264.899 12.654 1207.51 0.3932
264.955 12.6764 1208.22 0.401386
265.011 12.699 1208.93 0.402019
265.067 12.7217 1209.65 0.407301
265.124 12.7446 1210.36 0.410262
265.18 12.7676 1211.08 0.410255
265.236 12.7905 1211.8 0.405822
265.292 12.8131 1212.52 0.40606
265.348 12.8356 1213.24 0.399618
265.404 12.858 1213.96 0.398052
265.461 12.8802 1214.68 0.390703
265.517 12.902 1215.41 0.381537
265.573 12.9233 1216.13 0.376858
265.629 12.9444 1216.86 0.374502
265.685 12.965 1217.59 0.358082
265.742 12.9852 1218.31 0.355369
265.798 13.005 1219.04 0.350106
265.854 13.0241 1219.78 0.334729
265.91 13.0424 1220.51 0.315234
265.966 13.0596 1221.24 0.299581
266.022 13.0756 1221.98 0.276259
266.079 13.0906 1222.71 0.256479
266.135 13.1041 1223.45 0.229489
266.191 13.1158 1224.18 0.19659
266.247 13.1259 1224.92 0.163231
266.303 13.1341 1225.66 0.136456
266.36 13.1406 1226.4 0.104587
266.416 13.1458 1227.13 0.0777627
266.472 13.1493 1227.87 0.0543336
266.528 13.1514 1228.61 0.027933
266.584 13.1523 1229.35 0.0040644
266.64 13.1517 1230.09 -0.0197021
266.697 13.1496 1230.83 -0.0462204
266.753 13.1462 1231.57 -0.0723422
266.809 13.1413 1232.31 -0.0948714
266.865 13.135 1233.04 -0.124889
266.921 13.1272 1233.78 -0.150237
266.978 13.1181 1234.52 -0.169839
267.034 13.1079 1235.26 -0.188448
267.09 13.0968 1235.99 -0.206866
267.146 13.0846 1236.73 -0.222482
267.202 13.0717 1237.46 -0.235325
267.258 13.0579 1238.2 -0.24935
267.315 13.0434 1238.93 -0.264016
267.371 13.028 1239.66 -0.278859
267.427 13.0121 1240.39 -0.286069
267.483 12.996 1241.12 -0.284674
267.539 12.98 1241.85 -0.282728
267.596 12.9642 1242.58 -0.283323
267.652 12.9483 1243.31 -0.281641
267.708 12.9325 1244.04 -0.280339
267.764 12.9167 1244.76 -0.281623
267.82 12.9008 1245.49 -0.283451
267.876 12.8851 1246.21 -0.277586
267.933 12.8697 1246.93 -0.273497
267.989 12.8546 1247.66 -0.263408
268.045 12.8402 1248.38 -0.251818
268.101 12.8267 1249.1 -0.232918
268.157 12.8139 1249.82 -0.22247
268.213 12.8019 1250.54 -0.204773
268.27 12.7913 1251.26 -0.182519
268.326 12.7817 1251.98 -0.161864
268.382 12.7729 1252.69 -0.149707
268.438 12.765 1253.41 -0.135257
268.494 12.7582 1254.13 -0.111927
268.551 12.7525 1254.84 -0.0962797
268.607 12.7476 1255.56 -0.0828252
268.663 12.7436 1256.28 -0.0619815
268.719 12.7406 1256.99 -0.0463999
268.775 12.7385 1257.71 -0.0301523
268.831 12.7374 1258.42 -0.0115001
268.888 12.7376 1259.14 0.0131951
268.944 12.739 1259.85 0.0294153
269 12.7411 1260.57 0.043427
269.056 12.744 1261.29 0.0588447
269.112 12.748 1262 0.077634
269.169 12.753 1262.72 0.0965622
269.225 12.7586 1263.44 0.104478
269.281 12.7649 1264.15 0.114135
269.337 12.7718 1264.87 0.130725
269.393 12.7796 1265.59 0.142279
269.449 12.7879 1266.31 0.151451
269.506 12.7968 1267.02 0.163648
269.562 12.8062 1267.74 0.172721
269.618 12.8161 1268.46 0.178966
269.674 12.8264 1269.18 0.187142
269.73 12.837 1269.91 0.191745
269.787 12.848 1270.63 0.19647
269.843 12.8593 1271.35 0.203848
269.899 12.8706 1272.07 0.200831
269.955 12.8817 1272.8 0.192436
270.011 12.8922 1273.52 0.180546
270.067 12.9018 1274.24 0.164031
270.124 12.9105 1274.97 0.146147
270.18 12.9182 1275.69 0.131751
270.236 12.9249 1276.42 0.112856
270.292 12.9308 1277.15 0.0966116
270.348 12.9357 1277.87 0.0820847
270.404 12.9396 1278.6 0.0611365
270.461 12.9424 1279.33 0.0373711
270.517 12.9436 1280.05 0.0107098
270.573 12.943 1280.78 -0.0231219
270.629 12.9406 1281.51 -0.0567707
270.685 12.9367 1282.24 -0.0779635
270.742 12.9314 1282.96 -0.103158
270.798 12.9249 1283.69 -0.127318
270.854 12.9169 1284.41 -0.149742
270.91 12.9075 1285.14 -0.175515
270.966 12.8968 1285.86 -0.200964
271.022 12.885 1286.59 -0.215386
271.079 12.8721 1287.31 -0.239419
271.135 12.8583 1288.03 -0.252697
271.191 12.8438 1288.76 -0.260261
271.247 12.8287 1289.48 -0.26941
271.303 12.8135 1290.2 -0.274884
271.36 12.7981 1290.92 -0.27269
271.416 12.7826 1291.64 -0.277445
271.472 12.7671 1292.35 -0.278365
271.528 12.7515 1293.07 -0.273562
271.584 12.7364 1293.79 -0.266891
271.64 12.7216 1294.5 -0.2624
271.697 12.7073 1295.22 -0.247083
271.753 12.6936 1295.93 -0.243092
271.809 12.6801 1296.64 -0.238689
271.865 12.6669 1297.35 -0.233357
271.921 12.6538 1298.06 -0.230853
271.978 12.641 1298.77 -0.229384
272.034 12.6283 1299.48 -0.226086
272.09 12.6155 1300.19 -0.228422
272.146 12.6026 1300.9 -0.230991
272.202 12.5896 1301.61 -0.235316
272.258 12.5761 1302.32 -0.241568
272.315 12.5625 1303.02 -0.244397
272.371 12.5486 1303.73 -0.247551
272.427 12.5346 1304.43 -0.250253
272.483 12.5206 1305.14 -0.246981
272.539 12.5068 1305.84 -0.243987
272.596 12.493 1306.54 -0.245385
272.652 12.4791 1307.24 -0.24701
272.708 12.4652 1307.94 -0.246918
272.764 12.4512 1308.64 -0.250919
272.82 12.4371 1309.34 -0.253438
272.876 12.4229 1310.04 -0.251104
272.933 12.4087 1310.74 -0.25298
272.989 12.3946 1311.43 -0.25098
273.045 12.3807 1312.13 -0.243302
273.101 12.3671 1312.82 -0.238771
273.157 12.3539 1313.52 -0.236266
273.213 12.3406 1314.21 -0.233817
273.27 12.3274 1314.91 -0.23576
273.326 12.3139 1315.6 -0.242912
273.382 12.3002 1316.29 -0.24521
273.438 12.2862 1316.98 -0.251056
273.494 12.2719 1317.67 -0.25947
273.551 12.2571 1318.36 -0.266375
273.607 12.2417 1319.05 -0.274327
273.663 12.2261 1319.73 -0.279227
273.719 12.2106 1320.42 -0.275553
273.775 12.195 1321.11 -0.275425
273.831 12.1796 1321.79 -0.275345
273.888 12.164 1322.47 -0.277919
273.944 12.1482 1323.16 -0.284018
274 12.1323 1323.84 -0.283249
274.056 12.1165 1324.52 -0.276956
274.112 12.101 1325.2 -0.273574
274.169 12.0859 1325.88 -0.268633
274.225 12.071 1326.56 -0.264192
274.281 12.0564 1327.24 -0.255546
274.337 12.0424 1327.91 -0.245882
274.393 12.0289 1328.59 -0.238998
274.449 12.0156 1329.26 -0.233245
274.506 12.0026 1329.94 -0.229532
274.562 11.9901 1330.61 -0.215958
274.618 11.9781 1331.29 -0.210606
274.674 11.9665 1331.96 -0.204601
274.73 11.9554 1332.63 -0.19173
274.787 11.945 1333.3 -0.180207
274.843 11.9352 1333.97 -0.173111
274.899 11.9258 1334.64 -0.161482
274.955 11.917 1335.31 -0.152533
275.011 11.9089 1335.98 -0.140282
275.067 11.9016 1336.65 -0.12431
275.124 11.8949 1337.32 -0.114122
275.18 11.8887 1337.99 -0.107949
275.236 11.8829 1338.65 -0.0998514
275.292 11.8775 1339.32 -0.0938187
275.348 11.8728 1339.99 -0.0774608
275.404 11.869 1340.66 -0.0589054
275.461 11.8662 1341.32 -0.042537
275.517 11.8645 1341.99 -0.0221942
275.573 11.864 1342.65 -0.00160897
275.629 11.8644 1343.32 0.0132522
275.685 11.8658 1343.99 0.0305383
275.742 11.868 1344.65 0.0450793
275.798 11.871 1345.32 0.0599518
275.854 11.8748 1345.99 0.0727233
275.91 11.8793 1346.66 0.0862957
275.966 11.8846 1347.32 0.100399
276.022 11.8908 1347.99 0.117277
276.079 11.898 1348.66 0.136665
276.135 11.9063 1349.33 0.152804
276.191 11.9152 1350 0.163079
276.247 11.9247 1350.67 0.173594
276.303 11.9348 1351.34 0.183252
276.36 11.9457 1352.01 0.199351
276.416 11.9575 1352.68 0.217615
276.472 11.9703 1353.35 0.234505
276.528 11.9838 1354.02 0.244388
276.584 11.9977 1354.7 0.251122
276.64 12.0121 1355.37 0.258332
276.697 12.0268 1356.05 0.263651
276.753 12.0419 1356.72 0.270656
276.809 12.0572 1357.4 0.275355
276.865 12.0729 1358.08 0.279028
276.921 12.0889 1358.76 0.28513
276.978 12.1049 1359.44 0.288411
277.034 12.121 1360.12 0.28693
277.09 12.1371 1360.8 0.283967
277.146 12.1529 1361.48 0.281835
277.202 12.1688 1362.17 0.282352
277.258 12.1846 1362.85 0.281184
277.315 12.2003 1363.54 0.279966
277.371 12.2158 1364.22 0.273541
277.427 12.231 1364.91 0.268157
277.483 12.2459 1365.6 0.264405
277.539 12.2608 1366.28 0.262394
277.596 12.2755 1366.97 0.260193
277.652 12.2899 1367.66 0.255183
277.708 12.3042 1368.35 0.254977
277.764 12.3184 1369.05 0.252595
277.82 12.3325 1369.74 0.248514
277.876 12.3463 1370.43 0.242097
277.933 12.3597 1371.13 0.237967
277.989 12.3727 1371.82 0.227806
278.045 12.385 1372.52 0.211399
278.101 12.3966 1373.21 0.201583
278.157 12.4073 1373.91 0.1827
278.213 12.4171 1374.61 0.167205
278.27 12.4261 1375.3 0.156883
278.326 12.4345 1376 0.143388
278.382 12.4421 1376.7 0.128113
278.438 12.449 1377.4 0.121515
278.494 12.4554 1378.1 0.111181
278.551 12.4613 1378.8 0.0977781
278.607 12.4664 1379.5 0.0875166
278.663 12.4709 1380.2 0.0737422
278.719 12.4746 1380.9 0.0600195
278.775 12.4776 1381.6 0.0507645
278.831 12.4798 1382.3 0.0320599
278.888 12.4811 1383.01 0.0166071
278.944 12.4816 1383.71 0.00567911
279 12.4816 1384.41 -0.00655821
279.056 12.4808 1385.11 -0.0189812
279.112 12.4793 1385.81 -0.0305031
279.169 12.4772 1386.51 -0.0422526
279.225 12.4747 1387.21 -0.0490756
279.281 12.4719 1387.91 -0.0492014
279.337 12.4689 1388.61 -0.0542619
279.393 12.4656 1389.31 -0.06273
279.449 12.4621 1390.01 -0.0632368
279.506 12.4583 1390.71 -0.0674918
279.562 12.4545 1391.41 -0.0692861
279.618 12.4507 1392.11 -0.0648786
279.674 12.4472 1392.81 -0.0607464
279.73 12.4439 1393.51 -0.0577845
279.787 12.4408 1394.21 -0.0506801
279.843 12.4381 1394.91 -0.0467007
279.899 12.4357 1395.61 -0.0412235
279.955 12.4336 1396.31 -0.0349352
