# label z_c u_bulle uz_domaine c1 c2 c3 c4 h1 h2 h3 h4 f1 f2 f3 f4 Vb
# c=cone_sup h=hemisphere f=coquille ; bandes r/D=[1,1.5][1.5,2][2,2.5][2.5,3] ; STOCKE (repere mobile)
161.00 64.4009 4.5038 -4.45141 -0.901784 -2.88116 -4.28138 -4.59524 -2.04073 -3.96061 -4.77476 -4.47576 -3.03599 -4.44752 -4.50082 -4.21903 2123.66
162.00 68.2763 2.71211 -8.29682 -7.50664 -8.11394 -8.21234 -8.50819 -7.1906 -8.41904 -8.46068 -8.31999 -7.03825 -8.36609 -8.37387 -8.06208 2124.14
163.00 69.2856 -0.641399 -9.26301 -9.10828 -9.44242 -10.0852 -10.0806 -8.92632 -8.75343 -9.32555 -9.56111 -8.47056 -8.79057 -9.4254 -9.38952 2123.66
164.00 68.4228 -0.408972 -8.39091 -7.6637 -9.2909 -9.71581 -8.99876 -7.82919 -8.52036 -8.76404 -8.45188 -8.03868 -8.21979 -8.48311 -8.46771 2123.29
165.00 68.8089 1.16161 -8.78195 -8.34971 -9.77241 -9.39019 -8.30269 -8.91738 -9.47376 -8.94427 -8.46127 -9.04133 -9.22595 -8.80692 -8.34161 2123.69
166.00 70.0254 1.1234 -9.98515 -9.83713 -10.2105 -9.35683 -9.01928 -10.8596 -10.3598 -9.52332 -9.42713 -10.3924 -10.3313 -9.78527 -9.36445 2124.24
167.00 71.1298 0.421801 -11.0645 -10.1258 -10.2237 -10.4465 -10.3444 -11.0402 -10.5808 -10.4866 -10.9727 -11.3087 -10.7881 -10.431 -10.5574 2124.8
168.00 70.2644 -1.19382 -10.1693 -10.0787 -11.1031 -10.5057 -10.4653 -9.40407 -10.3271 -10.3485 -10.161 -9.63162 -9.77551 -9.47921 -9.50716 2125.25
169.00 70.8558 0.566425 -10.781 -13.9804 -12.5327 -11.8869 -11.1826 -11.7175 -11.3733 -11.0137 -10.3199 -10.5812 -10.533 -10.2232 -9.91536 2125.54
170.00 69.5589 -1.83985 -9.43712 -11.9722 -11.3102 -10.9359 -9.85473 -11.62 -10.3649 -9.51641 -8.46883 -10.1126 -9.69397 -9.08031 -8.28325 2123.8
171.00 67.3603 -2.82492 -7.23025 -9.39539 -9.80761 -8.95993 -7.17034 -10.299 -9.03133 -7.24828 -5.93186 -9.55833 -8.32575 -6.97432 -6.04745 2122.23
172.00 64.2917 -3.15006 -4.17214 -7.6811 -6.40752 -4.54427 -3.25468 -7.44371 -5.10287 -4.20912 -3.77934 -7.14939 -4.92721 -4.31742 -3.88124 2121.24
173.00 61.695 -1.41333 -1.60337 -3.80441 -1.27283 -0.12175 -0.0238901 -3.47204 -1.97695 -1.75812 -1.64085 -3.88351 -2.52911 -2.14278 -1.74608 2118.72
174.00 61.546 1.10126 -1.49042 -1.43694 -0.134444 0.370031 0.518534 -2.61383 -1.78706 -1.47409 -1.31342 -3.33582 -2.66975 -1.93114 -1.63371 2118.36
175.00 63.2012 0.894533 -3.12875 -2.43422 -2.08094 -1.7227 -2.00852 -3.9521 -3.44004 -3.35358 -3.28214 -4.92182 -4.30477 -3.858 -3.39749 2120.04
176.00 63.5134 0.461065 -3.42717 -3.36738 -3.03822 -2.61973 -2.39491 -4.77963 -3.95444 -3.88061 -3.52922 -5.62789 -4.92616 -4.42578 -3.82767 2120.21
177.00 64.5008 1.65685 -4.42138 -4.7268 -4.0892 -3.65219 -3.02566 -5.96165 -5.01005 -4.68218 -3.98986 -6.6802 -6.17287 -5.58669 -4.81018 2121.33
178.00 66.3527 1.44906 -6.25541 -5.29098 -5.35427 -4.80434 -5.09798 -7.03476 -6.52064 -5.55695 -5.36627 -8.0011 -7.86412 -7.21599 -6.64836 2122.68
179.00 67.4377 0.454566 -7.30898 -4.44242 -5.16355 -5.94953 -6.88182 -6.67907 -6.24768 -6.20112 -6.90642 -8.19486 -8.11682 -7.96069 -7.83004 2123.21
180.00 67.135 -0.574842 -6.99035 -3.19443 -4.76463 -6.1741 -6.68499 -4.67372 -5.37398 -6.32298 -6.85542 -6.65721 -6.91734 -7.30127 -7.33793 2123.69
181.00 67.0657 0.795111 -6.93519 -3.37505 -5.45064 -6.13219 -5.69073 -4.23879 -5.66 -6.37294 -6.50707 -5.63291 -6.37945 -6.82213 -6.89869 2125.22
182.00 69.1484 2.96713 -9.03142 -6.61445 -7.02174 -7.04306 -7.4515 -7.30307 -7.51269 -8.03174 -9.03836 -7.70108 -7.84822 -8.36656 -9.20095 2126.89
183.00 71.8033 1.87942 -11.6635 -7.50141 -8.59804 -9.12882 -9.37326 -9.0785 -10.4494 -11.0748 -11.1901 -9.50489 -10.4513 -11.1704 -11.4272 2126.66
184.00 73.471 1.00184 -13.3199 -8.88113 -9.64184 -9.75619 -10.7682 -11.1332 -11.8053 -11.9084 -12.4708 -11.1982 -12.2513 -12.387 -12.714 2126.21
185.00 74.0184 0.455316 -13.8695 -10.2976 -11.3963 -11.5588 -11.9323 -12.0513 -12.833 -12.5383 -12.1852 -12.0975 -12.8077 -12.6235 -12.4877 2124.7
186.00 74.1844 -1.48881 -14.0034 -11.7997 -12.3239 -13.0216 -13.8307 -12.7219 -12.6908 -12.5714 -13.2477 -12.3978 -12.6721 -12.4202 -12.7768 2124.2
187.00 70.0237 -5.93235 -9.80857 -7.92466 -9.04651 -10.1062 -10.1444 -8.51941 -8.96636 -9.48964 -9.82813 -8.13872 -8.57228 -8.81721 -9.17462 2122.29
188.00 64.4469 -3.60941 -4.27612 -4.3606 -4.95151 -4.78776 -4.34283 -3.87179 -3.99225 -4.08533 -4.43148 -3.46911 -3.27909 -3.46354 -3.83564 2121.24
189.00 63.183 0.267388 -3.05697 -5.92287 -5.07168 -3.81551 -2.92971 -3.36152 -3.23325 -3.08859 -3.29152 -2.77776 -2.36185 -2.27723 -2.78986 2120.63
190.00 63.812 0.648703 -3.68146 -8.32641 -6.05855 -4.19473 -3.01544 -5.25706 -4.10723 -3.59037 -3.81354 -4.218 -3.36297 -3.07095 -3.48079 2120.76
191.00 63.7129 -0.697555 -3.56015 -7.45896 -4.7009 -3.04455 -2.26041 -5.73415 -4.0767 -3.54405 -3.29284 -4.69161 -3.75876 -3.44743 -3.16147 2119.92
192.00 63.4794 0.453423 -3.33243 -4.85053 -2.99621 -2.28889 -1.84509 -5.47007 -3.95347 -3.25604 -2.81185 -5.10248 -3.90872 -3.62812 -2.84979 2121.53
193.00 64.2045 0.858682 -4.03442 -3.72476 -2.68511 -2.30337 -2.0443 -5.44897 -4.2652 -3.73542 -3.08034 -6.26081 -4.89825 -4.23988 -3.49467 2122.61
194.00 64.9918 0.604704 -4.79251 -2.96261 -2.40444 -2.57556 -2.32433 -4.77766 -4.25747 -4.07224 -3.42495 -6.53888 -5.7695 -4.81968 -4.09707 2123.02
195.00 65.7999 1.20202 -5.58786 -2.29118 -2.61175 -2.78551 -2.9125 -4.29797 -4.22729 -4.12312 -4.26735 -6.51977 -5.98428 -5.21592 -4.91672 2122.3
196.00 67.7998 2.77017 -7.59512 -3.2876 -4.18074 -4.51085 -4.46651 -4.76393 -5.44157 -6.01818 -6.56341 -7.08443 -6.96436 -6.90273 -6.98159 2122.18
197.00 71.2334 3.87572 -11.0257 -6.87376 -8.4849 -8.56755 -9.41095 -7.82724 -8.83249 -9.42094 -10.6858 -8.77008 -9.7746 -10.0918 -10.645 2122.44
198.00 74.6879 2.1171 -14.4452 -10.9928 -13.0898 -13.82 -15.2535 -12.1457 -12.4947 -13.799 -15.3293 -11.5069 -12.5279 -13.9081 -14.6667 2122.64
199.00 75.9404 0.684528 -15.6569 -11.6007 -13.6731 -16.1776 -15.6248 -13.9412 -15.0417 -16.5028 -16.4077 -13.5369 -14.1209 -15.41 -15.8997 2122.51
200.00 76.095 0.580734 -15.7934 -13.2156 -14.0054 -14.7865 -14.7963 -14.0615 -15.4508 -15.9626 -15.9977 -13.7802 -15.1568 -15.7468 -15.6055 2123.09
201.00 76.3381 -0.944507 -16.0247 -14.7363 -14.2355 -13.2987 -14.4303 -14.6792 -14.6593 -15.3565 -16.6675 -13.8672 -14.7507 -15.6066 -16.4258 2122.64
202.00 74.5319 -3.94425 -14.1771 -13.4648 -12.6951 -12.8721 -13.3651 -12.8052 -12.6629 -14.131 -14.6998 -12.417 -12.7638 -14.1076 -14.6129 2122.34
203.00 68.5324 -6.69368 -8.18824 -7.6787 -8.04594 -8.2407 -7.6268 -7.46383 -6.96491 -7.22351 -7.59351 -7.31875 -6.91432 -7.62102 -8.14655 2121.46
204.00 63.5627 -2.65517 -3.28444 -3.21997 -3.43881 -3.17351 -3.14477 -3.18304 -2.17499 -2.1894 -2.88785 -2.92822 -2.41316 -2.76711 -3.25782 2120.19
205.00 62.6404 0.457365 -2.39553 -2.91932 -2.7905 -2.85701 -2.79224 -2.81593 -1.53668 -1.70047 -2.18688 -2.70964 -1.86094 -2.0096 -2.37424 2119.56
206.00 63.4403 0.934986 -3.19119 -3.25801 -4.47609 -5.22345 -5.01908 -3.76505 -3.00729 -2.9512 -3.33962 -4.12059 -3.16614 -2.87972 -3.07827 2118.6
207.00 64.2668 0.630115 -4.00627 -3.77907 -6.47681 -7.04408 -6.99036 -4.58776 -4.66031 -4.39697 -4.47241 -5.48447 -4.49587 -3.99464 -3.89252 2117.61
208.00 64.6668 0.00450572 -4.38993 -6.75358 -8.37268 -8.14065 -8.02284 -5.76196 -6.07454 -5.23261 -5.22019 -6.23357 -5.46841 -4.63113 -4.51563 2117.22
209.00 64.4491 -0.43712 -4.16122 -9.62911 -8.89055 -8.52018 -8.48645 -7.40075 -6.6322 -5.66037 -4.99845 -6.72987 -5.84137 -4.82221 -4.31141 2120
210.00 64.1888 0.519852 -3.91595 -9.74804 -9.00928 -8.18944 -7.2847 -7.90472 -6.95858 -5.86016 -4.51453 -7.16668 -5.94504 -4.91407 -4.10854 2122.24
211.00 64.993 0.219601 -4.71924 -11.0327 -9.41234 -8.07155 -7.42421 -10.3657 -8.00633 -6.34393 -5.10137 -9.16133 -7.38752 -5.61089 -4.57511 2125.04
212.00 63.2356 -3.83037 -2.94084 -8.6642 -7.13426 -6.23802 -5.86503 -8.27331 -6.07132 -4.33945 -2.92046 -8.3968 -5.81402 -3.62028 -2.30197 2124.88
213.00 59.3834 -2.94394 0.864417 -4.42056 -2.82007 -1.95762 -1.51734 -3.49128 -1.15198 -0.142403 0.29493 -4.29397 -1.1478 0.621373 0.953984 2121.41
214.00 57.7648 -0.117011 2.4358 -1.54169 -0.262119 0.10049 0.550564 -0.665977 1.24865 1.55667 1.88055 -1.75976 1.46591 2.44655 2.32617 2117.89
215.00 58.4246 1.3756 1.75712 -0.107796 -0.0773618 -0.208871 0.0280431 -0.394489 0.927727 1.21969 1.14079 -1.66821 1.15693 1.96289 1.69381 2117.28
216.00 60.0498 1.58812 0.136564 -0.510349 -1.09745 -1.90301 -1.48837 -1.38887 -0.520299 -0.324862 -0.402558 -2.6481 -0.350699 0.409159 0.144134 2116.69
217.00 61.9238 2.26025 -1.73692 -1.34421 -2.79761 -3.77736 -2.85946 -2.72899 -2.48273 -2.46351 -2.18389 -3.61933 -2.2869 -1.58052 -1.73419 2115.87
218.00 64.9108 3.59786 -4.72858 -4.27569 -6.21317 -6.01105 -5.61936 -5.04664 -6.05452 -5.88116 -5.27615 -5.59845 -5.59104 -5.12008 -4.73079 2115.9
219.00 68.377 2.51678 -8.16905 -9.8653 -9.14713 -9.07479 -9.2362 -9.33832 -9.2976 -9.42334 -8.71287 -8.89605 -8.89098 -9.04651 -8.43017 2116.16
220.00 69.5021 -0.0814491 -9.25396 -8.91032 -9.11741 -9.93536 -10.245 -10.2953 -10.2399 -10.7733 -9.92894 -9.98073 -10.0282 -10.3331 -9.62099 2114.59
221.00 69.0227 -0.147106 -8.76617 -7.08998 -8.28465 -9.09606 -9.86427 -9.45766 -10.1419 -10.134 -9.55843 -9.98689 -10.1354 -9.87915 -9.16609 2112.62
222.00 69.6555 0.216884 -9.39123 -7.52345 -9.28363 -10.4591 -10.5783 -9.59116 -10.1637 -10.4096 -10.2757 -10.493 -10.8579 -10.6831 -9.87979 2112.43
223.00 69.6505 0.268523 -9.37389 -8.86744 -9.63808 -9.96366 -9.7997 -9.63039 -9.75866 -10.0014 -9.78435 -10.4503 -10.5271 -10.2601 -9.80446 2112.71
224.00 69.3927 -0.701769 -9.11735 -8.65004 -9.4387 -9.87309 -9.06827 -8.91495 -9.39446 -9.42913 -9.10474 -9.15874 -10.0948 -9.92446 -9.3671 2112.71
225.00 69.5262 1.2488 -9.26886 -8.2387 -9.68538 -10.1285 -9.476 -9.47787 -9.9335 -9.58235 -8.7887 -8.98307 -10.0325 -10.1117 -9.35655 2115.04
226.00 71.1109 1.18166 -10.8336 -9.77658 -11.1284 -11.8605 -11.24 -10.993 -11.6694 -11.0702 -10.1184 -10.8089 -11.286 -11.2713 -10.8373 2116.06
227.00 71.3569 0.124646 -11.0488 -11.8449 -13.0848 -12.4994 -11.8686 -11.4197 -12.3387 -11.2157 -10.5036 -11.06 -11.5911 -11.0225 -10.9455 2113.11
228.00 71.7415 0.0247548 -11.421 -13.9833 -12.4546 -12.1845 -12.967 -12.8541 -11.5272 -11.2628 -11.8976 -11.3222 -11.1657 -11.2813 -11.5876 2111.69
229.00 71.3744 -0.514412 -11.0141 -9.9483 -10.8798 -12.0364 -11.99 -10.6461 -10.5947 -11.7696 -11.8967 -9.8355 -9.74847 -11.1332 -11.7302 2111.5
230.00 70.6811 -0.471667 -10.2845 -8.87052 -10.698 -10.3713 -10.1895 -9.76529 -10.7294 -11.0885 -10.5996 -9.33684 -9.46019 -10.0471 -10.5347 2111.4
231.00 69.9339 -0.714501 -9.53229 -8.40599 -9.33894 -9.28359 -9.11158 -9.83444 -9.87212 -9.7058 -9.56106 -9.8142 -9.26504 -9.24915 -9.21831 2111.42
232.00 69.8265 0.353763 -9.44665 -9.28796 -9.76863 -9.26983 -8.81318 -9.95886 -9.34462 -9.13076 -9.52686 -10.5883 -9.94383 -9.42855 -9.18961 2111.88
233.00 69.9861 -0.1938 -9.591 -10.9354 -10.5486 -9.9266 -8.90094 -9.77863 -9.31964 -9.29895 -9.40833 -10.0977 -9.88936 -9.82466 -9.62512 2114.4
234.00 69.274 -0.774692 -8.86194 -10.2796 -10.201 -9.28902 -8.02461 -9.17206 -8.72186 -8.53453 -8.42995 -8.84604 -8.86702 -8.85969 -8.95736 2115.41
235.00 69.3506 0.225855 -8.94273 -11.6272 -10.9859 -9.86618 -8.87127 -9.78426 -8.80912 -8.77074 -8.6136 -9.21829 -8.84969 -8.98898 -8.81947 2117.24
236.00 68.8842 -1.23037 -8.4487 -12.4514 -10.8739 -9.87701 -9.65343 -10.4984 -8.9484 -8.66348 -8.20616 -9.48361 -8.91284 -8.78339 -8.15131 2119.45
237.00 67.3031 -0.645032 -6.88999 -7.95891 -9.50903 -9.39649 -9.44551 -8.17897 -8.36109 -8.22628 -7.98426 -8.58848 -8.00353 -7.5843 -7.0723 2119.14
238.00 68.2994 1.47723 -7.90176 -11.9723 -11.7463 -11.0023 -10.3566 -11.3768 -10.279 -9.60813 -8.86707 -11.1118 -9.79887 -8.90946 -8.13087 2118.34
239.00 68.3455 -1.00976 -7.92081 -11.4224 -11.5106 -9.42667 -7.61225 -11.2001 -10.0412 -8.84074 -7.10219 -10.5144 -9.7686 -8.99685 -7.37207 2118.27
240.00 66.9491 -2.00379 -6.52689 -9.32924 -7.97459 -5.56957 -4.75544 -8.83474 -7.30527 -5.25426 -5.44286 -9.22613 -7.50626 -6.09429 -5.83698 2117.98
241.00 65.0717 -0.945982 -4.65974 -6.25831 -4.85526 -3.3063 -2.70346 -6.03295 -4.68931 -3.54803 -4.0531 -7.25702 -5.32843 -3.89457 -4.34681 2119.1
242.00 65.0239 0.706258 -4.63366 -5.28941 -4.66659 -3.61528 -3.1824 -5.91783 -5.20002 -4.43064 -4.18215 -6.95782 -5.73369 -4.74921 -4.58994 2119.82
243.00 65.994 1.02394 -5.603 -6.34727 -6.20771 -5.3948 -5.35312 -6.98709 -6.40519 -5.68771 -5.48828 -7.61179 -7.20475 -6.4147 -5.91577 2119.16
244.00 66.9412 0.956899 -6.54081 -8.03621 -8.00445 -7.03755 -6.51057 -8.03094 -7.43596 -6.43342 -6.41689 -8.20795 -7.98583 -7.51434 -6.7829 2117.5
245.00 68.0475 1.50505 -7.6525 -10.4338 -8.72975 -7.04519 -7.46479 -9.38317 -8.17512 -7.28707 -7.3302 -8.85091 -8.37194 -7.84777 -7.74253 2115.72
246.00 69.5324 0.421558 -9.1121 -10.263 -8.55958 -8.37673 -10.2944 -9.73245 -8.48441 -8.25534 -9.25579 -9.05654 -8.65523 -8.67529 -9.2708 2116.22
247.00 69.6337 0.367816 -9.18902 -8.25788 -8.13278 -10.2691 -10.9274 -8.94288 -8.0133 -8.98816 -9.98671 -8.62778 -7.97459 -8.56651 -9.54986 2118.07
248.00 69.2432 -1.17005 -8.78543 -6.4183 -9.47606 -10.6059 -10.4738 -7.38381 -8.1412 -9.52839 -10.4235 -8.12151 -7.95174 -8.65291 -9.50722 2119.2
249.00 68.3751 0.684628 -7.93539 -6.84129 -9.24756 -10.2636 -10.3531 -6.67467 -8.25731 -9.80681 -9.80294 -7.03643 -7.71188 -8.71187 -9.11691 2117.34
250.00 70.1056 1.97837 -9.66788 -10.995 -13.4274 -12.8508 -11.8391 -10.6543 -12.0338 -11.5421 -10.8324 -9.28092 -10.4387 -10.8969 -10.9082 2117.61
251.00 70.755 -1.40809 -10.2771 -13.9362 -13.6293 -13.022 -12.6319 -14.1439 -12.8239 -11.6047 -11.7162 -12.0983 -11.5205 -11.1813 -11.5954 2117.49
252.00 68.0962 -3.15426 -7.61427 -10.6189 -10.9058 -10.7882 -10.0867 -10.5491 -10.7839 -10.1925 -8.59624 -9.92137 -10.0851 -9.32247 -8.25387 2116.55
253.00 65.4159 -1.65071 -4.97408 -8.03934 -8.06122 -7.19251 -6.32458 -7.71218 -7.92825 -7.13756 -5.35654 -7.83237 -8.08356 -6.96252 -5.30356 2114.56
254.00 64.4848 -0.316471 -4.06856 -4.95593 -4.64215 -4.02428 -3.9166 -6.15624 -6.27112 -4.97164 -3.64399 -7.07058 -7.01512 -5.72966 -4.01783 2113.25
255.00 64.8946 0.811673 -4.48289 -3.58916 -2.68723 -2.34332 -3.77316 -5.54893 -4.99007 -4.0932 -3.78256 -6.85671 -6.47071 -5.57686 -4.21504 2113.34
256.00 65.5397 0.652088 -5.11798 -3.00892 -1.79041 -2.75025 -4.20666 -4.70796 -3.96463 -4.27899 -4.68213 -6.51991 -5.90045 -5.84336 -5.01033 2114.08
257.00 66.5819 1.32748 -6.15148 -2.54681 -2.80278 -4.00781 -5.02217 -4.20119 -4.38989 -5.18552 -5.80196 -6.43723 -6.50204 -6.63815 -5.97764 2115.04
258.00 68.2477 1.99915 -7.80577 -4.44307 -4.96866 -5.82203 -7.27479 -5.81312 -6.1618 -6.81242 -7.7899 -7.19787 -7.66582 -7.91874 -7.96674 2117.14
259.00 70.4229 1.97975 -9.96622 -7.0457 -7.58613 -8.98198 -9.88565 -7.98529 -8.35958 -9.63313 -10.0176 -8.63244 -8.93926 -9.7595 -10.1074 2121.29
260.00 72.1024 1.69639 -11.6274 -7.18226 -9.14116 -10.9517 -11.6523 -9.42548 -10.5008 -11.6636 -12.0629 -9.91658 -10.5385 -11.3513 -11.6961 2124.44
261.00 74.3819 2.76392 -13.9078 -8.62434 -11.9002 -12.5614 -13.0421 -10.3579 -13.1149 -14.5735 -14.8849 -11.695 -13.4479 -14.299 -14.522 2128.05
262.00 77.0791 1.84808 -16.575 -14.1614 -13.0453 -14.3196 -16.7445 -14.8278 -15.4494 -16.7045 -17.6402 -13.9975 -15.9315 -17.1236 -17.6679 2131.15
263.00 74.8223 -7.46699 -14.2161 -9.66086 -11.4479 -14.5152 -15.0987 -11.9073 -13.6374 -15.581 -15.2491 -11.4888 -13.1672 -14.8764 -15.2089 2130.96
264.00 64.3031 -9.13523 -3.74972 -1.47192 -2.32128 -3.86446 -4.11913 -2.01376 -3.56363 -4.79127 -4.22835 -1.42811 -2.78973 -4.13119 -4.05966 2126.22
265.00 60.0575 -0.322383 0.376875 2.05837 1.54208 0.418396 0.108694 1.79422 0.856451 -0.390542 0.0323934 2.71223 1.55622 0.123869 0.150731 2123.48
266.00 60.7521 0.618651 -0.33021 0.249145 -0.170383 -0.390851 -0.330415 -0.00780242 -0.230134 -0.640527 -0.415315 1.07942 0.693702 -0.197365 -0.389902 2123.55
267.00 61.3763 0.906254 -0.954191 -1.98595 -1.6511 -1.30516 -0.672476 -2.12981 -1.29312 -0.779762 -0.534796 -1.1594 -0.438971 -0.406945 -0.613638 2121.58
268.00 62.3998 1.26547 -1.97579 -3.43974 -2.90543 -2.45287 -1.24703 -3.58809 -2.7553 -1.73794 -1.16935 -3.34452 -2.09573 -1.30675 -1.28005 2120.86
269.00 64.1224 2.20521 -3.69611 -4.72308 -4.36716 -3.63599 -2.34529 -5.04843 -4.73975 -3.48245 -2.58893 -5.39342 -4.5146 -3.14058 -2.68535 2120.76
270.00 66.7061 2.3854 -6.26557 -6.34344 -6.30926 -5.1657 -4.26778 -7.40626 -7.03747 -5.5711 -5.19378 -7.44196 -7.35604 -5.81752 -5.29027 2123.1
271.00 67.6079 -0.84108 -7.13327 -7.40265 -7.55023 -6.21027 -5.80585 -8.31435 -7.32816 -6.66413 -6.75348 -8.27424 -7.70644 -6.88894 -6.68031 2123.26
272.00 65.5324 -2.34044 -5.05639 -6.98056 -6.31257 -6.06949 -5.80468 -6.43439 -5.95919 -5.56176 -5.06135 -6.84844 -5.79754 -5.47218 -4.98636 2121.93
273.00 64.6363 0.480228 -4.19635 -6.93519 -7.7402 -7.86183 -6.54125 -6.67669 -6.23677 -5.44046 -4.64316 -6.75922 -6.08472 -5.29921 -4.42567 2119.26
274.00 65.4248 0.497926 -4.97488 -9.44409 -9.80079 -9.61355 -8.18277 -8.69379 -7.50205 -6.83532 -5.87843 -8.10935 -7.2287 -6.54754 -5.65795 2118.87
275.00 65.5125 -0.021765 -5.03742 -8.04698 -8.82141 -8.29529 -7.26085 -8.17742 -7.22521 -6.45998 -5.9181 -8.25601 -6.71343 -5.97802 -5.69478 2120.58
276.00 66.0507 1.34596 -5.58264 -7.38883 -7.78065 -7.41227 -6.85523 -6.97733 -7.37131 -6.69439 -6.34601 -7.54516 -7.10711 -6.22778 -5.88754 2121.05
277.00 68.0068 1.89398 -7.52901 -9.47902 -9.02948 -8.41276 -7.98191 -9.14865 -8.71361 -8.17559 -7.83903 -8.95599 -8.7275 -7.89192 -7.51301 2121.73
278.00 68.1223 -1.95517 -7.59479 -9.8512 -8.97915 -8.55565 -8.44831 -9.39769 -8.50124 -8.14067 -7.47695 -9.49694 -8.6507 -7.77388 -7.36419 2122.67
279.00 65.5099 -2.08284 -4.99465 -8.08981 -7.14211 -6.41732 -5.77922 -7.00406 -6.32505 -5.29002 -4.22065 -7.28437 -6.14784 -5.0035 -4.50786 2121.58
280.00 65.7546 1.97218 -5.28582 -7.76747 -6.78251 -5.99534 -5.08446 -7.4626 -6.35958 -5.43222 -4.25052 -7.22864 -6.49595 -5.43128 -4.51545 2121.07
281.00 66.3691 -1.54483 -5.85192 -6.99263 -6.70001 -6.36559 -5.50869 -7.0275 -6.60986 -6.04597 -5.02619 -6.93125 -6.66181 -5.83788 -4.9819 2121.41
282.00 64.2103 -1.56505 -3.69145 -4.74278 -4.66151 -4.41224 -3.60519 -4.28245 -4.32171 -3.94653 -3.20403 -3.79485 -3.74104 -3.42434 -2.8986 2123.66
283.00 64.024 1.15219 -3.53524 -5.02506 -4.29069 -4.24043 -3.65625 -4.13051 -3.64653 -3.65006 -3.04164 -3.27875 -2.63124 -2.95556 -2.8423 2125.99
284.00 65.8114 2.12179 -5.3246 -4.96069 -5.45523 -5.66522 -4.84796 -5.37045 -5.29944 -4.84665 -4.54025 -5.0291 -4.36414 -4.32664 -4.40197 2127.75
285.00 68.4126 3.04231 -7.91559 -7.17252 -7.97395 -6.9518 -6.37153 -7.74566 -7.12999 -6.84119 -7.00362 -7.89555 -7.08106 -6.75044 -6.77518 2131.18
286.00 70.9627 1.35902 -10.4312 -7.77041 -8.35401 -7.73577 -7.04367 -8.94276 -8.84311 -8.25023 -8.92492 -9.10817 -9.20494 -8.97131 -9.41044 2136.51
287.00 72.4758 2.37444 -11.9427 -7.36865 -8.02929 -7.86179 -7.68989 -8.78253 -9.24991 -8.90929 -10.0597 -8.99417 -10.0461 -9.90142 -10.6088 2138.69
288.00 72.3299 -2.98996 -11.7563 -6.54438 -6.19634 -6.62233 -8.55229 -7.73686 -7.75777 -8.96765 -10.8734 -8.35784 -8.6263 -9.38761 -10.873 2137.24
289.00 68.2304 -3.20149 -7.69032 -1.81524 -1.55435 -3.29619 -5.50243 -3.63582 -4.53871 -5.64826 -7.21834 -4.26146 -4.88881 -5.72895 -7.10124 2134.7
290.00 67.3193 1.23514 -6.82414 -0.118359 -0.550368 -3.17744 -5.06154 -2.64248 -3.64763 -4.97914 -6.37137 -3.05401 -4.12987 -5.10408 -6.21665 2133.8
291.00 68.5618 0.747473 -8.05281 -0.121533 -2.8964 -5.58414 -7.38066 -3.21859 -4.90431 -6.68391 -8.10599 -3.97206 -5.30085 -6.64193 -7.78614 2133.01
292.00 69.433 1.44502 -8.92119 -1.03054 -4.96438 -7.69017 -8.49348 -4.14588 -6.87609 -8.70111 -9.22567 -4.94877 -6.58408 -8.10853 -8.90924 2132.7
293.00 71.8563 3.17141 -11.3488 -4.329 -8.36698 -10.4693 -9.89422 -7.93259 -10.8057 -11.548 -10.996 -8.02983 -10.1589 -11.1041 -11.0512 2132.78
294.00 74.8708 2.32867 -14.341 -9.66379 -13.0981 -12.8023 -12.5629 -12.1662 -13.616 -13.0791 -13.0192 -12.0229 -13.582 -13.7045 -13.9282 2133.16
295.00 76.3035 0.157546 -15.7449 -12.7141 -13.6104 -13.8762 -14.2167 -13.3016 -13.7407 -13.8757 -14.1763 -12.9838 -14.0663 -14.3283 -15.0159 2132.88
296.00 75.2042 -1.74308 -14.6331 -12.5538 -12.9225 -13.8998 -13.9941 -11.4673 -12.2115 -13.2556 -13.5272 -11.2165 -12.1543 -12.9588 -13.4836 2129.57
297.00 72.7353 -2.90191 -12.1817 -10.3541 -10.6144 -11.6386 -13.2585 -9.71793 -9.68848 -11.0379 -12.4056 -9.28582 -9.78578 -10.4458 -11.3636 2125.34
298.00 70.6306 -1.12921 -10.1228 -7.83891 -9.54024 -9.73249 -10.1107 -8.4514 -9.22466 -9.64468 -10.4632 -8.00097 -8.78255 -9.42562 -10.0916 2123.73
299.00 70.234 0.46472 -9.74754 -8.97204 -8.68155 -8.93173 -9.735 -9.08541 -9.11155 -9.77942 -10.4728 -8.91921 -8.88558 -9.61699 -10.3727 2121.79
300.00 70.9861 0.934639 -10.4867 -8.79141 -10.3075 -11.0836 -11.2032 -10.0536 -10.355 -10.8988 -11.3533 -10.1661 -10.1834 -10.6595 -11.3237 2121.03
301.00 72.119 0.926062 -11.5915 -11.0294 -12.4443 -12.5736 -12.4349 -11.5165 -12.203 -12.378 -12.0262 -11.3677 -11.6677 -11.8716 -12.1075 2121.63
302.00 72.3325 0.241087 -11.7898 -9.5256 -11.6871 -12.3452 -11.4535 -11.641 -12.611 -12.246 -11.7349 -11.2468 -12.1913 -12.1434 -11.982 2123.53
303.00 73.5469 0.930838 -13.0067 -13.5481 -14.2162 -12.6913 -11.5102 -12.6067 -12.9268 -12.7024 -12.5793 -12.6712 -13.4718 -13.2706 -12.8502 2124.79
304.00 73.6309 -1.31547 -13.0475 -15.6315 -13.5588 -11.6335 -11.0042 -13.499 -11.688 -11.886 -12.5507 -12.5743 -12.6077 -13.1498 -13.1028 2123.5
305.00 71.1125 -2.72399 -10.5082 -11.0693 -9.58729 -8.45794 -8.61475 -10.6374 -9.83821 -9.8945 -10.2215 -9.87517 -10.0632 -10.5425 -10.6264 2121.24
306.00 68.8454 -1.60005 -8.25888 -7.35174 -6.80283 -6.33304 -6.90178 -8.71568 -8.58784 -8.38128 -8.29044 -8.45123 -8.65758 -8.70091 -8.29978 2119.21
307.00 68.5825 0.759717 -8.01444 -7.58918 -6.58566 -5.91035 -6.59004 -8.58063 -8.10783 -7.69982 -7.42057 -8.95327 -8.89408 -8.32288 -7.68941 2117.57
308.00 69.8456 1.26097 -9.26067 -7.79667 -7.17774 -7.56154 -8.54716 -8.7341 -8.23689 -8.1043 -8.84223 -9.66282 -9.5172 -9.19756 -9.00352 2118.42
309.00 70.638 0.193033 -10.0152 -8.93314 -10.1196 -10.3512 -10.3293 -9.17886 -8.58325 -8.81315 -10.1457 -9.82667 -9.59673 -9.6028 -10.2063 2119.58
310.00 70.557 -0.46945 -9.91538 -10.4799 -10.1421 -10.182 -9.23511 -8.84114 -8.54502 -9.03704 -8.82735 -9.07151 -8.74843 -9.13121 -9.41109 2118.66
