# t frame_uz frame_z ub_dans_repere
160.001 -9.76703e-05 -1.00587e-07 -0.0948378
160.019 -0.0274356 -0.000297943 -1.50335
160.051 -0.0698364 -0.002035 -1.1898
160.092 -0.110462 -0.00599059 -0.83706
160.14 -0.139226 -0.0120769 -0.463635
160.19 -0.150945 -0.019544 -0.0824011
160.243 -0.143577 -0.0273546 0.284568
160.297 -0.116833 -0.034314 0.632967
160.352 -0.0711905 -0.0393064 0.959083
160.407 -0.0084969 -0.0412233 1.25973
160.463 0.0715801 -0.0390794 1.54194
160.519 0.16667 -0.0319429 1.79979
160.575 0.275322 -0.0190225 2.03295
160.631 0.396446 0.000403517 2.2479
160.687 0.528851 0.026995 2.43871
160.743 0.671088 0.0613338 2.60336
160.798 0.821656 0.103922 2.74008
160.854 0.978974 0.155171 2.85488
160.91 1.14219 0.215427 2.9536
160.966 1.31021 0.284986 3.03002
161.022 1.48192 0.364196 3.08182
161.079 1.65642 0.453322 3.12177
161.135 1.83285 0.552319 3.15205
161.191 2.01049 0.661269 3.17035
161.247 2.18905 0.780234 3.18301
161.303 2.36798 0.909246 3.18516
161.36 2.54679 1.04831 3.17913
161.416 2.72514 1.1974 3.16982
161.472 2.90291 1.35649 3.15944
161.528 3.07989 1.52555 3.14126
161.584 3.25573 1.70451 3.12047
161.64 3.43014 1.8933 3.09541
161.697 3.60323 2.09185 3.07092
161.753 3.77451 2.30006 3.03336
161.809 3.9438 2.51782 3.0002
161.865 4.11099 2.74503 2.96026
161.921 4.27553 2.98155 2.90817
161.978 4.4375 3.22721 2.86778
162.034 4.59735 3.48191 2.83104
162.09 4.75493 3.74551 2.78624
162.146 4.90974 4.01787 2.73329
162.202 5.06134 4.29883 2.6767
162.258 5.20929 4.58818 2.6068
162.315 5.35356 4.88571 2.54496
162.371 5.49453 5.19124 2.48586
162.427 5.63222 5.50458 2.42638
162.483 5.76633 5.82553 2.36045
162.539 5.89633 6.15388 2.28392
162.596 6.02207 6.48939 2.20786
162.652 6.14384 6.83183 2.14096
162.708 6.26196 7.18099 2.07693
162.764 6.3766 7.53667 2.01693
162.82 6.48828 7.89868 1.96933
162.876 6.59726 8.26688 1.91919
162.933 6.70334 8.6411 1.86642
162.989 6.80638 9.02118 1.81274
163.045 6.90627 9.40694 1.75705
163.101 7.0033 9.79821 1.70798
163.157 7.09772 10.1949 1.66141
163.213 7.18956 10.5967 1.62034
163.27 7.27953 11.0037 1.58837
163.326 7.3677 11.4156 1.55692
163.382 7.45393 11.8324 1.52032
163.438 7.53815 12.254 1.48375
163.494 7.62006 12.6803 1.44095
163.551 7.69948 13.1111 1.39639
163.607 7.77653 13.5462 1.35469
163.663 7.85129 13.9857 1.31356
163.719 7.92348 14.4292 1.26845
163.775 7.99345 14.8767 1.22982
163.831 8.06156 15.3281 1.20117
163.888 8.12798 15.7832 1.16963
163.944 8.19247 16.242 1.13432
164 8.25529 16.7044 1.10813
164.056 8.31647 17.1702 1.07676
164.112 8.37579 17.6395 1.04018
164.169 8.43282 18.112 0.998678
164.225 8.48742 18.5876 0.957289
164.281 8.53984 19.0662 0.915902
164.337 8.59065 19.5476 0.896559
164.393 8.63973 20.0319 0.860809
164.449 8.68744 20.5189 0.837145
164.506 8.73409 21.0086 0.822435
164.562 8.77963 21.5008 0.801953
164.618 8.82393 21.9955 0.778376
164.674 8.86681 22.4927 0.754485
164.73 8.90829 22.9922 0.729619
164.787 8.94877 23.4941 0.712827
164.843 8.98843 23.9981 0.699512
164.899 9.02724 24.5044 0.690338
164.955 9.06538 25.0129 0.665329
165.011 9.10222 25.5234 0.649611
165.067 9.13796 26.036 0.629131
165.124 9.17269 26.5505 0.609653
165.18 9.20677 27.067 0.605087
165.236 9.2401 27.5853 0.584928
165.292 9.2729 28.1056 0.580152
165.348 9.30482 28.6276 0.562893
165.404 9.33589 29.1514 0.542796
165.461 9.36598 29.6769 0.528063
165.517 9.39504 30.2041 0.510481
165.573 9.42302 30.7328 0.490762
165.629 9.45008 31.2631 0.476216
165.685 9.47648 31.7949 0.465017
165.742 9.50204 32.3282 0.447934
165.798 9.52669 32.8628 0.432834
165.854 9.55088 33.3988 0.430926
165.91 9.57491 33.9362 0.424362
165.966 9.59858 34.4749 0.418383
166.022 9.62204 35.015 0.419215
166.079 9.64518 35.5563 0.40856
166.135 9.66821 36.099 0.40934
166.191 9.69124 36.6429 0.409901
166.247 9.7141 37.1881 0.40269
166.303 9.73676 37.7346 0.403821
166.36 9.75959 38.2824 0.408044
166.416 9.7826 38.8315 0.411023
166.472 9.8058 39.3818 0.412882
166.528 9.82904 39.9335 0.412358
166.584 9.85189 40.4865 0.404118
166.64 9.87461 41.0407 0.402866
166.697 9.89726 41.5962 0.40399
166.753 9.91966 42.153 0.39687
166.809 9.94177 42.711 0.390784
166.865 9.96352 43.2703 0.386063
166.921 9.98502 43.8308 0.380807
166.978 10.0063 44.3924 0.376229
167.034 10.0273 44.9553 0.37353
167.09 10.048 45.5193 0.368755
167.146 10.0687 46.0845 0.364169
167.202 10.0891 46.6509 0.365099
167.258 10.1094 47.2184 0.359216
167.315 10.1293 47.787 0.352367
167.371 10.1489 48.3567 0.348324
167.427 10.1683 48.9275 0.343735
167.483 10.1875 49.4994 0.34074
167.539 10.2066 50.0724 0.3398
167.596 10.2255 50.6464 0.335673
167.652 10.2443 51.2215 0.332027
167.708 10.2627 51.7977 0.325229
167.764 10.2807 52.3749 0.316416
167.82 10.2982 52.953 0.308472
167.876 10.3155 53.5322 0.309191
167.933 10.3329 54.1123 0.311045
167.989 10.3503 54.6934 0.304994
168.045 10.3672 55.2754 0.296205
168.101 10.3836 55.8584 0.290459
168.157 10.3998 56.4423 0.2885
168.213 10.4162 57.0271 0.292842
168.27 10.4326 57.6128 0.292968
168.326 10.449 58.1995 0.289994
168.382 10.4651 58.787 0.284398
168.438 10.4808 59.3755 0.279193
168.494 10.4965 59.9648 0.277578
168.551 10.5122 60.5551 0.280563
168.607 10.5278 61.1462 0.278673
168.663 10.5434 61.7381 0.273587
168.719 10.5586 62.331 0.270928
168.775 10.5737 62.9247 0.266441
168.831 10.5886 63.5192 0.265261
168.888 10.6036 64.1146 0.267039
168.944 10.6187 64.7108 0.270406
169 10.634 65.3078 0.271573
169.056 10.6493 65.9058 0.272931
169.112 10.6645 66.5046 0.268161
169.169 10.6794 67.1042 0.264237
169.225 10.6942 67.7047 0.263247
169.281 10.7088 68.306 0.258494
169.337 10.7233 68.9081 0.256362
169.393 10.7377 69.511 0.254203
169.449 10.7518 70.1147 0.250153
169.506 10.7658 70.7192 0.246101
169.562 10.7795 71.3245 0.243577
169.618 10.7931 71.9305 0.243262
169.674 10.8069 72.5374 0.245391
169.73 10.8208 73.145 0.248173
169.787 10.8346 73.7533 0.247469
169.843 10.8485 74.3625 0.246796
169.899 10.8625 74.9724 0.247796
169.955 10.8763 75.5831 0.244728
170.011 10.8898 76.1946 0.236254
170.067 10.9029 76.8069 0.230809
170.124 10.9155 77.4198 0.221
170.18 10.9277 78.0334 0.212529
170.236 10.9394 78.6478 0.207037
170.292 10.9508 79.2627 0.198843
170.348 10.9618 79.8783 0.191968
170.404 10.9724 80.4945 0.185004
170.461 10.9824 81.1113 0.173509
170.517 10.9919 81.7286 0.165159
170.573 11.0007 82.3464 0.153665
170.629 11.009 82.9647 0.143335
170.685 11.0166 83.5834 0.130148
170.742 11.0234 84.2026 0.11679
170.798 11.0294 84.8221 0.099119
170.854 11.0345 85.4419 0.0836482
170.91 11.0386 86.0619 0.0686669
170.966 11.042 86.6822 0.052289
171.022 11.0445 87.3026 0.0420993
171.079 11.0465 87.9232 0.0329328
171.135 11.0479 88.5438 0.0200774
171.191 11.0488 89.1645 0.0113834
171.247 11.0491 89.7852 0.00195352
171.303 11.0489 90.406 -0.00563129
171.36 11.0486 91.0267 -0.00496944
171.416 11.0483 91.6474 -0.0074239
171.472 11.0477 92.2681 -0.012355
171.528 11.0469 92.8887 -0.0141178
171.584 11.0463 93.5093 -0.00981627
171.64 11.0457 94.1298 -0.00908296
171.697 11.0452 94.7504 -0.00895968
171.753 11.0448 95.3709 -0.00736586
171.809 11.044 95.9913 -0.015432
171.865 11.0431 96.6118 -0.0180031
171.921 11.0421 97.2321 -0.0187634
171.978 11.0408 97.8524 -0.0233536
172.034 11.0393 98.4726 -0.0286618
172.09 11.0378 99.0928 -0.0258063
172.146 11.0362 99.7128 -0.0281709
172.202 11.0348 100.333 -0.0254875
172.258 11.0336 100.953 -0.0162544
172.315 11.0329 101.573 -0.00869552
172.371 11.0327 102.192 -0.00112295
172.427 11.0329 102.812 0.00773556
172.483 11.0335 103.432 0.0130558
172.539 11.0344 104.052 0.0186455
172.596 11.0357 104.672 0.025677
172.652 11.0371 105.292 0.026003
172.708 11.0386 105.912 0.0269954
172.764 11.0403 106.532 0.0320364
172.82 11.0422 107.152 0.0349637
172.876 11.0443 107.773 0.0400196
172.933 11.0468 108.393 0.0473841
172.989 11.0497 109.014 0.0547964
173.045 11.053 109.635 0.0591663
173.101 11.0564 110.256 0.06232
173.157 11.0599 110.877 0.0644275
173.213 11.0638 111.499 0.0693079
173.27 11.0679 112.121 0.0764714
173.326 11.0723 112.742 0.07862
173.382 11.0768 113.365 0.0819896
173.438 11.0815 113.987 0.083902
173.494 11.0862 114.61 0.0856056
173.551 11.0912 115.233 0.0872788
173.607 11.0962 115.856 0.0901546
173.663 11.1012 116.48 0.0912134
173.719 11.1065 117.103 0.0932711
173.775 11.1119 117.728 0.100513
173.831 11.1176 118.352 0.102054
173.888 11.1234 118.977 0.10201
173.944 11.1292 119.602 0.102527
174 11.1348 120.227 0.0994211
174.056 11.1405 120.853 0.101246
174.112 11.1464 121.479 0.107836
174.169 11.1524 122.106 0.10898
174.225 11.1587 122.732 0.112141
174.281 11.1652 123.359 0.116548
174.337 11.1718 123.987 0.121018
174.393 11.1789 124.615 0.12595
174.449 11.186 125.243 0.127395
174.506 11.193 125.872 0.125715
174.562 11.2005 126.501 0.134882
174.618 11.2083 127.13 0.141436
174.674 11.2165 127.76 0.148949
174.73 11.2251 128.391 0.155861
174.787 11.2341 129.022 0.162228
174.843 11.2431 129.653 0.16037
174.899 11.2524 130.285 0.166465
174.955 11.2619 130.917 0.172482
175.011 11.2717 131.551 0.174021
175.067 11.2817 132.184 0.181914
175.124 11.2922 132.818 0.189536
175.18 11.303 133.453 0.194359
175.236 11.314 134.088 0.195588
175.292 11.325 134.724 0.19529
175.348 11.336 135.361 0.19704
175.404 11.3472 135.998 0.198545
175.461 11.3585 136.636 0.203173
175.517 11.37 137.275 0.206503
175.573 11.3817 137.914 0.209842
175.629 11.3934 138.554 0.209281
175.685 11.4052 139.194 0.210134
175.742 11.4172 139.835 0.213728
175.798 11.4292 140.477 0.216618
175.854 11.4413 141.119 0.21391
175.91 11.4532 141.763 0.211139
175.966 11.4651 142.406 0.209467
176.022 11.4767 143.051 0.206966
176.079 11.4886 143.696 0.214861
176.135 11.501 144.342 0.22092
176.191 11.5135 144.989 0.223545
176.247 11.5263 145.636 0.229979
176.303 11.5394 146.284 0.234211
176.36 11.5525 146.932 0.233896
176.416 11.5659 147.582 0.240811
176.472 11.5797 148.232 0.248887
176.528 11.5938 148.883 0.252608
176.584 11.6082 149.535 0.258556
176.64 11.6229 150.188 0.261768
176.697 11.6376 150.841 0.264895
176.753 11.6527 151.495 0.268902
176.809 11.6678 152.151 0.268639
176.865 11.6827 152.807 0.266083
176.921 11.6978 153.463 0.269585
176.978 11.7132 154.121 0.276473
177.034 11.7289 154.78 0.282201
177.09 11.7448 155.439 0.282654
177.146 11.7606 156.1 0.281454
177.202 11.7764 156.761 0.281065
177.258 11.7921 157.423 0.277432
177.315 11.8077 158.086 0.277676
177.371 11.8231 158.75 0.272888
177.427 11.8384 159.415 0.270827
177.483 11.8535 160.08 0.264672
177.539 11.8678 160.747 0.250732
177.596 11.8815 161.414 0.239254
177.652 11.8948 162.082 0.231266
177.708 11.9074 162.75 0.223684
177.764 11.9197 163.42 0.214507
177.82 11.9316 164.09 0.212123
177.876 11.9433 164.76 0.204191
177.933 11.9545 165.432 0.197538
177.989 11.9652 166.104 0.186061
178.045 11.9752 166.776 0.174004
178.101 11.9849 167.449 0.169354
178.157 11.9941 168.123 0.158384
178.213 12.0024 168.797 0.143119
178.27 12.0103 169.472 0.138256
178.326 12.0176 170.147 0.126575
178.382 12.0243 170.822 0.116371
178.438 12.0305 171.498 0.10135
178.494 12.0359 172.174 0.0887819
178.551 12.0405 172.85 0.0768782
178.607 12.0446 173.527 0.0713578
178.663 12.0485 174.204 0.0720673
178.719 12.0525 174.881 0.0693226
178.775 12.0561 175.558 0.0609508
178.831 12.0593 176.235 0.0569979
178.888 12.0622 176.913 0.0461651
178.944 12.0646 177.591 0.0420414
179 12.0672 178.268 0.0483045
179.056 12.0697 178.946 0.0438336
179.112 12.0722 179.625 0.0449222
179.169 12.0747 180.303 0.0458456
179.225 12.077 180.981 0.038631
179.281 12.0793 181.66 0.0400982
179.337 12.082 182.339 0.0513863
179.393 12.085 183.017 0.0545154
179.449 12.0883 183.696 0.0610487
179.506 12.092 184.376 0.0702132
179.562 12.0959 185.055 0.0704726
179.618 12.1 185.735 0.0746133
179.674 12.1045 186.415 0.0857919
179.73 12.1095 187.095 0.0939456
179.787 12.1152 187.775 0.106101
179.843 12.1214 188.456 0.114938
179.899 12.1281 189.138 0.122646
179.955 12.1353 189.819 0.131319
180.011 12.1429 190.501 0.139556
180.067 12.1508 191.184 0.142781
180.124 12.1591 191.866 0.149876
180.18 12.1677 192.55 0.155655
180.236 12.1765 193.234 0.159265
180.292 12.1857 193.918 0.165422
180.348 12.1949 194.603 0.168147
180.404 12.2041 195.288 0.1644
180.461 12.2134 195.974 0.159757
180.517 12.2224 196.661 0.161393
180.573 12.2312 197.348 0.154643
180.629 12.2398 198.035 0.150771
180.685 12.248 198.723 0.146106
180.742 12.2559 199.411 0.139204
180.798 12.2634 200.1 0.127888
180.854 12.2703 200.789 0.119406
180.91 12.2765 201.479 0.106687
180.966 12.2821 202.169 0.0937489
181.022 12.2871 202.859 0.0851607
181.079 12.2914 203.549 0.0735351
181.135 12.2952 204.24 0.0635778
181.191 12.2984 204.931 0.053121
181.247 12.3011 205.622 0.0426375
181.303 12.3032 206.313 0.0333436
181.36 12.3049 207.004 0.0288528
181.416 12.3062 207.696 0.0217349
181.472 12.3073 208.387 0.0175133
181.528 12.308 209.079 0.00986075
181.584 12.3084 209.77 0.00524598
181.64 12.3086 210.462 -8.65893e-05
181.697 12.3085 211.153 -0.00454731
181.753 12.308 211.845 -0.00950293
181.809 12.3073 212.536 -0.016741
181.865 12.3063 213.227 -0.0166281
181.921 12.3054 213.919 -0.0156462
181.978 12.3046 214.61 -0.0131238
182.034 12.304 215.301 -0.006154
182.09 12.3039 215.992 0.00067654
182.146 12.3043 216.684 0.00638886
182.202 12.3046 217.375 0.00689087
182.258 12.3049 218.066 0.0064745
182.315 12.3056 218.758 0.0119888
182.371 12.3064 219.449 0.0188665
182.427 12.3075 220.14 0.0226334
182.483 12.3091 220.832 0.0312919
182.539 12.3112 221.523 0.036201
182.596 12.3132 222.215 0.0377559
182.652 12.3155 222.907 0.0424495
182.708 12.318 223.599 0.048225
182.764 12.3209 224.291 0.0535594
182.82 12.3242 224.983 0.0607069
182.876 12.3278 225.676 0.0636793
182.933 12.3315 226.368 0.0672083
182.989 12.3355 227.061 0.0747915
183.045 12.34 227.755 0.0830457
183.101 12.3448 228.448 0.086441
183.157 12.3497 229.142 0.0907263
183.213 12.355 229.836 0.0966435
183.27 12.3606 230.53 0.101995
183.326 12.3666 231.225 0.109462
183.382 12.3731 231.92 0.120337
183.438 12.38 232.615 0.125869
183.494 12.3875 233.311 0.135266
183.551 12.3954 234.007 0.1447
183.607 12.4036 234.703 0.149007
183.663 12.4124 235.401 0.158745
183.719 12.4215 236.098 0.166853
183.775 12.4311 236.796 0.173094
183.831 12.4409 237.495 0.175374
183.888 12.451 238.194 0.182372
183.944 12.4613 238.894 0.185287
184 12.4719 239.595 0.191712
184.056 12.4829 240.296 0.196044
184.112 12.4939 240.997 0.198323
184.169 12.5051 241.7 0.199125
184.225 12.5165 242.403 0.207107
184.281 12.5282 243.106 0.211224
184.337 12.5403 243.81 0.215117
184.393 12.5524 244.515 0.216932
184.449 12.5646 245.221 0.217236
184.506 12.5768 245.927 0.217206
184.562 12.5891 246.634 0.220405
184.618 12.6016 247.342 0.222426
184.674 12.6141 248.05 0.221208
184.73 12.6266 248.759 0.220261
184.787 12.6389 249.469 0.220335
184.843 12.6512 250.179 0.219289
184.899 12.6637 250.891 0.226174
184.955 12.6762 251.603 0.221634
185.011 12.6885 252.315 0.214578
185.067 12.7005 253.028 0.213196
185.124 12.7123 253.742 0.205052
185.18 12.7236 254.457 0.199589
185.236 12.7345 255.172 0.192539
185.292 12.7451 255.888 0.185243
185.348 12.7553 256.604 0.178615
185.404 12.7652 257.321 0.174598
185.461 12.7749 258.038 0.171841
185.517 12.7845 258.757 0.168849
185.573 12.7936 259.475 0.16225
185.629 12.8024 260.194 0.153654
185.685 12.8109 260.914 0.147867
185.742 12.8189 261.634 0.140241
185.798 12.8266 262.354 0.134114
185.854 12.8337 263.075 0.120146
185.91 12.8401 263.796 0.110139
185.966 12.8459 264.518 0.0998308
186.022 12.8512 265.239 0.0905769
186.079 12.856 265.962 0.0814249
186.135 12.8601 266.684 0.0691377
186.191 12.8638 267.407 0.062953
186.247 12.867 268.129 0.0539101
186.303 12.8695 268.852 0.0407778
186.36 12.8715 269.575 0.0298176
186.416 12.8727 270.299 0.0155037
186.472 12.8731 271.022 0.00400745
186.528 12.8731 271.745 -0.00269048
186.584 12.8726 272.468 -0.0158235
186.64 12.8711 273.191 -0.0332319
186.697 12.8688 273.914 -0.0473117
186.753 12.8657 274.637 -0.056509
186.809 12.8621 275.36 -0.070316
186.865 12.8577 276.082 -0.0822363
186.921 12.8527 276.805 -0.0923666
186.978 12.8471 277.526 -0.104314
187.034 12.8406 278.248 -0.122204
187.09 12.8334 278.969 -0.128907
187.146 12.8259 279.69 -0.140048
187.202 12.8176 280.41 -0.152609
187.258 12.8087 281.13 -0.162141
187.315 12.7991 281.849 -0.177017
187.371 12.7889 282.568 -0.185259
187.427 12.7785 283.286 -0.185339
187.483 12.7676 284.004 -0.200415
187.539 12.7559 284.72 -0.2127
187.596 12.744 285.437 -0.214483
187.652 12.7316 286.152 -0.223838
187.708 12.7188 286.867 -0.230258
187.764 12.7056 287.581 -0.23984
187.82 12.6918 288.294 -0.2475
187.876 12.6778 289.007 -0.252109
187.933 12.6634 289.719 -0.256656
187.989 12.6486 290.43 -0.265182
188.045 12.6336 291.14 -0.272063
188.101 12.6181 291.849 -0.278004
188.157 12.6021 292.557 -0.288746
188.213 12.5857 293.265 -0.294508
188.27 12.5693 293.971 -0.290703
188.326 12.5528 294.677 -0.296888
188.382 12.5358 295.381 -0.304944
188.438 12.5187 296.085 -0.304351
188.494 12.5017 296.788 -0.298732
188.551 12.4851 297.49 -0.295306
188.607 12.4685 298.191 -0.292838
188.663 12.4522 298.89 -0.28829
188.719 12.4363 299.589 -0.281699
188.775 12.4208 300.288 -0.272701
188.831 12.406 300.985 -0.26038
188.888 12.3918 301.681 -0.247247
188.944 12.3785 302.377 -0.228593
189 12.3661 303.072 -0.213712
189.056 12.3546 303.766 -0.19659
189.112 12.3442 304.46 -0.177713
189.169 12.3347 305.153 -0.163162
189.225 12.326 305.846 -0.147917
189.281 12.3184 306.538 -0.127533
189.337 12.3121 307.23 -0.102685
189.393 12.307 307.922 -0.0830923
189.449 12.3029 308.613 -0.0666867
189.506 12.2995 309.304 -0.0557474
189.562 12.297 309.995 -0.0387145
189.618 12.2954 310.686 -0.0201315
189.674 12.2949 311.376 -0.0028056
189.73 12.2954 312.067 0.0170115
189.787 12.2969 312.758 0.0315459
189.843 12.2991 313.449 0.0425717
189.899 12.3018 314.14 0.0525823
189.955 12.3048 314.831 0.0519047
190.011 12.3081 315.522 0.0638195
190.067 12.3122 316.214 0.0755733
190.124 12.3167 316.906 0.0847722
190.18 12.3217 317.598 0.0920565
190.236 12.3271 318.29 0.0972622
190.292 12.3325 318.983 0.0977915
190.348 12.3381 319.676 0.0999382
190.404 12.3436 320.369 0.0983093
190.461 12.3491 321.063 0.0962411
190.517 12.3544 321.757 0.0950933
190.573 12.3593 322.451 0.0821476
190.629 12.364 323.146 0.080359
190.685 12.3681 323.841 0.0712778
190.742 12.3719 324.535 0.0643789
190.798 12.3753 325.231 0.0579606
190.854 12.3781 325.926 0.0479056
190.91 12.3807 326.621 0.0434346
190.966 12.3829 327.317 0.0391414
191.022 12.3848 328.013 0.030645
191.079 12.3863 328.709 0.0220552
191.135 12.3876 329.405 0.0214784
191.191 12.3884 330.101 0.0100718
191.247 12.3886 330.797 -0.000895097
191.303 12.3882 331.493 -0.0119026
191.36 12.3871 332.188 -0.0246574
191.416 12.3856 332.884 -0.0311331
191.472 12.3835 333.58 -0.0411924
191.528 12.3807 334.276 -0.0550592
191.584 12.3774 334.971 -0.0636072
191.64 12.3735 335.666 -0.0702165
191.697 12.3693 336.361 -0.0801383
191.753 12.3645 337.056 -0.0901633
191.809 12.3592 337.751 -0.0937469
191.865 12.3538 338.445 -0.0986341
191.921 12.3482 339.139 -0.102657
191.978 12.3422 339.832 -0.106307
192.034 12.336 340.525 -0.113382
192.09 12.3294 341.218 -0.120877
192.146 12.3224 341.91 -0.125985
192.202 12.3153 342.602 -0.127284
192.258 12.3082 343.294 -0.127041
192.315 12.301 343.985 -0.125017
192.371 12.2942 344.676 -0.119385
192.427 12.2875 345.367 -0.118188
192.483 12.281 346.057 -0.115562
192.539 12.2746 346.746 -0.111717
192.596 12.2684 347.436 -0.109349
192.652 12.2624 348.125 -0.104001
192.708 12.2569 348.814 -0.0964184
192.764 12.2517 349.502 -0.0910468
192.82 12.2468 350.19 -0.0834981
192.876 12.2423 350.878 -0.0765122
192.933 12.2384 351.566 -0.0656664
192.989 12.2352 352.253 -0.0550459
193.045 12.2323 352.94 -0.047027
193.101 12.23 353.627 -0.0381254
193.157 12.2281 354.314 -0.0277453
193.213 12.2269 355.001 -0.0179161
193.27 12.2262 355.688 -0.00892756
193.326 12.2262 356.375 0.00388072
193.382 12.2267 357.062 0.0144292
193.438 12.2282 357.749 0.0333702
193.494 12.2307 358.436 0.0519346
193.551 12.2338 359.123 0.0624253
193.607 12.2378 359.811 0.0740496
193.663 12.2423 360.498 0.086721
193.719 12.2477 361.186 0.102718
193.775 12.2541 361.875 0.119887
193.831 12.2611 362.563 0.127521
193.888 12.2686 363.252 0.137419
193.944 12.2769 363.942 0.154223
194 12.2861 364.632 0.172964
194.056 12.2963 365.322 0.184863
194.112 12.307 366.014 0.193033
194.169 12.3182 366.705 0.202644
194.225 12.3299 367.398 0.213413
194.281 12.3426 368.091 0.230994
194.337 12.3557 368.785 0.237625
194.393 12.3695 369.479 0.248502
194.449 12.3838 370.175 0.259248
194.506 12.3989 370.871 0.277018
194.562 12.4147 371.568 0.282471
194.618 12.4308 372.266 0.291417
194.674 12.4477 372.965 0.31115
194.73 12.4656 373.665 0.323821
194.787 12.4842 374.366 0.334553
194.843 12.5032 375.068 0.341422
194.899 12.5226 375.771 0.347951
194.955 12.5426 376.475 0.359994
195.011 12.5633 377.18 0.375701
195.067 12.5846 377.887 0.384329
195.124 12.6064 378.595 0.389322
195.18 12.6283 379.304 0.391672
195.236 12.6505 380.014 0.396559
195.292 12.6732 380.725 0.408932
195.348 12.6966 381.438 0.421067
195.404 12.7206 382.152 0.430667
195.461 12.7448 382.868 0.428921
195.517 12.7689 383.584 0.430049
195.573 12.793 384.303 0.427982
195.629 12.8169 385.022 0.422632
195.685 12.8403 385.743 0.412848
195.742 12.8629 386.465 0.396787
195.798 12.8848 387.188 0.383131
195.854 12.9059 387.913 0.372626
195.91 12.9263 388.639 0.357007
195.966 12.9457 389.366 0.336355
196.022 12.9639 390.094 0.314197
196.079 12.9804 390.822 0.280723
196.135 12.9951 391.552 0.24771
196.191 13.008 392.283 0.218944
196.247 13.0191 393.014 0.183003
196.303 13.028 393.746 0.139441
196.36 13.0342 394.478 0.0904322
196.416 13.0374 395.21 0.0359616
196.472 13.0375 395.943 -0.0198272
196.528 13.0346 396.675 -0.0708798
196.584 13.0287 397.407 -0.128452
196.64 13.0196 398.139 -0.183495
196.697 13.0077 398.87 -0.231466
196.753 12.9928 399.6 -0.285952
196.809 12.9749 400.329 -0.343372
196.865 12.9539 401.058 -0.393776
196.921 12.9299 401.784 -0.451411
196.978 12.9028 402.51 -0.50469
197.034 12.8727 403.234 -0.553308
197.09 12.84 403.956 -0.599912
197.146 12.8048 404.676 -0.643654
197.202 12.7675 405.394 -0.676378
197.258 12.7282 406.11 -0.713457
197.315 12.6871 406.824 -0.744236
197.371 12.6444 407.535 -0.770067
197.427 12.6003 408.244 -0.796652
197.483 12.5544 408.95 -0.829703
197.539 12.507 409.654 -0.853533
197.596 12.4583 410.355 -0.871532
197.652 12.4093 411.053 -0.875683
197.708 12.3599 411.749 -0.879882
197.764 12.3102 412.442 -0.888145
197.82 12.2604 413.132 -0.882325
197.876 12.211 413.819 -0.87951
197.933 12.1617 414.503 -0.875452
197.989 12.1128 415.185 -0.863479
198.045 12.065 415.863 -0.843384
198.101 12.0181 416.54 -0.828373
198.157 11.9725 417.213 -0.800815
198.213 11.9282 417.884 -0.779994
198.27 11.8853 418.553 -0.748636
198.326 11.8443 419.219 -0.719042
198.382 11.8052 419.884 -0.680734
198.438 11.7679 420.545 -0.65166
198.494 11.7324 421.205 -0.617928
198.551 11.6991 421.863 -0.572852
198.607 11.6684 422.52 -0.531539
198.663 11.6396 423.174 -0.498918
198.719 11.6126 423.827 -0.47217
198.775 11.5874 424.479 -0.429113
198.831 11.5647 425.129 -0.387564
198.888 11.5444 425.778 -0.345244
198.944 11.5263 426.426 -0.30818
199 11.5102 427.073 -0.273265
199.056 11.4959 427.719 -0.243082
199.112 11.4836 428.364 -0.201628
199.169 11.4739 429.009 -0.154586
199.225 11.4669 429.654 -0.105244
199.281 11.4623 430.298 -0.0657161
199.337 11.4601 430.941 -0.0220176
199.393 11.4603 431.585 0.0190022
199.449 11.4623 432.229 0.0491198
199.506 11.4662 432.873 0.0793346
199.562 11.4716 433.518 0.109723
199.618 11.4788 434.162 0.141294
199.674 11.488 434.807 0.178043
199.73 11.4991 435.453 0.209979
199.787 11.5118 436.1 0.235323
199.843 11.5259 436.747 0.261956
199.899 11.5413 437.395 0.282773
199.955 11.5579 438.044 0.302903
200.011 11.5755 438.694 0.318004
200.067 11.5937 439.345 0.327063
200.124 11.6122 439.997 0.331405
200.18 11.6309 440.65 0.332492
200.236 11.6497 441.304 0.334821
200.292 11.6682 441.959 0.327977
200.348 11.6864 442.615 0.320848
200.404 11.7043 443.272 0.316818
200.461 11.7219 443.93 0.31441
200.517 11.7393 444.589 0.305918
200.573 11.7564 445.249 0.30229
200.629 11.7731 445.91 0.2957
200.685 11.7894 446.572 0.287542
200.742 11.8054 447.235 0.283179
200.798 11.821 447.899 0.274
200.854 11.8362 448.564 0.266655
200.91 11.8511 449.229 0.259727
200.966 11.8652 449.895 0.24507
201.022 11.8784 450.562 0.227452
201.079 11.8907 451.23 0.212714
201.135 11.9019 451.899 0.193461
201.191 11.9124 452.568 0.181049
201.247 11.9221 453.237 0.166162
201.303 11.9308 453.907 0.150056
201.36 11.9389 454.578 0.138732
201.416 11.9458 455.249 0.114637
201.472 11.9515 455.92 0.0947541
201.528 11.9562 456.592 0.0739253
201.584 11.9599 457.263 0.0577863
201.64 11.9625 457.935 0.0395863
201.697 11.9642 458.608 0.0237885
201.753 11.9651 459.28 0.00985276
201.809 11.9649 459.952 -0.0116079
201.865 11.9637 460.624 -0.0270148
201.921 11.9618 461.296 -0.0376364
201.978 11.9593 461.968 -0.0473509
202.034 11.9566 462.64 -0.0507622
202.09 11.9536 463.311 -0.0552223
202.146 11.9503 463.983 -0.0609692
202.202 11.9466 464.654 -0.0706094
202.258 11.9422 465.325 -0.081931
202.315 11.9373 465.996 -0.0897437
202.371 11.9322 466.666 -0.0906642
202.427 11.9273 467.337 -0.0839026
202.483 11.9224 468.006 -0.0882
202.539 11.9174 468.676 -0.0918794
202.596 11.9121 469.345 -0.0963145
202.652 11.9066 470.014 -0.0965425
202.708 11.9015 470.683 -0.0883446
202.764 11.8968 471.352 -0.0806184
202.82 11.8927 472.02 -0.068232
202.876 11.8891 472.688 -0.0617617
202.933 11.8858 473.356 -0.0561731
202.989 11.8828 474.023 -0.0471767
203.045 11.8805 474.691 -0.0378892
203.101 11.8788 475.358 -0.0250168
203.157 11.8777 476.026 -0.0151315
203.213 11.8773 476.693 -0.0045047
203.27 11.8774 477.36 0.00848296
203.326 11.8785 478.027 0.0262833
203.382 11.8807 478.695 0.046425
203.438 11.8841 479.362 0.0712772
203.494 11.889 480.03 0.093914
203.551 11.8947 480.698 0.10791
203.607 11.9017 481.367 0.137562
203.663 11.9101 482.036 0.157246
203.719 11.9199 482.705 0.185342
203.775 11.9311 483.375 0.207964
203.831 11.9437 484.046 0.23659
203.888 11.9578 484.717 0.259967
203.944 11.9732 485.39 0.284366
204 11.9903 486.063 0.3153
204.056 12.0088 486.737 0.339902
204.112 12.0288 487.412 0.368007
204.169 12.0502 488.089 0.386369
204.225 12.0726 488.767 0.408987
204.281 12.0968 489.446 0.444551
204.337 12.1228 490.126 0.473062
204.393 12.1501 490.808 0.494142
204.449 12.1788 491.492 0.520738
204.506 12.2091 492.177 0.553107
204.562 12.2409 492.864 0.572059
204.618 12.2733 493.553 0.582347
204.674 12.3064 494.243 0.594971
204.73 12.3403 494.936 0.606434
204.787 12.3741 495.63 0.601839
204.843 12.4083 496.326 0.612554
204.899 12.4429 497.025 0.613213
204.955 12.4774 497.725 0.614906
205.011 12.5116 498.427 0.602929
205.067 12.5449 499.131 0.584434
205.124 12.5771 499.837 0.568103
205.18 12.6084 500.545 0.547154
205.236 12.6383 501.254 0.523771
205.292 12.667 501.965 0.499736
205.348 12.6938 502.677 0.462847
205.404 12.7185 503.391 0.419783
205.461 12.7405 504.107 0.375676
205.517 12.76 504.823 0.330106
205.573 12.7772 505.541 0.287942
205.629 12.7918 506.259 0.241886
205.685 12.8037 506.978 0.193732
205.742 12.8128 507.698 0.141672
205.798 12.8191 508.418 0.0916594
205.854 12.8224 509.138 0.0392292
205.91 12.8228 509.858 -0.020319
205.966 12.8199 510.579 -0.0766311
206.022 12.8135 511.299 -0.136835
206.079 12.8039 512.018 -0.19144
206.135 12.7915 512.737 -0.239451
206.191 12.7764 513.455 -0.288993
206.247 12.7584 514.172 -0.341446
206.303 12.7377 514.888 -0.385237
206.36 12.7146 515.603 -0.42912
206.416 12.6889 516.317 -0.47617
206.472 12.6609 517.029 -0.513771
206.528 12.6307 517.739 -0.554392
206.584 12.5982 518.447 -0.592864
206.64 12.5639 519.154 -0.620423
206.697 12.5282 519.859 -0.646082
206.753 12.4909 520.561 -0.678716
206.809 12.4519 521.262 -0.701874
206.865 12.4118 521.96 -0.718384
206.921 12.3709 522.656 -0.739107
206.978 12.3287 523.349 -0.759859
207.034 12.2855 524.041 -0.771601
207.09 12.2418 524.729 -0.783198
207.146 12.1975 525.416 -0.79273
207.202 12.1526 526.099 -0.802605
207.258 12.1074 526.78 -0.80124
207.315 12.0624 527.459 -0.79847
207.371 12.0179 528.135 -0.785377
207.427 11.9742 528.809 -0.776026
207.483 11.9309 529.48 -0.763711
207.539 11.8886 530.149 -0.747328
207.596 11.847 530.816 -0.730818
207.652 11.8066 531.48 -0.711525
207.708 11.7673 532.142 -0.691435
207.764 11.7294 532.802 -0.665523
207.82 11.6926 533.459 -0.646833
207.876 11.6571 534.115 -0.619743
207.933 11.6237 534.769 -0.578667
207.989 11.5923 535.421 -0.544572
208.045 11.563 536.071 -0.506858
208.101 11.5357 536.72 -0.474308
208.157 11.5099 537.367 -0.448644
208.213 11.4858 538.013 -0.417305
208.27 11.4637 538.657 -0.378116
208.326 11.4436 539.3 -0.340706
208.382 11.4258 539.943 -0.300999
208.438 11.4103 540.584 -0.26153
208.494 11.3967 541.225 -0.228506
208.551 11.3847 541.864 -0.202759
208.607 11.3747 542.504 -0.159767
208.663 11.3672 543.142 -0.115699
208.719 11.3618 543.781 -0.080821
208.775 11.3587 544.419 -0.0413653
208.831 11.3577 545.057 -0.00352345
208.888 11.3587 545.695 0.0332227
208.944 11.3617 546.334 0.0656349
209 11.3665 546.972 0.101743
209.056 11.3731 547.611 0.131446
209.112 11.3818 548.25 0.169613
209.169 11.3926 548.89 0.202125
209.225 11.4047 549.53 0.226547
209.281 11.4183 550.171 0.252987
209.337 11.4336 550.813 0.282861
209.393 11.4503 551.456 0.308097
209.449 11.4684 552.1 0.331476
209.506 11.4876 552.745 0.349264
209.562 11.5079 553.391 0.367419
209.618 11.5289 554.038 0.377167
209.674 11.5504 554.687 0.386494
209.73 11.5723 555.336 0.392821
209.787 11.5943 555.987 0.388665
209.843 11.6163 556.639 0.391103
209.899 11.6379 557.293 0.38073
209.955 11.659 557.947 0.371843
210.011 11.6796 558.603 0.363655
210.067 11.6995 559.26 0.34861
210.124 11.7187 559.918 0.335293
210.18 11.737 560.577 0.318092
210.236 11.7543 561.237 0.300835
210.292 11.7706 561.898 0.281271
210.348 11.7857 562.559 0.261531
210.404 11.7996 563.222 0.238614
210.461 11.8123 563.885 0.215959
210.517 11.8236 564.549 0.188709
210.573 11.8332 565.214 0.160324
210.629 11.8412 565.879 0.131221
210.685 11.8478 566.544 0.108108
210.742 11.8529 567.21 0.0819481
210.798 11.8565 567.876 0.0496927
210.854 11.8583 568.542 0.0221347
210.91 11.8585 569.209 -0.00843181
210.966 11.857 569.875 -0.0422256
211.022 11.8537 570.541 -0.0717455
211.079 11.8487 571.206 -0.0978891
211.135 11.8422 571.872 -0.130298
211.191 11.8338 572.537 -0.161454
211.247 11.8235 573.201 -0.198376
211.303 11.8113 573.865 -0.229592
211.36 11.7975 574.528 -0.257938
211.416 11.7823 575.191 -0.279727
211.472 11.7656 575.852 -0.309225
211.528 11.7473 576.512 -0.333795
211.584 11.728 577.172 -0.350299
211.64 11.7074 577.83 -0.376432
211.697 11.6854 578.487 -0.400467
211.753 11.6622 579.143 -0.417746
211.809 11.6379 579.797 -0.441045
211.865 11.6125 580.45 -0.458219
211.921 11.5862 581.101 -0.474914
211.978 11.559 581.751 -0.494325
212.034 11.5308 582.4 -0.505403
212.09 11.5021 583.047 -0.51544
212.146 11.4728 583.692 -0.526846
212.202 11.443 584.335 -0.532697
212.258 11.4129 584.977 -0.535884
212.315 11.3827 585.617 -0.538021
212.371 11.3525 586.256 -0.535027
212.427 11.3225 586.893 -0.530875
212.483 11.2926 587.528 -0.534163
212.539 11.2626 588.161 -0.530606
212.596 11.2333 588.793 -0.516983
212.652 11.2046 589.423 -0.506203
212.708 11.1768 590.052 -0.484535
212.764 11.1503 590.679 -0.463602
212.82 11.125 591.304 -0.443947
212.876 11.1009 591.928 -0.417728
212.933 11.0783 592.551 -0.391741
212.989 11.0575 593.173 -0.354561
213.045 11.0386 593.793 -0.32229
213.101 11.0217 594.413 -0.285507
213.157 11.0069 595.032 -0.248284
213.213 10.9946 595.65 -0.198792
213.27 10.9851 596.267 -0.150621
213.326 10.9783 596.884 -0.101343
213.382 10.9741 597.5 -0.0556561
213.438 10.9726 598.117 -0.00837537
213.494 10.9736 598.733 0.0387215
213.551 10.9775 599.35 0.0917252
213.607 10.9844 599.967 0.142793
213.663 10.994 600.584 0.19041
213.719 11.0062 601.202 0.235147
213.775 11.0207 601.821 0.274653
213.831 11.0375 602.441 0.313076
213.888 11.0562 603.062 0.348275
213.944 11.0768 603.683 0.376024
214 11.0988 604.306 0.40256
214.056 11.1222 604.931 0.423803
214.112 11.1463 605.556 0.434878
214.169 11.1712 606.183 0.446433
214.225 11.1964 606.812 0.450384
214.281 11.2216 607.442 0.446882
214.337 11.2467 608.073 0.443703
214.393 11.2714 608.706 0.436625
214.449 11.2954 609.34 0.419455
214.506 11.3182 609.975 0.395839
214.562 11.3395 610.612 0.368285
214.618 11.3591 611.249 0.33405
214.674 11.3766 611.888 0.296816
214.73 11.3919 612.528 0.254216
214.787 11.4046 613.168 0.206747
214.843 11.4145 613.809 0.15571
214.899 11.4215 614.451 0.103028
214.955 11.4254 615.093 0.0474913
215.011 11.4261 615.734 -0.0111472
215.067 11.4235 616.376 -0.0685649
215.124 11.4175 617.018 -0.133709
215.18 11.408 617.659 -0.196653
215.236 11.395 618.299 -0.253871
215.292 11.3785 618.939 -0.321629
215.348 11.3582 619.578 -0.388628
215.404 11.3342 620.215 -0.452371
215.461 11.3066 620.851 -0.51455
215.517 11.2758 621.485 -0.574022
215.573 11.2415 622.117 -0.630299
215.629 11.2045 622.748 -0.676069
215.685 11.1651 623.376 -0.716971
215.742 11.1236 624.002 -0.754341
215.798 11.0796 624.625 -0.801944
215.854 11.0331 625.246 -0.845627
215.91 10.9842 625.864 -0.882027
215.966 10.9337 626.48 -0.90914
216.022 10.882 627.092 -0.930422
216.079 10.8288 627.702 -0.954178
216.135 10.7744 628.308 -0.977683
216.191 10.7189 628.912 -0.995171
216.247 10.6626 629.512 -1.00533
216.303 10.6059 630.109 -1.01157
216.36 10.549 630.703 -1.01231
216.416 10.4923 631.294 -1.00862
216.472 10.4357 631.881 -1.00346
216.528 10.3797 632.466 -0.992695
216.584 10.3244 633.047 -0.97658
216.64 10.2703 633.625 -0.955441
216.697 10.2174 634.2 -0.932858
216.753 10.1658 634.773 -0.904
216.809 10.1162 635.342 -0.868022
216.865 10.0688 635.909 -0.827515
216.921 10.0238 636.473 -0.78446
216.978 9.98137 637.034 -0.734947
217.034 9.94202 637.594 -0.680244
217.09 9.90545 638.151 -0.628333
217.146 9.87197 638.707 -0.57542
217.202 9.84156 639.26 -0.518011
217.258 9.81466 639.812 -0.453044
217.315 9.79084 640.363 -0.400906
217.371 9.77063 640.912 -0.332006
217.427 9.75428 641.46 -0.263749
217.483 9.74191 642.008 -0.195001
217.539 9.73281 642.555 -0.140131
217.596 9.72725 643.101 -0.0709063
217.652 9.7252 643.648 -0.0141199
217.708 9.72659 644.194 0.0517498
217.764 9.73175 644.741 0.115365
217.82 9.74013 645.288 0.172389
217.876 9.7518 645.835 0.231279
217.933 9.76682 646.384 0.288656
217.989 9.78478 646.933 0.341231
218.045 9.80593 647.483 0.396807
218.101 9.8296 648.035 0.437705
218.157 9.85581 648.588 0.485596
218.213 9.88478 649.143 0.534808
218.27 9.91628 649.699 0.578809
218.326 9.95037 650.257 0.623347
218.382 9.98674 650.818 0.66265
218.438 10.0252 651.38 0.697626
218.494 10.0657 651.945 0.733733
218.551 10.1082 652.512 0.769466
218.607 10.1524 653.081 0.799444
218.663 10.1981 653.653 0.821437
218.719 10.2453 654.227 0.848332
218.775 10.2933 654.804 0.861463
218.831 10.3423 655.384 0.882875
218.888 10.3928 655.967 0.907666
218.944 10.4445 656.553 0.928188
219 10.4968 657.141 0.930853
219.056 10.5492 657.733 0.932859
219.112 10.6016 658.327 0.934074
219.169 10.6538 658.925 0.926884
219.225 10.7061 659.525 0.931434
219.281 10.7585 660.128 0.933575
219.337 10.811 660.734 0.934596
219.393 10.8636 661.343 0.937333
219.449 10.9164 661.955 0.939214
219.506 10.9691 662.571 0.938975
219.562 11.0218 663.189 0.935388
219.618 11.0744 663.81 0.936572
219.674 11.1271 664.433 0.938438
219.73 11.1799 665.06 0.941488
219.787 11.2328 665.69 0.94418
219.843 11.2859 666.323 0.945394
219.899 11.3389 666.959 0.942504
219.955 11.3917 667.598 0.939758
220.011 11.4445 668.239 0.94081
220.067 11.4973 668.884 0.935711
220.124 11.5495 669.532 0.92841
220.18 11.6012 670.182 0.916211
220.236 11.6526 670.836 0.914417
220.292 11.7038 671.492 0.907953
220.348 11.7543 672.152 0.893734
220.404 11.8044 672.814 0.89065
220.461 11.8542 673.478 0.882495
220.517 11.9034 674.146 0.874778
220.573 11.9524 674.816 0.86915
220.629 12.001 675.49 0.860914
220.685 12.0488 676.165 0.844457
220.742 12.0957 676.844 0.829272
220.798 12.142 677.525 0.816459
220.854 12.1873 678.209 0.802939
220.91 12.2317 678.895 0.780058
220.966 12.275 679.583 0.762385
221.022 12.317 680.274 0.738592
221.079 12.3572 680.968 0.698452
221.135 12.3953 681.663 0.666886
221.191 12.4315 682.361 0.632029
221.247 12.4659 683.06 0.597081
221.303 12.4982 683.762 0.561883
221.36 12.5285 684.465 0.525088
221.416 12.5568 685.17 0.486502
221.472 12.5829 685.876 0.451038
221.528 12.6068 686.584 0.408832
221.584 12.6284 687.293 0.367488
221.64 12.6474 688.003 0.319313
221.697 12.6636 688.714 0.272304
221.753 12.6774 689.426 0.227324
221.809 12.689 690.139 0.193505
221.865 12.6985 690.852 0.154714
221.921 12.706 691.565 0.119449
221.978 12.7119 692.28 0.0947382
222.034 12.7164 692.994 0.0710372
222.09 12.7196 693.708 0.04669
222.146 12.7213 694.423 0.0198636
222.202 12.7215 695.138 -0.00596111
222.258 12.7205 695.852 -0.0272536
222.315 12.7185 696.567 -0.0396131
222.371 12.7153 697.281 -0.0627443
222.427 12.711 697.996 -0.0851614
222.483 12.7058 698.709 -0.0979669
222.539 12.6998 699.423 -0.114437
222.596 12.6928 700.136 -0.132229
222.652 12.6848 700.849 -0.149018
222.708 12.6758 701.561 -0.167267
222.764 12.6659 702.273 -0.18315
222.82 12.6551 702.984 -0.200619
222.876 12.6431 703.695 -0.220774
222.933 12.6302 704.405 -0.237502
222.989 12.6164 705.114 -0.250389
223.045 12.6018 705.822 -0.263508
223.101 12.5868 706.53 -0.275307
223.157 12.5709 707.236 -0.288628
223.213 12.5541 707.942 -0.303431
223.27 12.5366 708.647 -0.317772
223.326 12.5187 709.35 -0.32033
223.382 12.5004 710.053 -0.327365
223.438 12.4818 710.755 -0.333789
223.494 12.463 711.455 -0.336338
223.551 12.4442 712.155 -0.333339
223.607 12.4256 712.853 -0.330504
223.663 12.407 713.551 -0.329987
223.719 12.3885 714.247 -0.327525
223.775 12.3704 714.943 -0.321962
223.831 12.3528 715.637 -0.307106
223.888 12.3359 716.33 -0.295468
223.944 12.3198 717.023 -0.27906
224 12.3047 717.714 -0.262017
224.056 12.2905 718.405 -0.246058
224.112 12.2773 719.095 -0.228456
224.169 12.265 719.785 -0.214349
224.225 12.2533 720.473 -0.200911
224.281 12.2427 721.161 -0.183328
224.337 12.2331 721.849 -0.158663
224.393 12.2248 722.536 -0.141528
224.449 12.2175 723.222 -0.121392
224.506 12.2114 723.908 -0.0996752
224.562 12.2064 724.594 -0.0807204
224.618 12.2025 725.28 -0.0618354
224.674 12.1996 725.965 -0.0447256
224.73 12.1972 726.651 -0.0397382
224.787 12.1953 727.336 -0.0293288
224.843 12.1939 728.021 -0.0192835
224.899 12.1932 728.706 -0.00824454
224.955 12.1932 729.391 0.00183469
225.011 12.1934 730.076 0.00578876
225.067 12.1938 730.761 0.00433405
225.124 12.1939 731.446 0.00198213
225.18 12.194 732.131 0.000661424
225.236 12.1939 732.816 -0.0027354
225.292 12.1936 733.501 -0.00696479
225.348 12.193 734.186 -0.0123312
225.404 12.1921 734.871 -0.0169208
225.461 12.1911 735.556 -0.0218671
225.517 12.1894 736.241 -0.0350248
225.573 12.1869 736.926 -0.0506434
225.629 12.1837 737.61 -0.061711
225.685 12.18 738.294 -0.0660905
225.742 12.1758 738.979 -0.0819391
225.798 12.1707 739.662 -0.0973154
225.854 12.1648 740.346 -0.110003
225.91 12.1581 741.029 -0.122559
225.966 12.1507 741.712 -0.13916
226.022 12.1425 742.394 -0.147745
226.079 12.1335 743.076 -0.16747
226.135 12.1235 743.758 -0.185078
226.191 12.1129 744.438 -0.191621
226.247 12.1017 745.118 -0.203074
226.303 12.0903 745.798 -0.203202
226.36 12.079 746.477 -0.200661
226.416 12.0677 747.155 -0.200805
226.472 12.0566 747.833 -0.197901
226.528 12.0452 748.509 -0.202537
226.584 12.0335 749.186 -0.211381
226.64 12.0217 749.861 -0.209711
226.697 12.0101 750.536 -0.205347
226.753 11.9984 751.211 -0.208332
226.809 11.9867 751.884 -0.209729
226.865 11.9753 752.557 -0.195695
226.921 11.9647 753.23 -0.183038
226.978 11.9547 753.902 -0.176995
227.034 11.9449 754.573 -0.173087
227.09 11.9354 755.244 -0.163363
227.146 11.9266 755.914 -0.154275
227.202 11.9184 756.584 -0.141045
227.258 11.9105 757.253 -0.135753
227.315 11.9033 757.922 -0.124006
227.371 11.8968 758.59 -0.106117
227.427 11.8914 759.259 -0.0905033
227.483 11.8866 759.926 -0.0837177
227.539 11.8825 760.594 -0.0658776
227.596 11.8793 761.262 -0.0482903
227.652 11.8774 761.929 -0.028471
227.708 11.8762 762.596 -0.0161038
227.764 11.8757 763.263 -0.00273079
227.82 11.8763 763.93 0.0228062
227.876 11.8783 764.598 0.0449158
227.933 11.8813 765.265 0.0581076
227.989 11.8849 765.933 0.0722305
228.045 11.8897 766.601 0.0922408
228.101 11.8956 767.269 0.115377
228.157 11.9028 767.937 0.136194
228.213 11.911 768.606 0.151857
228.27 11.9198 769.276 0.160963
228.326 11.9295 769.946 0.178929
228.382 11.9403 770.616 0.203513
228.438 11.9523 771.287 0.220974
228.494 11.9656 771.959 0.246954
228.551 11.9803 772.632 0.270642
228.607 11.9963 773.306 0.292532
228.663 12.0134 773.98 0.313225
228.719 12.0318 774.656 0.338133
228.775 12.0517 775.332 0.364184
228.831 12.0731 776.01 0.388414
228.888 12.0957 776.689 0.412691
228.944 12.1196 777.369 0.431081
229 12.1445 778.051 0.45127
229.056 12.1705 778.734 0.471966
229.112 12.1975 779.419 0.48635
229.169 12.2251 780.105 0.495673
229.225 12.2533 780.793 0.506119
229.281 12.2817 781.482 0.505094
229.337 12.3102 782.173 0.506823
229.393 12.3387 782.866 0.507911
229.449 12.367 783.56 0.502848
229.506 12.395 784.256 0.493776
229.562 12.4223 784.953 0.481667
229.618 12.4488 785.652 0.466097
229.674 12.4743 786.352 0.442518
229.73 12.4988 787.053 0.431564
229.787 12.5224 787.756 0.413501
229.843 12.545 788.461 0.3918
229.899 12.5661 789.166 0.367186
229.955 12.586 789.873 0.345594
230.011 12.6047 790.581 0.321477
230.067 12.6223 791.289 0.306609
230.124 12.6388 791.999 0.287707
230.18 12.6544 792.71 0.269163
230.236 12.6691 793.421 0.257579
230.292 12.6832 794.133 0.244368
230.348 12.6966 794.846 0.233195
230.404 12.7093 795.56 0.22373
230.461 12.7216 796.274 0.219145
230.517 12.7339 796.989 0.217101
230.573 12.7459 797.705 0.212824
230.629 12.7576 798.422 0.205977
230.685 12.7691 799.139 0.203261
230.742 12.7806 799.857 0.202862
230.798 12.7918 800.575 0.199446
230.854 12.8029 801.294 0.196161
230.91 12.8139 802.014 0.195598
230.966 12.8248 802.734 0.191308
231.022 12.8354 803.455 0.186361
231.079 12.8458 804.176 0.184423
231.135 12.856 804.898 0.178923
231.191 12.8659 805.621 0.172957
231.247 12.8756 806.344 0.170872
231.303 12.8851 807.068 0.168282
231.36 12.8943 807.792 0.160888
231.416 12.9031 808.516 0.152586
231.472 12.9114 809.242 0.145232
231.528 12.9195 809.967 0.140702
231.584 12.9272 810.693 0.135937
231.64 12.9345 811.42 0.12582
231.697 12.9414 812.147 0.121997
231.753 12.9481 812.874 0.117337
231.809 12.9544 813.602 0.108985
231.865 12.9599 814.33 0.0895428
231.921 12.9646 815.058 0.0812363
231.978 12.9687 815.786 0.0694182
232.034 12.9724 816.515 0.0619949
232.09 12.9758 817.244 0.0604092
232.146 12.9789 817.973 0.0530768
232.202 12.9817 818.702 0.0451294
232.258 12.9835 819.432 0.0220524
232.315 12.9841 820.161 0.00441499
232.371 12.9841 820.891 -0.00487959
232.427 12.9836 821.62 -0.00976387
232.483 12.9829 822.349 -0.0136429
232.539 12.9822 823.079 -0.0129998
232.596 12.9815 823.808 -0.0106613
232.652 12.9807 824.537 -0.0154875
232.708 12.9799 825.266 -0.0154145
232.764 12.9793 825.996 -0.00809224
232.82 12.9787 826.725 -0.0108968
232.876 12.9782 827.454 -0.00765194
232.933 12.9781 828.183 0.00318766
232.989 12.9787 828.912 0.0189867
233.045 12.9804 829.641 0.0365939
233.101 12.9832 830.371 0.0600018
233.157 12.9871 831.1 0.0759879
233.213 12.9921 831.83 0.0941389
233.27 12.9979 832.56 0.112649
233.326 13.0049 833.291 0.131338
233.382 13.0132 834.021 0.156692
233.438 13.0227 834.753 0.178745
233.494 13.0332 835.485 0.191753
233.551 13.0446 836.217 0.211208
233.607 13.0573 836.951 0.236923
233.663 13.0714 837.685 0.259455
233.719 13.0869 838.42 0.283717
233.775 13.1036 839.155 0.308111
233.831 13.1214 839.892 0.325556
233.888 13.1404 840.63 0.345077
233.944 13.1603 841.369 0.361767
234 13.181 842.109 0.37391
234.056 13.2027 842.85 0.394474
234.112 13.2252 843.592 0.408395
234.169 13.2486 844.336 0.421926
234.225 13.2727 845.081 0.431756
234.281 13.2973 845.828 0.440239
234.337 13.3221 846.576 0.442227
234.393 13.3471 847.325 0.441243
234.449 13.3718 848.076 0.440566
234.506 13.3965 848.828 0.439356
234.562 13.4212 849.581 0.436779
234.618 13.4456 850.336 0.43181
234.674 13.4696 851.092 0.425317
234.73 13.4932 851.85 0.414616
234.787 13.5162 852.609 0.405444
234.843 13.5383 853.369 0.386362
234.899 13.5593 854.13 0.36467
234.955 13.5793 854.892 0.348217
235.011 13.598 855.656 0.322731
235.067 13.6154 856.42 0.300518
235.124 13.6315 857.186 0.275647
235.18 13.6459 857.952 0.245206
235.236 13.6587 858.719 0.213798
235.292 13.6696 859.487 0.182438
235.348 13.6785 860.255 0.146354
235.404 13.6857 861.024 0.113265
235.461 13.691 861.793 0.0807382
235.517 13.694 862.562 0.0387323
235.573 13.6947 863.332 -0.00707578
235.629 13.6929 864.101 -0.0481317
235.685 13.6888 864.87 -0.0895238
235.742 13.6825 865.639 -0.127748
235.798 13.6743 866.407 -0.159117
235.854 13.664 867.175 -0.199806
235.91 13.6514 867.942 -0.240112
235.966 13.6368 868.709 -0.273469
236.022 13.6203 869.474 -0.305229
236.079 13.6024 870.239 -0.328863
236.135 13.5829 871.002 -0.358982
236.191 13.5616 871.765 -0.389801
236.247 13.539 872.526 -0.410284
236.303 13.5154 873.286 -0.426689
236.36 13.4908 874.044 -0.446621
236.416 13.465 874.801 -0.466685
236.472 13.4384 875.557 -0.476637
236.528 13.4113 876.311 -0.48525
236.584 13.3838 877.063 -0.492017
236.64 13.356 877.814 -0.496847
236.697 13.3278 878.564 -0.502733
236.753 13.2997 879.312 -0.501476
236.809 13.2716 880.058 -0.497756
236.865 13.2435 880.803 -0.498514
236.921 13.2157 881.546 -0.495814
236.978 13.1883 882.287 -0.483544
237.034 13.1614 883.027 -0.476328
237.09 13.135 883.766 -0.466661
237.146 13.1092 884.503 -0.455966
237.202 13.0839 885.238 -0.441073
237.258 13.06 885.973 -0.41928
237.315 13.0372 886.705 -0.396996
237.371 13.0153 887.437 -0.382894
237.427 12.9946 888.168 -0.359639
237.483 12.9756 888.897 -0.324192
237.539 12.9583 889.625 -0.295715
237.596 12.9427 890.353 -0.262574
237.652 12.9292 891.08 -0.224585
237.708 12.9177 891.805 -0.189795
237.764 12.9081 892.531 -0.15931
237.82 12.9 893.256 -0.131575
237.876 12.8937 893.98 -0.0980065
237.933 12.8896 894.704 -0.0582012
237.989 12.8875 895.429 -0.0231706
238.045 12.8875 896.153 0.0163215
238.101 12.8898 896.877 0.0550275
238.157 12.894 897.601 0.0883956
238.213 12.9 898.325 0.118918
238.27 12.9078 899.05 0.149176
238.326 12.9171 899.776 0.173284
238.382 12.9274 900.502 0.193757
238.438 12.9391 901.229 0.213753
238.494 12.9518 901.956 0.236354
238.551 12.9655 902.684 0.251828
238.607 12.9804 903.413 0.273187
238.663 12.9963 904.143 0.287732
238.719 13.0128 904.873 0.297895
238.775 13.0299 905.605 0.307917
238.831 13.0476 906.338 0.320514
238.888 13.0657 907.071 0.323042
238.944 13.0839 907.806 0.322465
239 13.1019 908.542 0.321585
239.056 13.1198 909.278 0.318362
239.112 13.1377 910.016 0.318489
239.169 13.1556 910.755 0.317455
239.225 13.1732 911.494 0.307882
239.281 13.1902 912.235 0.299325
239.337 13.2064 912.976 0.28153
239.393 13.2214 913.719 0.260233
239.449 13.2356 914.462 0.246604
239.506 13.2491 915.206 0.235086
239.562 13.2617 915.951 0.21953
239.618 13.2736 916.696 0.20385
239.674 13.2845 917.442 0.18827
239.73 13.2944 918.189 0.168523
239.787 13.3032 918.936 0.146603
239.843 13.3108 919.684 0.127896
239.899 13.317 920.432 0.102017
239.955 13.3219 921.18 0.0745679
240.011 13.3254 921.929 0.0533611
240.067 13.3274 922.677 0.0258354
240.124 13.328 923.426 -0.000847735
240.18 13.3272 924.175 -0.0235185
240.236 13.3249 924.924 -0.0508569
240.292 13.3213 925.672 -0.0737373
240.348 13.3166 926.42 -0.0907957
240.404 13.3106 927.168 -0.115905
240.461 13.3034 927.916 -0.140874
240.517 13.2946 928.663 -0.166203
240.573 13.2842 929.409 -0.196535
240.629 13.2721 930.155 -0.23083
240.685 13.2583 930.901 -0.254472
240.742 13.2429 931.645 -0.283471
240.798 13.2262 932.388 -0.306618
240.854 13.2084 933.131 -0.322481
240.91 13.1894 933.872 -0.347844
240.966 13.1692 934.612 -0.368517
241.022 13.1478 935.352 -0.387536
241.079 13.1254 936.089 -0.406061
241.135 13.1022 936.826 -0.418927
241.191 13.078 937.561 -0.437668
241.247 13.0528 938.295 -0.456319
241.303 13.0267 939.028 -0.472059
241.36 13 939.759 -0.475905
241.416 12.9729 940.488 -0.485633
241.472 12.9455 941.216 -0.489135
241.528 12.918 941.942 -0.492766
241.584 12.8901 942.667 -0.496373
241.64 12.8623 943.39 -0.494226
241.697 12.8348 944.112 -0.487556
241.753 12.8076 944.832 -0.480786
241.809 12.7812 945.551 -0.463537
241.865 12.7558 946.268 -0.444088
241.921 12.7311 946.984 -0.43411
241.978 12.7074 947.698 -0.413524
242.034 12.6846 948.411 -0.398336
242.09 12.6627 949.123 -0.381391
242.146 12.6421 949.834 -0.358673
242.202 12.6226 950.543 -0.337175
242.258 12.6044 951.252 -0.314817
242.315 12.5876 951.959 -0.288469
242.371 12.5722 952.666 -0.26482
242.427 12.5583 953.372 -0.234657
242.483 12.546 954.077 -0.210035
242.539 12.5349 954.781 -0.184349
242.596 12.5257 955.485 -0.149199
242.652 12.5183 956.189 -0.120552
242.708 12.5127 956.892 -0.0834379
242.764 12.509 957.595 -0.0555175
242.82 12.5069 958.297 -0.028468
242.876 12.5064 959 0.00561332
242.933 12.5077 959.703 0.0352251
242.989 12.5108 960.405 0.0681214
243.045 12.516 961.108 0.10902
243.101 12.5234 961.812 0.14916
243.157 12.5331 962.516 0.185035
243.213 12.5447 963.22 0.221908
243.27 12.5585 963.925 0.263693
243.326 12.5747 964.631 0.300986
243.382 12.5928 965.338 0.337714
243.438 12.6128 966.047 0.366179
243.494 12.6345 966.756 0.39997
243.551 12.6581 967.466 0.432212
243.607 12.6834 968.178 0.465803
243.663 12.7107 968.892 0.494946
243.719 12.7394 969.607 0.52223
243.775 12.7695 970.324 0.544994
243.831 12.801 971.042 0.571175
243.888 12.834 971.762 0.598489
243.944 12.8683 972.485 0.6175
244 12.9035 973.209 0.632654
244.056 12.9396 973.935 0.650354
244.112 12.9765 974.663 0.658316
244.169 13.0135 975.393 0.659612
244.225 13.0507 976.126 0.663681
244.281 13.088 976.86 0.662686
244.337 13.1251 977.597 0.660089
244.393 13.1622 978.335 0.659846
244.449 13.199 979.076 0.652747
244.506 13.2354 979.819 0.645493
244.562 13.2715 980.563 0.640013
244.618 13.3071 981.31 0.629864
244.674 13.3423 982.059 0.621896
244.73 13.3771 982.81 0.617728
244.787 13.4113 983.562 0.601388
244.843 13.4448 984.317 0.59056
244.899 13.4774 985.073 0.573026
244.955 13.5089 985.832 0.550818
245.011 13.5395 986.592 0.534143
245.067 13.5688 987.353 0.513797
245.124 13.5966 988.116 0.476824
245.18 13.623 988.881 0.45358
245.236 13.6475 989.647 0.425692
245.292 13.6703 990.415 0.392913
245.348 13.6912 991.184 0.358724
245.404 13.7104 991.953 0.32999
245.461 13.7278 992.724 0.296814
245.517 13.7435 993.496 0.266005
245.573 13.7574 994.269 0.234816
245.629 13.7692 995.042 0.194539
245.685 13.7789 995.816 0.156398
245.742 13.7865 996.59 0.120815
245.798 13.7918 997.365 0.0792936
245.854 13.7947 998.14 0.0290356
245.91 13.7951 998.915 -0.00992451
245.966 13.793 999.69 -0.0520591
246.022 13.7889 1000.46 -0.0900851
246.079 13.7826 1001.24 -0.122145
246.135 13.7745 1002.01 -0.155614
246.191 13.7649 1002.79 -0.184237
246.247 13.7538 1003.56 -0.205696
246.303 13.7414 1004.33 -0.229871
246.36 13.7278 1005.1 -0.252217
246.416 13.7132 1005.87 -0.2655
246.472 13.6977 1006.64 -0.281939
246.528 13.6815 1007.41 -0.292415
246.584 13.6648 1008.18 -0.300459
246.64 13.6476 1008.95 -0.307514
246.697 13.6304 1009.71 -0.308546
246.753 13.6132 1010.48 -0.302606
246.809 13.5962 1011.24 -0.301613
246.865 13.5796 1012.01 -0.292629
246.921 13.5635 1012.77 -0.281434
246.978 13.5479 1013.53 -0.275492
247.034 13.5329 1014.29 -0.262334
247.09 13.5188 1015.05 -0.241833
247.146 13.506 1015.81 -0.220573
247.202 13.4943 1016.57 -0.202263
247.258 13.4835 1017.33 -0.184956
247.315 13.4736 1018.08 -0.168808
247.371 13.4649 1018.84 -0.149472
247.427 13.4573 1019.6 -0.124264
247.483 13.4508 1020.35 -0.10687
247.539 13.4454 1021.11 -0.0895223
247.596 13.4411 1021.86 -0.0676871
247.652 13.4379 1022.62 -0.0505723
247.708 13.4355 1023.37 -0.0375274
247.764 13.4342 1024.13 -0.0160055
247.82 13.4337 1024.88 -0.00461209
247.876 13.434 1025.64 0.0125459
247.933 13.435 1026.39 0.0227089
247.989 13.4366 1027.15 0.0315929
248.045 13.4385 1027.9 0.0353171
248.101 13.4406 1028.66 0.039666
248.157 13.4427 1029.41 0.0368906
248.213 13.4446 1030.17 0.0336763
248.27 13.4467 1030.92 0.0435738
248.326 13.4491 1031.68 0.041547
248.382 13.4515 1032.43 0.0400836
248.438 13.454 1033.19 0.0443692
248.494 13.4563 1033.94 0.0418795
248.551 13.4587 1034.7 0.0418826
248.607 13.4613 1035.46 0.0504651
248.663 13.4642 1036.21 0.0533673
248.719 13.4673 1036.97 0.0557109
248.775 13.4708 1037.73 0.0696945
248.831 13.4749 1038.48 0.0782811
248.888 13.4798 1039.24 0.0912378
248.944 13.4855 1040 0.107885
249 13.4918 1040.76 0.11797
249.056 13.4988 1041.51 0.127457
249.112 13.5066 1042.27 0.142922
249.169 13.515 1043.03 0.153928
249.225 13.5239 1043.79 0.162439
249.281 13.5335 1044.55 0.175595
249.337 13.5436 1045.31 0.184936
249.393 13.5544 1046.07 0.192762
249.449 13.5655 1046.84 0.203378
249.506 13.5768 1047.6 0.201879
249.562 13.5882 1048.36 0.203247
249.618 13.5997 1049.12 0.20556
249.674 13.6112 1049.89 0.204912
249.73 13.6229 1050.65 0.208845
249.787 13.6345 1051.42 0.206075
249.843 13.6458 1052.19 0.196604
249.899 13.6565 1052.95 0.186318
249.955 13.6665 1053.72 0.171851
250.011 13.6755 1054.49 0.151417
250.067 13.6833 1055.26 0.127824
250.124 13.6899 1056.03 0.111178
250.18 13.6955 1056.8 0.0937226
250.236 13.7002 1057.57 0.0759725
250.292 13.7039 1058.34 0.0601232
250.348 13.7066 1059.11 0.0407425
250.404 13.7083 1059.88 0.0193596
250.461 13.7087 1060.65 1.66172e-05
250.517 13.7076 1061.42 -0.0310383
250.573 13.7046 1062.19 -0.0680313
250.629 13.6997 1062.96 -0.102537
250.685 13.6926 1063.72 -0.139052
250.742 13.6837 1064.49 -0.175566
250.798 13.6725 1065.26 -0.213052
250.854 13.6592 1066.03 -0.250708
250.91 13.6439 1066.8 -0.285933
250.966 13.6269 1067.56 -0.311794
251.022 13.6083 1068.33 -0.342531
251.079 13.588 1069.09 -0.379107
251.135 13.5655 1069.85 -0.413419
251.191 13.5412 1070.62 -0.442039
251.247 13.5156 1071.38 -0.464766
251.303 13.4888 1072.13 -0.486519
251.36 13.4606 1072.89 -0.509909
251.416 13.4312 1073.65 -0.534396
251.472 13.4006 1074.4 -0.550747
251.528 13.3692 1075.15 -0.560255
251.584 13.3375 1075.9 -0.569419
251.64 13.3054 1076.65 -0.575285
251.697 13.273 1077.4 -0.575848
251.753 13.2408 1078.14 -0.573453
251.809 13.2088 1078.88 -0.566345
251.865 13.1771 1079.62 -0.560289
251.921 13.1462 1080.36 -0.547218
251.978 13.1154 1081.1 -0.545927
252.034 13.0855 1081.84 -0.521993
252.09 13.0567 1082.57 -0.508652
252.146 13.0286 1083.3 -0.495742
252.202 13.001 1084.03 -0.482426
252.258 12.9744 1084.76 -0.468116
252.315 12.9488 1085.49 -0.447695
252.371 12.9242 1086.22 -0.430848
252.427 12.9009 1086.94 -0.406526
252.483 12.8789 1087.67 -0.381766
252.539 12.8581 1088.39 -0.361348
252.596 12.8387 1089.11 -0.33459
252.652 12.821 1089.83 -0.302816
252.708 12.8048 1090.55 -0.277036
252.764 12.7903 1091.27 -0.247173
252.82 12.7776 1091.99 -0.209767
252.876 12.767 1092.71 -0.175077
252.933 12.7583 1093.42 -0.139717
252.989 12.7518 1094.14 -0.100033
253.045 12.7474 1094.86 -0.0655353
253.101 12.745 1095.57 -0.0289832
253.157 12.7446 1096.29 0.010064
253.213 12.7463 1097 0.0467316
253.27 12.7502 1097.72 0.0809522
253.326 12.7558 1098.44 0.116558
253.382 12.7635 1099.15 0.152398
253.438 12.7735 1099.87 0.192911
253.494 12.7855 1100.59 0.227177
253.551 12.7992 1101.31 0.252387
253.607 12.8146 1102.03 0.289038
253.663 12.8321 1102.75 0.326931
253.719 12.8514 1103.47 0.355839
253.775 12.8724 1104.19 0.380841
253.831 12.8946 1104.92 0.407983
253.888 12.9183 1105.64 0.43294
253.944 12.9436 1106.37 0.460883
254 12.9704 1107.1 0.486345
254.056 12.9982 1107.83 0.499799
254.112 13.0267 1108.56 0.511555
254.169 13.056 1109.29 0.528719
254.225 13.0862 1110.02 0.54179
254.281 13.1171 1110.76 0.552433
254.337 13.1484 1111.5 0.562788
254.393 13.18 1112.24 0.565583
254.449 13.2119 1112.98 0.56772
254.506 13.2441 1113.72 0.575054
254.562 13.2764 1114.47 0.574149
254.618 13.3086 1115.22 0.568992
254.674 13.3402 1115.96 0.562925
254.73 13.3714 1116.71 0.551056
254.787 13.4019 1117.47 0.537553
254.843 13.4316 1118.22 0.521567
254.899 13.4601 1118.98 0.499569
254.955 13.4874 1119.73 0.476936
255.011 13.5136 1120.49 0.458993
255.067 13.5385 1121.25 0.433342
255.124 13.5621 1122.01 0.409345
255.18 13.584 1122.78 0.38148
255.236 13.6038 1123.54 0.341075
255.292 13.6217 1124.31 0.301278
255.348 13.6372 1125.07 0.25606
255.404 13.6499 1125.84 0.208299
255.461 13.6601 1126.6 0.163718
255.517 13.6679 1127.37 0.122412
255.573 13.6733 1128.14 0.0801037
255.629 13.6766 1128.91 0.044862
255.685 13.6782 1129.68 0.01706
255.742 13.6781 1130.45 -0.0129093
255.798 13.6764 1131.21 -0.0431432
255.854 13.673 1131.98 -0.0716664
255.91 13.6678 1132.75 -0.103822
255.966 13.6609 1133.52 -0.133145
256.022 13.6528 1134.29 -0.150709
256.079 13.6437 1135.05 -0.168773
256.135 13.6338 1135.82 -0.183487
256.191 13.6232 1136.58 -0.191573
256.247 13.612 1137.35 -0.204795
256.303 13.6002 1138.11 -0.216267
256.36 13.5877 1138.88 -0.223551
256.416 13.5749 1139.64 -0.229836
256.472 13.5619 1140.4 -0.234597
256.528 13.5488 1141.16 -0.231267
256.584 13.5356 1141.92 -0.23465
256.64 13.5225 1142.68 -0.23333
256.697 13.5094 1143.44 -0.23344
256.753 13.4962 1144.2 -0.234853
256.809 13.4832 1144.96 -0.230162
256.865 13.4703 1145.72 -0.227665
256.921 13.4576 1146.47 -0.225315
256.978 13.4449 1147.23 -0.23025
257.034 13.432 1147.98 -0.230517
257.09 13.419 1148.74 -0.228351
257.146 13.406 1149.49 -0.231274
257.202 13.3929 1150.24 -0.234191
257.258 13.3796 1151 -0.237395
257.315 13.3662 1151.75 -0.242122
257.371 13.3524 1152.5 -0.245734
257.427 13.3384 1153.25 -0.250202
257.483 13.3243 1154 -0.253021
257.539 13.3102 1154.74 -0.250656
257.596 13.2958 1155.49 -0.260282
257.652 13.281 1156.24 -0.265348
257.708 13.2661 1156.98 -0.265266
257.764 13.2512 1157.73 -0.264857
257.82 13.2364 1158.47 -0.264051
257.876 13.2218 1159.21 -0.257833
257.933 13.2071 1159.96 -0.259284
257.989 13.1929 1160.7 -0.250934
258.045 13.1791 1161.44 -0.242313
258.101 13.1657 1162.18 -0.233987
258.157 13.1529 1162.92 -0.224615
258.213 13.1409 1163.66 -0.204093
258.27 13.1301 1164.39 -0.183
258.326 13.1207 1165.13 -0.15896
258.382 13.1128 1165.87 -0.131127
258.438 13.106 1166.61 -0.114741
258.494 13.1003 1167.34 -0.093927
258.551 13.0957 1168.08 -0.071866
258.607 13.0924 1168.81 -0.0505353
258.663 13.0903 1169.55 -0.0302685
258.719 13.0894 1170.28 -0.00839183
258.775 13.0895 1171.02 0.0114209
258.831 13.0906 1171.75 0.0236953
258.888 13.0924 1172.49 0.0377412
258.944 13.0947 1173.23 0.0444738
259 13.0973 1173.96 0.0481428
259.056 13.1003 1174.7 0.0571819
259.112 13.1037 1175.43 0.0648491
259.169 13.1076 1176.17 0.0703098
259.225 13.1117 1176.91 0.0723879
259.281 13.1157 1177.64 0.0716348
259.337 13.1197 1178.38 0.0706318
259.393 13.1237 1179.12 0.0709562
259.449 13.1272 1179.85 0.0587522
259.506 13.1303 1180.59 0.0492042
259.562 13.1329 1181.33 0.0441645
259.618 13.135 1182.07 0.0345711
259.674 13.1367 1182.81 0.0266215
259.73 13.1382 1183.54 0.0209893
259.787 13.1392 1184.28 0.0154567
259.843 13.1398 1185.02 0.00949159
259.899 13.1401 1185.76 0.00230095
259.955 13.14 1186.5 -0.00570642
260.011 13.1395 1187.23 -0.0133207
260.067 13.1385 1187.97 -0.0173795
260.124 13.1374 1188.71 -0.0218959
260.18 13.136 1189.45 -0.0290058
260.236 13.1342 1190.19 -0.0343883
260.292 13.1318 1190.92 -0.0459255
260.348 13.1289 1191.66 -0.0581264
260.404 13.1253 1192.4 -0.0670734
260.461 13.121 1193.14 -0.0817038
260.517 13.1159 1193.87 -0.0974995
260.573 13.1099 1194.61 -0.11422
260.629 13.1029 1195.35 -0.129231
260.685 13.0951 1196.08 -0.147553
260.742 13.0864 1196.82 -0.157968
260.798 13.077 1197.55 -0.172622
260.854 13.0669 1198.29 -0.1845
260.91 13.0562 1199.02 -0.195212
260.966 13.0444 1199.75 -0.216811
261.022 13.0318 1200.49 -0.228812
261.079 13.0186 1201.22 -0.240874
261.135 13.0044 1201.95 -0.261157
261.191 12.9891 1202.68 -0.281087
261.247 12.9728 1203.41 -0.29592
261.303 12.9553 1204.14 -0.321205
261.36 12.9367 1204.86 -0.339666
261.416 12.9173 1205.59 -0.349354
261.472 12.8972 1206.32 -0.363521
261.528 12.8764 1207.04 -0.379903
261.584 12.8544 1207.76 -0.39778
261.64 12.8311 1208.48 -0.42178
261.697 12.807 1209.2 -0.437369
261.753 12.782 1209.92 -0.449501
261.809 12.7559 1210.64 -0.470812
261.865 12.7292 1211.35 -0.480687
261.921 12.7019 1212.07 -0.488849
261.978 12.674 1212.78 -0.499085
262.034 12.6457 1213.49 -0.509633
262.09 12.6168 1214.2 -0.515248
262.146 12.5876 1214.91 -0.521411
262.202 12.558 1215.62 -0.530989
262.258 12.528 1216.32 -0.534214
262.315 12.4978 1217.02 -0.537532
262.371 12.4674 1217.72 -0.542906
262.427 12.4369 1218.42 -0.543671
262.483 12.4064 1219.12 -0.542414
262.539 12.3762 1219.82 -0.536001
262.596 12.3463 1220.51 -0.530281
262.652 12.3166 1221.2 -0.525641
262.708 12.2875 1221.9 -0.514669
262.764 12.2591 1222.58 -0.497941
262.82 12.2314 1223.27 -0.492222
262.876 12.204 1223.96 -0.481622
262.933 12.1779 1224.64 -0.455693
262.989 12.1531 1225.33 -0.43427
263.045 12.1293 1226.01 -0.415274
263.101 12.1067 1226.69 -0.393742
263.157 12.0853 1227.37 -0.371254
263.213 12.0653 1228.05 -0.346079
263.27 12.0467 1228.72 -0.321238
263.326 12.0297 1229.4 -0.288667
263.382 12.0145 1230.08 -0.259151
263.438 12.0013 1230.75 -0.220706
263.494 11.9898 1231.42 -0.190152
263.551 11.9804 1232.1 -0.15214
263.607 11.973 1232.77 -0.115699
263.663 11.9677 1233.44 -0.0775157
263.719 11.9647 1234.11 -0.0398121
263.775 11.9637 1234.79 -0.00138617
263.831 11.965 1235.46 0.041394
263.888 11.9687 1236.13 0.0826503
263.944 11.9747 1236.8 0.124502
264 11.983 1237.48 0.163779
264.056 11.9935 1238.15 0.200083
264.112 12.006 1238.82 0.238666
264.169 12.0207 1239.5 0.276751
264.225 12.0376 1240.18 0.314881
264.281 12.0564 1240.85 0.348451
264.337 12.0769 1241.53 0.378754
264.393 12.0991 1242.21 0.40803
264.449 12.1231 1242.89 0.437037
264.506 12.1486 1243.57 0.462211
264.562 12.1752 1244.26 0.481445
264.618 12.2028 1244.94 0.496185
264.674 12.2309 1245.63 0.50256
264.73 12.2592 1246.32 0.5029
264.787 12.2872 1247 0.496698
264.843 12.3148 1247.7 0.487576
264.899 12.3419 1248.39 0.476402
264.955 12.3683 1249.08 0.465134
265.011 12.3938 1249.78 0.448233
265.067 12.4182 1250.48 0.422183
265.124 12.4411 1251.17 0.398242
265.18 12.4624 1251.87 0.366546
265.236 12.482 1252.57 0.330047
265.292 12.4992 1253.28 0.292246
265.348 12.5143 1253.98 0.256384
265.404 12.5271 1254.68 0.211655
265.461 12.5374 1255.39 0.16442
265.517 12.5449 1256.09 0.114061
265.573 12.5496 1256.8 0.0630421
265.629 12.5513 1257.5 0.00874545
265.685 12.5497 1258.21 -0.0523806
265.742 12.5447 1258.91 -0.112374
265.798 12.5366 1259.62 -0.16806
265.854 12.5253 1260.32 -0.221587
265.91 12.5111 1261.02 -0.27069
265.966 12.4944 1261.73 -0.317358
266.022 12.4748 1262.43 -0.367774
266.079 12.4524 1263.13 -0.423539
266.135 12.4269 1263.83 -0.475186
266.191 12.3985 1264.52 -0.524258
266.247 12.3676 1265.22 -0.565915
266.303 12.3346 1265.91 -0.601642
266.36 12.2996 1266.6 -0.633235
266.416 12.2626 1267.29 -0.672201
266.472 12.2238 1267.98 -0.698431
266.528 12.1838 1268.67 -0.721178
266.584 12.1423 1269.35 -0.752159
266.64 12.0993 1270.03 -0.769641
266.697 12.0557 1270.71 -0.777662
266.753 12.012 1271.38 -0.780721
266.809 11.968 1272.06 -0.781818
266.865 11.9239 1272.73 -0.787074
266.921 11.8797 1273.4 -0.783559
266.978 11.8362 1274.06 -0.769595
267.034 11.7933 1274.73 -0.758887
267.09 11.751 1275.39 -0.747045
267.146 11.7098 1276.05 -0.723807
267.202 11.6697 1276.7 -0.706961
267.258 11.6308 1277.36 -0.685266
267.315 11.5928 1278.01 -0.664771
267.371 11.5565 1278.66 -0.637489
267.427 11.5217 1279.31 -0.60564
267.483 11.4884 1279.95 -0.58578
267.539 11.4563 1280.6 -0.558137
267.596 11.4257 1281.24 -0.536284
267.652 11.3966 1281.88 -0.505822
267.708 11.3691 1282.52 -0.477463
267.764 11.3435 1283.16 -0.443607
267.82 11.3193 1283.79 -0.425827
267.876 11.2964 1284.43 -0.393461
267.933 11.2752 1285.06 -0.365498
267.989 11.256 1285.7 -0.326624
268.045 11.2387 1286.33 -0.297037
268.101 11.2227 1286.96 -0.274105
268.157 11.2085 1287.59 -0.237257
268.213 11.1964 1288.22 -0.200847
268.27 11.1861 1288.85 -0.171149
268.326 11.1776 1289.48 -0.140947
268.382 11.1705 1290.1 -0.117446
268.438 11.1649 1290.73 -0.0862687
268.494 11.1614 1291.36 -0.0475627
268.551 11.1599 1291.98 -0.010907
268.607 11.1605 1292.61 0.0241615
268.663 11.1632 1293.24 0.0616008
268.719 11.1676 1293.87 0.0899476
268.775 11.1735 1294.49 0.113065
268.831 11.1808 1295.12 0.139674
268.888 11.1898 1295.75 0.172822
268.944 11.2004 1296.38 0.200193
269 11.2126 1297.01 0.229245
269.056 11.226 1297.64 0.246449
269.112 11.2406 1298.27 0.26646
269.169 11.2562 1298.9 0.283482
269.225 11.2727 1299.54 0.301454
269.281 11.2902 1300.17 0.315488
269.337 11.3084 1300.8 0.330012
269.393 11.3271 1301.44 0.334638
269.449 11.346 1302.08 0.336027
269.506 11.3651 1302.71 0.343678
269.562 11.3844 1303.35 0.345408
269.618 11.404 1303.99 0.347785
269.674 11.4235 1304.64 0.34623
269.73 11.4428 1305.28 0.343728
269.787 11.4621 1305.92 0.342662
269.843 11.4813 1306.57 0.339513
269.899 11.5002 1307.21 0.336086
269.955 11.5189 1307.86 0.329268
270.011 11.5375 1308.51 0.331209
270.067 11.5559 1309.15 0.329742
270.124 11.5745 1309.8 0.32869
270.18 11.5929 1310.46 0.328228
270.236 11.611 1311.11 0.320894
270.292 11.6289 1311.76 0.312326
270.348 11.6463 1312.41 0.308445
270.404 11.6632 1313.07 0.296865
270.461 11.6795 1313.72 0.285811
270.517 11.6954 1314.38 0.279461
270.573 11.7107 1315.04 0.271156
270.629 11.7256 1315.7 0.262453
270.685 11.7401 1316.36 0.253151
270.742 11.7539 1317.02 0.241864
270.798 11.7671 1317.68 0.228177
270.854 11.7797 1318.34 0.220951
270.91 11.7916 1319 0.208372
270.966 11.8032 1319.66 0.202754
271.022 11.8145 1320.33 0.199873
271.079 11.8256 1320.99 0.193881
271.135 11.8364 1321.66 0.188682
271.191 11.847 1322.32 0.189896
271.247 11.8574 1322.99 0.18621
271.303 11.8678 1323.65 0.181169
271.36 11.8779 1324.32 0.176806
271.416 11.8876 1324.99 0.169788
271.472 11.8968 1325.66 0.159902
271.528 11.9055 1326.33 0.15219
271.584 11.9135 1326.99 0.132568
271.64 11.9205 1327.66 0.119407
271.697 11.9268 1328.33 0.106865
271.753 11.9323 1329 0.0903483
271.809 11.9366 1329.68 0.0677418
271.865 11.9398 1330.35 0.0513705
271.921 11.942 1331.02 0.0324942
271.978 11.9432 1331.69 0.0122947
272.034 11.9435 1332.36 0.00264793
272.09 11.9432 1333.03 -0.0107944
272.146 11.9421 1333.7 -0.0267975
272.202 11.9399 1334.37 -0.0487515
272.258 11.9362 1335.04 -0.0757615
272.315 11.9312 1335.71 -0.0980633
272.371 11.925 1336.38 -0.117967
272.427 11.9176 1337.05 -0.139216
272.483 11.9092 1337.72 -0.158168
272.539 11.8996 1338.39 -0.178048
272.596 11.8885 1339.06 -0.211162
272.652 11.8757 1339.73 -0.238525
272.708 11.8614 1340.39 -0.262089
272.764 11.8457 1341.06 -0.287936
272.82 11.8288 1341.72 -0.312503
272.876 11.8105 1342.39 -0.334518
272.933 11.7907 1343.05 -0.36287
272.989 11.7695 1343.71 -0.389761
273.045 11.7467 1344.37 -0.413915
273.101 11.7227 1345.03 -0.435467
273.157 11.6975 1345.69 -0.457789
273.213 11.671 1346.35 -0.481249
273.27 11.6428 1347 -0.515857
273.326 11.6131 1347.65 -0.538294
273.382 11.5823 1348.3 -0.553217
273.438 11.5506 1348.95 -0.572824
273.494 11.5177 1349.6 -0.595277
273.551 11.4838 1350.25 -0.608079
273.607 11.4493 1350.89 -0.616794
273.663 11.4144 1351.53 -0.627786
273.719 11.3787 1352.17 -0.641427
273.775 11.3423 1352.81 -0.648141
273.831 11.3061 1353.45 -0.645029
273.888 11.2697 1354.08 -0.648586
273.944 11.233 1354.71 -0.653958
274 11.1964 1355.34 -0.648901
274.056 11.1603 1355.97 -0.639453
274.112 11.1245 1356.6 -0.634402
274.169 11.089 1357.22 -0.631346
274.225 11.0541 1357.84 -0.61409
274.281 11.0198 1358.46 -0.609143
274.337 10.9859 1359.08 -0.600157
274.393 10.9527 1359.7 -0.582164
274.449 10.9207 1360.31 -0.557523
274.506 10.8903 1360.92 -0.533589
274.562 10.8609 1361.53 -0.514102
274.618 10.8327 1362.14 -0.493185
274.674 10.8061 1362.75 -0.460714
274.73 10.781 1363.36 -0.433297
274.787 10.7575 1363.96 -0.408005
274.843 10.7357 1364.57 -0.376326
274.899 10.7158 1365.17 -0.340018
274.955 10.6976 1365.77 -0.307743
275.011 10.6817 1366.37 -0.270512
275.067 10.6679 1366.97 -0.226975
275.124 10.6563 1367.57 -0.193937
275.18 10.647 1368.17 -0.144418
275.236 10.6407 1368.76 -0.090752
275.292 10.6374 1369.36 -0.0363636
275.348 10.6372 1369.96 0.0185405
275.404 10.6401 1370.56 0.0756909
275.461 10.6464 1371.16 0.136628
275.517 10.6563 1371.75 0.200993
275.573 10.6696 1372.35 0.261825
275.629 10.6865 1372.95 0.328176
275.685 10.7074 1373.55 0.399515
275.742 10.732 1374.16 0.463623
275.798 10.76 1374.76 0.524707
275.854 10.7914 1375.37 0.580354
275.91 10.8258 1375.97 0.636038
275.966 10.8629 1376.58 0.676882
276.022 10.9028 1377.19 0.729173
276.079 10.9454 1377.81 0.777909
276.135 10.9903 1378.42 0.809566
276.191 11.0367 1379.04 0.836572
276.247 11.0846 1379.67 0.863083
276.303 11.1337 1380.29 0.880612
276.36 11.1835 1380.92 0.887475
276.416 11.2336 1381.55 0.891908
276.472 11.2834 1382.18 0.883205
276.528 11.3326 1382.82 0.868907
276.584 11.3809 1383.45 0.851191
276.64 11.4275 1384.09 0.815685
276.697 11.4719 1384.74 0.771184
276.753 11.5139 1385.38 0.729908
276.809 11.553 1386.03 0.677256
276.865 11.5891 1386.68 0.615132
276.921 11.6218 1387.33 0.559737
276.978 11.6516 1387.99 0.512768
277.034 11.6782 1388.64 0.451859
277.09 11.7017 1389.3 0.395729
277.146 11.7218 1389.96 0.333307
277.202 11.7386 1390.62 0.275385
277.258 11.7521 1391.28 0.216772
277.315 11.7621 1391.94 0.154263
277.371 11.7688 1392.6 0.0963913
277.427 11.7724 1393.26 0.039619
277.483 11.7727 1393.92 -0.0159542
277.539 11.7698 1394.58 -0.0748516
277.596 11.7639 1395.24 -0.12656
277.652 11.7549 1395.91 -0.181857
277.708 11.743 1396.57 -0.232643
277.764 11.7283 1397.22 -0.279713
277.82 11.7111 1397.88 -0.324779
277.876 11.6915 1398.54 -0.365041
277.933 11.6697 1399.2 -0.401405
277.989 11.6458 1399.85 -0.443169
278.045 11.6196 1400.5 -0.481087
278.101 11.5912 1401.16 -0.517305
278.157 11.561 1401.81 -0.548617
278.213 11.5294 1402.45 -0.572182
278.27 11.4966 1403.1 -0.591612
278.326 11.4628 1403.75 -0.605675
278.382 11.4283 1404.39 -0.618786
278.438 11.3933 1405.03 -0.625048
278.494 11.358 1405.67 -0.62826
278.551 11.3227 1406.31 -0.628391
278.607 11.288 1406.94 -0.609535
278.663 11.2543 1407.57 -0.593209
278.719 11.2217 1408.2 -0.571776
278.775 11.1905 1408.83 -0.542879
278.831 11.1606 1409.46 -0.52253
278.888 11.132 1410.09 -0.500979
278.944 11.1048 1410.71 -0.472089
279 11.0793 1411.34 -0.438948
279.056 11.0559 1411.96 -0.404703
279.112 11.0344 1412.58 -0.368618
279.169 11.0149 1413.2 -0.330283
279.225 10.9978 1413.81 -0.291187
279.281 10.9828 1414.43 -0.248516
279.337 10.9701 1415.05 -0.211182
279.393 10.9597 1415.66 -0.169334
279.449 10.952 1416.28 -0.117218
279.506 10.9469 1416.9 -0.0730398
279.562 10.9443 1417.51 -0.0323339
279.618 10.9438 1418.13 0.0121989
279.674 10.9463 1418.74 0.065131
279.73 10.9514 1419.36 0.109384
279.787 10.9591 1419.97 0.153939
279.843 10.9691 1420.59 0.194174
279.899 10.9812 1421.2 0.22848
279.955 10.9954 1421.82 0.267987
