# t frame_uz frame_z ub_dans_repere
160.009 -0.0546859 -0.000310597 -6.50943
160.037 -0.231624 -0.0047133 -6.43699
160.075 -0.473158 -0.0191972 -6.19996
160.12 -0.744981 -0.0479929 -5.88787
160.17 -1.02437 -0.0931187 -5.50561
160.222 -1.29698 -0.154899 -5.07431
160.275 -1.55323 -0.232817 -4.57911
160.33 -1.78573 -0.325371 -4.03923
160.385 -1.98881 -0.430312 -3.46299
160.44 -2.16134 -0.54671 -2.86835
160.496 -2.30212 -0.672567 -2.28192
160.552 -2.41055 -0.80521 -1.71824
160.608 -2.48984 -0.942927 -1.22406
160.664 -2.54318 -1.0842 -0.779704
160.72 -2.5735 -1.22767 -0.389947
160.776 -2.58338 -1.37214 -0.0441844
160.832 -2.57473 -1.51654 0.289613
160.888 -2.54742 -1.65982 0.616923
160.944 -2.502 -1.80097 0.941716
161 -2.43783 -1.93896 1.28173
161.056 -2.35417 -2.07318 1.62841
161.112 -2.25057 -2.20203 1.98463
161.169 -2.12734 -2.3244 2.33076
161.225 -1.98561 -2.43922 2.64649
161.281 -1.82654 -2.54548 2.94834
161.337 -1.65145 -2.64227 3.23123
161.393 -1.4606 -2.72868 3.50424
161.449 -1.25571 -2.80389 3.73392
161.506 -1.03865 -2.86717 3.94131
161.562 -0.811717 -2.91791 4.09916
161.618 -0.577036 -2.95563 4.22442
161.674 -0.337303 -2.97998 4.28934
161.73 -0.0948446 -2.99077 4.33247
161.787 0.149226 -2.98787 4.34853
161.843 0.392912 -2.97127 4.32698
161.899 0.634904 -2.94103 4.28909
161.955 0.874248 -2.89728 4.2387
162.011 1.1097 -2.8402 4.1529
162.067 1.33961 -2.77009 4.05238
162.124 1.56326 -2.68726 3.92949
162.18 1.77949 -2.59211 3.79344
162.236 1.98697 -2.4851 3.62354
162.292 2.18394 -2.36679 3.42774
162.348 2.36886 -2.2378 3.20177
162.404 2.54095 -2.09886 2.96269
162.461 2.69815 -1.95074 2.68823
162.517 2.83948 -1.79432 2.39516
162.573 2.96362 -1.63053 2.08565
162.629 3.06959 -1.46038 1.75141
162.685 3.15646 -1.28492 1.40814
162.742 3.2238 -1.10523 1.06143
162.798 3.2721 -0.922406 0.723128
162.854 3.30153 -0.737505 0.392054
162.91 3.31262 -0.551571 0.0702337
162.966 3.30643 -0.365604 -0.226601
163.022 3.28393 -0.180536 -0.511697
163.079 3.24688 0.00276457 -0.751744
163.135 3.1976 0.183562 -0.954062
163.191 3.13836 0.361244 -1.11131
163.247 3.07269 0.535364 -1.20127
163.303 3.00362 0.705667 -1.23976
163.36 2.9347 0.872077 -1.21035
163.416 2.86928 1.03472 -1.12591
163.472 2.81062 1.1939 -0.982874
163.528 2.76132 1.35009 -0.800586
163.584 2.7235 1.50389 -0.584099
163.64 2.69824 1.65599 -0.358935
163.697 2.68581 1.8071 -0.13136
163.753 2.68588 1.95794 0.0838952
163.809 2.69655 2.10914 0.258922
163.865 2.71575 2.26125 0.391259
163.921 2.74114 2.41465 0.488367
163.978 2.77032 2.56962 0.53446
164.034 2.80094 2.72629 0.545488
164.09 2.83137 2.88467 0.533745
164.146 2.85993 3.04472 0.485101
164.202 2.88468 3.20624 0.411065
164.258 2.90546 3.36902 0.344607
164.315 2.92311 3.53285 0.290749
164.371 2.93703 3.69756 0.223052
164.427 2.94733 3.86292 0.158987
164.483 2.95394 4.02874 0.0952151
164.539 2.95697 4.19482 0.0228121
164.596 2.95655 4.36094 -0.0295023
164.652 2.95329 4.52694 -0.0769053
164.708 2.94782 4.69268 -0.108308
164.764 2.94118 4.85807 -0.122885
164.82 2.93462 5.02308 -0.111135
164.876 2.9294 5.18776 -0.0760493
164.933 2.9268 5.35223 -0.0207939
164.989 2.92783 5.51667 0.0482883
165.045 2.93355 5.68132 0.141416
165.101 2.94429 5.84647 0.227944
165.157 2.9601 6.01239 0.316683
165.213 2.98033 6.17935 0.388223
165.27 3.00364 6.34756 0.425067
165.326 3.02749 6.51711 0.418732
165.382 3.04878 6.68793 0.346157
165.438 3.06461 6.85978 0.229924
165.494 3.07185 7.03224 0.0569967
165.551 3.06748 7.20472 -0.172163
165.607 3.04851 7.37649 -0.451786
165.663 3.01313 7.54663 -0.748564
165.719 2.96088 7.71423 -1.05438
165.775 2.89093 7.87829 -1.36763
165.831 2.80421 8.03785 -1.65837
165.888 2.70172 8.192 -1.92925
165.944 2.58518 8.33992 -2.16678
166 2.45615 8.48085 -2.38004
166.056 2.31636 8.61417 -2.55439
166.112 2.16796 8.73933 -2.69366
166.169 2.0126 8.85592 -2.81293
166.225 1.85135 8.96358 -2.90625
166.281 1.68575 9.06202 -2.97773
166.337 1.5168 9.15105 -3.02996
166.393 1.34498 9.23048 -3.07681
166.449 1.1706 9.30018 -3.1267
166.506 0.993554 9.35999 -3.16259
166.562 0.814286 9.40977 -3.2077
166.618 0.632204 9.44939 -3.26431
166.674 0.446716 9.47867 -3.31816
166.73 0.258598 9.49743 -3.36821
166.787 0.0677785 9.50554 -3.41922
166.843 -0.126209 9.50283 -3.47207
166.899 -0.322335 9.48913 -3.50338
166.955 -0.519948 9.46437 -3.52628
167.011 -0.718059 9.42848 -3.52658
167.067 -0.915506 9.38148 -3.50544
167.124 -1.11133 9.32343 -3.47004
167.18 -1.30445 9.25448 -3.41648
167.236 -1.49395 9.17479 -3.34076
167.292 -1.67877 9.08461 -3.26157
167.348 -1.85825 8.98422 -3.15316
167.404 -2.03185 8.87394 -3.04683
167.461 -2.19951 8.75411 -2.93773
167.517 -2.36049 8.62509 -2.81783
167.573 -2.51443 8.48725 -2.68543
167.629 -2.66058 8.34103 -2.54325
167.685 -2.79845 8.18688 -2.39237
167.742 -2.92774 8.02526 -2.24031
167.798 -3.04833 7.85668 -2.08297
167.854 -3.16002 7.68162 -1.92402
167.91 -3.26276 7.50058 -1.76247
167.966 -3.35631 7.31409 -1.60028
168.022 -3.44081 7.12264 -1.43812
168.079 -3.51599 6.92676 -1.2723
168.135 -3.58205 6.72697 -1.11229
168.191 -3.63883 6.52377 -0.941183
168.247 -3.68566 6.31772 -0.756998
168.303 -3.72194 6.10939 -0.569998
168.36 -3.74784 5.89937 -0.389433
168.416 -3.76375 5.68824 -0.213963
168.472 -3.76965 5.47654 -0.0327907
168.528 -3.76537 5.26487 0.148032
168.584 -3.75154 5.05375 0.315055
168.64 -3.72813 4.84374 0.481179
168.697 -3.69556 4.63535 0.643411
168.753 -3.6538 4.4291 0.810933
168.809 -3.60279 4.22551 0.973734
168.865 -3.54261 4.02509 1.13976
168.921 -3.47311 3.82837 1.30067
168.978 -3.39439 3.63586 1.46789
169.034 -3.30614 3.4481 1.64224
169.09 -3.20787 3.26562 1.82003
169.146 -3.09925 3.08902 2.00744
169.202 -2.97994 2.91888 2.20183
169.258 -2.84937 2.75582 2.40777
169.315 -2.70719 2.60048 2.6179
169.371 -2.55245 2.45355 2.84409
169.427 -2.38472 2.31574 3.08105
169.483 -2.20374 2.18781 3.31206
169.539 -2.01024 2.07048 3.52939
169.596 -1.80441 1.96442 3.75213
169.652 -1.5861 1.87035 3.97648
169.708 -1.35505 1.78898 4.20293
169.764 -1.11214 1.72099 4.40384
169.82 -0.858253 1.66702 4.59538
169.876 -0.593782 1.62767 4.7789
169.931 -0.326868 1.60389 4.92024
169.98 -0.0809459 1.59506 5.0501
170.033 0.190265 1.59937 5.15647
170.089 0.479432 1.61956 5.23555
170.145 0.775395 1.65642 5.29324
170.201 1.07369 1.7101 5.30679
170.257 1.37242 1.78057 5.30876
170.314 1.67065 1.86784 5.29696
170.37 1.96827 1.97186 5.28201
170.426 2.26376 2.09256 5.23542
170.482 2.55668 2.2298 5.18715
170.539 2.84682 2.38342 5.13968
170.595 3.13418 2.55326 5.08831
170.651 3.41847 2.73917 5.02841
170.707 3.69897 2.94094 4.95935
170.764 3.97598 3.15837 4.9063
170.82 4.24975 3.39128 4.84126
170.876 4.5194 3.63945 4.75984
170.932 4.78416 3.90262 4.67119
170.989 5.0443 4.18053 4.59474
171.045 5.30023 4.47263 4.53045
171.101 5.55243 4.77892 4.45836
171.157 5.80037 5.09923 4.38709
171.213 6.04509 5.43335 4.33458
171.27 6.28792 5.78116 4.30462
171.326 6.5284 6.14253 4.26745
171.382 6.76714 6.51735 4.24138
171.438 7.00497 6.90554 4.23193
171.494 7.23919 7.30206 4.20805
171.549 7.46993 7.70808 4.18605
171.604 7.69974 8.12677 4.17586
171.659 7.9286 8.55808 4.14316
171.714 8.15493 9.0019 4.08956
171.769 8.37784 9.45807 4.01505
171.824 8.5957 9.92635 3.91504
171.879 8.80609 10.4064 3.76713
171.934 9.00647 10.8977 3.56906
171.989 9.19636 11.3996 3.37484
172.045 9.37737 11.9203 3.15091
172.101 9.54624 12.4529 2.91023
172.157 9.70142 12.9945 2.66167
172.213 9.84241 13.5443 2.40861
172.27 9.96945 14.1016 2.16082
172.326 10.0826 14.6656 1.91095
172.382 10.1814 15.2354 1.66219
172.438 10.2675 15.8103 1.44848
172.494 10.3425 16.3897 1.25968
172.551 10.4076 16.973 1.08981
172.607 10.4641 17.5596 0.958642
172.663 10.5149 18.1493 0.875612
172.719 10.5623 18.7416 0.822783
172.775 10.6085 19.3365 0.823959
172.831 10.6551 19.9341 0.838392
172.888 10.7027 20.5343 0.852469
172.944 10.7506 21.1372 0.849981
173 10.7977 21.7427 0.826224
173.056 10.8424 22.3509 0.768768
173.112 10.8822 22.9614 0.662581
173.169 10.9145 23.5738 0.509222
173.225 10.9359 24.1878 0.28659
173.281 10.9429 24.8025 0.00144732
173.337 10.9323 25.417 -0.328541
173.393 10.9019 26.0302 -0.681508
173.449 10.851 26.6411 -1.0602
173.506 10.7781 27.2483 -1.45522
173.562 10.683 27.8507 -1.85122
173.618 10.566 28.4471 -2.23894
173.674 10.4274 29.0361 -2.61571
173.73 10.2679 29.6166 -2.98468
173.787 10.088 30.1875 -3.34506
173.843 9.88853 30.7476 -3.682
173.899 9.67112 31.2959 -3.99558
173.955 9.43666 31.8314 -4.28205
174.011 9.18688 32.3532 -4.5547
174.067 8.92374 32.8605 -4.76528
174.124 8.64993 33.3526 -4.94659
174.18 8.36678 33.829 -5.09389
174.236 8.07712 34.2893 -5.19204
174.292 7.78315 34.7332 -5.25305
174.348 7.48695 35.1605 -5.27494
174.404 7.19054 35.5711 -5.27243
174.461 6.8947 35.9651 -5.25863
174.517 6.59963 36.3425 -5.25296
174.573 6.30539 36.7033 -5.22733
174.629 6.01244 37.0477 -5.19368
174.685 5.72192 37.3757 -5.14992
174.742 5.43463 37.6874 -5.08857
174.798 5.15144 37.9832 -5.00957
174.854 4.87307 38.2632 -4.90896
174.91 4.60092 38.5277 -4.79939
174.966 4.3347 38.7772 -4.69614
175.022 4.07467 39.0119 -4.58206
175.079 3.82095 39.2323 -4.47272
175.135 3.57353 39.4386 -4.35602
175.191 3.33234 39.6312 -4.25417
175.247 3.09699 39.8104 -4.14609
175.303 2.86721 39.9766 -4.054
175.36 2.64262 40.1301 -3.96232
175.416 2.42328 40.2712 -3.86503
175.472 2.20932 40.4001 -3.76625
175.528 2.00167 40.5172 -3.64903
175.584 1.80144 40.6228 -3.50229
175.64 1.61049 40.7175 -3.32294
175.697 1.43023 40.8019 -3.12319
175.753 1.26296 40.8765 -2.87789
175.809 1.11014 40.9423 -2.6102
175.865 0.973086 41 -2.32443
175.921 0.852691 41.0505 -2.02393
175.978 0.74931 41.0948 -1.71896
176.034 0.663219 41.1339 -1.41069
176.09 0.594546 41.1688 -1.09856
176.146 0.542795 41.2004 -0.805118
176.202 0.506996 41.2296 -0.524733
176.258 0.486851 41.2573 -0.247188
176.315 0.481731 41.2845 0.00315924
176.371 0.489287 41.3117 0.221394
176.427 0.508341 41.3398 0.411228
176.483 0.53682 41.3693 0.568967
176.539 0.573488 41.4006 0.703416
176.596 0.616125 41.4343 0.799415
176.652 0.664315 41.4705 0.894734
176.708 0.717004 41.5096 0.966959
176.764 0.774313 41.5518 1.05473
176.82 0.836446 41.5973 1.14015
176.876 0.904186 41.6466 1.25006
176.933 0.97837 41.6998 1.37209
176.989 1.06052 41.7575 1.52471
177.045 1.15208 41.8202 1.70674
177.101 1.25413 41.8883 1.88705
177.157 1.36684 41.9625 2.08664
177.213 1.49066 42.0434 2.28164
177.27 1.62527 42.1316 2.47535
177.326 1.77058 42.2278 2.66161
177.382 1.92623 42.3325 2.8374
177.438 2.09113 42.4462 2.99964
177.494 2.26401 42.5695 3.12597
177.551 2.44363 42.7027 3.24917
177.607 2.62976 42.8462 3.35881
177.663 2.82235 43.0004 3.47885
177.719 3.02047 43.1656 3.55507
177.775 3.22231 43.3421 3.61604
177.831 3.42753 43.53 3.67415
177.888 3.63558 43.7296 3.71877
177.944 3.84562 43.9409 3.75341
178 4.05763 44.1641 3.78835
178.056 4.27098 44.3993 3.79925
178.112 4.4843 44.6464 3.79481
178.169 4.69726 44.9055 3.78747
178.225 4.90962 45.1765 3.77727
178.281 5.12136 45.4595 3.76123
178.337 5.33268 45.7543 3.76089
178.393 5.54458 46.0611 3.78007
178.449 5.75792 46.3798 3.80802
178.506 5.97246 46.7105 3.82726
178.562 6.18906 47.0533 3.87522
178.618 6.40827 47.4084 3.92041
178.674 6.63048 47.7758 3.97806
178.73 6.85573 48.1559 4.03191
178.787 7.08409 48.5488 4.08734
178.843 7.31551 48.9545 4.13871
178.899 7.54946 49.3734 4.17571
178.955 7.78514 49.8055 4.19669
179.011 8.02005 50.2507 4.16978
179.067 8.25162 50.7091 4.09092
179.124 8.47744 51.1804 3.96173
179.18 8.69338 51.664 3.75974
179.236 8.89594 52.1592 3.495
179.292 9.08149 52.6653 3.16792
179.348 9.24679 53.1812 2.7848
179.404 9.38898 53.7056 2.35721
179.461 9.5063 54.2371 1.90387
179.517 9.59801 54.7744 1.44792
179.573 9.66428 55.316 1.00078
179.629 9.70485 55.8604 0.544689
179.685 9.72111 56.4063 0.122482
179.742 9.71422 56.9523 -0.280764
179.798 9.68592 57.4971 -0.643004
179.854 9.63837 58.0398 -0.982484
179.91 9.57203 58.5791 -1.32354
179.966 9.48814 59.1141 -1.61046
180.022 9.38889 59.6439 -1.86928
180.079 9.27496 60.1676 -2.14111
180.135 9.14494 60.6843 -2.43006
180.191 8.99953 61.1932 -2.69281
180.247 8.83956 61.6935 -2.95209
180.303 8.66467 62.1843 -3.22045
180.36 8.47435 62.6647 -3.50474
180.416 8.26743 63.1339 -3.80675
180.472 8.04242 63.5909 -4.13554
180.528 7.79881 64.0346 -4.47031
180.584 7.53637 64.4639 -4.80299
180.64 7.25563 64.8779 -5.12289
180.697 6.95725 65.2756 -5.42717
180.753 6.64433 65.656 -5.66267
180.809 6.31958 66.0183 -5.8508
180.865 5.98596 66.3621 -5.98414
180.921 5.64789 66.6871 -6.03002
180.978 5.30972 66.9929 -6.00535
181.034 4.97484 67.2799 -5.92447
181.09 4.64724 67.5483 -5.76504
181.146 4.33028 67.7987 -5.54944
181.202 4.02686 68.0317 -5.29488
181.258 3.73928 68.2481 -4.9963
181.315 3.46939 68.449 -4.66647
181.371 3.21952 68.6354 -4.29472
181.427 2.99148 68.8085 -3.89907
181.483 2.78618 68.9695 -3.49401
181.539 2.60331 69.1198 -3.09695
181.596 2.44316 69.2605 -2.68762
181.652 2.30603 69.3931 -2.2785
181.708 2.19178 69.5187 -1.8725
181.764 2.09993 69.6386 -1.47787
181.82 2.03024 69.7541 -1.08457
181.876 1.98162 69.8665 -0.720256
181.933 1.95358 69.9767 -0.354209
181.989 1.94571 70.0861 0.00218502
182.045 1.95712 70.1958 0.337348
182.101 1.98704 70.3066 0.662039
182.157 2.03433 70.4198 0.961571
182.213 2.09785 70.5361 1.24194
182.27 2.17661 70.6566 1.5064
182.326 2.26952 70.7819 1.75031
182.382 2.37529 70.9129 1.96796
182.438 2.49268 71.0503 2.167
182.494 2.62044 71.1946 2.34127
182.551 2.75745 71.3464 2.49868
182.607 2.9023 71.5062 2.62972
182.663 3.05392 71.6743 2.74123
182.719 3.21095 71.8511 2.82797
182.775 3.37238 72.0369 2.89888
182.831 3.53679 72.2319 2.94111
182.888 3.70295 72.4362 2.96477
182.944 3.86965 72.6499 2.96773
183 4.03577 72.8729 2.95035
183.056 4.20042 73.1052 2.9141
183.112 4.36258 73.3466 2.86795
183.169 4.52141 73.5971 2.79945
183.225 4.67618 73.8563 2.72459
183.281 4.82656 74.1241 2.64099
183.337 4.97205 74.4002 2.55598
183.393 5.11247 74.6843 2.46269
183.449 5.24797 74.9761 2.3796
183.506 5.37901 75.2754 2.29997
183.562 5.50537 75.5818 2.22019
183.618 5.62805 75.8953 2.15872
183.674 5.7471 76.2155 2.08909
183.73 5.86281 76.5423 2.03978
183.787 5.97642 76.8755 2.01
183.843 6.08786 77.215 1.96573
183.899 6.19761 77.5607 1.94754
183.955 6.30616 77.9126 1.92695
184.011 6.4124 78.2704 1.87228
184.067 6.5168 78.6342 1.84816
184.124 6.61922 79.0038 1.81194
184.18 6.71988 79.3791 1.77574
184.236 6.81845 79.7599 1.73726
184.292 6.91344 80.1462 1.66028
184.348 7.00402 80.5377 1.57378
184.404 7.08965 80.9341 1.49036
184.461 7.17026 81.3351 1.3946
184.517 7.24468 81.7404 1.28061
184.573 7.31315 82.1498 1.16861
184.629 7.37461 82.5627 1.054
184.685 7.43011 82.9789 0.942705
184.742 7.47986 83.3981 0.85047
184.798 7.52478 83.8198 0.766603
184.854 7.56515 84.2439 0.689883
184.91 7.60165 84.6702 0.626249
184.966 7.63503 85.0984 0.574029
185.022 7.66562 85.5284 0.524829
185.079 7.69411 85.96 0.498182
185.135 7.72176 86.3932 0.49121
185.191 7.74948 86.8279 0.498646
185.247 7.7781 87.2642 0.514699
185.303 7.8073 87.7022 0.524283
185.36 7.83674 88.1418 0.527003
185.416 7.86661 88.5831 0.534637
185.472 7.89641 89.026 0.526847
185.528 7.92559 89.4706 0.513143
185.584 7.95379 89.9168 0.493942
185.64 7.98052 90.3646 0.46143
185.697 8.00529 90.8138 0.424925
185.753 8.02781 91.2643 0.381679
185.809 8.04711 91.7159 0.316958
185.865 8.06202 92.1686 0.233983
185.921 8.07232 92.6218 0.150969
185.978 8.07761 93.0755 0.0527766
186.034 8.07685 93.5293 -0.0581087
186.09 8.06971 93.9829 -0.175134
186.146 8.05593 94.4358 -0.292252
186.202 8.03547 94.8877 -0.410057
186.258 8.00859 95.3383 -0.522327
186.315 7.97587 95.7871 -0.620872
186.371 7.93766 96.2339 -0.720454
186.427 7.89388 96.6784 -0.815016
186.483 7.84568 97.1203 -0.88191
186.539 7.79453 97.5594 -0.929546
186.596 7.74115 97.9955 -0.961649
186.652 7.68714 98.4285 -0.959512
186.708 7.63374 98.8586 -0.941442
186.764 7.58258 99.2857 -0.88805
186.82 7.53472 99.7101 -0.82233
186.876 7.49148 100.132 -0.737083
186.933 7.45322 100.551 -0.64126
186.989 7.4203 100.969 -0.550056
187.045 7.39266 101.385 -0.454515
187.101 7.37003 101.799 -0.37526
187.157 7.35078 102.213 -0.324155
187.213 7.33378 102.625 -0.289808
187.27 7.31821 103.037 -0.273914
187.326 7.30262 103.447 -0.28878
187.382 7.28501 103.857 -0.334201
187.438 7.26379 104.266 -0.412634
187.494 7.23709 104.673 -0.516929
187.551 7.20387 105.078 -0.644413
187.607 7.16282 105.482 -0.788256
187.663 7.11315 105.882 -0.948253
187.719 7.05379 106.28 -1.1289
187.775 6.98447 106.674 -1.30423
187.831 6.90534 107.064 -1.47459
187.888 6.81716 107.449 -1.63117
187.944 6.72053 107.829 -1.77106
188 6.61706 108.203 -1.89112
188.056 6.50773 108.571 -1.98301
188.112 6.3939 108.933 -2.05292
188.169 6.27648 109.288 -2.1085
188.225 6.15693 109.636 -2.13733
188.281 6.03681 109.978 -2.1388
188.337 5.9171 110.313 -2.12549
188.393 5.79917 110.642 -2.08226
188.449 5.68372 110.964 -2.03005
188.506 5.57113 111.279 -1.98645
188.562 5.46173 111.588 -1.92025
188.618 5.3563 111.892 -1.84805
188.674 5.25531 112.189 -1.76305
188.73 5.1599 112.481 -1.65308
188.787 5.07135 112.768 -1.52159
188.843 4.99062 113.05 -1.37481
188.899 4.91994 113.328 -1.17865
188.955 4.86104 113.603 -0.955788
189.011 4.81536 113.874 -0.717212
189.067 4.78417 114.143 -0.439263
189.124 4.77041 114.412 -0.113379
189.18 4.77533 114.68 0.230276
189.236 4.80122 114.949 0.617464
189.292 4.85029 115.22 1.04603
189.348 4.9246 115.495 1.51841
189.404 5.027 115.775 2.02786
189.461 5.15931 116.062 2.57819
189.517 5.32372 116.357 3.17082
189.573 5.52242 116.663 3.78553
189.629 5.75531 116.98 4.38402
189.685 6.02031 117.313 4.93742
189.742 6.31346 117.661 5.38944
189.798 6.62747 118.026 5.70954
189.854 6.95454 118.409 5.88558
189.91 7.28649 118.811 5.88609
189.966 7.6121 119.231 5.70411
190.022 7.9205 119.67 5.3217
190.079 8.20154 120.124 4.77929
190.135 8.44913 120.593 4.13921
190.191 8.65746 121.075 3.41021
190.247 8.82289 121.567 2.62917
190.303 8.94414 122.067 1.84498
190.36 9.02173 122.573 1.07882
190.416 9.05817 123.081 0.35589
190.472 9.05591 123.59 -0.302539
190.528 9.01773 124.098 -0.923708
190.584 8.94655 124.602 -1.48803
190.64 8.84577 125.101 -1.99048
190.697 8.71851 125.594 -2.4407
190.753 8.56794 126.079 -2.82614
190.809 8.39709 126.554 -3.17302
190.865 8.20857 127.02 -3.45885
190.921 8.00617 127.474 -3.68218
190.978 7.79303 127.917 -3.86228
191.034 7.57138 128.347 -4.00426
191.09 7.34233 128.765 -4.12174
191.146 7.10729 129.17 -4.22945
191.202 6.86564 129.561 -4.35447
191.258 6.61754 129.938 -4.4538
191.315 6.36408 130.301 -4.5424
191.371 6.10707 130.65 -4.5827
191.427 5.85015 130.985 -4.55667
191.483 5.5967 131.305 -4.47798
191.539 5.34937 131.611 -4.34143
191.596 5.11153 131.903 -4.15957
191.652 4.88662 132.183 -3.89138
191.708 4.67783 132.45 -3.59227
191.764 4.48742 132.707 -3.25005
191.82 4.31729 132.953 -2.87726
191.876 4.16939 133.19 -2.47132
191.933 4.04496 133.42 -2.03843
191.989 3.94552 133.644 -1.59254
192.045 3.87152 133.863 -1.13566
192.101 3.82359 134.079 -0.66228
192.157 3.80267 134.293 -0.177029
192.213 3.80962 134.507 0.322516
192.27 3.84431 134.722 0.818446
192.326 3.90692 134.94 1.31169
192.382 3.9969 135.162 1.7909
192.438 4.11287 135.39 2.24426
192.494 4.25349 135.626 2.67168
192.551 4.41681 135.87 3.0576
192.607 4.60023 136.125 3.39577
192.663 4.80109 136.39 3.68736
192.719 5.0164 136.667 3.92111
192.775 5.24279 136.956 4.09454
192.831 5.47742 137.258 4.21975
192.888 5.71747 137.574 4.30723
192.944 5.96108 137.904 4.35133
193 6.20664 138.247 4.37727
193.056 6.45344 138.604 4.40167
193.112 6.69994 138.975 4.37571
193.169 6.9451 139.359 4.35566
193.225 7.18928 139.758 4.33856
193.281 7.4324 140.17 4.31741
193.337 7.67448 140.596 4.3004
193.393 7.91495 141.035 4.27427
193.449 8.15508 141.488 4.27747
193.506 8.39529 141.954 4.27949
193.562 8.63619 142.434 4.2904
193.618 8.87792 142.927 4.30907
193.674 9.11997 143.434 4.31197
193.73 9.36359 143.954 4.34972
193.787 9.60911 144.489 4.38504
193.843 9.85641 145.037 4.40703
193.899 10.1053 145.599 4.43326
193.955 10.3548 146.175 4.44764
194.011 10.6046 146.765 4.44225
194.067 10.8535 147.369 4.42113
194.124 11.1005 147.988 4.37461
194.18 11.3438 148.619 4.29576
194.236 11.582 149.265 4.19445
194.292 11.813 149.923 4.05166
194.348 12.0347 150.594 3.87458
194.404 12.2461 151.278 3.68768
194.461 12.4464 151.972 3.47501
194.517 12.6333 152.678 3.22441
194.573 12.8052 153.394 2.95112
194.629 12.9616 154.118 2.66761
194.685 13.1019 154.851 2.38353
194.742 13.2259 155.592 2.08548
194.798 13.3329 156.338 1.78406
194.854 13.4232 157.091 1.48987
194.91 13.4971 157.847 1.20068
194.966 13.5557 158.608 0.939531
195.022 13.5997 159.371 0.680788
195.079 13.6298 160.136 0.443044
195.135 13.6476 160.902 0.236884
195.191 13.6548 161.669 0.0648781
195.247 13.654 162.436 -0.0631606
195.303 13.6473 163.203 -0.150081
195.36 13.6373 163.97 -0.191198
195.416 13.6263 164.735 -0.186141
195.472 13.6175 165.5 -0.136508
195.528 13.6126 166.265 -0.0474278
195.584 13.6135 167.03 0.0613283
195.64 13.6219 167.795 0.212356
195.697 13.6393 168.561 0.37507
195.753 13.6665 169.328 0.559077
195.809 13.7047 170.097 0.758655
195.865 13.7541 170.869 0.959898
195.921 13.8148 171.643 1.15542
195.978 13.8856 172.422 1.3295
196.034 13.9655 173.205 1.47903
196.09 14.053 173.992 1.60471
196.146 14.1462 174.785 1.68948
196.202 14.2423 175.583 1.7226
196.258 14.3391 176.386 1.71999
196.315 14.4343 177.195 1.66382
196.371 14.5246 178.009 1.56144
196.427 14.6071 178.828 1.40459
196.483 14.6804 179.651 1.2314
196.539 14.7434 180.478 1.04814
196.596 14.7956 181.308 0.857153
196.652 14.837 182.14 0.648661
196.708 14.8667 182.975 0.437002
196.764 14.8829 183.811 0.185937
196.82 14.8845 184.647 -0.0832098
196.876 14.8712 185.483 -0.341685
196.933 14.8419 186.317 -0.630921
196.989 14.7949 187.15 -0.960337
197.045 14.7301 187.979 -1.27928
197.101 14.6453 188.804 -1.65878
197.157 14.5404 189.623 -2.01884
197.213 14.4138 190.436 -2.41111
197.27 14.2645 191.24 -2.8266
197.326 14.0909 192.036 -3.27085
197.378 13.9077 192.767 -3.65107
197.41 13.7862 193.214 -3.83728
197.451 13.6229 193.772 -4.11568
197.498 13.4205 194.401 -4.49905
197.539 13.2283 194.951 -4.76559
197.586 12.9945 195.565 -5.12714
197.636 12.7272 196.207 -5.47464
197.688 12.4319 196.86 -5.80872
197.742 12.1104 197.518 -6.08313
197.796 11.7765 198.159 -6.28076
197.849 11.4345 198.781 -6.40281
197.903 11.0882 199.385 -6.44935
197.957 10.7417 199.97 -6.43072
198.011 10.3954 200.542 -6.34832
198.067 10.0435 201.114 -6.19446
198.124 9.70235 201.667 -5.99114
198.18 9.37359 202.201 -5.7605
198.236 9.05885 202.717 -5.48772
198.292 8.75924 203.215 -5.22798
198.348 8.47495 203.698 -4.94899
198.404 8.20669 204.165 -4.65936
198.461 7.95503 204.617 -4.3529
198.517 7.72117 205.056 -4.04018
198.573 7.50532 205.483 -3.71303
198.629 7.30789 205.897 -3.38026
198.685 7.13046 206.302 -3.00949
198.742 6.97301 206.697 -2.66964
198.798 6.83539 207.084 -2.3159
198.854 6.71644 207.464 -1.97548
198.91 6.61679 207.838 -1.64112
198.966 6.53468 208.207 -1.35102
199.022 6.46676 208.572 -1.1116
199.079 6.41066 208.933 -0.940583
199.135 6.36171 209.291 -0.829269
199.191 6.31695 209.647 -0.7823
199.247 6.27318 210.001 -0.780392
199.303 6.22839 210.352 -0.812925
199.36 6.18181 210.7 -0.839056
199.416 6.13288 211.046 -0.889945
199.472 6.08143 211.389 -0.931166
199.528 6.02805 211.728 -0.960859
199.584 5.97382 212.065 -0.969583
199.64 5.91968 212.399 -0.962534
199.697 5.86605 212.73 -0.948087
199.753 5.8142 213.058 -0.900312
199.809 5.76603 213.383 -0.824411
199.865 5.72271 213.705 -0.736943
199.921 5.68474 214.025 -0.631476
199.978 5.65321 214.343 -0.511714
200.034 5.62881 214.66 -0.384147
200.09 5.61191 214.976 -0.24813
200.146 5.60275 215.291 -0.103965
200.202 5.60158 215.605 0.0324177
200.258 5.60763 215.92 0.156122
200.315 5.62003 216.236 0.253025
200.371 5.63758 216.552 0.339268
200.427 5.65829 216.869 0.392014
200.483 5.68105 217.188 0.411249
200.539 5.7045 217.508 0.423936
200.596 5.72797 217.829 0.411434
200.652 5.7502 218.152 0.38046
200.708 5.77024 218.476 0.341998
200.764 5.78855 218.8 0.314129
200.82 5.80514 219.126 0.283519
200.876 5.8205 219.453 0.270975
200.933 5.83556 219.78 0.271399
200.989 5.85136 220.109 0.291175
201.045 5.86899 220.438 0.333762
201.101 5.88938 220.768 0.382945
201.157 5.913 221.1 0.446047
201.213 5.94071 221.433 0.524364
201.27 5.97277 221.768 0.596098
201.326 6.00839 222.105 0.658428
201.382 6.04701 222.443 0.704257
201.438 6.08757 222.785 0.732902
201.494 6.12905 223.128 0.73603
201.551 6.16973 223.474 0.710671
201.607 6.20784 223.822 0.649917
201.663 6.24171 224.172 0.56366
201.719 6.26949 224.523 0.444291
201.775 6.2895 224.876 0.297391
201.831 6.30057 225.23 0.117858
201.888 6.30041 225.584 -0.0847237
201.944 6.28847 225.937 -0.295592
202 6.26472 226.29 -0.507079
202.056 6.22867 226.641 -0.729304
202.112 6.18021 226.989 -0.950522
202.169 6.11915 227.334 -1.17607
202.225 6.04597 227.676 -1.38936
202.281 5.96113 228.013 -1.59085
202.337 5.86506 228.344 -1.78868
202.393 5.75739 228.67 -1.99392
202.449 5.63929 228.99 -2.17796
202.506 5.51105 229.302 -2.35283
202.562 5.37313 229.607 -2.52084
202.618 5.22596 229.904 -2.68377
202.674 5.07 230.193 -2.83762
202.73 4.90591 230.472 -2.97262
202.787 4.73503 230.742 -3.09
202.843 4.55794 231.002 -3.19184
202.899 4.37533 231.252 -3.28613
202.955 4.18793 231.491 -3.36819
203.011 3.99605 231.72 -3.44946
203.067 3.79985 231.938 -3.51658
203.124 3.60061 232.145 -3.56557
203.18 3.39854 232.34 -3.61422
203.236 3.19413 232.524 -3.65224
203.292 2.98783 232.697 -3.69095
203.348 2.77916 232.858 -3.73416
203.404 2.5676 233.007 -3.78689
203.461 2.35364 233.144 -3.82722
203.517 2.13727 233.269 -3.86956
203.573 1.91801 233.381 -3.92308
203.629 1.69547 233.482 -3.9838
203.685 1.4697 233.569 -4.04173
203.742 1.24069 233.644 -4.09957
203.798 1.00846 233.706 -4.15638
203.854 0.77303 233.755 -4.20996
203.91 0.535459 233.79 -4.24069
203.966 0.295777 233.812 -4.27701
204.022 0.0543288 233.821 -4.31324
204.079 -0.189117 233.816 -4.34453
204.135 -0.434028 233.797 -4.3676
204.191 -0.679678 233.764 -4.38519
204.247 -0.926575 233.717 -4.40261
204.303 -1.17368 233.657 -4.39122
204.36 -1.4203 233.583 -4.38242
204.416 -1.66641 233.495 -4.37886
204.472 -1.91076 233.393 -4.32985
204.528 -2.15291 233.277 -4.2984
204.584 -2.39238 233.148 -4.23855
204.64 -2.62748 233.006 -4.14647
204.697 -2.85697 232.851 -4.04025
204.753 -3.07993 232.683 -3.91148
204.809 -3.29552 232.502 -3.78232
204.865 -3.50318 232.31 -3.63499
204.921 -3.70155 232.106 -3.46346
204.978 -3.8898 231.892 -3.27269
205.034 -4.06702 231.668 -3.07494
205.09 -4.23271 231.433 -2.86213
205.145 -4.38246 231.196 -2.64807
205.199 -4.51789 230.956 -2.42686
205.253 -4.64331 230.704 -2.1949
205.309 -4.75654 230.444 -1.94966
205.364 -4.85702 230.175 -1.70942
205.42 -4.94443 229.902 -1.47265
205.476 -5.01838 229.623 -1.22995
205.532 -5.07911 229.341 -0.994751
205.587 -5.12698 229.057 -0.768148
205.643 -5.16202 228.769 -0.534199
205.699 -5.18434 228.481 -0.311255
205.755 -5.19436 228.191 -0.0914242
205.81 -5.19245 227.902 0.116822
205.866 -5.17902 227.613 0.324591
205.922 -5.15452 227.325 0.515336
205.978 -5.11956 227.038 0.70033
206.034 -5.0742 226.753 0.87953
206.09 -5.01979 226.47 1.02657
206.146 -4.95765 226.19 1.1568
206.202 -4.88823 225.914 1.27109
206.258 -4.81301 225.642 1.37431
206.315 -4.73377 225.374 1.43333
206.371 -4.65162 225.111 1.48002
206.427 -4.56764 224.852 1.50248
206.483 -4.48264 224.598 1.51698
206.539 -4.39759 224.349 1.51012
206.596 -4.3133 224.105 1.49327
206.652 -4.23036 223.866 1.46444
206.708 -4.14915 223.631 1.43821
206.764 -4.06949 223.4 1.40774
206.82 -3.99135 223.174 1.38116
206.876 -3.91446 222.953 1.35747
206.933 -3.83905 222.735 1.33214
206.989 -3.7655 222.522 1.29558
207.045 -3.6937 222.313 1.26456
207.101 -3.62375 222.108 1.23161
207.157 -3.55571 221.907 1.1987
207.213 -3.48936 221.709 1.16883
207.27 -3.42452 221.515 1.14785
207.326 -3.36055 221.325 1.13627
207.382 -3.29689 221.138 1.13318
207.438 -3.23314 220.955 1.1385
207.494 -3.16851 220.776 1.15975
207.551 -3.10219 220.6 1.19315
207.607 -3.03325 220.428 1.24771
207.663 -2.96101 220.26 1.31467
207.719 -2.88427 220.096 1.40557
207.775 -2.80181 219.937 1.51233
207.831 -2.71324 219.783 1.61719
207.888 -2.61841 219.633 1.73799
207.944 -2.51637 219.49 1.86793
208 -2.40705 219.352 1.9992
208.056 -2.29039 219.221 2.13047
208.112 -2.16628 219.096 2.26393
208.169 -2.03455 218.979 2.3985
208.225 -1.89533 218.869 2.5337
208.281 -1.74861 218.768 2.66377
208.337 -1.59474 218.674 2.7929
208.393 -1.43364 218.59 2.91382
208.449 -1.26503 218.515 3.05686
208.506 -1.08882 218.45 3.18778
208.562 -0.905177 218.395 3.32
208.618 -0.71462 218.351 3.43863
208.674 -0.517757 218.317 3.55047
208.73 -0.314779 218.295 3.65307
208.787 -0.106118 218.284 3.75031
208.843 0.10731 218.285 3.83234
208.899 0.325067 218.299 3.90212
208.955 0.54636 218.325 3.961
209.011 0.769911 218.363 3.99027
209.067 0.994792 218.414 4.00922
209.124 1.22029 218.477 4.01101
209.18 1.44497 218.553 3.99128
209.236 1.6681 218.642 3.95361
209.292 1.88857 218.743 3.90236
209.348 2.10502 218.856 3.81642
209.404 2.31673 218.982 3.73746
209.461 2.52322 219.119 3.63879
209.517 2.72336 219.268 3.50802
209.573 2.91576 219.427 3.37298
209.629 3.10046 219.597 3.22956
209.685 3.27659 219.777 3.07641
209.742 3.44468 219.967 2.93316
209.798 3.60477 220.166 2.79226
209.854 3.75704 220.374 2.65468
209.91 3.90164 220.59 2.52132
209.966 4.03895 220.814 2.39476
210.022 4.1699 221.045 2.28545
210.079 4.29474 221.283 2.18373
210.135 4.41393 221.529 2.08126
210.191 4.52756 221.781 1.9832
210.247 4.63603 222.039 1.89821
210.303 4.73987 222.303 1.81793
210.36 4.83961 222.572 1.74572
210.416 4.93531 222.847 1.6721
210.472 5.0268 223.128 1.59561
210.528 5.11318 223.413 1.4952
210.584 5.19379 223.703 1.39404
210.64 5.26833 223.997 1.28229
210.697 5.33568 224.296 1.14081
210.753 5.39502 224.597 0.997386
210.809 5.44569 224.902 0.839931
210.865 5.48735 225.21 0.675976
210.921 5.51964 225.519 0.500799
210.978 5.54141 225.83 0.313486
211.034 5.5526 226.142 0.117604
211.09 5.55248 226.454 -0.0825825
211.146 5.54074 226.765 -0.28953
211.202 5.51802 227.076 -0.481204
211.258 5.48512 227.385 -0.653012
211.315 5.44293 227.692 -0.816671
211.371 5.39195 227.996 -0.966372
211.427 5.33315 228.297 -1.09677
211.483 5.26767 228.594 -1.20871
211.539 5.19657 228.888 -1.30063
211.596 5.12079 229.177 -1.37944
211.652 5.04106 229.462 -1.44323
211.708 4.95825 229.743 -1.49675
211.764 4.87274 230.018 -1.53685
211.82 4.78526 230.289 -1.5665
211.876 4.69664 230.555 -1.581
211.933 4.60777 230.816 -1.57666
211.989 4.51981 231.072 -1.55527
212.045 4.43414 231.323 -1.49931
212.101 4.35284 231.569 -1.408
212.157 4.27749 231.811 -1.29194
212.213 4.20959 232.049 -1.14943
212.27 4.15025 232.283 -0.993227
212.326 4.10054 232.515 -0.811586
212.382 4.06175 232.744 -0.601741
212.438 4.03588 232.971 -0.367765
212.494 4.02311 233.197 -0.133568
212.551 4.02377 233.423 0.108014
212.607 4.03819 233.65 0.3554
212.663 4.06649 233.878 0.606053
212.719 4.10905 234.107 0.859854
212.775 4.16537 234.34 1.09871
212.831 4.23522 234.576 1.34031
212.888 4.31828 234.817 1.56272
212.944 4.41325 235.063 1.77214
213 4.51962 235.314 1.96942
213.056 4.63612 235.572 2.13825
213.112 4.76098 235.837 2.27551
213.169 4.89316 236.109 2.39818
213.225 5.03105 236.388 2.49018
213.281 5.17384 236.676 2.57292
213.337 5.32033 236.971 2.62658
213.393 5.46908 237.275 2.66057
213.449 5.61892 237.587 2.67144
213.506 5.76923 237.908 2.67524
213.562 5.91919 238.237 2.66095
213.618 6.06795 238.575 2.63731
213.674 6.21451 238.921 2.58292
213.73 6.35859 239.275 2.54232
213.787 6.49914 239.637 2.47648
213.843 6.63578 240.006 2.401
213.899 6.7672 240.384 2.29816
213.955 6.89279 240.768 2.18876
214.011 7.01202 241.159 2.07656
214.067 7.12432 241.557 1.94239
214.124 7.22837 241.961 1.78936
214.18 7.32307 242.37 1.60572
214.236 7.4063 242.784 1.39456
214.292 7.4768 243.203 1.15928
214.348 7.53308 243.625 0.896551
214.404 7.57404 244.05 0.617018
214.461 7.59862 244.476 0.317649
214.517 7.60599 244.903 0.00671966
214.573 7.59574 245.33 -0.306793
214.629 7.56757 245.756 -0.625109
214.685 7.52221 246.18 -0.933225
214.742 7.45965 246.6 -1.22848
214.798 7.38108 247.017 -1.50633
214.854 7.28743 247.429 -1.77262
214.91 7.17939 247.834 -2.01638
214.966 7.0586 248.234 -2.23882
215.022 6.92535 248.626 -2.45522
215.079 6.78148 249.01 -2.63161
215.135 6.62821 249.386 -2.78598
215.191 6.46693 249.753 -2.92499
215.247 6.29848 250.111 -3.04044
215.303 6.12456 250.459 -3.12934
215.36 5.94646 250.797 -3.18975
215.416 5.76608 251.125 -3.2168
215.472 5.58573 251.442 -3.19925
215.528 5.40771 251.75 -3.14291
215.584 5.23435 252.048 -3.04066
215.64 5.06777 252.337 -2.91133
215.697 4.90919 252.616 -2.76018
215.753 4.76035 252.887 -2.57431
215.809 4.62232 253.149 -2.37866
215.865 4.49542 253.405 -2.17601
215.921 4.38029 253.653 -1.97095
215.978 4.27668 253.896 -1.76097
216.034 4.18457 254.133 -1.559
216.09 4.10358 254.365 -1.36356
216.146 4.03337 254.593 -1.17604
216.202 3.97269 254.818 -1.01916
216.258 3.92004 255.039 -0.883258
216.315 3.87459 255.258 -0.759771
216.371 3.8361 255.474 -0.638342
216.427 3.80414 255.689 -0.523269
216.483 3.77885 255.902 -0.395363
216.539 3.76041 256.113 -0.28317
216.596 3.7482 256.324 -0.17495
216.652 3.74237 256.534 -0.055738
216.708 3.74313 256.745 0.0616963
216.764 3.75036 256.955 0.175278
216.82 3.7639 257.166 0.284189
216.876 3.78342 257.378 0.392349
216.933 3.80926 257.592 0.50241
216.989 3.84093 257.807 0.604649
217.045 3.87816 258.024 0.700106
217.101 3.92144 258.243 0.812574
217.157 3.97049 258.465 0.913437
217.213 4.02551 258.69 1.02672
217.27 4.0863 258.918 1.11843
217.326 4.15228 259.15 1.21069
217.382 4.22328 259.385 1.29599
217.438 4.29867 259.625 1.37306
217.494 4.37815 259.869 1.4408
217.551 4.4606 260.118 1.48175
217.607 4.54437 260.372 1.49549
217.663 4.62853 260.63 1.49554
217.719 4.71182 260.893 1.47066
217.775 4.79324 261.16 1.4301
217.831 4.87153 261.432 1.36449
217.888 4.94564 261.708 1.28906
217.944 5.01554 261.988 1.20938
218 5.08101 262.272 1.13056
218.056 5.14165 262.56 1.05038
218.112 5.19831 262.851 0.976308
218.169 5.25169 263.145 0.927953
218.225 5.30227 263.441 0.888181
218.281 5.35079 263.741 0.850268
218.337 5.39796 264.043 0.835733
218.393 5.44448 264.348 0.827049
218.449 5.4918 264.655 0.843414
218.506 5.53991 264.965 0.863726
218.562 5.58937 265.278 0.889048
218.618 5.64069 265.594 0.926721
218.674 5.69344 265.913 0.946292
218.73 5.74715 266.234 0.956825
218.787 5.80198 266.559 0.983555
218.843 5.85771 266.887 0.992462
218.899 5.91333 267.218 0.983874
218.955 5.96816 267.552 0.968682
219.011 6.02207 267.889 0.950709
219.067 6.07415 268.229 0.908494
219.124 6.12316 268.572 0.85297
219.18 6.16897 268.918 0.781977
219.236 6.20995 269.266 0.69678
219.292 6.24639 269.616 0.616482
219.348 6.2778 269.968 0.521382
219.404 6.30366 270.321 0.417038
219.461 6.32322 270.676 0.299926
219.517 6.33579 271.032 0.177546
219.573 6.34194 271.388 0.0630018
219.629 6.34147 271.744 -0.0574822
219.685 6.33396 272.1 -0.186591
219.742 6.31887 272.456 -0.32602
219.798 6.29574 272.81 -0.471294
219.854 6.26367 273.163 -0.63439
219.91 6.22184 273.513 -0.820301
219.966 6.16903 273.861 -1.02232
220.022 6.10447 274.205 -1.23657
220.079 6.02731 274.546 -1.46537
220.135 5.93655 274.881 -1.71667
220.191 5.83149 275.212 -1.97253
220.247 5.71168 275.535 -2.23451
220.303 5.57753 275.852 -2.49297
220.36 5.42887 276.16 -2.74785
220.416 5.26664 276.46 -2.98014
220.472 5.09138 276.75 -3.21951
220.528 4.90321 277.029 -3.43335
220.584 4.7024 277.298 -3.66832
220.64 4.48881 277.555 -3.88967
220.697 4.2631 277.8 -4.09897
220.753 4.02664 278.031 -4.27952
220.809 3.78111 278.249 -4.43012
220.865 3.52836 278.453 -4.54027
220.921 3.27002 278.643 -4.6294
220.978 3.0083 278.818 -4.67357
221.034 2.74632 278.978 -4.64941
221.09 2.48726 279.123 -4.57587
221.146 2.23428 279.255 -4.44753
221.202 1.98996 279.372 -4.2745
221.258 1.75726 279.476 -4.05161
221.315 1.5386 279.567 -3.78014
221.371 1.33626 279.646 -3.4739
221.427 1.15286 279.715 -3.11904
221.483 0.990434 279.774 -2.73594
221.539 0.85 279.825 -2.34171
221.596 0.732328 279.869 -1.93039
221.652 0.638017 279.907 -1.51014
221.708 0.566433 279.94 -1.1168
221.764 0.516616 279.97 -0.7332
221.82 0.488115 279.998 -0.367376
221.876 0.478823 280.025 -0.0372987
221.933 0.486822 280.052 0.258414
221.989 0.510292 280.08 0.520501
222.045 0.547075 280.11 0.739763
222.101 0.595702 280.143 0.944965
222.157 0.65448 280.178 1.10511
222.213 0.721209 280.217 1.23923
222.27 0.794737 280.26 1.35234
222.326 0.873372 280.307 1.4222
222.382 0.95466 280.359 1.46051
222.438 1.03752 280.415 1.4812
222.494 1.12074 280.477 1.47183
222.551 1.20341 280.542 1.46074
222.607 1.28367 280.613 1.40186
222.663 1.35981 280.687 1.32181
222.719 1.43109 280.766 1.23395
222.775 1.49743 280.849 1.14493
222.831 1.55863 280.935 1.05005
222.888 1.6145 281.024 0.961318
222.944 1.6654 281.117 0.8686
223 1.71247 281.212 0.81745
223.056 1.75667 281.31 0.766521
223.112 1.79811 281.41 0.719455
223.169 1.83761 281.512 0.697774
223.225 1.87589 281.617 0.669182
223.281 1.91236 281.723 0.636736
223.337 1.94751 281.832 0.621082
223.393 1.98151 281.943 0.592677
223.449 2.01351 282.055 0.552238
223.506 2.04398 282.169 0.536478
223.562 2.07363 282.285 0.519226
223.618 2.10178 282.402 0.493054
223.674 2.12944 282.521 0.494514
223.73 2.15772 282.642 0.510176
223.787 2.18744 282.764 0.545364
223.843 2.22014 282.888 0.6084
223.899 2.25839 283.014 0.728553
223.955 2.30368 283.143 0.864952
224.011 2.35768 283.274 1.0281
224.067 2.42225 283.408 1.23495
224.124 2.49899 283.547 1.456
224.18 2.58894 283.69 1.70169
224.236 2.69277 283.839 1.94223
224.292 2.8104 283.994 2.19964
224.348 2.94263 284.157 2.45121
224.404 3.0885 284.327 2.69201
224.461 3.2471 284.506 2.90819
224.517 3.41716 284.694 3.09749
224.573 3.59662 284.892 3.25353
224.629 3.7834 285.1 3.3684
224.685 3.97551 285.319 3.44456
224.742 4.16994 285.549 3.46566
224.798 4.36298 285.79 3.41106
224.854 4.55215 286.041 3.33272
224.91 4.73552 286.303 3.21535
224.966 4.91194 286.575 3.0867
225.022 5.08019 286.857 2.92798
225.079 5.23862 287.148 2.74848
225.135 5.3869 287.447 2.56969
225.191 5.525 287.754 2.38429
225.247 5.65263 288.069 2.19675
225.303 5.7698 288.391 2.0159
225.36 5.87686 288.718 1.82966
225.416 5.97416 289.052 1.66325
225.472 6.06181 289.391 1.49663
225.528 6.14038 289.734 1.33806
225.584 6.21075 290.081 1.19707
225.64 6.27342 290.432 1.06141
225.697 6.32869 290.787 0.932771
225.753 6.37678 291.144 0.803283
225.809 6.41753 291.503 0.676766
225.865 6.45131 291.865 0.551184
225.921 6.47814 292.228 0.42532
225.978 6.49781 292.593 0.300802
226.034 6.51006 292.959 0.160737
226.09 6.51539 293.325 0.0431437
226.146 6.51385 293.691 -0.0719155
226.202 6.50593 294.056 -0.188693
226.258 6.49196 294.421 -0.287394
226.315 6.47283 294.785 -0.373498
226.371 6.44931 295.148 -0.445776
226.427 6.42249 295.51 -0.492905
226.483 6.39348 295.87 -0.529483
226.539 6.36319 296.228 -0.542487
226.596 6.33296 296.584 -0.535652
226.652 6.30345 296.939 -0.517184
226.708 6.27495 297.292 -0.496215
226.764 6.24846 297.644 -0.453156
226.82 6.22474 297.994 -0.40376
226.876 6.20376 298.343 -0.359713
226.933 6.18611 298.691 -0.289135
226.989 6.17164 299.038 -0.242741
227.045 6.16064 299.384 -0.170944
227.101 6.15313 299.73 -0.105637
227.157 6.14923 300.076 -0.0430887
227.213 6.14871 300.421 0.0122168
227.27 6.15073 300.767 0.0517709
227.326 6.15506 301.112 0.0926969
227.382 6.16107 301.458 0.11622
227.438 6.16843 301.805 0.142203
227.494 6.17698 302.151 0.160435
227.551 6.18653 302.499 0.176727
227.607 6.19696 302.847 0.191189
227.663 6.20823 303.195 0.205553
227.719 6.2199 303.544 0.210782
227.775 6.23184 303.894 0.21562
227.831 6.24416 304.245 0.221763
227.888 6.257 304.596 0.23619
227.944 6.27081 304.948 0.253135
228 6.28569 305.301 0.270581
228.056 6.3018 305.654 0.297167
228.112 6.31954 306.009 0.325483
228.169 6.33885 306.365 0.355777
228.225 6.35959 306.721 0.377973
228.281 6.38177 307.079 0.406357
228.337 6.4053 307.439 0.42623
228.393 6.43027 307.799 0.454305
228.449 6.45672 308.162 0.487909
228.506 6.48473 308.525 0.507668
228.562 6.51471 308.891 0.551542
228.618 6.54684 309.258 0.583121
228.674 6.58134 309.627 0.634033
228.73 6.61862 309.998 0.68933
228.787 6.65923 310.371 0.754645
228.843 6.70461 310.746 0.844407
228.899 6.75507 311.125 0.934716
228.955 6.81049 311.506 1.02209
229.011 6.87089 311.891 1.10894
229.067 6.93568 312.279 1.18418
229.124 7.00465 312.671 1.25174
229.18 7.07626 313.067 1.28871
229.236 7.14981 313.467 1.31307
229.292 7.22307 313.871 1.2974
229.348 7.29504 314.279 1.27302
229.404 7.36452 314.691 1.21114
229.461 7.42984 315.107 1.12747
229.517 7.48976 315.527 1.02368
229.573 7.54284 315.949 0.887844
229.629 7.58803 316.375 0.748519
229.685 7.62442 316.802 0.578415
229.742 7.65039 317.231 0.376877
229.798 7.66561 317.662 0.197936
229.854 7.66957 318.093 -0.0184948
229.91 7.66023 318.523 -0.265152
229.966 7.63668 318.953 -0.525885
230.022 7.59745 319.381 -0.811165
230.079 7.5417 319.806 -1.11277
230.135 7.468 320.227 -1.44721
230.191 7.37475 320.644 -1.80375
230.247 7.26133 321.054 -2.16622
230.303 7.12721 321.458 -2.53229
230.36 6.9725 321.853 -2.90103
230.416 6.79815 322.239 -3.22582
230.472 6.60722 322.614 -3.50186
230.528 6.40348 322.979 -3.69382
230.584 6.19214 323.331 -3.7924
230.64 5.97922 323.672 -3.77265
230.697 5.77134 324.001 -3.63683
230.753 5.57449 324.318 -3.39297
230.809 5.39621 324.626 -3.02081
230.865 5.24112 324.923 -2.58344
230.921 5.11237 325.213 -2.09433
230.978 5.01261 325.497 -1.56114
231.034 4.94305 325.776 -1.02678
231.09 4.90306 326.052 -0.495828
231.146 4.89163 326.327 -0.0112585
231.202 4.90712 326.603 0.450683
231.258 4.94675 326.879 0.860481
231.315 5.0067 327.159 1.20106
231.371 5.08451 327.443 1.49951
231.427 5.17657 327.732 1.72414
231.483 5.27916 328.026 1.89027
231.539 5.38961 328.326 2.01199
231.596 5.50574 328.633 2.09851
231.652 5.62545 328.946 2.14841
231.708 5.7472 329.266 2.1806
231.764 5.87095 329.594 2.21722
231.82 5.99735 329.928 2.27616
231.876 6.12646 330.269 2.30433
231.933 6.25734 330.617 2.34728
231.989 6.39162 330.973 2.41495
232.045 6.52976 331.337 2.48889
232.101 6.67156 331.709 2.5442
232.157 6.81604 332.088 2.5855
232.213 6.96242 332.476 2.61018
232.27 7.10815 332.872 2.57899
232.326 7.25115 333.277 2.51612
232.382 7.38945 333.689 2.41672
232.438 7.52065 334.108 2.27745
232.494 7.6425 334.535 2.09161
232.551 7.75198 334.968 1.85674
232.607 7.84843 335.407 1.61545
232.663 7.93 335.851 1.34165
232.719 7.99545 336.298 1.04188
232.775 8.0425 336.749 0.691421
232.831 8.06979 337.202 0.339973
232.888 8.07617 337.656 -0.0411888
232.944 8.06062 338.109 -0.438305
233 8.02232 338.561 -0.846057
233.056 7.96092 339.009 -1.25521
233.112 7.87672 339.454 -1.66196
233.169 7.77006 339.893 -2.05318
233.225 7.64185 340.325 -2.43219
233.281 7.49368 340.75 -2.77387
233.337 7.32744 341.165 -3.07736
233.393 7.14563 341.571 -3.33579
233.449 6.95101 341.966 -3.54865
233.506 6.74613 342.349 -3.70693
233.562 6.53404 342.721 -3.81517
233.618 6.31721 343.081 -3.8854
233.674 6.09809 343.428 -3.90583
233.73 5.87804 343.764 -3.92246
233.787 5.65777 344.086 -3.92008
233.843 5.43825 344.397 -3.89419
233.899 5.22061 344.695 -3.85984
233.955 5.00464 344.981 -3.83745
234.011 4.79041 345.255 -3.79378
234.067 4.57909 345.517 -3.73461
234.124 4.37146 345.767 -3.6652
234.18 4.16854 346.006 -3.56367
234.236 3.97238 346.233 -3.43871
234.292 3.78459 346.45 -3.27369
234.348 3.6071 346.657 -3.08206
234.404 3.44121 346.854 -2.86814
234.461 3.28793 347.042 -2.63294
234.517 3.14809 347.222 -2.39051
234.573 3.02234 347.394 -2.13422
234.629 2.91206 347.56 -1.8468
234.685 2.81791 347.721 -1.56451
234.742 2.73955 347.876 -1.28243
234.798 2.67718 348.028 -0.994018
234.854 2.63122 348.177 -0.698476
234.91 2.60189 348.324 -0.404352
234.966 2.58899 348.469 -0.114395
235.022 2.592 348.615 0.164556
235.079 2.6103 348.761 0.430446
235.135 2.64298 348.909 0.682134
235.191 2.68951 349.059 0.920361
235.247 2.74826 349.212 1.12385
235.303 2.81774 349.368 1.30501
235.36 2.89581 349.529 1.44325
235.416 2.98057 349.695 1.5532
235.472 3.07114 349.865 1.64834
235.528 3.16606 350.041 1.71279
235.584 3.26328 350.222 1.74569
235.64 3.36224 350.409 1.77124
235.697 3.46284 350.601 1.80336
235.753 3.56488 350.799 1.82737
235.809 3.66897 351.003 1.86713
235.865 3.77526 351.212 1.90969
235.921 3.88462 351.428 1.97149
235.978 3.99723 351.65 2.02688
236.034 4.11335 351.879 2.09932
236.09 4.23329 352.114 2.15813
236.146 4.35666 352.356 2.22337
236.202 4.48379 352.605 2.29104
236.258 4.61438 352.861 2.3427
236.315 4.7472 353.125 2.37974
236.371 4.88229 353.396 2.42446
236.427 5.01938 353.675 2.44655
236.483 5.15727 353.962 2.46009
236.539 5.29495 354.256 2.44073
236.596 5.43128 354.558 2.41421
236.652 5.56526 354.868 2.36422
236.708 5.69548 355.185 2.28718
236.764 5.82124 355.509 2.19946
236.82 5.94113 355.84 2.0892
236.876 6.05361 356.178 1.94505
236.933 6.15714 356.521 1.77604
236.989 6.25174 356.87 1.62031
237.045 6.33703 357.225 1.44663
237.101 6.412 357.583 1.25987
237.157 6.47633 357.946 1.06748
237.213 6.53 358.311 0.880122
237.27 6.57285 358.68 0.682265
237.326 6.60417 359.05 0.47692
237.382 6.62438 359.422 0.281121
237.438 6.6332 359.794 0.0783482
237.494 6.63093 360.167 -0.122704
237.551 6.61749 360.539 -0.316449
237.607 6.59361 360.91 -0.499189
237.663 6.55906 361.279 -0.704021
237.719 6.5145 361.646 -0.849999
237.775 6.46131 362.011 -1.00777
237.831 6.39981 362.372 -1.14931
237.888 6.33122 362.729 -1.26818
237.944 6.25652 363.082 -1.36809
238 6.17675 363.431 -1.45283
238.056 6.09287 363.775 -1.51729
238.112 6.00608 364.114 -1.56461
238.169 5.91745 364.449 -1.58255
238.225 5.82831 364.778 -1.58609
238.281 5.7396 365.103 -1.5756
238.337 5.65229 365.422 -1.54195
238.393 5.567 365.737 -1.50573
238.449 5.48427 366.047 -1.45082
238.506 5.40465 366.352 -1.39767
238.562 5.32855 366.653 -1.32769
238.618 5.25583 366.95 -1.26093
238.674 5.18724 367.243 -1.19189
238.73 5.12296 367.532 -1.10664
238.787 5.06393 367.818 -1.01331
238.843 5.01023 368.101 -0.912906
238.899 4.96251 368.381 -0.808456
238.955 4.92043 368.658 -0.705786
239.011 4.88435 368.933 -0.600695
239.067 4.85428 369.207 -0.494065
239.124 4.83004 369.478 -0.393675
239.18 4.81123 369.749 -0.295617
239.236 4.79773 370.019 -0.201838
239.292 4.78922 370.288 -0.115848
239.348 4.78533 370.557 -0.0368895
239.404 4.78604 370.826 0.0478675
239.461 4.79133 371.095 0.12962
239.517 4.80159 371.364 0.216497
239.573 4.81647 371.635 0.303684
239.629 4.83668 371.906 0.398693
239.685 4.86272 372.178 0.505699
239.742 4.89542 372.453 0.62929
239.798 4.93486 372.729 0.751735
239.854 4.98163 373.008 0.892596
239.91 5.03741 373.29 1.06247
239.966 5.10287 373.575 1.23851
240.022 5.17927 373.864 1.4357
240.079 5.26686 374.158 1.64366
240.135 5.36624 374.457 1.85336
240.191 5.47762 374.762 2.07187
240.247 5.60155 375.074 2.29218
240.303 5.73758 375.393 2.50982
240.36 5.88551 375.72 2.70695
240.416 6.04416 376.056 2.89869
240.472 6.21234 376.402 3.05075
240.528 6.38758 376.757 3.16365
240.584 6.56848 377.121 3.24664
240.64 6.75221 377.497 3.27595
240.697 6.93682 377.882 3.28724
240.753 7.12046 378.278 3.25364
240.809 7.30202 378.684 3.20981
240.865 7.4798 379.101 3.12947
240.921 7.65191 379.527 3.01682
240.978 7.8175 379.962 2.9039
241.034 7.97671 380.407 2.78492
241.09 8.12964 380.86 2.68364
241.146 8.2767 381.322 2.57812
241.202 8.41923 381.791 2.51207
241.258 8.55776 382.269 2.43464
241.315 8.692 382.754 2.36151
241.371 8.82188 383.247 2.27469
241.427 8.94716 383.747 2.19562
241.483 9.06726 384.254 2.09825
241.539 9.18136 384.767 1.98446
241.596 9.2882 385.286 1.85032
241.652 9.38791 385.812 1.72472
241.708 9.47998 386.342 1.5817
241.764 9.56444 386.878 1.45012
241.82 9.64124 387.418 1.31525
241.876 9.71122 387.962 1.20568
241.933 9.77571 388.509 1.10876
241.989 9.83549 389.061 1.03719
242.045 9.89222 389.615 0.993644
242.101 9.9468 390.173 0.957266
242.157 10 390.733 0.942935
242.213 10.0527 391.297 0.937248
242.27 10.1057 391.863 0.945608
242.326 10.1595 392.433 0.966471
242.382 10.2152 393.006 1.01297
242.438 10.2739 393.581 1.06758
242.494 10.3361 394.161 1.13744
242.551 10.4027 394.744 1.21834
242.607 10.4744 395.33 1.31892
242.663 10.5516 395.921 1.41091
242.719 10.6339 396.517 1.49906
242.775 10.7205 397.117 1.56899
242.831 10.8099 397.723 1.60255
242.888 10.9004 398.333 1.61111
242.944 10.9899 398.948 1.5787
243 11.0765 399.569 1.50627
243.056 11.1575 400.194 1.39503
243.112 11.231 400.823 1.2502
243.169 11.2955 401.456 1.06943
243.225 11.3486 402.093 0.860781
243.281 11.3889 402.732 0.621426
243.337 11.4153 403.372 0.37251
243.393 11.4279 404.014 0.124
243.449 11.4264 404.656 -0.128134
243.506 11.4114 405.298 -0.356869
243.562 11.3839 405.938 -0.576675
243.618 11.3449 406.576 -0.766929
243.674 11.2961 407.212 -0.930915
243.73 11.2391 407.845 -1.06756
243.787 11.1753 408.474 -1.18224
243.843 11.1053 409.1 -1.28111
243.899 11.0303 409.721 -1.37231
243.955 10.9499 410.338 -1.46737
244.011 10.8646 410.95 -1.54742
244.067 10.7749 411.558 -1.62911
244.124 10.6807 412.16 -1.71165
244.18 10.5811 412.756 -1.81568
244.236 10.4749 413.347 -1.9458
244.292 10.3607 413.932 -2.08974
244.348 10.2379 414.51 -2.25454
244.404 10.1052 415.081 -2.44151
244.461 9.9613 415.644 -2.65107
244.517 9.80429 416.198 -2.89359
244.573 9.63316 416.743 -3.14453
244.629 9.44825 417.278 -3.38875
244.685 9.24998 417.802 -3.6242
244.742 9.03802 418.315 -3.87144
244.798 8.81243 418.815 -4.10785
244.854 8.57445 419.302 -4.31785
244.91 8.32527 419.776 -4.50781
244.966 8.06706 420.235 -4.64999
245.022 7.80185 420.679 -4.76093
245.079 7.53194 421.108 -4.82487
245.135 7.26069 421.522 -4.82559
245.191 6.99106 421.921 -4.77735
245.247 6.72542 422.305 -4.68761
245.303 6.46689 422.674 -4.54215
245.36 6.21735 423.029 -4.36892
245.416 5.97923 423.37 -4.14826
245.472 5.75449 423.698 -3.90001
245.528 5.54393 424.014 -3.64435
245.584 5.34878 424.319 -3.35287
245.64 5.17087 424.613 -3.04274
245.697 5.01061 424.898 -2.72334
245.753 4.8687 425.175 -2.3913
245.809 4.74638 425.444 -2.03309
245.865 4.64411 425.708 -1.66887
245.921 4.56282 425.966 -1.29773
245.978 4.50302 426.22 -0.906722
246.034 4.46548 426.471 -0.508498
246.09 4.45088 426.722 -0.0939571
246.146 4.45971 426.972 0.326679
246.202 4.492 427.223 0.741582
246.258 4.54765 427.478 1.15882
246.315 4.62671 427.736 1.57321
246.371 4.72824 427.999 1.96416
246.427 4.85154 428.269 2.34452
246.483 4.99523 428.546 2.70122
246.539 5.15824 428.832 3.02377
246.596 5.33952 429.128 3.3485
246.652 5.53735 429.434 3.63602
246.708 5.75062 429.753 3.90439
246.763 5.97421 430.078 4.13793
246.817 6.2037 430.407 4.34393
246.871 6.44398 430.748 4.53821
246.925 6.69422 431.103 4.71474
246.978 6.95192 431.472 4.83119
247.034 7.22191 431.865 4.91669
247.09 7.49971 432.28 4.95879
247.146 7.77766 432.711 4.934
247.202 8.05213 433.157 4.8468
247.258 8.3194 433.618 4.68752
247.315 8.57548 434.094 4.46363
247.371 8.81662 434.584 4.16933
247.427 9.03994 435.087 3.83564
247.483 9.24207 435.602 3.43831
247.539 9.42084 436.128 3.00684
247.596 9.57455 436.662 2.55159
247.652 9.70233 437.204 2.09504
247.708 9.80489 437.753 1.65117
247.764 9.88371 438.307 1.2406
247.82 9.94064 438.864 0.859752
247.876 9.97724 439.424 0.519442
247.933 9.99595 439.985 0.214661
247.989 9.99887 440.547 -0.0550969
248.045 9.98738 441.108 -0.306952
248.101 9.96253 441.668 -0.527817
248.157 9.92558 442.227 -0.741332
248.213 9.87747 442.783 -0.934518
248.27 9.81817 443.336 -1.13339
248.326 9.74838 443.885 -1.3147
248.382 9.66805 444.43 -1.50831
248.438 9.57602 444.97 -1.72878
248.494 9.47159 445.505 -1.94753
248.551 9.35467 446.033 -2.17304
248.607 9.22423 446.554 -2.4237
248.663 9.07926 447.068 -2.68348
248.719 8.91961 447.572 -2.94942
248.775 8.74516 448.068 -3.20173
248.831 8.55759 448.553 -3.42748
248.888 8.35872 449.027 -3.60676
248.944 8.15102 449.489 -3.75504
249 7.93673 449.94 -3.84853
249.056 7.7181 450.379 -3.91424
249.112 7.49689 450.805 -3.94248
249.169 7.27593 451.219 -3.92284
249.225 7.05711 451.62 -3.87282
249.281 6.84094 452.009 -3.82967
249.337 6.62776 452.386 -3.77022
249.393 6.4184 452.751 -3.69508
249.449 6.21294 453.105 -3.62587
249.506 6.01121 453.447 -3.57516
249.562 5.81303 453.778 -3.50198
249.618 5.61901 454.098 -3.42857
249.674 5.42866 454.408 -3.35771
249.73 5.24249 454.706 -3.28612
249.787 5.06012 454.995 -3.21994
249.843 4.88099 455.273 -3.17041
249.899 4.705 455.541 -3.10121
249.955 4.53271 455.8 -3.0401
250.011 4.36443 456.049 -2.96936
250.067 4.20039 456.288 -2.88777
250.124 4.04131 456.519 -2.792
250.18 3.8875 456.741 -2.70064
250.236 3.73911 456.954 -2.60382
250.292 3.59627 457.159 -2.50189
250.348 3.4596 457.357 -2.38565
250.404 3.33044 457.547 -2.24604
250.461 3.20905 457.73 -2.10428
250.517 3.09617 457.906 -1.9502
250.573 2.99149 458.076 -1.80096
250.629 2.8954 458.241 -1.6449
250.685 2.80846 458.401 -1.47803
250.742 2.73131 458.556 -1.29973
250.798 2.66434 458.707 -1.11817
250.854 2.60823 458.855 -0.92601
250.91 2.56345 459 -0.712438
250.966 2.53068 459.143 -0.496081
251.022 2.51037 459.284 -0.271818
251.079 2.50304 459.425 -0.0347609
251.135 2.50944 459.566 0.21305
251.191 2.5295 459.707 0.45411
251.247 2.56302 459.85 0.691477
251.303 2.60971 459.996 0.927276
251.36 2.66958 460.145 1.15429
251.416 2.74143 460.297 1.36084
251.472 2.8242 460.454 1.5476
251.528 2.91689 460.615 1.71535
251.584 3.01812 460.783 1.8574
251.64 3.12643 460.956 1.9699
251.697 3.23986 461.135 2.04988
251.753 3.35694 461.321 2.10094
251.809 3.4758 461.514 2.12142
251.865 3.5947 461.713 2.1107
251.921 3.71236 461.919 2.07948
251.978 3.82709 462.131 2.01331
252.034 3.9372 462.35 1.92437
252.09 4.04182 462.575 1.81825
252.146 4.13956 462.805 1.68618
252.202 4.2291 463.041 1.52439
252.258 4.31001 463.281 1.37351
252.315 4.38223 463.526 1.23057
252.371 4.44583 463.774 1.07239
252.427 4.50117 464.026 0.920404
252.483 4.54737 464.28 0.759854
252.539 4.58439 464.537 0.581046
252.596 4.61213 464.796 0.424552
252.652 4.63038 465.055 0.263843
252.708 4.63963 465.316 0.101051
252.764 4.63983 465.577 -0.0578476
252.82 4.63127 465.837 -0.21349
252.876 4.61403 466.097 -0.36911
252.933 4.589 466.355 -0.497813
252.989 4.55693 466.612 -0.622402
253.045 4.51794 466.867 -0.740409
253.101 4.4733 467.119 -0.834047
253.157 4.42378 467.369 -0.90986
253.213 4.37097 467.615 -0.956104
253.27 4.31608 467.859 -0.98909
253.326 4.25933 468.1 -1.02012
253.382 4.20155 468.337 -1.03041
253.438 4.14401 468.571 -1.02117
253.494 4.08726 468.802 -1.00006
253.551 4.03193 469.03 -0.97401
253.607 3.97847 469.254 -0.932343
253.663 3.92782 469.476 -0.884523
253.719 3.87998 469.695 -0.826932
253.775 3.83583 469.912 -0.758698
253.831 3.79566 470.126 -0.687344
253.888 3.75959 470.338 -0.610575
253.944 3.72773 470.548 -0.540809
254 3.69957 470.756 -0.472264
254.056 3.6757 470.963 -0.393826
254.112 3.65596 471.169 -0.322912
254.169 3.63988 471.374 -0.257827
254.225 3.62703 471.578 -0.200808
254.281 3.61727 471.782 -0.155146
254.337 3.61009 471.985 -0.11395
254.393 3.60452 472.187 -0.0925163
254.449 3.59993 472.39 -0.081422
254.506 3.59518 472.592 -0.0877551
254.562 3.5897 472.793 -0.0995365
254.618 3.58256 472.995 -0.14287
254.674 3.57321 473.196 -0.181816
254.73 3.56104 473.396 -0.240303
254.787 3.54546 473.596 -0.30263
254.843 3.52574 473.794 -0.385692
254.899 3.50159 473.992 -0.463683
254.955 3.47262 474.187 -0.54308
255.011 3.43865 474.381 -0.640715
255.067 3.39971 474.573 -0.727807
255.123 3.35585 474.762 -0.816033
255.179 3.30768 474.947 -0.901633
255.235 3.25514 475.13 -0.965155
255.291 3.19879 475.311 -1.02437
255.347 3.13926 475.489 -1.07453
255.404 3.07736 475.663 -1.11667
255.46 3.01359 475.834 -1.14246
255.516 2.94861 476.002 -1.16405
255.572 2.8826 476.166 -1.18067
255.629 2.81559 476.325 -1.19281
255.685 2.74802 476.482 -1.20498
255.741 2.6796 476.634 -1.22317
255.797 2.61058 476.782 -1.22961
255.854 2.54109 476.927 -1.23951
255.91 2.47082 477.068 -1.25247
255.966 2.4001 477.204 -1.26028
256.022 2.32944 477.337 -1.24878
256.079 2.25991 477.465 -1.22845
256.135 2.19199 477.59 -1.19365
256.191 2.12646 477.711 -1.14478
256.247 2.06459 477.828 -1.07041
256.303 2.0073 477.942 -0.983416
256.36 1.95565 478.053 -0.875012
256.416 1.91059 478.162 -0.753443
256.472 1.8727 478.268 -0.622007
256.528 1.84243 478.372 -0.481504
256.584 1.81994 478.475 -0.34444
256.64 1.80538 478.576 -0.201286
256.697 1.79873 478.677 -0.0647763
256.753 1.79972 478.778 0.0710481
256.809 1.8082 478.88 0.202067
256.865 1.82363 478.982 0.322315
256.921 1.84585 479.085 0.442602
256.978 1.87461 479.19 0.557711
257.034 1.90971 479.296 0.670301
257.09 1.95088 479.405 0.770299
257.146 1.99769 479.516 0.873302
257.202 2.05019 479.63 0.973044
257.258 2.10823 479.747 1.07211
257.315 2.17142 479.868 1.16401
257.371 2.24001 479.992 1.25767
257.427 2.3136 480.12 1.34086
257.483 2.3917 480.253 1.41756
257.539 2.47366 480.39 1.48229
257.596 2.55832 480.532 1.51982
257.652 2.64449 480.678 1.53998
257.708 2.73085 480.83 1.53448
257.764 2.81591 480.986 1.49679
257.82 2.89795 481.147 1.43115
257.876 2.97533 481.313 1.33924
257.933 3.04617 481.482 1.20874
257.989 3.10924 481.655 1.06215
258.045 3.16323 481.832 0.891937
258.101 3.20733 482.011 0.712428
258.157 3.24125 482.193 0.531
258.213 3.26499 482.376 0.343982
258.27 3.27823 482.559 0.163074
258.326 3.28141 482.744 -0.0121288
258.382 3.27499 482.928 -0.181141
258.438 3.25966 483.111 -0.331581
258.494 3.23614 483.294 -0.471791
258.551 3.20528 483.475 -0.600314
258.607 3.16755 483.653 -0.7156
258.663 3.12355 483.83 -0.828592
258.719 3.07418 484.004 -0.913787
258.775 3.02015 484.175 -0.995297
258.831 2.96218 484.342 -1.05889
258.888 2.90099 484.507 -1.10845
258.944 2.83729 484.668 -1.15449
259 2.77072 484.825 -1.20983
259.056 2.70202 484.978 -1.23937
259.112 2.63146 485.128 -1.27256
259.169 2.55951 485.273 -1.29012
259.225 2.48655 485.414 -1.30132
259.281 2.4136 485.552 -1.29626
259.337 2.34106 485.685 -1.28544
259.393 2.26984 485.814 -1.2562
259.449 2.20058 485.939 -1.21427
259.506 2.13429 486.06 -1.15757
259.562 2.07162 486.178 -1.08686
259.618 2.01292 486.293 -1.01366
259.674 1.95862 486.404 -0.932366
259.73 1.90905 486.512 -0.845327
259.787 1.86461 486.618 -0.754843
259.843 1.8255 486.721 -0.654694
259.899 1.79143 486.823 -0.569668
259.955 1.76267 486.922 -0.475112
260.011 1.73905 487.02 -0.385127
260.067 1.72022 487.118 -0.299403
260.124 1.70643 487.214 -0.210596
260.18 1.69722 487.309 -0.132579
260.236 1.6923 487.404 -0.0570064
260.292 1.69134 487.499 0.00912745
260.348 1.69395 487.594 0.0714436
260.404 1.70006 487.69 0.132389
260.461 1.70916 487.786 0.184772
260.517 1.72128 487.882 0.236427
260.573 1.73606 487.979 0.279776
260.629 1.75326 488.077 0.320576
260.685 1.77222 488.176 0.348986
260.742 1.7929 488.277 0.380668
260.798 1.81504 488.378 0.40523
260.854 1.83873 488.481 0.432487
260.91 1.86365 488.585 0.452927
260.966 1.89008 488.691 0.479952
261.022 1.91823 488.798 0.515014
261.079 1.9481 488.907 0.543354
261.135 1.97998 489.017 0.588226
261.191 2.01449 489.129 0.638368
261.247 2.05163 489.244 0.665509
261.303 2.09198 489.36 0.740282
261.36 2.13541 489.479 0.797662
261.416 2.18243 489.601 0.860955
261.472 2.23282 489.725 0.920217
261.528 2.28607 489.852 0.963816
261.584 2.34173 489.983 1.00516
261.64 2.39891 490.116 1.02335
261.697 2.45596 490.253 1.00716
261.753 2.51159 490.393 0.976979
261.809 2.56482 490.536 0.926917
261.865 2.61438 490.682 0.847835
261.921 2.65896 490.83 0.758175
261.978 2.69783 490.981 0.647029
262.034 2.73021 491.133 0.529176
262.09 2.75574 491.288 0.400232
262.146 2.77394 491.443 0.279466
262.202 2.78583 491.599 0.164773
262.258 2.7909 491.756 0.0470139
262.315 2.78994 491.913 -0.0574938
262.371 2.78269 492.069 -0.177798
262.427 2.76913 492.225 -0.283885
262.483 2.74996 492.38 -0.378039
262.539 2.72519 492.534 -0.483326
262.596 2.69489 492.686 -0.576848
262.652 2.65951 492.836 -0.666091
262.708 2.61876 492.984 -0.762441
262.764 2.57282 493.13 -0.856367
262.82 2.52194 493.273 -0.94
262.876 2.46575 493.413 -1.04123
262.933 2.40432 493.549 -1.13034
262.989 2.3381 493.682 -1.20532
263.045 2.26831 493.811 -1.26433
263.101 2.19537 493.936 -1.31997
263.157 2.11998 494.057 -1.35333
263.213 2.0431 494.173 -1.37655
263.27 1.96574 494.285 -1.37262
263.326 1.8894 494.393 -1.35192
263.382 1.81473 494.497 -1.31092
263.438 1.74267 494.596 -1.26046
263.494 1.67407 494.692 -1.19151
263.551 1.60965 494.784 -1.11829
263.607 1.54954 494.872 -1.03651
263.663 1.49416 494.957 -0.953919
263.719 1.44334 495.04 -0.870214
263.775 1.39728 495.119 -0.788972
263.831 1.35555 495.196 -0.710083
263.888 1.31829 495.271 -0.633498
263.944 1.28505 495.344 -0.563854
264 1.25603 495.415 -0.486358
264.056 1.23138 495.485 -0.406608
264.112 1.21148 495.553 -0.315758
264.169 1.19633 495.621 -0.233075
264.225 1.18644 495.688 -0.136509
264.281 1.18233 495.754 -0.0301793
264.337 1.18409 495.821 0.0739152
264.393 1.19208 495.887 0.188892
264.449 1.2069 495.955 0.312452
264.506 1.22902 496.023 0.446272
264.562 1.25864 496.093 0.582632
264.618 1.29608 496.165 0.72177
264.674 1.34137 496.24 0.862666
264.73 1.39461 496.317 1.00352
264.787 1.45555 496.397 1.13929
264.843 1.52425 496.481 1.2767
264.899 1.60031 496.569 1.40639
264.955 1.68329 496.662 1.52526
265.011 1.77269 496.76 1.63481
265.067 1.86812 496.862 1.73796
265.124 1.96908 496.971 1.83161
265.18 2.0749 497.085 1.91898
265.236 2.18573 497.205 2.00855
265.292 2.30149 497.332 2.09153
265.348 2.42164 497.465 2.16814
265.404 2.546 497.605 2.23991
265.461 2.67424 497.753 2.31278
265.517 2.80657 497.907 2.38832
265.573 2.94301 498.07 2.45582
265.629 3.0832 498.24 2.51973
265.685 3.22624 498.418 2.56274
265.742 3.37116 498.604 2.58817
265.798 3.51731 498.798 2.60952
265.854 3.66426 499.001 2.61983
265.91 3.81107 499.211 2.60863
265.966 3.95712 499.43 2.5929
266.022 4.10165 499.658 2.55458
266.079 4.24295 499.893 2.48832
266.135 4.38039 500.136 2.41502
266.191 4.51319 500.386 2.33209
266.247 4.64141 500.644 2.24609
266.303 4.76414 500.909 2.13954
266.36 4.88063 501.181 2.02917
266.416 4.99061 501.459 1.91104
266.472 5.09405 501.743 1.79327
266.528 5.19085 502.032 1.68049
266.584 5.28188 502.327 1.58318
266.64 5.36791 502.627 1.49692
266.697 5.44931 502.931 1.41966
266.753 5.52697 503.24 1.36253
266.809 5.60228 503.553 1.32197
266.865 5.67548 503.87 1.29501
266.921 5.74773 504.191 1.28474
266.978 5.82082 504.517 1.31227
267.034 5.89561 504.846 1.34788
267.09 5.97279 505.18 1.39578
267.146 6.0535 505.518 1.46365
267.202 6.13824 505.861 1.54098
267.258 6.22758 506.209 1.62272
267.315 6.32142 506.562 1.70006
267.371 6.41963 506.92 1.77887
267.427 6.52228 507.284 1.86274
267.483 6.62939 507.654 1.93688
267.539 6.74069 508.031 2.01506
267.596 6.8566 508.413 2.0934
267.652 6.97662 508.802 2.16028
267.708 7.09961 509.199 2.20965
267.764 7.22561 509.602 2.26457
267.82 7.35429 510.012 2.30717
267.876 7.48534 510.429 2.34095
267.933 7.61857 510.854 2.38452
267.989 7.75399 511.287 2.42026
268.045 7.89072 511.727 2.43952
268.101 8.02779 512.175 2.43466
268.157 8.16417 512.631 2.41977
268.213 8.29939 513.094 2.39103
268.27 8.43215 513.565 2.33911
268.326 8.56133 514.043 2.26884
268.382 8.68556 514.528 2.16489
268.438 8.80314 515.02 2.03991
268.494 8.91257 515.518 1.88588
268.551 9.0128 516.022 1.70831
268.607 9.10235 516.532 1.51344
268.663 9.18014 517.046 1.28804
268.719 9.24466 517.564 1.05353
268.775 9.29542 518.085 0.802885
268.831 9.33152 518.608 0.535535
268.888 9.35205 519.133 0.255476
268.944 9.35657 519.659 -0.0327285
269 9.34595 520.184 -0.294653
269.056 9.32043 520.709 -0.559076
269.112 9.28076 521.231 -0.80357
269.169 9.22763 521.751 -1.03486
269.225 9.16263 522.267 -1.23431
269.281 9.08725 522.779 -1.4073
269.337 9.00256 523.287 -1.56793
269.393 8.91072 523.79 -1.67178
269.449 8.81378 524.287 -1.75702
269.506 8.71274 524.779 -1.82342
269.562 8.6089 525.265 -1.85457
269.618 8.50412 525.745 -1.87318
269.674 8.39811 526.219 -1.90169
269.73 8.29006 526.687 -1.93653
269.787 8.17975 527.149 -1.98575
269.843 8.06606 527.605 -2.05544
269.899 7.94717 528.054 -2.15876
269.955 7.82134 528.496 -2.2991
270.011 7.6863 528.931 -2.47728
270.067 7.5404 529.358 -2.67979
270.124 7.38268 529.777 -2.89664
270.18 7.21219 530.186 -3.12236
270.236 7.03034 530.585 -3.31718
270.292 6.83755 530.973 -3.49887
270.348 6.63583 531.351 -3.63556
270.404 6.42837 531.716 -3.72692
270.461 6.21768 532.07 -3.76237
270.517 6.00719 532.413 -3.73007
270.573 5.80041 532.743 -3.63766
270.629 5.60106 533.062 -3.48326
270.685 5.41188 533.371 -3.28646
270.742 5.23491 533.669 -3.06253
270.798 5.07067 533.957 -2.82477
270.854 4.92033 534.237 -2.58026
270.91 4.78272 534.508 -2.36299
270.966 4.65675 534.773 -2.16725
271.022 4.5402 535.031 -2.01874
271.079 4.43028 535.282 -1.92024
271.135 4.32383 535.527 -1.88447
271.191 4.21724 535.767 -1.91081
271.247 4.10758 536 -1.98454
271.303 3.99244 536.227 -2.09649
271.36 3.86974 536.447 -2.24568
271.416 3.73811 536.66 -2.40797
271.472 3.59818 536.865 -2.54929
271.528 3.44987 537.062 -2.69944
271.584 3.29382 537.251 -2.82735
271.64 3.13139 537.431 -2.92877
271.697 2.96458 537.601 -2.99339
271.753 2.79486 537.762 -3.03496
271.809 2.62346 537.913 -3.06083
271.865 2.45139 538.055 -3.06363
271.921 2.27957 538.186 -3.0488
271.978 2.10894 538.309 -3.02821
272.034 1.94013 538.422 -2.98949
272.09 1.77395 538.525 -2.93263
272.146 1.61177 538.619 -2.85512
272.202 1.45454 538.704 -2.75556
272.258 1.30366 538.781 -2.63255
272.315 1.16053 538.849 -2.4892
272.371 1.02629 538.91 -2.31668
272.427 0.902716 538.963 -2.11562
272.483 0.791877 539.01 -1.87319
272.539 0.695787 539.051 -1.59529
272.596 0.616749 539.088 -1.27771
272.652 0.556549 539.12 -0.925874
272.708 0.517357 539.15 -0.545815
272.764 0.500896 539.179 -0.12203
272.82 0.508941 539.207 0.326633
272.874 0.540538 539.235 0.774068
272.926 0.595442 539.265 1.22815
272.979 0.674226 539.299 1.68153
273.034 0.782075 539.339 2.14896
273.09 0.918204 539.388 2.60368
273.146 1.07904 539.444 3.03061
273.202 1.26283 539.511 3.43605
273.258 1.46798 539.589 3.77639
273.315 1.69204 539.679 4.11715
273.369 1.92517 539.778 4.39954
273.422 2.16724 539.889 4.63014
273.477 2.42736 540.015 4.86475
273.532 2.70003 540.157 5.05251
273.587 2.98785 540.317 5.23835
273.643 3.28601 540.494 5.41369
273.699 3.5932 540.687 5.57222
273.755 3.90902 540.898 5.7259
273.81 4.2331 541.127 5.86798
273.866 4.56522 541.374 6.01553
273.922 4.90553 541.64 6.16272
273.978 5.25431 541.925 6.31784
274.034 5.61332 542.232 6.45987
274.09 5.98 542.559 6.57044
274.144 6.33798 542.894 6.65021
274.198 6.70141 543.251 6.68614
274.253 7.06952 543.633 6.67873
274.309 7.4396 544.039 6.62145
274.365 7.8055 544.466 6.52435
274.421 8.1637 544.912 6.35939
274.475 8.503 545.368 6.14517
274.53 8.83086 545.844 5.89047
274.584 9.14206 546.337 5.56056
274.639 9.43099 546.843 5.1481
274.688 9.67199 547.314 4.73381
274.739 9.90061 547.819 4.24696
274.791 10.1052 548.341 3.70629
274.844 10.2798 548.874 3.10819
274.896 10.4226 549.414 2.48905
274.948 10.5324 549.961 1.85342
275 10.6087 550.513 1.20188
275.056 10.6522 551.11 0.49261
275.112 10.6568 551.709 -0.187417
275.169 10.6248 552.307 -0.824926
275.225 10.5581 552.902 -1.42015
275.281 10.4593 553.492 -1.9805
275.337 10.3305 554.075 -2.49174
275.389 10.1886 554.604 -2.92058
275.44 10.0273 555.118 -3.31337
275.493 9.84018 555.643 -3.68779
275.547 9.63042 556.167 -4.01472
275.601 9.40015 556.688 -4.31257
275.657 9.15275 557.2 -4.56883
275.712 8.89233 557.698 -4.78694
275.767 8.62072 558.182 -4.98205
275.823 8.33898 558.65 -5.16552
275.878 8.04733 559.102 -5.32875
275.934 7.74716 559.537 -5.48258
275.989 7.43923 559.956 -5.60576
276.045 7.12213 560.362 -5.69293
276.101 6.80022 560.751 -5.74264
276.157 6.47809 561.123 -5.72982
276.213 6.15742 561.476 -5.69464
276.27 5.83969 561.811 -5.62562
276.326 5.52557 562.128 -5.55901
276.382 5.21442 562.428 -5.51218
276.438 4.90733 562.711 -5.44276
276.494 4.60259 562.976 -5.40984
276.551 4.29883 563.225 -5.39823
276.607 3.99395 563.456 -5.45008
276.663 3.68578 563.67 -5.50743
276.719 3.37434 563.866 -5.57526
276.775 3.05794 564.045 -5.66454
276.831 2.7368 564.206 -5.74831
276.888 2.4112 564.349 -5.81704
276.944 2.08331 564.474 -5.84197
277 1.75497 564.58 -5.84001
277.056 1.42847 564.667 -5.78848
277.112 1.10631 564.736 -5.69288
277.169 0.791213 564.788 -5.54248
277.225 0.48758 564.822 -5.31157
277.281 0.197952 564.84 -5.04573
277.337 -0.0747393 564.842 -4.71954
277.393 -0.326799 564.829 -4.32433
277.449 -0.555082 564.803 -3.87993
277.506 -0.757105 564.764 -3.40645
277.562 -0.931925 564.716 -2.91239
277.618 -1.07854 564.658 -2.40592
277.674 -1.19663 564.594 -1.90119
277.73 -1.28673 564.523 -1.40778
277.787 -1.34948 564.449 -0.92618
277.843 -1.38611 564.372 -0.469507
277.899 -1.39741 564.293 -0.0246964
277.955 -1.3843 564.215 0.39748
278.011 -1.34827 564.138 0.800008
278.067 -1.29056 564.065 1.1758
278.124 -1.21206 563.995 1.54337
278.18 -1.11406 563.93 1.87822
278.236 -0.998098 563.871 2.18312
278.292 -0.866094 563.819 2.4517
278.348 -0.720504 563.776 2.68273
278.404 -0.562623 563.74 2.89445
278.461 -0.39348 563.714 3.08471
278.517 -0.214915 563.698 3.2298
278.573 -0.0291158 563.692 3.35137
278.629 0.161623 563.697 3.42249
278.685 0.354909 563.713 3.44714
278.742 0.549241 563.739 3.46142
278.798 0.741913 563.777 3.41258
278.854 0.931588 563.825 3.34431
278.91 1.11714 563.883 3.27583
278.966 1.29876 563.952 3.20081
279.022 1.47652 564.031 3.13895
279.079 1.65102 564.12 3.07659
279.135 1.8228 564.219 3.04235
279.191 1.99251 564.327 3.00953
279.247 2.1615 564.444 3.01169
279.303 2.33059 564.571 3.01137
279.36 2.50046 564.708 3.03522
279.416 2.67187 564.854 3.06252
279.472 2.84525 565.01 3.10355
279.528 3.02114 565.176 3.14951
279.584 3.19888 565.352 3.17103
279.64 3.37763 565.538 3.18192
279.697 3.55556 565.733 3.15157
279.753 3.73 565.939 3.06814
279.809 3.89875 566.154 2.9549
279.865 4.05947 566.379 2.79767
279.921 4.21099 566.612 2.62739
279.978 4.35233 566.853 2.43479
