# t frame_uz frame_z ub_dans_repere
160.001 -1.37912e-06 -1.42031e-09 -0.00133913
160.019 0.00239826 2.29888e-05 0.175932
160.051 0.0124313 0.000276546 0.400211
160.092 0.0358521 0.00133911 0.667479
160.14 0.0756751 0.00410371 0.961193
160.19 0.133207 0.00961191 1.25363
160.243 0.208387 0.0189561 1.5361
160.297 0.299351 0.0330786 1.78821
160.352 0.405231 0.052959 2.02169
160.407 0.522265 0.0790374 2.20048
160.463 0.651034 0.112558 2.3594
160.519 0.787123 0.153542 2.47548
160.575 0.928773 0.202337 2.56482
160.631 1.07474 0.259212 2.63219
160.687 1.22371 0.324364 2.67562
160.743 1.37429 0.397915 2.69963
160.798 1.52565 0.479924 2.70464
160.854 1.67682 0.570402 2.69692
160.91 1.82712 0.669316 2.67717
160.966 1.97577 0.776593 2.63921
161.022 2.12207 0.892284 2.58684
161.079 2.26528 1.01634 2.52616
161.135 2.40497 1.14833 2.4602
161.191 2.54111 1.28805 2.40113
161.247 2.67427 1.43531 2.34524
161.303 2.80388 1.58993 2.28566
161.36 2.92999 1.75172 2.2179
161.416 3.05226 1.92046 2.14944
161.472 3.17081 2.09595 2.07989
161.528 3.28483 2.27796 1.99332
161.584 3.39384 2.46619 1.90601
161.64 3.49787 2.66039 1.81264
161.697 3.59636 2.86024 1.71273
161.753 3.68878 3.06543 1.59656
161.809 3.77406 3.27557 1.46548
161.865 3.8516 3.49025 1.32449
161.921 3.92156 3.70902 1.19259
161.978 3.98414 3.93148 1.06236
162.034 4.03951 4.1572 0.935204
162.09 4.0878 4.3858 0.809827
162.146 4.12953 4.61689 0.700284
162.202 4.1657 4.85013 0.607244
162.258 4.19686 5.08523 0.524372
162.315 4.22398 5.32194 0.456788
162.371 4.24764 5.56005 0.398373
162.427 4.26868 5.7994 0.360433
162.483 4.28805 6.03987 0.33786
162.539 4.30654 6.2814 0.324656
162.596 4.32471 6.52395 0.322989
162.652 4.34315 6.76753 0.331723
162.708 4.36213 7.01217 0.340737
162.764 4.38182 7.25789 0.357063
162.82 4.40244 7.50475 0.373271
162.876 4.42422 7.75281 0.400929
162.933 4.44807 8.00215 0.440306
162.989 4.47328 8.25289 0.454005
163.045 4.49982 8.50509 0.484335
163.101 4.52787 8.75882 0.508823
163.157 4.55723 9.01418 0.531654
163.213 4.58801 9.27124 0.558811
163.27 4.62032 9.53007 0.586795
163.326 4.65448 9.79078 0.623747
163.382 4.69053 10.0535 0.65436
163.438 4.72866 10.3183 0.69557
163.494 4.76958 10.5853 0.749382
163.551 4.81321 10.8547 0.795235
163.607 4.85989 11.1267 0.856693
163.663 4.91025 11.4014 0.924104
163.719 4.96477 11.679 0.998796
163.775 5.02349 11.9599 1.07686
163.831 5.08678 12.2443 1.16062
163.888 5.15461 12.5323 1.2388
163.944 5.22709 12.8243 1.32552
164 5.30474 13.1206 1.41875
164.056 5.38735 13.4213 1.50372
164.112 5.47426 13.7269 1.57477
164.169 5.5651 14.0375 1.64379
164.225 5.65987 14.3533 1.71623
164.281 5.75838 14.6746 1.77862
164.337 5.86036 15.0015 1.83723
164.393 5.96507 15.3343 1.882
164.449 6.0724 15.673 1.92899
164.506 6.18196 16.0178 1.96133
164.562 6.2932 16.3689 1.99025
164.618 6.4058 16.7262 2.01281
164.674 6.51943 17.0899 2.02625
164.73 6.63343 17.46 2.03206
164.787 6.74764 17.8365 2.03254
164.843 6.86193 18.2195 2.03588
164.899 6.97629 18.6088 2.03515
164.955 7.09057 19.0046 2.03204
165.011 7.20452 19.4068 2.02472
165.067 7.31786 19.8154 2.01432
165.124 7.4304 20.2303 1.99487
165.18 7.54157 20.6515 1.96818
165.236 7.65093 21.0788 1.93235
165.292 7.75805 21.5123 1.88733
165.348 7.86241 21.9517 1.83736
165.404 7.96361 22.3968 1.77816
165.461 8.06092 22.8475 1.7052
165.517 8.15452 23.3035 1.64064
165.573 8.24397 23.7647 1.56331
165.629 8.32913 24.2307 1.48462
165.685 8.40977 24.7014 1.40158
165.742 8.48528 25.1764 1.30621
165.798 8.55542 25.6555 1.20784
165.854 8.62035 26.1384 1.12098
165.91 8.68017 26.6247 1.02348
165.966 8.73391 27.1142 0.910157
166.022 8.78147 27.6065 0.802206
166.079 8.82279 28.1012 0.690568
166.135 8.85771 28.5981 0.574406
166.191 8.8857 29.0967 0.447537
166.247 8.90679 29.5966 0.331606
166.303 8.92166 30.0976 0.218293
166.36 8.93008 30.5991 0.107182
166.416 8.93221 31.1009 -0.00212774
166.472 8.92812 31.6026 -0.121875
166.528 8.91766 32.1038 -0.227953
166.584 8.90127 32.6043 -0.332202
166.64 8.87977 33.1037 -0.417761
166.697 8.85328 33.6017 -0.509142
166.753 8.82158 34.098 -0.598174
166.809 8.78528 34.5924 -0.676765
166.865 8.74466 35.0846 -0.752668
166.921 8.70045 35.5744 -0.80796
166.978 8.65315 36.0616 -0.867988
167.034 8.60256 36.546 -0.91646
167.09 8.54957 37.0275 -0.959486
167.146 8.49443 37.506 -0.987657
167.202 8.4386 37.9813 -0.997346
167.258 8.38224 38.4535 -1.00715
167.315 8.32581 38.9225 -1.0009
167.371 8.27021 39.3884 -0.98226
167.427 8.21576 39.8512 -0.965869
167.483 8.16299 40.3109 -0.922764
167.539 8.11237 40.7678 -0.883042
167.596 8.06401 41.2219 -0.847043
167.652 8.01801 41.6734 -0.797757
167.708 7.97522 42.1224 -0.737655
167.764 7.93593 42.5691 -0.668852
167.82 7.90084 43.0137 -0.598812
167.876 7.86912 43.4565 -0.544157
167.933 7.84018 43.8976 -0.48654
167.989 7.81508 44.3372 -0.422456
168.045 7.79318 44.7755 -0.366469
168.101 7.7748 45.2127 -0.301812
168.157 7.75984 45.649 -0.247966
168.213 7.74781 46.0845 -0.190379
168.27 7.73887 46.5194 -0.139638
168.326 7.73258 46.954 -0.0921329
168.382 7.72889 47.3883 -0.0475335
168.438 7.72804 47.8224 0.00392849
168.494 7.72968 48.2566 0.0434424
168.551 7.7334 48.691 0.0839648
168.607 7.7402 49.1257 0.143093
168.663 7.74961 49.5608 0.182904
168.719 7.76135 49.9966 0.231549
168.775 7.77577 50.4331 0.27239
168.831 7.79284 50.8705 0.324321
168.888 7.81264 51.3089 0.370616
168.944 7.83522 51.7486 0.421178
169 7.86044 52.1896 0.466103
169.056 7.88802 52.6321 0.504707
169.112 7.9177 53.0763 0.545779
169.169 7.95017 53.5222 0.598814
169.225 7.98481 53.97 0.629214
169.281 8.02128 54.4198 0.661229
169.337 8.05949 54.8717 0.689512
169.393 8.09917 55.3258 0.718209
169.449 8.14 55.7822 0.73504
169.506 8.182 56.2409 0.756519
169.562 8.2252 56.702 0.776342
169.618 8.26923 57.1656 0.787234
169.674 8.314 57.6317 0.801607
169.73 8.35951 58.1003 0.819025
169.787 8.40611 58.5715 0.836159
169.843 8.45362 59.0453 0.853616
169.899 8.50268 59.5219 0.888244
169.955 8.55378 60.0013 0.923312
170.011 8.60704 60.4836 0.962304
170.067 8.66231 60.969 0.995048
170.124 8.71954 61.4576 1.03608
170.18 8.77912 61.9494 1.07209
170.236 8.84106 62.4447 1.12414
170.292 8.90572 62.9436 1.16696
170.348 8.97308 63.4462 1.22147
170.404 9.04352 63.9526 1.27571
170.461 9.11708 64.4631 1.33247
170.517 9.19367 64.9779 1.38293
170.573 9.27285 65.4971 1.42477
170.629 9.35454 66.0208 1.47289
170.685 9.43877 66.5491 1.51836
170.742 9.52568 67.0823 1.56374
170.798 9.61483 67.6205 1.60171
170.854 9.70589 68.1637 1.63086
170.91 9.79825 68.7121 1.65181
170.966 9.8914 69.2657 1.66239
171.022 9.98486 69.8245 1.66248
171.079 10.0781 70.3886 1.65639
171.135 10.1706 70.9579 1.63963
171.191 10.2622 71.5324 1.62282
171.247 10.3527 72.112 1.60297
171.303 10.4422 72.6966 1.58703
171.36 10.5304 73.2862 1.55838
171.416 10.6167 73.8807 1.51894
171.472 10.7008 74.48 1.48193
171.528 10.783 75.084 1.45154
171.584 10.8635 75.6925 1.41795
171.64 10.9415 76.3054 1.37336
171.697 11.0173 76.9227 1.33142
171.753 11.0906 77.5441 1.28568
171.809 11.1613 78.1696 1.2397
171.865 11.2292 78.7989 1.18806
171.921 11.2943 79.432 1.14029
171.978 11.3566 80.0686 1.08929
172.034 11.4164 80.7086 1.04581
172.09 11.4736 81.352 0.998919
172.146 11.5279 81.9984 0.945354
172.202 11.579 82.6478 0.884316
172.258 11.6268 83.2999 0.824146
172.315 11.6709 83.9546 0.75882
172.371 11.7113 84.6116 0.693324
172.427 11.748 85.2708 0.628374
172.483 11.7809 85.9319 0.558734
172.539 11.8101 86.5948 0.493755
172.596 11.8357 87.2592 0.428987
172.652 11.8574 87.9248 0.360318
172.708 11.8754 88.5916 0.292296
172.764 11.8895 89.2593 0.224474
172.82 11.8999 89.9276 0.158376
172.876 11.9066 90.5963 0.0946516
172.933 11.9102 91.2654 0.0439934
172.989 11.9109 91.9345 -0.00656112
173.045 11.9088 92.6036 -0.0577234
173.101 11.9044 93.2725 -0.0926469
173.157 11.8981 93.9411 -0.121562
173.213 11.8906 94.6093 -0.14281
173.27 11.8818 95.277 -0.164148
173.326 11.8718 95.9442 -0.18589
173.382 11.861 96.6108 -0.19722
173.438 11.8496 97.2768 -0.207333
173.494 11.8374 97.9421 -0.220953
173.551 11.8249 98.6067 -0.228307
173.607 11.812 99.2706 -0.228733
173.663 11.7989 99.9337 -0.2363
173.719 11.7855 100.596 -0.239148
173.775 11.7719 101.258 -0.245453
173.831 11.7577 101.919 -0.254719
173.888 11.743 102.579 -0.267859
173.944 11.7276 103.238 -0.278757
174 11.7113 103.896 -0.294961
174.056 11.6943 104.554 -0.310585
174.112 11.6761 105.21 -0.33469
174.169 11.6564 105.865 -0.359855
174.225 11.6353 106.519 -0.388088
174.281 11.6126 107.172 -0.417269
174.337 11.5876 107.824 -0.462862
174.393 11.5602 108.474 -0.505035
174.449 11.5304 109.122 -0.547558
174.506 11.498 109.769 -0.594282
174.562 11.4631 110.414 -0.643272
174.618 11.4251 111.057 -0.698646
174.674 11.3837 111.697 -0.759439
174.73 11.3392 112.335 -0.816218
174.787 11.2916 112.971 -0.86937
174.843 11.2409 113.603 -0.923027
174.899 11.1873 114.233 -0.974063
174.955 11.131 114.86 -1.02235
175.011 11.0719 115.483 -1.06627
175.067 11.0109 116.103 -1.09958
175.124 10.9482 116.719 -1.12616
175.18 10.8839 117.332 -1.15433
175.236 10.8185 117.942 -1.17019
175.292 10.7526 118.547 -1.17245
175.348 10.6869 119.149 -1.16852
175.404 10.6215 119.747 -1.16167
175.461 10.5565 120.342 -1.15539
175.517 10.4918 120.933 -1.14667
175.573 10.4281 121.52 -1.12566
175.629 10.3657 122.104 -1.10004
175.685 10.3046 122.684 -1.07645
175.742 10.2452 123.261 -1.0457
175.798 10.1877 123.834 -1.0089
175.854 10.1322 124.405 -0.971536
175.91 10.0793 124.972 -0.92238
175.966 10.0292 125.537 -0.873012
176.022 9.98156 126.099 -0.828091
176.079 9.93679 126.658 -0.778416
176.135 9.89487 127.215 -0.724617
176.191 9.8559 127.769 -0.671434
176.247 9.82003 128.322 -0.618294
176.303 9.78704 128.872 -0.565142
176.36 9.7569 129.421 -0.51562
176.416 9.72977 129.968 -0.461327
176.472 9.70563 130.514 -0.412799
176.528 9.68378 131.059 -0.370246
176.584 9.6646 131.602 -0.322585
176.64 9.64794 132.144 -0.279527
176.697 9.63375 132.686 -0.232733
176.753 9.62239 133.227 -0.18274
176.809 9.61389 133.767 -0.13213
176.865 9.60776 134.307 -0.093059
176.921 9.6037 134.847 -0.0600621
176.978 9.60156 135.386 -0.0226714
177.034 9.60154 135.925 0.0190941
177.09 9.60419 136.465 0.0645935
177.146 9.60944 137.005 0.111783
177.202 9.61704 137.545 0.151251
177.258 9.62652 138.085 0.179005
177.315 9.63781 138.626 0.212731
177.371 9.65081 139.168 0.245402
177.427 9.66596 139.711 0.284573
177.483 9.68347 140.255 0.328848
177.539 9.7033 140.799 0.369689
177.596 9.72545 141.345 0.408941
177.652 9.7496 141.892 0.4433
177.708 9.77552 142.441 0.471706
177.764 9.80308 142.991 0.501867
177.82 9.83195 143.543 0.528536
177.876 9.86219 144.096 0.543918
177.933 9.89346 144.651 0.557554
177.989 9.92566 145.208 0.579765
178.045 9.95859 145.767 0.592391
178.101 9.99235 146.327 0.605171
178.157 10.0269 146.89 0.618743
178.213 10.0619 147.454 0.626325
178.27 10.0974 148.021 0.635446
178.326 10.1334 148.589 0.644656
178.382 10.1694 149.16 0.641889
178.438 10.2056 149.732 0.64273
178.494 10.242 150.307 0.650186
178.551 10.2783 150.884 0.644752
178.607 10.3144 151.462 0.639674
178.663 10.3502 152.043 0.636404
178.719 10.3859 152.626 0.637798
178.775 10.4218 153.21 0.639493
178.831 10.4579 153.797 0.643425
178.888 10.4941 154.386 0.644755
178.944 10.5303 154.977 0.645095
179 10.5663 155.569 0.635261
179.056 10.6015 156.164 0.622644
179.112 10.6362 156.761 0.611821
179.169 10.6702 157.36 0.60177
179.225 10.7034 157.96 0.587019
179.281 10.7361 158.563 0.578132
179.337 10.7684 159.167 0.573741
179.393 10.8003 159.773 0.565011
179.449 10.8319 160.381 0.55587
179.506 10.8627 160.99 0.545664
179.562 10.8929 161.602 0.532527
179.618 10.9227 162.215 0.524865
179.674 10.9519 162.829 0.517542
179.73 10.9807 163.445 0.509728
179.787 11.0092 164.063 0.504419
179.843 11.0374 164.683 0.50345
179.899 11.0656 165.304 0.501394
179.955 11.0937 165.926 0.497517
180.011 11.1218 166.551 0.501341
180.067 11.1501 167.176 0.507981
180.124 11.1789 167.804 0.513389
180.18 11.2079 168.433 0.521565
180.236 11.2375 169.063 0.529589
180.292 11.2675 169.696 0.537647
180.348 11.2984 170.33 0.556665
180.404 11.3302 170.966 0.572767
180.461 11.3627 171.603 0.580751
180.517 11.3956 172.243 0.590454
180.573 11.4293 172.884 0.603325
180.629 11.4634 173.527 0.609517
180.685 11.4978 174.172 0.615118
180.742 11.5325 174.819 0.619464
180.798 11.5674 175.469 0.624768
180.854 11.603 176.12 0.636371
180.91 11.6393 176.773 0.654591
180.966 11.6768 177.428 0.674746
181.022 11.7148 178.085 0.681867
181.079 11.7533 178.745 0.689567
181.135 11.7924 179.406 0.697418
181.191 11.8319 180.07 0.705848
181.247 11.8717 180.736 0.706381
181.303 11.9114 181.404 0.70994
181.36 11.9514 182.075 0.70938
181.416 11.9911 182.748 0.70626
181.472 12.0307 183.423 0.703088
181.528 12.0699 184.1 0.694687
181.584 12.1086 184.779 0.685204
181.64 12.1467 185.461 0.671278
181.697 12.1838 186.144 0.655171
181.753 12.2201 186.83 0.639617
181.809 12.2555 187.518 0.62267
181.865 12.2901 188.208 0.610463
181.921 12.3236 188.899 0.588693
181.978 12.3562 189.593 0.576495
182.034 12.388 190.288 0.555805
182.09 12.4186 190.985 0.538484
182.146 12.4483 191.683 0.520343
182.202 12.477 192.384 0.508612
182.258 12.5051 193.086 0.494515
182.315 12.5327 193.789 0.493682
182.371 12.5603 194.494 0.487833
182.427 12.5875 195.201 0.484673
182.483 12.615 195.909 0.492071
182.539 12.6428 196.618 0.497558
182.596 12.6708 197.33 0.502484
182.652 12.6995 198.042 0.516796
182.708 12.7291 198.757 0.532595
182.764 12.7598 199.473 0.553248
182.82 12.7914 200.191 0.566336
182.876 12.8239 200.911 0.589239
182.933 12.8575 201.632 0.601071
182.989 12.8918 202.356 0.614835
183.045 12.9267 203.081 0.625623
183.101 12.962 203.809 0.633197
183.157 12.9978 204.538 0.63636
183.213 13.0334 205.269 0.639302
183.27 13.0697 206.003 0.647431
183.326 13.1058 206.738 0.639435
183.382 13.1421 207.476 0.646869
183.438 13.1784 208.215 0.646136
183.494 13.2146 208.957 0.645982
183.551 13.2504 209.701 0.631139
183.607 13.2859 210.446 0.631251
183.663 13.3214 211.194 0.633317
183.719 13.357 211.943 0.633524
183.775 13.3924 212.695 0.63307
183.831 13.4282 213.449 0.639285
183.888 13.4646 214.204 0.655505
183.944 13.502 214.962 0.671889
184 13.5404 215.722 0.68946
184.056 13.5799 216.484 0.718269
184.112 13.621 217.248 0.735751
184.169 13.6631 218.015 0.7611
184.225 13.7066 218.784 0.7866
184.281 13.7516 219.555 0.808776
184.337 13.7979 220.329 0.833583
184.393 13.8455 221.106 0.853142
184.449 13.8935 221.886 0.85634
184.506 13.9419 222.668 0.865995
184.562 13.991 223.453 0.875631
184.618 14.0405 224.24 0.887876
184.674 14.0903 225.031 0.88351
184.73 14.1399 225.824 0.880273
184.787 14.1892 226.62 0.875512
184.843 14.2379 227.419 0.853881
184.899 14.2849 228.22 0.827787
184.955 14.3302 229.024 0.78946
185.011 14.3734 229.831 0.752614
185.067 14.4141 230.64 0.701161
185.124 14.451 231.451 0.632436
185.18 14.4843 232.264 0.565381
185.236 14.5137 233.079 0.496429
185.292 14.5388 233.895 0.413701
185.348 14.559 234.712 0.319409
185.404 14.5741 235.531 0.232911
185.461 14.5838 236.35 0.135797
185.517 14.5879 237.169 0.0307181
185.573 14.586 237.989 -0.0748885
185.629 14.5782 238.808 -0.180765
185.685 14.5648 239.627 -0.277931
185.742 14.546 240.444 -0.374066
185.798 14.5218 241.261 -0.467135
185.854 14.4926 242.076 -0.55397
185.91 14.4589 242.889 -0.632736
185.966 14.4209 243.7 -0.700748
186.022 14.3799 244.508 -0.746643
186.079 14.3366 245.315 -0.784373
186.135 14.2915 246.119 -0.811323
186.191 14.2455 246.92 -0.822963
186.247 14.1993 247.719 -0.818007
186.303 14.1538 248.515 -0.802749
186.36 14.1096 249.309 -0.774857
186.416 14.0675 250.1 -0.730218
186.472 14.0283 250.889 -0.674246
186.528 13.9929 251.676 -0.602218
186.584 13.9614 252.461 -0.529204
186.64 13.9342 253.244 -0.455567
186.697 13.9113 254.026 -0.379829
186.753 13.8924 254.807 -0.30537
186.809 13.8778 255.587 -0.231133
186.865 13.8671 256.366 -0.162522
186.921 13.8601 257.145 -0.0987471
186.978 13.856 257.924 -0.0608183
187.034 13.8539 258.702 -0.0250173
187.09 13.8534 259.48 0.000360188
187.146 13.8538 260.259 0.00928727
187.202 13.8543 261.037 0.00143249
187.258 13.8537 261.815 -0.0209494
187.315 13.8514 262.594 -0.05413
187.371 13.8473 263.372 -0.0883385
187.427 13.8411 264.149 -0.127869
187.483 13.832 264.927 -0.186829
187.539 13.8197 265.703 -0.24062
187.596 13.8045 266.479 -0.291343
187.652 13.786 267.254 -0.354868
187.708 13.7636 268.028 -0.429397
187.764 13.7372 268.8 -0.496717
187.82 13.707 269.571 -0.566119
187.876 13.6726 270.34 -0.641234
187.933 13.6344 271.107 -0.705102
187.989 13.5927 271.871 -0.765582
188.045 13.548 272.633 -0.816047
188.101 13.5007 273.393 -0.86093
188.157 13.4514 274.15 -0.883607
188.213 13.4021 274.904 -0.87274
188.27 13.3541 275.655 -0.84135
188.326 13.3081 276.404 -0.803008
188.382 13.2651 277.15 -0.738154
188.438 13.2255 277.894 -0.680414
188.494 13.1891 278.636 -0.624616
188.551 13.1558 279.375 -0.576877
188.607 13.1241 280.113 -0.557486
188.663 13.0923 280.85 -0.57721
188.719 13.0582 281.584 -0.631568
188.775 13.0203 282.316 -0.70889
188.831 12.9768 283.047 -0.820149
188.888 12.926 283.774 -0.965135
188.944 12.8666 284.498 -1.1184
189 12.7979 285.219 -1.29429
189.056 12.7194 285.935 -1.46282
189.112 12.6315 286.647 -1.63458
189.169 12.5341 287.353 -1.79919
189.225 12.428 288.054 -1.94304
189.281 12.3144 288.748 -2.07237
189.337 12.1943 289.436 -2.18292
189.393 12.0683 290.117 -2.27862
189.449 11.9374 290.79 -2.36375
189.506 11.8022 291.456 -2.42904
189.562 11.6642 292.115 -2.47849
189.618 11.5238 292.765 -2.50586
189.674 11.3827 293.408 -2.51159
189.73 11.2424 294.043 -2.48465
189.787 11.1043 294.67 -2.43753
189.843 10.969 295.289 -2.38715
189.899 10.8375 295.901 -2.31051
189.955 10.7111 296.505 -2.20772
190.011 10.5914 297.103 -2.08302
190.067 10.4793 297.694 -1.9398
190.124 10.3749 298.279 -1.80186
190.18 10.2784 298.859 -1.66172
190.236 10.1893 299.433 -1.5369
190.292 10.1069 300.003 -1.42216
190.348 10.0308 300.568 -1.31195
190.404 9.96054 301.129 -1.21184
190.461 9.89591 301.687 -1.11219
190.517 9.83616 302.241 -1.03083
190.573 9.78091 302.791 -0.954044
190.629 9.72991 303.339 -0.880538
190.685 9.68323 303.884 -0.798349
190.742 9.64082 304.427 -0.728093
190.798 9.6025 304.967 -0.651719
190.854 9.56851 305.505 -0.574156
190.91 9.53887 306.042 -0.500004
190.966 9.51304 306.577 -0.434591
191.022 9.49101 307.111 -0.365651
191.079 9.47271 307.643 -0.29765
191.135 9.45863 308.175 -0.216211
191.191 9.44913 308.706 -0.132547
191.247 9.44498 309.237 -0.0326506
191.303 9.44683 309.767 0.0780558
191.36 9.45493 310.298 0.189426
191.416 9.46928 310.83 0.299856
191.472 9.49021 311.362 0.418113
191.528 9.51758 311.896 0.53226
191.584 9.55119 312.432 0.642035
191.64 9.59075 312.97 0.744622
191.697 9.63588 313.51 0.839928
191.753 9.68593 314.053 0.923199
191.809 9.74041 314.599 0.997557
191.865 9.79827 315.149 1.05094
191.921 9.85881 315.701 1.09416
191.978 9.92142 316.257 1.12612
192.034 9.98524 316.817 1.1394
192.09 10.0494 317.38 1.14015
192.146 10.1133 317.946 1.13475
192.202 10.1766 318.517 1.12119
192.258 10.2388 319.091 1.0957
192.315 10.2991 319.668 1.05843
192.371 10.3574 320.248 1.02679
192.427 10.4136 320.832 0.980938
192.483 10.4673 321.419 0.943336
192.539 10.5193 322.009 0.912672
192.596 10.5695 322.602 0.880175
192.652 10.6181 323.197 0.856712
192.708 10.6654 323.795 0.830681
192.764 10.7116 324.396 0.81663
192.82 10.7569 324.999 0.797477
192.876 10.801 325.605 0.77781
192.933 10.8443 326.213 0.765626
192.989 10.8867 326.824 0.748148
193.045 10.9282 327.437 0.732419
193.101 10.9685 328.052 0.709033
193.157 11.0073 328.67 0.681195
193.213 11.0447 329.289 0.654185
193.27 11.0805 329.911 0.625291
193.326 11.1146 330.535 0.593058
193.382 11.1469 331.16 0.561239
193.438 11.1771 331.787 0.521273
193.494 11.2048 332.416 0.477347
193.551 11.2302 333.047 0.431632
193.607 11.2529 333.678 0.38793
193.663 11.2732 334.311 0.344695
193.719 11.2912 334.945 0.305563
193.775 11.3071 335.58 0.26642
193.831 11.3211 336.216 0.233678
193.888 11.3334 336.852 0.21102
193.944 11.3445 337.489 0.189202
194 11.3547 338.127 0.177525
194.056 11.3642 338.765 0.165161
194.112 11.3733 339.404 0.155494
194.169 11.3819 340.043 0.155883
194.225 11.3909 340.683 0.161458
194.281 11.4003 341.323 0.168798
194.337 11.4097 341.964 0.16607
194.393 11.4187 342.605 0.157444
194.449 11.4272 343.247 0.144628
194.506 11.4348 343.889 0.128461
194.562 11.441 344.532 0.100092
194.618 11.4457 345.175 0.0684267
194.674 11.4482 345.818 0.0300672
194.73 11.4483 346.461 -0.0184057
194.787 11.4456 347.104 -0.0699162
194.843 11.4398 347.747 -0.124872
194.899 11.4306 348.389 -0.188613
194.955 11.4179 349.031 -0.254694
195.011 11.4015 349.672 -0.314156
195.067 11.3817 350.312 -0.380197
195.124 11.3588 350.951 -0.429084
195.18 11.3331 351.588 -0.473202
195.236 11.3054 352.224 -0.505105
195.292 11.2763 352.858 -0.524339
195.348 11.2466 353.49 -0.529104
195.404 11.217 354.121 -0.524114
195.461 11.1881 354.75 -0.508724
195.517 11.1603 355.378 -0.483416
195.573 11.1341 356.004 -0.453298
195.629 11.1101 356.629 -0.411873
195.685 11.0884 357.252 -0.366899
195.742 11.0692 357.874 -0.323078
195.798 11.0526 358.496 -0.27969
195.854 11.0386 359.116 -0.228354
195.91 11.0272 359.736 -0.185121
195.966 11.0184 360.355 -0.140049
196.022 11.0121 360.974 -0.0959688
196.079 11.0081 361.592 -0.0560722
196.135 11.0062 362.211 -0.0197187
196.191 11.0064 362.829 0.0164359
196.247 11.0084 363.448 0.0485947
196.303 11.0122 364.066 0.0788481
196.36 11.0178 364.685 0.111772
196.416 11.0251 365.304 0.143885
196.472 11.0344 365.924 0.176492
196.528 11.0454 366.544 0.209429
196.584 11.0581 367.165 0.237264
196.64 11.0723 367.787 0.263162
196.697 11.088 368.409 0.291665
196.753 11.1053 369.033 0.318134
196.809 11.124 369.657 0.342413
196.865 11.1441 370.283 0.367429
196.921 11.1655 370.91 0.391499
196.978 11.1885 371.538 0.417457
197.034 11.2126 372.167 0.437249
197.09 11.2379 372.798 0.457755
197.146 11.2644 373.43 0.479107
197.202 11.2922 374.064 0.502402
197.258 11.3209 374.699 0.516243
197.315 11.3503 375.336 0.529344
197.371 11.3806 375.975 0.546198
197.427 11.4118 376.615 0.562575
197.483 11.4438 377.258 0.571333
197.539 11.4764 377.902 0.587967
197.596 11.5098 378.547 0.597467
197.652 11.5436 379.195 0.605723
197.708 11.5779 379.845 0.614075
197.764 11.6128 380.497 0.6251
197.82 11.6481 381.15 0.631853
197.876 11.684 381.806 0.645933
197.933 11.7209 382.463 0.663659
197.989 11.7592 383.123 0.694059
198.045 11.7993 383.785 0.729843
198.101 11.8412 384.449 0.75431
198.157 11.8846 385.116 0.785255
198.213 11.93 385.785 0.821986
198.27 11.9769 386.457 0.843974
198.326 12.0253 387.132 0.874008
198.382 12.0756 387.809 0.907938
198.438 12.1271 388.489 0.922202
198.494 12.1799 389.172 0.954251
198.551 12.2347 389.858 0.988045
198.607 12.2912 390.547 1.01722
198.663 12.3493 391.24 1.04196
198.719 12.4088 391.936 1.07412
198.775 12.47 392.635 1.10135
198.831 12.5333 393.337 1.14146
198.888 12.5985 394.044 1.17061
198.944 12.6654 394.754 1.20784
199 12.7347 395.468 1.24946
199.056 12.8063 396.186 1.2938
199.112 12.8804 396.907 1.33517
199.169 12.9568 397.634 1.37608
199.225 13.0351 398.364 1.40767
199.281 13.1147 399.099 1.42008
199.337 13.195 399.839 1.43635
199.393 13.276 400.583 1.44206
199.449 13.3568 401.331 1.43514
199.506 13.4368 402.084 1.41864
199.562 13.5157 402.842 1.39052
199.618 13.5925 403.604 1.35014
199.674 13.6667 404.37 1.29996
199.73 13.7377 405.14 1.23636
199.787 13.8046 405.914 1.15988
199.843 13.8666 406.692 1.06319
199.899 13.9228 407.473 0.953121
199.955 13.9718 408.257 0.818145
200.011 14.0126 409.043 0.662436
200.067 14.0442 409.831 0.495705
200.124 14.0661 410.621 0.319528
200.18 14.0778 411.412 0.130629
200.236 14.0786 412.203 -0.065245
200.292 14.0682 412.993 -0.260448
200.348 14.0467 413.783 -0.468552
200.404 14.0131 414.571 -0.685685
200.461 13.9675 415.357 -0.892385
200.517 13.9103 416.14 -1.10514
200.573 13.8417 416.919 -1.30036
200.629 13.7613 417.694 -1.52173
200.685 13.669 418.464 -1.72282
200.742 13.5657 419.228 -1.91615
200.798 13.4518 419.987 -2.09836
200.854 13.3286 420.738 -2.25517
200.91 13.1971 421.483 -2.39702
200.966 13.058 422.219 -2.52732
201.022 12.9121 422.948 -2.64271
201.079 12.7607 423.669 -2.72918
201.135 12.6047 424.38 -2.80786
201.191 12.4446 425.083 -2.87705
201.247 12.2813 425.777 -2.92115
201.303 12.1163 426.461 -2.94976
201.36 11.9497 427.136 -2.97084
201.416 11.7825 427.802 -2.98035
201.472 11.6151 428.458 -2.97978
201.528 11.448 429.105 -2.97051
201.584 11.2818 429.742 -2.95127
201.64 11.1166 430.371 -2.93236
201.697 10.9525 430.99 -2.91383
201.753 10.7895 431.599 -2.89419
201.809 10.6273 432.2 -2.88059
201.865 10.466 432.792 -2.8637
201.921 10.3055 433.374 -2.85102
201.978 10.1459 433.948 -2.83562
202.034 9.98721 434.513 -2.82011
202.09 9.82894 435.068 -2.81156
202.146 9.67143 435.615 -2.79626
202.202 9.51521 436.153 -2.77199
202.258 9.3604 436.683 -2.74373
202.315 9.20746 437.203 -2.70365
202.371 9.05703 437.715 -2.66176
202.427 8.90935 438.219 -2.60692
202.483 8.76465 438.715 -2.5524
202.539 8.62345 439.203 -2.48887
202.596 8.4862 439.682 -2.41274
202.652 8.35315 440.155 -2.33578
202.708 8.22491 440.62 -2.24796
202.764 8.10172 441.077 -2.15684
202.82 7.98351 441.529 -2.06413
202.876 7.87092 441.973 -1.96361
202.933 7.7642 442.412 -1.85657
202.989 7.66367 442.845 -1.74465
203.045 7.56945 443.272 -1.63081
203.101 7.48177 443.694 -1.51265
203.157 7.4008 444.112 -1.39143
203.213 7.32662 444.525 -1.27247
203.27 7.25919 444.934 -1.14584
203.326 7.1987 445.34 -1.03044
203.382 7.14535 445.743 -0.899362
203.438 7.09924 446.143 -0.770302
203.494 7.06048 446.54 -0.637159
203.551 7.02913 446.936 -0.508405
203.607 7.00486 447.33 -0.383307
203.663 6.98745 447.723 -0.261412
203.719 6.97719 448.115 -0.128147
203.775 6.97423 448.507 0.000492152
203.831 6.9785 448.898 0.129602
203.888 6.99018 449.291 0.260252
203.944 7.00899 449.684 0.387317
204 7.03472 450.079 0.505651
204.056 7.06717 450.475 0.626833
204.112 7.10663 450.873 0.752807
204.169 7.15302 451.274 0.875107
204.225 7.20574 451.678 0.978547
204.281 7.26497 452.085 1.10115
204.337 7.33061 452.495 1.21142
204.393 7.40233 452.909 1.32039
204.449 7.48002 453.328 1.41924
204.506 7.563 453.751 1.51813
204.562 7.65127 454.178 1.60194
204.618 7.74354 454.611 1.66925
204.674 7.83937 455.05 1.73166
204.73 7.93882 455.493 1.79296
204.787 8.04109 455.943 1.83764
204.843 8.1453 456.398 1.8595
204.899 8.24965 456.859 1.85981
204.955 8.35414 457.326 1.86015
205.011 8.45813 457.799 1.84363
205.067 8.56085 458.278 1.81388
205.124 8.66138 458.762 1.77318
205.18 8.75912 459.252 1.71627
205.236 8.85345 459.747 1.65042
205.292 8.94313 460.248 1.55919
205.348 9.02722 460.753 1.45528
205.404 9.10584 461.263 1.36445
205.461 9.17925 461.777 1.26605
205.517 9.24671 462.295 1.15892
205.573 9.30799 462.816 1.03883
205.629 9.36234 463.341 0.919702
205.685 9.41003 463.869 0.803231
205.742 9.45153 464.399 0.694312
205.798 9.48672 464.931 0.578273
205.854 9.51529 465.465 0.46543
205.91 9.53809 466 0.366736
205.966 9.55566 466.537 0.279064
206.022 9.56855 467.074 0.197146
206.079 9.57719 467.612 0.125009
206.135 9.58192 468.15 0.0584534
206.191 9.58308 468.689 -0.00249535
206.247 9.581 469.227 -0.0633086
206.303 9.57498 469.765 -0.135858
206.36 9.56506 470.303 -0.204438
206.416 9.5514 470.839 -0.269785
206.472 9.53394 471.375 -0.338558
206.528 9.5131 471.91 -0.392192
206.584 9.48951 472.444 -0.437808
206.64 9.4633 472.976 -0.484956
206.697 9.43466 473.507 -0.523098
206.753 9.40403 474.036 -0.558043
206.809 9.37189 474.563 -0.578766
206.865 9.33878 475.089 -0.595854
206.921 9.30474 475.612 -0.610953
206.978 9.27003 476.134 -0.624027
207.034 9.23467 476.653 -0.632042
207.09 9.199 477.171 -0.636456
207.146 9.16302 477.686 -0.638844
207.202 9.12721 478.2 -0.636036
207.258 9.0919 478.712 -0.625904
207.315 9.05699 479.221 -0.614987
207.371 9.02336 479.729 -0.589345
207.427 8.99063 480.235 -0.577917
207.483 8.95954 480.739 -0.536193
207.539 8.93023 481.241 -0.512268
207.596 8.90271 481.742 -0.472722
207.652 8.87721 482.241 -0.439208
207.708 8.85425 482.739 -0.388381
207.764 8.83425 483.236 -0.336782
207.82 8.81681 483.732 -0.293378
207.876 8.8022 484.226 -0.237384
207.933 8.79037 484.72 -0.190941
207.989 8.78182 485.214 -0.12638
208.045 8.77675 485.707 -0.0670703
208.101 8.77475 486.2 -0.0155901
208.157 8.77655 486.693 0.0628971
208.213 8.78223 487.186 0.127365
208.27 8.79171 487.68 0.195723
208.326 8.80493 488.174 0.260999
208.382 8.82154 488.67 0.320162
208.438 8.84142 489.166 0.377305
208.494 8.8649 489.663 0.442549
208.551 8.89157 490.162 0.497116
208.607 8.92116 490.663 0.542299
208.663 8.95295 491.165 0.584427
208.719 8.98695 491.669 0.616122
208.775 9.02248 492.175 0.641658
208.831 9.05907 492.683 0.659941
208.888 9.09654 493.194 0.666272
208.944 9.13401 493.706 0.666623
209 9.17146 494.22 0.666307
209.056 9.20864 494.737 0.657649
209.112 9.24545 495.255 0.653077
209.169 9.28189 495.776 0.645291
209.225 9.31759 496.299 0.631152
209.281 9.35263 496.823 0.618406
209.337 9.38751 497.35 0.622999
209.393 9.42232 497.878 0.618471
209.449 9.45699 498.409 0.617326
209.506 9.49168 498.941 0.618728
209.562 9.52651 499.476 0.619704
209.618 9.56153 500.012 0.625223
209.674 9.597 500.551 0.638464
209.73 9.63312 501.091 0.643521
209.787 9.66947 501.633 0.647918
209.843 9.70632 502.178 0.664096
209.899 9.744 502.724 0.674851
209.955 9.78218 503.273 0.68397
210.011 9.82094 503.824 0.694919
210.067 9.86028 504.377 0.704905
210.124 9.89999 504.932 0.707408
210.18 9.9399 505.49 0.710837
210.236 9.97959 506.05 0.706764
210.292 10.0195 506.612 0.712409
210.348 10.0597 507.176 0.717274
210.404 10.0999 507.742 0.715279
210.461 10.1401 508.311 0.716075
210.517 10.1805 508.882 0.7228
210.573 10.2212 509.455 0.729134
210.629 10.2625 510.031 0.740029
210.685 10.3046 510.609 0.755152
210.742 10.3472 511.189 0.760203
210.798 10.3902 511.772 0.769683
210.854 10.434 512.357 0.786592
210.91 10.4782 512.945 0.787098
210.966 10.5222 513.535 0.779696
211.022 10.5656 514.128 0.767224
211.079 10.6082 514.723 0.753094
211.135 10.6501 515.32 0.741164
211.191 10.6912 515.92 0.723561
211.247 10.7309 516.522 0.695701
211.303 10.7688 517.126 0.655733
211.36 10.8043 517.732 0.616114
211.416 10.8375 518.34 0.572765
211.472 10.8682 518.95 0.526322
211.528 10.8961 519.562 0.473728
211.584 10.9207 520.175 0.409722
211.64 10.9413 520.789 0.336602
211.697 10.9578 521.404 0.264535
211.753 10.9699 522.02 0.182951
211.809 10.9773 522.637 0.0971786
211.865 10.9799 523.254 0.0103068
211.921 10.9773 523.87 -0.0841219
211.978 10.9695 524.487 -0.173334
212.034 10.9568 525.103 -0.260798
212.09 10.9391 525.718 -0.353295
212.146 10.916 526.331 -0.451413
212.202 10.8871 526.944 -0.557669
212.258 10.852 527.554 -0.6721
212.315 10.8102 528.163 -0.789509
212.371 10.7621 528.768 -0.900666
212.427 10.7076 529.371 -1.01368
212.483 10.6472 529.971 -1.11768
212.539 10.5808 530.567 -1.22588
212.596 10.5085 531.159 -1.32881
212.652 10.4302 531.746 -1.43378
212.708 10.3463 532.329 -1.53329
212.764 10.2566 532.908 -1.63557
212.82 10.1616 533.481 -1.73165
212.876 10.0613 534.048 -1.81945
212.933 9.95632 534.61 -1.89751
212.989 9.84746 535.166 -1.96486
213.045 9.73501 535.715 -2.02024
213.101 9.62034 536.258 -2.05732
213.157 9.50369 536.795 -2.08991
213.213 9.38539 537.325 -2.11196
213.27 9.26631 537.848 -2.12326
213.326 9.147 538.364 -2.12143
213.382 9.02859 538.874 -2.09542
213.438 8.9119 539.378 -2.06442
213.494 8.79686 539.874 -2.03518
213.551 8.68403 540.365 -1.98676
213.607 8.57431 540.849 -1.92907
213.663 8.4682 541.327 -1.85709
213.719 8.36651 541.799 -1.78012
213.775 8.26921 542.266 -1.69681
213.831 8.17713 542.728 -1.59746
213.888 8.09067 543.184 -1.49666
213.944 8.0102 543.636 -1.38719
214 7.93611 544.083 -1.27406
214.056 7.86821 544.527 -1.15885
214.112 7.80728 544.967 -1.03462
214.169 7.75344 545.403 -0.905313
214.225 7.70685 545.837 -0.779641
214.281 7.66737 546.269 -0.648059
214.337 7.6353 546.699 -0.519352
214.393 7.61043 547.127 -0.389705
214.449 7.59304 547.554 -0.257665
214.506 7.58315 547.98 -0.122824
214.562 7.58075 548.406 0.00974887
214.618 7.5854 548.832 0.130785
214.674 7.59669 549.258 0.250046
214.73 7.61498 549.686 0.374418
214.787 7.63996 550.114 0.493172
214.843 7.6716 550.545 0.608655
214.899 7.70953 550.977 0.718418
214.955 7.75337 551.411 0.822355
215.011 7.80278 551.849 0.915582
215.067 7.85719 552.289 1.0049
215.124 7.91648 552.732 1.08791
215.18 7.98025 553.179 1.16423
215.236 8.04809 553.63 1.23615
215.292 8.11953 554.084 1.29719
215.348 8.19463 554.543 1.36116
215.404 8.27289 555.006 1.41315
215.461 8.35418 555.473 1.47082
215.517 8.43832 555.946 1.5121
215.573 8.5244 556.422 1.54739
215.629 8.6122 556.904 1.57362
215.685 8.70169 557.391 1.60564
215.742 8.79303 557.883 1.63889
215.798 8.8861 558.38 1.66981
215.854 8.98117 558.883 1.70444
215.91 9.07757 559.39 1.72184
215.966 9.17459 559.904 1.73072
216.022 9.27219 560.422 1.74219
216.079 9.37049 560.947 1.75221
216.135 9.46915 561.476 1.7573
216.191 9.56789 562.012 1.75655
216.247 9.66644 562.553 1.75379
216.303 9.76488 563.099 1.7514
216.36 9.8634 563.651 1.75487
216.416 9.96238 564.208 1.76664
216.472 10.0618 564.771 1.7696
216.528 10.1614 565.34 1.7759
216.584 10.2617 565.914 1.7917
216.64 10.3624 566.494 1.79225
216.697 10.4632 567.08 1.79595
216.753 10.5642 567.671 1.80013
216.809 10.6655 568.268 1.80395
216.865 10.7669 568.87 1.806
216.921 10.8687 569.479 1.81576
216.978 10.971 570.093 1.82195
217.034 11.0737 570.713 1.83008
217.09 11.1767 571.338 1.83693
217.146 11.2804 571.969 1.85164
217.202 11.3849 572.607 1.86362
217.258 11.4899 573.25 1.87139
217.315 11.595 573.899 1.87193
217.371 11.7002 574.554 1.87634
217.427 11.8057 575.215 1.87798
217.483 11.9107 575.882 1.86442
217.539 12.0151 576.554 1.85089
217.596 12.1183 577.233 1.826
217.652 12.2195 577.917 1.78532
217.708 12.3181 578.607 1.73018
217.764 12.4132 579.302 1.66874
217.82 12.5044 580.002 1.5935
217.876 12.5909 580.708 1.50237
217.933 12.6719 581.418 1.40042
217.989 12.7467 582.132 1.28344
218.045 12.8144 582.851 1.15252
218.101 12.8745 583.573 1.01075
218.157 12.9262 584.298 0.860305
218.213 12.9689 585.026 0.69294
218.27 13.0023 585.755 0.525328
218.326 13.0258 586.487 0.347522
218.382 13.0394 587.219 0.171505
218.438 13.0432 587.952 -3.61429e-06
218.494 13.0377 588.684 -0.166201
218.551 13.0231 589.416 -0.320814
218.607 13 590.147 -0.468248
218.663 12.9691 590.876 -0.604272
218.719 12.931 591.604 -0.724047
218.775 12.8867 592.329 -0.834206
218.831 12.8363 593.051 -0.933477
218.888 12.781 593.77 -1.01712
218.944 12.7215 594.486 -1.08514
219 12.6583 595.199 -1.14693
219.056 12.592 595.908 -1.20399
219.112 12.5225 596.613 -1.26115
219.169 12.4499 597.314 -1.3087
219.225 12.3739 598.011 -1.38185
219.281 12.2937 598.703 -1.45807
219.337 12.2089 599.391 -1.5434
219.393 12.1194 600.074 -1.62894
219.449 12.0243 600.752 -1.73748
219.506 11.9231 601.424 -1.84385
219.562 11.8159 602.09 -1.95306
219.618 11.7029 602.75 -2.04792
219.674 11.5846 603.404 -2.14592
219.73 11.4606 604.05 -2.24597
219.787 11.3313 604.69 -2.33433
219.843 11.1976 605.322 -2.40455
219.899 11.061 605.947 -2.44979
219.955 10.9222 606.563 -2.47931
220.011 10.7826 607.172 -2.48905
220.067 10.6425 607.773 -2.4929
220.124 10.5033 608.366 -2.46258
220.18 10.3668 608.952 -2.4104
220.236 10.2341 609.53 -2.32612
220.292 10.1064 610.1 -2.22906
220.348 9.98523 610.664 -2.10575
220.404 9.87148 611.221 -1.97216
220.461 9.76577 611.772 -1.82184
220.517 9.6684 612.318 -1.67388
220.573 9.57895 612.858 -1.53458
220.629 9.49811 613.393 -1.37419
220.685 9.42591 613.924 -1.22387
220.742 9.36211 614.451 -1.07659
220.798 9.30637 614.976 -0.940015
220.854 9.25782 615.497 -0.8151
220.91 9.21615 616.015 -0.697942
220.966 9.18056 616.532 -0.587833
221.022 9.15082 617.047 -0.49103
221.079 9.12619 617.56 -0.406894
221.135 9.10623 618.072 -0.321372
221.191 9.09083 618.583 -0.244637
221.247 9.07938 619.093 -0.176521
221.303 9.07219 619.603 -0.0922028
221.36 9.06934 620.113 -0.0257187
221.416 9.06999 620.622 0.0416856
221.472 9.07519 621.132 0.126563
221.528 9.08478 621.642 0.19904
221.584 9.0985 622.153 0.276177
221.64 9.1168 622.665 0.35921
221.697 9.1395 623.177 0.433087
221.753 9.16673 623.692 0.519476
221.809 9.19878 624.208 0.602508
221.865 9.23495 624.726 0.673238
221.921 9.27523 625.246 0.742706
221.978 9.31909 625.769 0.805022
222.034 9.36624 626.294 0.862896
222.09 9.41641 626.822 0.90945
222.146 9.4687 627.352 0.941682
222.202 9.52217 627.886 0.955629
222.258 9.57592 628.423 0.955785
222.315 9.62972 628.963 0.956426
222.371 9.68277 629.505 0.934773
222.427 9.73428 630.051 0.902287
222.483 9.78364 630.6 0.861645
222.539 9.83005 631.151 0.802923
222.596 9.87326 631.705 0.746004
222.652 9.91309 632.261 0.685211
222.708 9.94891 632.819 0.605969
222.764 9.98007 633.379 0.518584
222.82 10.0062 633.94 0.428165
222.876 10.0269 634.503 0.329906
222.933 10.0422 635.067 0.234031
222.989 10.0519 635.632 0.130522
223.045 10.0558 636.197 0.0314101
223.101 10.0545 636.761 -0.060107
223.157 10.048 637.326 -0.152795
223.213 10.0363 637.89 -0.243292
223.27 10.02 638.454 -0.32279
223.326 9.99924 639.016 -0.400705
223.382 9.97394 639.577 -0.484758
223.438 9.94392 640.136 -0.567289
223.494 9.90948 640.694 -0.642747
223.551 9.87081 641.249 -0.717719
223.607 9.82778 641.802 -0.798538
223.663 9.78055 642.353 -0.868913
223.719 9.72921 642.9 -0.943609
223.775 9.67362 643.445 -1.01896
223.831 9.6142 643.987 -1.07919
223.888 9.55155 644.525 -1.13773
223.944 9.48545 645.059 -1.19851
224 9.4167 645.59 -1.24037
224.056 9.34526 646.116 -1.29224
224.112 9.27177 646.639 -1.31849
224.169 9.19707 647.157 -1.34005
224.225 9.12147 647.671 -1.34726
224.281 9.04613 648.181 -1.33884
224.337 8.97107 648.687 -1.33162
224.393 8.89691 649.188 -1.30901
224.449 8.8246 649.686 -1.27006
224.506 8.75464 650.179 -1.22859
224.562 8.68743 650.669 -1.17345
224.618 8.62372 651.155 -1.10644
224.674 8.56396 651.637 -1.03517
224.73 8.50792 652.116 -0.966548
224.787 8.4563 652.592 -0.887695
224.843 8.40888 653.066 -0.813265
224.899 8.36612 653.537 -0.725564
224.955 8.32798 654.006 -0.65004
225.011 8.29441 654.472 -0.565163
225.067 8.2652 654.937 -0.489864
225.124 8.24023 655.401 -0.414339
225.18 8.21948 655.863 -0.340292
225.236 8.20278 656.324 -0.273141
225.292 8.18964 656.784 -0.208207
225.348 8.17975 657.244 -0.155599
225.404 8.17299 657.704 -0.0952281
225.461 8.16947 658.163 -0.0437717
225.517 8.16841 658.621 0.00113144
225.573 8.17011 659.08 0.0521553
225.629 8.1744 659.54 0.0921821
225.685 8.18124 659.999 0.140338
225.742 8.19068 660.459 0.185889
225.798 8.20228 660.919 0.223517
225.854 8.21671 661.381 0.267738
225.91 8.23284 661.843 0.301405
225.966 8.25132 662.306 0.344821
226.022 8.27143 662.77 0.369662
226.079 8.29337 663.236 0.405358
226.135 8.31705 663.702 0.430373
226.191 8.34201 664.17 0.45541
226.247 8.36837 664.64 0.478556
226.303 8.39613 665.111 0.502674
226.36 8.42524 665.584 0.529676
226.416 8.4556 666.058 0.54511
226.472 8.48659 666.534 0.557735
226.528 8.51874 667.012 0.58308
226.584 8.55198 667.492 0.598268
226.64 8.58607 667.973 0.614993
226.697 8.62128 668.457 0.634356
226.753 8.6573 668.942 0.647347
226.809 8.69416 669.43 0.662608
226.865 8.7319 669.92 0.679029
226.921 8.77075 670.412 0.697682
226.978 8.81069 670.906 0.717125
227.034 8.85155 671.402 0.735529
227.09 8.89367 671.901 0.757546
227.146 8.93718 672.402 0.781484
227.202 8.98164 672.905 0.797607
227.258 9.02711 673.411 0.818991
227.315 9.07375 673.92 0.839691
227.371 9.12152 674.432 0.85713
227.427 9.17039 674.946 0.878733
227.483 9.22071 675.463 0.907316
227.539 9.27257 675.982 0.932872
227.596 9.32574 676.505 0.955709
227.652 9.38027 677.031 0.977256
227.708 9.43593 677.56 0.999358
227.764 9.49267 678.092 1.01691
227.82 9.55024 678.627 1.02928
227.876 9.60856 679.165 1.042
227.933 9.66723 679.707 1.04665
227.989 9.726 680.252 1.04851
228.045 9.78486 680.801 1.0473
228.101 9.84355 681.352 1.04439
228.157 9.90197 681.907 1.03483
228.213 9.9594 682.465 1.01523
228.27 10.0158 683.027 0.999274
228.326 10.0712 683.591 0.975603
228.382 10.1252 684.159 0.953017
228.438 10.1777 684.73 0.920114
228.494 10.228 685.303 0.882868
228.551 10.2761 685.879 0.840737
228.607 10.3217 686.458 0.790257
228.663 10.3645 687.04 0.73927
228.719 10.404 687.623 0.678276
228.775 10.4399 688.209 0.611717
228.831 10.4722 688.797 0.548769
228.888 10.5007 689.386 0.476692
228.944 10.5249 689.977 0.401993
229 10.5449 690.569 0.323788
229.056 10.5602 691.162 0.237288
229.112 10.5708 691.755 0.157633
229.169 10.5764 692.349 0.059103
229.225 10.5767 692.944 -0.0301302
229.281 10.5717 693.538 -0.130457
229.337 10.5612 694.131 -0.223822
229.393 10.545 694.724 -0.330968
229.449 10.5231 695.316 -0.428652
229.506 10.4958 695.906 -0.523297
229.562 10.4636 696.495 -0.606836
229.618 10.4266 697.081 -0.693944
229.674 10.3848 697.666 -0.774063
229.73 10.3392 698.247 -0.839548
229.787 10.29 698.827 -0.895032
229.843 10.2383 699.403 -0.937098
229.899 10.1847 699.976 -0.963792
229.955 10.1297 700.547 -0.987862
230.011 10.0741 701.114 -0.990509
230.067 10.0186 701.678 -0.981649
230.124 9.96398 702.239 -0.965737
230.18 9.91072 702.797 -0.932827
230.236 9.85917 703.352 -0.910393
230.292 9.80925 703.904 -0.872756
230.348 9.76149 704.454 -0.838175
230.404 9.71565 705 -0.800449
230.461 9.6717 705.545 -0.77122
230.517 9.62944 706.087 -0.738414
230.573 9.58894 706.626 -0.707977
230.629 9.54997 707.164 -0.682715
230.685 9.5126 707.699 -0.653202
230.742 9.47696 708.232 -0.624266
230.798 9.44266 708.763 -0.603173
230.854 9.40998 709.293 -0.569328
230.91 9.37894 709.82 -0.540144
230.966 9.3497 710.346 -0.507713
231.022 9.32308 710.871 -0.456694
231.079 9.29875 711.394 -0.414778
231.135 9.27731 711.915 -0.357327
231.191 9.25948 712.436 -0.291458
231.247 9.24465 712.956 -0.240935
231.303 9.2329 713.474 -0.186382
231.36 9.22441 713.993 -0.127623
231.416 9.21918 714.511 -0.0707383
231.472 9.21709 715.029 -0.0137815
231.528 9.21772 715.547 0.0256114
231.584 9.2206 716.065 0.0657806
231.64 9.22497 716.583 0.0878019
231.697 9.23055 717.101 0.102523
231.753 9.23686 717.62 0.120149
231.809 9.24328 718.139 0.112167
231.865 9.24887 718.659 0.0871192
231.921 9.25266 719.178 0.0512703
231.978 9.25364 719.698 -0.00716942
232.034 9.25083 720.218 -0.081554
232.09 9.24344 720.737 -0.166991
232.146 9.23089 721.256 -0.262573
232.202 9.21272 721.774 -0.366851
232.258 9.1884 722.291 -0.478179
232.315 9.15746 722.806 -0.597089
232.371 9.11992 723.32 -0.714182
232.427 9.07582 723.83 -0.832394
232.483 9.02505 724.339 -0.94947
232.539 8.96781 724.844 -1.06229
232.596 8.90442 725.345 -1.17301
232.652 8.83458 725.843 -1.28672
232.708 8.759 726.337 -1.38199
232.764 8.67859 726.827 -1.4604
232.82 8.59414 727.311 -1.53123
232.876 8.50611 727.791 -1.58813
232.933 8.41549 728.266 -1.62725
232.989 8.32326 728.736 -1.64917
233.045 8.23027 729.2 -1.65751
233.101 8.13758 729.659 -1.64217
233.157 8.04637 730.113 -1.60662
233.213 7.95763 730.562 -1.56486
233.27 7.87152 731.007 -1.50485
233.326 7.78919 731.446 -1.438
233.382 7.71122 731.881 -1.35262
233.438 7.63856 732.312 -1.25254
233.494 7.57111 732.739 -1.16303
233.551 7.50925 733.162 -1.05732
233.607 7.45388 733.582 -0.935652
233.663 7.4055 733.999 -0.807592
233.719 7.36433 734.413 -0.681254
233.775 7.33048 734.826 -0.543817
233.831 7.30462 735.237 -0.406387
233.888 7.28654 735.647 -0.266389
233.944 7.27644 736.056 -0.121148
234 7.27463 736.464 0.0284239
234.056 7.28086 736.873 0.166882
234.112 7.29515 737.283 0.309953
234.169 7.31706 737.693 0.445789
234.225 7.34674 738.105 0.581398
234.281 7.38389 738.519 0.713173
234.337 7.42793 738.936 0.83124
234.393 7.47867 739.354 0.954628
234.449 7.53624 739.777 1.06842
234.506 7.59957 740.202 1.16611
234.562 7.66839 740.631 1.26504
234.618 7.74273 741.065 1.36157
234.674 7.82166 741.502 1.4292
234.73 7.90379 741.944 1.4858
234.787 7.98874 742.391 1.53013
234.843 8.07595 742.843 1.56767
234.899 8.1651 743.3 1.59803
234.955 8.25579 743.761 1.62504
235.011 8.34754 744.228 1.63675
235.067 8.43945 744.7 1.6331
235.124 8.53104 745.178 1.62567
235.18 8.62155 745.66 1.60159
235.236 8.71072 746.147 1.57806
235.292 8.79824 746.64 1.5426
235.348 8.88334 747.137 1.49603
235.404 8.96571 747.639 1.4428
235.461 9.04468 748.145 1.38116
235.517 9.11987 748.656 1.30848
235.573 9.1906 749.17 1.22468
235.629 9.25664 749.689 1.14116
235.685 9.31762 750.211 1.04799
235.742 9.37322 750.737 0.950566
235.798 9.42342 751.265 0.856637
235.854 9.46833 751.796 0.762285
235.91 9.50782 752.329 0.663678
235.966 9.54228 752.864 0.580404
236.022 9.57185 753.401 0.489016
236.079 9.59629 753.94 0.398832
236.135 9.6157 754.48 0.312086
236.191 9.63046 755.021 0.22962
236.247 9.64033 755.562 0.141465
236.303 9.64589 756.104 0.0707698
236.36 9.64739 756.646 -0.00161607
236.416 9.64472 757.188 -0.0761675
236.472 9.6385 757.729 -0.134236
236.528 9.62873 758.27 -0.1999
236.584 9.61537 758.811 -0.262037
236.64 9.59888 759.351 -0.313672
236.697 9.57953 759.889 -0.365793
236.753 9.55727 760.427 -0.413233
236.809 9.53285 760.963 -0.448903
236.865 9.50626 761.497 -0.489316
236.921 9.47768 762.031 -0.519374
236.978 9.44783 762.562 -0.539251
237.034 9.41673 763.092 -0.561541
237.09 9.38458 763.62 -0.577528
237.146 9.35189 764.146 -0.581954
237.202 9.31906 764.67 -0.587179
237.258 9.28591 765.193 -0.591562
237.315 9.25289 765.713 -0.587096
237.371 9.22013 766.232 -0.575962
237.427 9.18837 766.749 -0.558035
237.483 9.15765 767.264 -0.538189
237.539 9.12795 767.777 -0.518918
237.596 9.09983 768.289 -0.487289
237.652 9.07349 768.8 -0.458178
237.708 9.04874 769.308 -0.427888
237.764 9.0259 769.816 -0.392669
237.82 9.00518 770.322 -0.356334
237.876 8.98632 770.828 -0.323565
237.933 8.96957 771.332 -0.278767
237.989 8.9556 771.835 -0.22929
238.045 8.94413 772.338 -0.187341
238.101 8.93496 772.84 -0.146518
238.157 8.92862 773.342 -0.0928422
238.213 8.9249 773.843 -0.0452447
238.27 8.92401 774.345 0.0018809
238.326 8.92588 774.846 0.0531863
238.382 8.93044 775.348 0.100035
238.438 8.93791 775.85 0.153897
238.494 8.94825 776.352 0.202566
238.551 8.96108 776.855 0.247488
238.607 8.97677 777.359 0.302768
238.663 8.99536 777.864 0.350655
238.719 9.01633 778.37 0.390045
238.775 9.04008 778.878 0.443725
238.831 9.06674 779.386 0.490771
238.888 9.09585 779.897 0.536462
238.944 9.1275 780.409 0.579887
239 9.16157 780.923 0.624164
239.056 9.19785 781.439 0.659571
239.112 9.23636 781.957 0.704314
239.169 9.27729 782.477 0.745419
239.225 9.32054 783 0.785949
239.281 9.36562 783.525 0.814576
239.337 9.41246 784.052 0.846044
239.393 9.46043 784.583 0.857682
239.449 9.50919 785.116 0.873316
239.506 9.55882 785.652 0.887533
239.562 9.60898 786.191 0.897258
239.618 9.65933 786.732 0.893477
239.674 9.70947 787.276 0.89256
239.73 9.75919 787.824 0.880439
239.787 9.80808 788.373 0.862835
239.843 9.85614 788.926 0.847406
239.899 9.90302 789.481 0.82165
239.955 9.94817 790.039 0.792873
240.011 9.99187 790.6 0.769737
240.067 10.0344 791.162 0.747189
240.124 10.0755 791.728 0.721981
240.18 10.1152 792.295 0.699535
240.236 10.1538 792.865 0.675467
240.292 10.1908 793.436 0.646496
240.348 10.2263 794.01 0.621436
240.404 10.2605 794.586 0.59834
240.461 10.2933 795.163 0.572983
240.517 10.3248 795.742 0.551292
240.573 10.3551 796.324 0.532849
240.629 10.3844 796.906 0.513411
240.685 10.4124 797.491 0.488114
240.742 10.4391 798.077 0.466512
240.798 10.4642 798.664 0.434226
240.854 10.4877 799.252 0.408062
240.91 10.5097 799.842 0.378731
240.966 10.5296 800.434 0.334587
241.022 10.5467 801.026 0.289112
241.079 10.5615 801.619 0.244412
241.135 10.5738 802.212 0.200944
241.191 10.5835 802.807 0.156714
241.247 10.5911 803.402 0.119985
241.303 10.5967 803.997 0.0864972
241.36 10.6004 804.592 0.0554216
241.416 10.6028 805.188 0.033654
241.472 10.6042 805.784 0.0163942
241.528 10.6044 806.379 -0.00066911
241.584 10.6042 806.975 -0.00413038
241.64 10.6039 807.571 -0.00817633
241.697 10.6035 808.167 -0.00601569
241.753 10.6036 808.762 0.00894017
241.809 10.6045 809.358 0.0182745
241.865 10.6061 809.954 0.0368446
241.921 10.609 810.55 0.0613317
241.978 10.6132 811.146 0.08407
242.034 10.6189 811.742 0.11121
242.09 10.6258 812.339 0.133056
242.146 10.6344 812.936 0.162036
242.202 10.6438 813.534 0.173798
242.258 10.6544 814.132 0.196926
242.315 10.6657 814.731 0.200277
242.371 10.6772 815.331 0.209743
242.427 10.6892 815.931 0.211603
242.483 10.7007 816.532 0.201387
242.539 10.7121 817.134 0.204844
242.596 10.723 817.736 0.185151
242.652 10.7329 818.339 0.167803
242.708 10.7417 818.942 0.146765
242.764 10.7484 819.546 0.101357
242.82 10.7524 820.15 0.0480165
242.876 10.7533 820.754 -0.00663858
242.933 10.7507 821.358 -0.0735046
242.989 10.7445 821.962 -0.135727
243.045 10.7342 822.565 -0.215091
243.101 10.7195 823.167 -0.291921
243.157 10.7004 823.769 -0.37226
243.213 10.6769 824.369 -0.449272
243.27 10.6487 824.968 -0.537779
243.326 10.6159 825.565 -0.61636
243.382 10.5786 826.161 -0.695091
243.438 10.5369 826.754 -0.773389
243.494 10.491 827.344 -0.843468
243.551 10.4417 827.932 -0.901316
243.607 10.3892 828.517 -0.951774
243.663 10.3343 829.098 -0.992181
243.719 10.2779 829.677 -1.00777
243.775 10.2213 830.253 -1.00547
243.831 10.1655 830.825 -0.982839
243.888 10.1117 831.394 -0.93876
243.944 10.0607 831.961 -0.885377
244 10.0135 832.524 -0.807116
244.056 9.97142 833.085 -0.710266
244.112 9.93512 833.644 -0.602149
244.169 9.90516 834.201 -0.485286
244.225 9.88248 834.757 -0.349306
244.281 9.86721 835.312 -0.220654
244.337 9.85881 835.866 -0.10383
244.393 9.85731 836.419 0.0250108
244.449 9.86254 836.973 0.136487
244.506 9.87402 837.528 0.246153
244.562 9.89112 838.083 0.342753
244.618 9.91332 838.639 0.428388
244.674 9.9399 839.197 0.498015
244.73 9.97037 839.757 0.571447
244.787 10.0044 840.318 0.626163
244.843 10.041 840.881 0.663322
244.899 10.0788 841.447 0.682284
244.955 10.1175 842.014 0.692657
245.011 10.1566 842.584 0.696031
245.067 10.1957 843.156 0.693689
245.124 10.234 843.73 0.672087
245.18 10.2709 844.306 0.64713
245.236 10.3062 844.884 0.614543
245.292 10.3394 845.464 0.575368
245.348 10.3702 846.046 0.525844
245.404 10.398 846.63 0.472469
245.461 10.4226 847.215 0.413726
245.517 10.4438 847.801 0.349917
245.573 10.4613 848.388 0.287008
245.629 10.4751 848.977 0.218778
245.685 10.4852 849.565 0.152941
245.742 10.4916 850.155 0.0843089
245.798 10.4939 850.744 0.0128435
245.854 10.4924 851.334 -0.0550556
245.91 10.4874 851.923 -0.113016
245.966 10.4794 852.512 -0.161461
246.022 10.4688 853.1 -0.208226
246.079 10.4558 853.688 -0.241616
246.135 10.4415 854.275 -0.259087
246.191 10.4267 854.861 -0.265403
246.247 10.4122 855.446 -0.252232
246.303 10.3986 856.031 -0.231327
246.36 10.3868 856.615 -0.195392
246.416 10.3775 857.198 -0.14188
246.472 10.3717 857.781 -0.0754547
246.528 10.3701 858.363 0.00428158
246.584 10.3732 858.946 0.0903682
246.64 10.3816 859.529 0.187406
246.697 10.3953 860.113 0.281033
246.753 10.4146 860.697 0.38523
246.809 10.4394 861.283 0.47669
246.865 10.4697 861.871 0.580239
246.921 10.5053 862.46 0.66988
246.978 10.5458 863.052 0.752455
247.034 10.5902 863.646 0.813677
247.09 10.638 864.242 0.876882
247.146 10.689 864.841 0.926388
247.202 10.7423 865.444 0.960378
247.258 10.797 866.049 0.980967
247.315 10.8528 866.657 0.999515
247.371 10.9089 867.269 0.999092
247.427 10.9651 867.884 0.999723
247.483 11.021 868.502 0.988662
247.539 11.0758 869.123 0.96984
247.596 11.1299 869.747 0.954097
247.652 11.1825 870.374 0.926686
247.708 11.2338 871.004 0.904072
247.764 11.284 871.637 0.883376
247.82 11.3328 872.272 0.86017
247.876 11.3805 872.911 0.841796
247.933 11.4271 873.551 0.823701
247.989 11.4726 874.195 0.803828
248.045 11.5172 874.841 0.78416
248.101 11.5606 875.489 0.767032
248.157 11.603 876.14 0.74539
248.213 11.6443 876.794 0.728783
248.27 11.6843 877.449 0.702097
248.326 11.7227 878.107 0.668281
248.382 11.7592 878.767 0.638287
248.438 11.7935 879.429 0.594171
248.494 11.8253 880.092 0.548291
248.551 11.8546 880.758 0.500379
248.607 11.881 881.424 0.451884
248.663 11.9046 882.093 0.398514
248.719 11.9251 882.762 0.33996
248.775 11.9424 883.433 0.282212
248.831 11.9561 884.104 0.218807
248.888 11.9664 884.776 0.155614
248.944 11.9728 885.449 0.0887393
249 11.9753 886.121 0.0163277
249.056 11.9741 886.794 -0.0490836
249.112 11.9691 887.467 -0.113807
249.169 11.9605 888.139 -0.1779
249.225 11.9485 888.81 -0.240623
249.281 11.9328 889.481 -0.305549
249.337 11.9135 890.151 -0.370643
249.393 11.8908 890.819 -0.426833
249.449 11.8646 891.487 -0.491313
249.506 11.8352 892.152 -0.54391
249.562 11.8031 892.816 -0.59019
249.618 11.7684 893.478 -0.632902
249.674 11.7312 894.138 -0.690674
249.73 11.6925 894.796 -0.703621
249.787 11.652 895.451 -0.726352
249.843 11.6103 896.104 -0.750258
249.899 11.5673 896.755 -0.774897
249.955 11.5229 897.404 -0.799093
250.011 11.4774 898.049 -0.818322
250.067 11.4308 898.693 -0.837097
250.124 11.3834 899.333 -0.849101
250.18 11.3354 899.971 -0.85613
250.236 11.2872 900.606 -0.857493
250.292 11.2391 901.239 -0.85727
250.348 11.1906 901.869 -0.862226
250.404 11.1425 902.496 -0.853589
250.461 11.0948 903.12 -0.844883
250.517 11.0475 903.742 -0.841026
250.573 11.0005 904.361 -0.836096
250.629 10.9539 904.977 -0.824404
250.685 10.9078 905.591 -0.817153
250.742 10.8624 906.202 -0.804046
250.798 10.8177 906.811 -0.789027
250.854 10.7739 907.417 -0.775268
250.91 10.7309 908.021 -0.760633
250.966 10.6886 908.622 -0.750392
251.022 10.6469 909.222 -0.735083
251.079 10.606 909.818 -0.725919
251.135 10.5657 910.413 -0.712186
251.191 10.5262 911.005 -0.697984
251.247 10.4873 911.595 -0.688503
251.303 10.4489 912.183 -0.680102
251.36 10.411 912.769 -0.671247
251.416 10.3739 913.352 -0.654727
251.472 10.3374 913.934 -0.643902
251.528 10.3017 914.513 -0.630014
251.584 10.2668 915.091 -0.619627
251.64 10.2324 915.667 -0.606743
251.697 10.1988 916.24 -0.590422
251.753 10.1661 916.812 -0.57685
251.809 10.1341 917.382 -0.56605
251.865 10.1029 917.951 -0.543549
251.921 10.073 918.517 -0.524277
251.978 10.0445 919.082 -0.494976
252.034 10.0175 919.645 -0.470382
252.09 9.99211 920.207 -0.440693
252.146 9.96834 920.768 -0.409718
252.202 9.94653 921.327 -0.372853
252.258 9.92692 921.885 -0.331535
252.315 9.9098 922.442 -0.284559
252.371 9.89534 922.999 -0.236748
252.427 9.88392 923.554 -0.180336
252.483 9.87597 924.109 -0.115782
252.539 9.87121 924.664 -0.060966
252.596 9.86991 925.218 0.00369104
252.652 9.87251 925.773 0.0753732
252.708 9.87941 926.328 0.154519
252.764 9.8906 926.883 0.22835
252.82 9.90592 927.439 0.301591
252.876 9.92554 927.996 0.380702
252.933 9.94957 928.555 0.460033
252.989 9.97806 929.115 0.53722
253.045 10.0108 929.676 0.615379
253.101 10.0481 930.24 0.695261
253.157 10.0895 930.806 0.767868
253.213 10.1349 931.374 0.83359
253.27 10.1837 931.945 0.891841
253.326 10.2357 932.519 0.94805
253.382 10.2907 933.096 0.996863
253.438 10.348 933.676 1.03565
253.494 10.4075 934.259 1.07296
253.551 10.4685 934.846 1.09222
253.607 10.5301 935.436 1.09838
253.663 10.5915 936.03 1.09078
253.719 10.6522 936.627 1.07376
253.775 10.7119 937.227 1.05014
253.831 10.7699 937.831 1.0202
253.888 10.8259 938.438 0.979924
253.944 10.8792 939.048 0.926333
254 10.9293 939.661 0.864797
254.056 10.9753 940.277 0.78896
254.112 11.0174 940.895 0.722863
254.169 11.0555 941.515 0.645411
254.225 11.0891 942.137 0.56704
254.281 11.1183 942.761 0.486374
254.337 11.1427 943.387 0.398632
254.393 11.1622 944.013 0.312753
254.449 11.1768 944.641 0.22168
254.506 11.1863 945.269 0.133016
254.562 11.1907 945.898 0.0433793
254.618 11.1902 946.526 -0.0457055
254.674 11.1851 947.155 -0.123461
254.73 11.1752 947.783 -0.207003
254.787 11.1605 948.41 -0.294753
254.843 11.1411 949.037 -0.38117
254.899 11.1167 949.662 -0.470847
254.955 11.0872 950.285 -0.560082
255.011 11.0528 950.907 -0.648289
255.067 11.0134 951.527 -0.737122
255.124 10.9689 952.144 -0.828318
255.18 10.9195 952.759 -0.916116
255.236 10.8656 953.37 -0.991511
255.292 10.8071 953.979 -1.07484
255.348 10.7439 954.584 -1.15931
255.404 10.676 955.185 -1.24255
255.461 10.6036 955.782 -1.31982
255.517 10.5269 956.376 -1.39387
255.573 10.4464 956.964 -1.45804
255.629 10.3625 957.548 -1.51871
255.685 10.2753 958.128 -1.57413
255.742 10.185 958.702 -1.62817
255.798 10.0923 959.271 -1.66409
255.854 9.9979 959.835 -1.68683
255.91 9.90276 960.393 -1.69509
255.966 9.80772 960.946 -1.68926
256.022 9.71307 961.494 -1.67695
256.079 9.61926 962.037 -1.6619
256.135 9.52689 962.574 -1.62788
256.191 9.43682 963.106 -1.58566
256.247 9.3495 963.633 -1.53186
256.303 9.26532 964.156 -1.47616
256.36 9.18451 964.674 -1.41241
256.416 9.10761 965.187 -1.33799
256.472 9.03506 965.696 -1.2615
256.528 8.96688 966.201 -1.18115
256.584 8.9033 966.703 -1.09578
256.64 8.8448 967.201 -1.00603
256.697 8.79149 967.696 -0.910279
256.753 8.74339 968.188 -0.819522
256.809 8.70066 968.678 -0.722304
256.865 8.66336 969.166 -0.624591
256.921 8.63143 969.651 -0.528667
256.978 8.60481 970.135 -0.438773
257.034 8.58357 970.618 -0.338783
257.09 8.56828 971.1 -0.22591
257.146 8.55944 971.581 -0.11227
257.202 8.5571 972.061 0.00680981
257.258 8.56133 972.542 0.11938
257.315 8.57208 973.024 0.236331
257.371 8.58959 973.506 0.36039
257.427 8.6136 973.989 0.474286
257.483 8.6444 974.474 0.595726
257.539 8.68166 974.961 0.708156
257.596 8.72511 975.45 0.816836
257.652 8.77472 975.942 0.923696
257.708 8.82988 976.437 1.02225
257.764 8.89036 976.935 1.11145
257.82 8.9554 977.436 1.18704
257.876 9.02442 977.942 1.25455
257.933 9.0966 978.451 1.30515
257.989 9.17133 978.965 1.34345
258.045 9.24753 979.483 1.36445
258.101 9.3247 980.005 1.37878
258.157 9.4024 980.531 1.38262
258.213 9.47975 981.062 1.36911
258.27 9.55559 981.597 1.33276
258.326 9.62921 982.136 1.28697
258.382 9.69979 982.68 1.23136
258.438 9.76637 983.227 1.15454
258.494 9.8279 983.778 1.05358
258.551 9.88401 984.332 0.959596
258.607 9.93422 984.889 0.849583
258.663 9.97861 985.448 0.748025
258.719 10.0173 986.01 0.647995
258.775 10.0501 986.574 0.542786
258.831 10.0771 987.14 0.437087
258.888 10.0982 987.707 0.334681
258.944 10.1136 988.275 0.236864
259 10.1236 988.843 0.138666
259.056 10.1283 989.412 0.0486576
259.112 10.128 989.981 -0.0393959
259.169 10.1228 990.55 -0.128898
259.225 10.1127 991.118 -0.215346
259.281 10.0976 991.686 -0.303145
259.337 10.0777 992.253 -0.388215
259.393 10.053 992.818 -0.474859
259.449 10.0235 993.382 -0.55885
259.506 9.9894 993.944 -0.638527
259.562 9.95086 994.504 -0.716535
259.618 9.90802 995.061 -0.790754
259.674 9.86135 995.616 -0.855584
259.73 9.81113 996.169 -0.918356
259.787 9.75736 996.718 -0.979461
259.843 9.70063 997.264 -1.02894
259.899 9.64144 997.807 -1.06984
259.955 9.58007 998.347 -1.10655
260.011 9.51706 998.883 -1.13116
260.067 9.45287 999.415 -1.15087
260.124 9.388 999.944 -1.15503
260.18 9.32315 1000.47 -1.15396
260.236 9.25871 1000.99 -1.13791
260.292 9.19553 1001.51 -1.11628
260.348 9.13373 1002.02 -1.08854
260.404 9.07379 1002.53 -1.05199
260.461 9.01601 1003.04 -1.01272
260.517 8.96071 1003.55 -0.963753
260.573 8.90833 1004.05 -0.909994
260.629 8.85911 1004.55 -0.853552
260.685 8.81311 1005.04 -0.793849
260.742 8.77047 1005.54 -0.73568
260.798 8.73127 1006.03 -0.670656
260.854 8.69603 1006.52 -0.600647
260.91 8.66447 1007.01 -0.536812
260.966 8.6364 1007.49 -0.473098
261.022 8.61209 1007.98 -0.405168
261.079 8.59166 1008.46 -0.336988
261.135 8.57479 1008.94 -0.276142
261.191 8.56144 1009.42 -0.210705
261.247 8.55174 1009.9 -0.147575
261.303 8.54534 1010.38 -0.090694
261.36 8.54221 1010.86 -0.0311341
261.416 8.54247 1011.34 0.0281051
261.472 8.54587 1011.82 0.0838444
261.528 8.55262 1012.3 0.145133
261.584 8.56281 1012.78 0.206064
261.64 8.57618 1013.27 0.258976
261.697 8.59264 1013.75 0.315475
261.753 8.61196 1014.23 0.362369
261.809 8.63386 1014.72 0.409923
261.865 8.65853 1015.2 0.456461
261.921 8.68586 1015.69 0.506078
261.978 8.71573 1016.18 0.547509
262.034 8.74805 1016.67 0.594672
262.09 8.78222 1017.16 0.622832
262.146 8.81829 1017.66 0.655513
262.202 8.8563 1018.15 0.687681
262.258 8.8956 1018.65 0.705744
262.315 8.9358 1019.15 0.725473
262.371 8.97723 1019.66 0.744861
262.427 9.01972 1020.16 0.763174
262.483 9.0629 1020.67 0.770514
262.539 9.10623 1021.18 0.769729
262.596 9.1493 1021.69 0.764353
262.652 9.19201 1022.21 0.756686
262.708 9.23439 1022.73 0.751101
262.764 9.27597 1023.25 0.731699
262.82 9.31646 1023.77 0.713892
262.876 9.35607 1024.29 0.69962
262.933 9.39513 1024.82 0.690899
262.989 9.43352 1025.35 0.676967
263.045 9.47097 1025.88 0.659388
263.101 9.50741 1026.41 0.642835
263.157 9.5428 1026.95 0.620672
263.213 9.57707 1027.49 0.602265
263.27 9.61042 1028.03 0.589269
263.326 9.64283 1028.57 0.568881
263.382 9.67419 1029.11 0.549474
263.438 9.70455 1029.66 0.53459
263.494 9.73417 1030.2 0.523654
263.551 9.76301 1030.75 0.502179
263.607 9.79043 1031.3 0.48183
263.663 9.81668 1031.85 0.456836
263.719 9.84154 1032.4 0.432284
263.775 9.86498 1032.96 0.40718
263.831 9.88667 1033.51 0.373433
263.888 9.90637 1034.07 0.333949
263.944 9.92349 1034.62 0.284825
264 9.93744 1035.18 0.223885
264.056 9.9481 1035.74 0.165735
264.112 9.95525 1036.3 0.10343
264.169 9.95863 1036.86 0.0319884
264.225 9.95797 1037.42 -0.0441053
264.281 9.95326 1037.98 -0.108861
264.337 9.94475 1038.54 -0.181472
264.393 9.93187 1039.09 -0.261897
264.449 9.91467 1039.65 -0.335229
264.506 9.89367 1040.21 -0.39782
264.562 9.86903 1040.76 -0.468408
264.618 9.84037 1041.32 -0.537058
264.674 9.8075 1041.87 -0.615206
264.73 9.77091 1042.42 -0.673769
264.787 9.7313 1042.97 -0.725963
264.843 9.68865 1043.51 -0.780509
264.899 9.6428 1044.05 -0.842906
264.955 9.59415 1044.59 -0.883568
265.011 9.54325 1045.13 -0.921891
265.067 9.49009 1045.67 -0.964215
265.124 9.43471 1046.2 -0.998042
265.18 9.37733 1046.73 -1.03608
265.236 9.3178 1047.25 -1.07422
265.292 9.25652 1047.77 -1.1029
265.348 9.19374 1048.29 -1.12762
265.404 9.12936 1048.8 -1.15977
265.461 9.06321 1049.31 -1.18623
265.517 8.99533 1049.82 -1.22049
265.573 8.92611 1050.32 -1.24091
265.629 8.85579 1050.82 -1.25716
265.685 8.78469 1051.32 -1.26984
265.742 8.71298 1051.81 -1.28296
265.798 8.64045 1052.3 -1.29786
265.854 8.56704 1052.78 -1.31083
265.91 8.49335 1053.26 -1.3123
265.966 8.4197 1053.73 -1.30951
266.022 8.34596 1054.2 -1.31235
266.079 8.27281 1054.67 -1.29448
266.135 8.20069 1055.13 -1.27489
266.191 8.12969 1055.59 -1.25612
266.247 8.05986 1056.05 -1.23353
266.303 7.99173 1056.5 -1.1987
266.36 7.92541 1056.94 -1.16897
266.416 7.86087 1057.39 -1.13542
266.472 7.79853 1057.82 -1.0906
266.528 7.73917 1058.26 -1.03194
266.584 7.68312 1058.69 -0.977379
266.64 7.63008 1059.12 -0.921031
266.697 7.58082 1059.55 -0.847695
266.753 7.53566 1059.98 -0.776182
266.809 7.49421 1060.4 -0.711558
266.865 7.45645 1060.82 -0.647534
266.921 7.42275 1061.23 -0.571086
266.978 7.39338 1061.65 -0.48984
267.034 7.36823 1062.06 -0.418422
267.09 7.34701 1062.48 -0.354654
267.146 7.32893 1062.89 -0.2951
267.202 7.31458 1063.3 -0.232026
267.258 7.30337 1063.71 -0.17592
267.315 7.2946 1064.12 -0.140404
267.371 7.28839 1064.53 -0.0916119
267.427 7.28434 1064.94 -0.060259
267.483 7.28193 1065.35 -0.0296215
267.539 7.28188 1065.76 0.0196735
267.596 7.28432 1066.17 0.0611142
267.652 7.28899 1066.58 0.1019
267.708 7.29579 1066.99 0.135968
267.764 7.30492 1067.4 0.17881
267.82 7.31654 1067.81 0.22707
267.876 7.33079 1068.22 0.273941
267.933 7.34785 1068.63 0.325671
267.989 7.36816 1069.05 0.384109
268.045 7.39142 1069.46 0.434761
268.101 7.41757 1069.88 0.487795
268.157 7.44656 1070.29 0.540375
268.213 7.479 1070.71 0.602639
268.27 7.51472 1071.14 0.659715
268.326 7.55392 1071.56 0.720338
268.382 7.59577 1071.98 0.762061
268.438 7.64035 1072.41 0.819975
268.494 7.68763 1072.84 0.858756
268.551 7.73724 1073.28 0.895988
268.607 7.78856 1073.71 0.924168
268.663 7.84137 1074.15 0.948575
268.719 7.89523 1074.59 0.96536
268.775 7.94992 1075.04 0.976292
268.831 8.0047 1075.49 0.973168
268.888 8.05918 1075.94 0.966834
268.944 8.11329 1076.39 0.955539
269 8.16636 1076.85 0.93813
269.056 8.21818 1077.31 0.914941
269.112 8.26893 1077.78 0.8924
269.169 8.31802 1078.24 0.864133
269.225 8.36567 1078.71 0.838967
269.281 8.41199 1079.18 0.814326
269.337 8.45657 1079.66 0.778327
269.393 8.49918 1080.13 0.746649
269.449 8.53996 1080.61 0.711863
269.506 8.5791 1081.09 0.689439
269.562 8.61679 1081.58 0.656335
269.618 8.65272 1082.06 0.62809
269.674 8.68681 1082.55 0.593409
269.73 8.7189 1083.04 0.556871
269.787 8.74897 1083.53 0.520919
269.843 8.77686 1084.02 0.479163
269.899 8.80228 1084.52 0.435008
269.955 8.82523 1085.01 0.38821
270.011 8.84535 1085.51 0.339332
270.067 8.86292 1086.01 0.296537
270.124 8.87768 1086.5 0.241911
270.18 8.88987 1087 0.20471
270.236 8.89984 1087.5 0.158685
270.292 8.90702 1088 0.109224
270.348 8.91208 1088.5 0.0789721
270.404 8.91533 1089 0.0403447
270.461 8.91613 1089.51 -0.0018656
270.517 8.91499 1090.01 -0.0322204
270.573 8.91185 1090.51 -0.07044
270.629 8.90691 1091.01 -0.099846
270.685 8.9002 1091.51 -0.130812
270.742 8.89204 1092.01 -0.155253
270.798 8.88256 1092.51 -0.178457
270.854 8.87201 1093.01 -0.193308
270.91 8.8604 1093.5 -0.215781
270.966 8.8478 1094 -0.229027
271.022 8.83448 1094.5 -0.240927
271.079 8.82036 1094.99 -0.257478
271.135 8.80556 1095.49 -0.266884
271.191 8.79039 1095.98 -0.274161
271.247 8.77427 1096.48 -0.297451
271.303 8.75686 1096.97 -0.319829
271.36 8.73847 1097.46 -0.33199
271.416 8.71953 1097.95 -0.33817
271.472 8.70013 1098.44 -0.353314
271.528 8.67971 1098.93 -0.368734
271.584 8.65876 1099.41 -0.37515
271.64 8.63754 1099.9 -0.381144
271.697 8.61593 1100.38 -0.390712
271.753 8.59365 1100.87 -0.399683
271.809 8.57135 1101.35 -0.393693
271.865 8.54974 1101.83 -0.378886
271.921 8.52885 1102.31 -0.368571
271.978 8.50862 1102.79 -0.353409
272.034 8.48984 1103.27 -0.32201
272.09 8.47255 1103.74 -0.298317
272.146 8.45682 1104.22 -0.269311
272.202 8.44276 1104.69 -0.234802
272.258 8.43072 1105.17 -0.198085
272.315 8.42111 1105.64 -0.15605
272.371 8.41372 1106.11 -0.11386
272.427 8.40883 1106.58 -0.0682556
272.483 8.40639 1107.06 -0.0259992
272.539 8.40643 1107.53 0.0172006
272.596 8.40871 1108 0.055627
272.652 8.4132 1108.47 0.0967851
272.708 8.41986 1108.95 0.132206
272.764 8.42806 1109.42 0.154601
272.82 8.43771 1109.89 0.186728
272.876 8.4491 1110.37 0.213544
272.933 8.46175 1110.84 0.236223
272.989 8.47586 1111.32 0.261104
273.045 8.49125 1111.8 0.282446
273.101 8.50771 1112.27 0.301907
273.157 8.52553 1112.75 0.326568
273.213 8.54472 1113.23 0.350678
273.27 8.56511 1113.71 0.37217
273.326 8.58718 1114.19 0.407449
273.382 8.61099 1114.68 0.435019
273.438 8.63622 1115.16 0.458681
273.494 8.66301 1115.65 0.487743
273.551 8.69132 1116.14 0.514632
273.607 8.7209 1116.63 0.533611
273.663 8.75154 1117.12 0.552079
273.719 8.78324 1117.61 0.57399
273.775 8.81595 1118.1 0.587296
273.831 8.84911 1118.6 0.588294
273.888 8.88157 1119.1 0.568886
273.944 8.91248 1119.6 0.537976
274 8.94143 1120.1 0.496164
274.056 8.96772 1120.6 0.447025
274.112 8.99067 1121.11 0.378089
274.169 9.00953 1121.61 0.30446
274.225 9.02365 1122.12 0.215563
274.281 9.03211 1122.63 0.107976
274.337 9.03434 1123.13 -0.00927733
274.393 9.02984 1123.64 -0.129085
274.449 9.01842 1124.15 -0.254315
274.506 8.99944 1124.66 -0.392564
274.562 8.97291 1125.16 -0.526404
274.618 8.93816 1125.66 -0.673269
274.674 8.89563 1126.16 -0.810812
274.73 8.84547 1126.66 -0.95208
274.787 8.78701 1127.16 -1.09546
274.843 8.72095 1127.65 -1.23074
274.899 8.64755 1128.14 -1.35789
274.955 8.56705 1128.62 -1.47939
275.011 8.48016 1129.1 -1.59447
275.067 8.38704 1129.57 -1.69399
275.124 8.28863 1130.04 -1.78797
275.18 8.18544 1130.5 -1.86251
275.236 8.07893 1130.96 -1.91692
275.292 7.96943 1131.41 -1.96738
275.348 7.85763 1131.85 -2.00396
275.404 7.74432 1132.29 -2.02239
275.461 7.63036 1132.72 -2.03093
275.517 7.51629 1133.14 -2.02474
275.573 7.40316 1133.56 -2.0054
275.629 7.29165 1133.98 -1.9679
275.685 7.18248 1134.38 -1.92705
275.742 7.0762 1134.78 -1.86734
275.798 6.97358 1135.18 -1.7968
275.854 6.87516 1135.56 -1.72299
275.91 6.78089 1135.95 -1.64477
275.966 6.69149 1136.32 -1.55409
276.022 6.60745 1136.7 -1.4535
276.079 6.52968 1137.07 -1.338
276.135 6.4582 1137.43 -1.22891
276.191 6.39302 1137.79 -1.11329
276.247 6.33426 1138.15 -1.00043
276.303 6.28206 1138.5 -0.878515
276.36 6.23708 1138.85 -0.746796
276.416 6.19915 1139.2 -0.632338
276.472 6.16791 1139.55 -0.499797
276.528 6.14454 1139.9 -0.365444
276.584 6.12804 1140.24 -0.243601
276.64 6.11821 1140.58 -0.129873
276.697 6.11506 1140.93 -0.00566876
276.753 6.11832 1141.27 0.0991297
276.809 6.12753 1141.62 0.208514
276.865 6.14279 1141.96 0.314701
276.921 6.16372 1142.31 0.412785
276.978 6.19037 1142.65 0.511502
277.034 6.22255 1143 0.609179
277.09 6.25981 1143.35 0.69796
277.146 6.30242 1143.71 0.790618
277.202 6.3495 1144.06 0.874187
277.258 6.4015 1144.42 0.955832
277.315 6.45755 1144.78 1.0265
277.371 6.51775 1145.15 1.10086
277.427 6.58237 1145.51 1.17818
277.483 6.6507 1145.89 1.24241
277.539 6.72269 1146.26 1.30959
277.596 6.79807 1146.64 1.36168
277.652 6.87648 1147.03 1.41099
277.708 6.95742 1147.42 1.46178
277.764 7.04059 1147.81 1.49431
277.82 7.12562 1148.21 1.52679
277.876 7.21223 1148.61 1.54902
277.933 7.30001 1149.02 1.56892
277.989 7.38857 1149.43 1.58222
278.045 7.47769 1149.85 1.58605
278.101 7.56652 1150.27 1.58086
278.157 7.65506 1150.7 1.57162
278.213 7.74305 1151.14 1.56074
278.27 7.83027 1151.57 1.54765
278.326 7.91654 1152.02 1.52611
278.382 8.00141 1152.46 1.50003
278.438 8.08485 1152.92 1.47496
278.494 8.16637 1153.37 1.43462
278.551 8.24581 1153.83 1.4007
278.607 8.32346 1154.3 1.3685
278.663 8.39881 1154.77 1.32446
278.719 8.4719 1155.24 1.28514
278.775 8.54295 1155.72 1.25222
278.831 8.61214 1156.21 1.21736
278.888 8.67942 1156.69 1.18334
278.944 8.7448 1157.18 1.15004
279 8.80806 1157.67 1.11343
279.056 8.86955 1158.17 1.08063
279.112 8.92931 1158.67 1.05385
279.169 8.98757 1159.18 1.02487
279.225 9.0444 1159.68 1.00167
279.281 9.09974 1160.19 0.971611
279.337 9.1534 1160.71 0.945503
279.393 9.20562 1161.22 0.916957
279.449 9.25591 1161.74 0.880599
279.506 9.30436 1162.26 0.851285
279.562 9.35108 1162.79 0.81839
279.618 9.39598 1163.31 0.786042
279.674 9.43892 1163.84 0.750495
279.73 9.47983 1164.37 0.713874
279.787 9.51897 1164.91 0.686216
279.843 9.55673 1165.44 0.662886
279.899 9.59294 1165.98 0.634822
279.955 9.62809 1166.52 0.62112
280.011 9.66251 1167.06 0.60509
280.067 9.69586 1167.61 0.588051
280.124 9.72887 1168.15 0.586399
280.18 9.76134 1168.7 0.572513
280.236 9.79329 1169.25 0.565915
280.292 9.82505 1169.8 0.564476
280.348 9.85679 1170.36 0.565255
280.404 9.88854 1170.91 0.563917
280.461 9.92028 1171.47 0.566817
280.517 9.9523 1172.03 0.571372
280.573 9.98464 1172.59 0.576795
280.629 10.0174 1173.15 0.58738
280.685 10.0506 1173.71 0.595317
280.742 10.0844 1174.28 0.606406
280.798 10.1187 1174.85 0.609332
280.854 10.1531 1175.41 0.614411
280.91 10.1879 1175.99 0.624942
280.966 10.2234 1176.56 0.637084
281.022 10.2597 1177.14 0.652284
281.079 10.2968 1177.71 0.666809
281.135 10.3347 1178.29 0.680582
281.191 10.3735 1178.87 0.69919
281.247 10.4136 1179.46 0.721735
281.303 10.4549 1180.05 0.743297
281.36 10.4974 1180.63 0.765819
281.416 10.5412 1181.23 0.790549
281.472 10.5868 1181.82 0.824665
281.528 10.6338 1182.42 0.847447
281.584 10.6825 1183.01 0.876881
281.64 10.7327 1183.62 0.905024
281.697 10.7846 1184.22 0.931489
281.753 10.8374 1184.83 0.944838
281.809 10.8913 1185.44 0.966781
281.865 10.9458 1186.05 0.972757
281.921 11.0006 1186.67 0.9759
281.978 11.0557 1187.29 0.980824
282.034 11.1103 1187.91 0.969981
282.09 11.1646 1188.54 0.961693
282.146 11.2183 1189.17 0.952034
282.202 11.2712 1189.8 0.934942
282.258 11.3231 1190.43 0.913071
282.315 11.3741 1191.07 0.905879
282.371 11.4245 1191.71 0.88882
282.427 11.4737 1192.36 0.865226
282.483 11.5218 1193 0.849274
282.539 11.5689 1193.65 0.831639
282.596 11.6147 1194.3 0.803452
282.652 11.6588 1194.96 0.772725
282.708 11.7012 1195.61 0.742834
282.764 11.7415 1196.27 0.696128
282.82 11.7791 1196.93 0.652234
282.876 11.8143 1197.6 0.611146
282.933 11.8475 1198.26 0.574378
282.989 11.8782 1198.93 0.525869
283.045 11.9059 1199.6 0.477157
283.101 11.9312 1200.27 0.431298
283.157 11.9538 1200.94 0.379296
283.213 11.9733 1201.61 0.3301
283.27 11.9898 1202.28 0.266982
283.326 12.0028 1202.96 0.208043
283.382 12.0123 1203.63 0.142262
283.438 12.0182 1204.31 0.0805956
283.494 12.0205 1204.98 0.011439
283.551 12.0189 1205.66 -0.0547751
283.607 12.0134 1206.33 -0.124806
283.663 12.004 1207.01 -0.19892
283.719 11.9902 1207.68 -0.275494
283.775 11.9721 1208.35 -0.351366
283.831 11.9501 1209.02 -0.420731
283.888 11.9239 1209.7 -0.495432
283.944 11.8937 1210.36 -0.566093
284 11.8596 1211.03 -0.633631
284.056 11.8219 1211.7 -0.693154
284.112 11.7813 1212.36 -0.745919
284.169 11.7376 1213.02 -0.795288
284.225 11.6915 1213.68 -0.839447
284.281 11.643 1214.33 -0.877333
284.337 11.5928 1214.99 -0.905148
284.393 11.5411 1215.63 -0.928217
284.449 11.4886 1216.28 -0.937042
284.506 11.4359 1216.92 -0.938366
284.562 11.3833 1217.57 -0.934172
284.618 11.3309 1218.2 -0.933421
284.674 11.2789 1218.84 -0.917534
284.73 11.2278 1219.47 -0.904517
284.787 11.1775 1220.1 -0.890226
284.843 11.128 1220.73 -0.875798
284.899 11.079 1221.35 -0.865359
284.955 11.0307 1221.97 -0.858287
285.011 10.9825 1222.59 -0.858776
285.067 10.934 1223.2 -0.866564
285.124 10.8849 1223.82 -0.880852
285.18 10.8346 1224.43 -0.908458
285.236 10.7821 1225.03 -0.94914
285.292 10.727 1225.64 -1.00212
285.348 10.6689 1226.24 -1.05353
285.404 10.6077 1226.83 -1.11529
285.461 10.5426 1227.43 -1.1878
285.517 10.4732 1228.02 -1.26478
285.573 10.3995 1228.6 -1.34317
285.629 10.3215 1229.19 -1.42043
285.685 10.2391 1229.76 -1.49546
285.742 10.1529 1230.34 -1.56065
285.798 10.0632 1230.9 -1.61867
285.854 9.97117 1231.46 -1.64798
285.91 9.87796 1232.02 -1.66247
285.966 9.78472 1232.57 -1.65556
286.022 9.69308 1233.12 -1.61311
286.079 9.604 1233.66 -1.55808
286.135 9.51937 1234.2 -1.4686
286.191 9.44066 1234.73 -1.35333
286.247 9.36881 1235.26 -1.22856
286.303 9.30455 1235.78 -1.08572
286.36 9.24857 1236.3 -0.931847
286.416 9.20154 1236.82 -0.774949
286.472 9.16323 1237.34 -0.618906
286.528 9.13388 1237.85 -0.459213
286.584 9.1132 1238.36 -0.308111
286.64 9.10057 1238.87 -0.172322
286.697 9.09528 1239.39 -0.0392812
286.753 9.0972 1239.9 0.0793787
286.809 9.10492 1240.41 0.17447
286.865 9.11766 1240.92 0.259626
286.921 9.13467 1241.43 0.326062
286.978 9.15478 1241.95 0.376187
287.034 9.17742 1242.46 0.421867
287.09 9.20218 1242.98 0.453091
287.146 9.22835 1243.5 0.473772
287.202 9.25551 1244.02 0.489083
287.258 9.28331 1244.54 0.496452
287.315 9.31131 1245.06 0.499488
287.371 9.33944 1245.58 0.502292
287.427 9.36794 1246.11 0.512393
287.483 9.39704 1246.64 0.520171
287.539 9.42627 1247.16 0.519772
287.596 9.45568 1247.7 0.527341
287.652 9.48554 1248.23 0.530485
287.708 9.51526 1248.76 0.527299
287.764 9.54478 1249.3 0.52592
287.82 9.57424 1249.83 0.52134
287.876 9.60295 1250.37 0.505647
287.933 9.63083 1250.91 0.487679
287.989 9.65739 1251.46 0.464689
288.045 9.68256 1252 0.433921
288.101 9.70602 1252.54 0.407146
288.157 9.72818 1253.09 0.383574
288.213 9.74869 1253.64 0.355563
288.27 9.76773 1254.19 0.328205
288.326 9.78517 1254.73 0.301304
288.382 9.80151 1255.28 0.284302
288.438 9.81681 1255.84 0.265476
288.494 9.83148 1256.39 0.259849
288.551 9.84613 1256.94 0.261448
288.607 9.86126 1257.49 0.277825
288.663 9.8776 1258.05 0.298979
288.719 9.89536 1258.6 0.330378
288.775 9.91541 1259.16 0.372514
288.831 9.93774 1259.72 0.416609
288.888 9.96279 1260.28 0.466509
288.944 9.99099 1260.84 0.525246
289 10.0225 1261.4 0.583341
289.056 10.0571 1261.97 0.638064
289.112 10.0948 1262.53 0.691699
289.169 10.1352 1263.1 0.735705
289.225 10.1776 1263.67 0.767588
289.281 10.2218 1264.24 0.79947
289.337 10.2676 1264.82 0.821212
289.393 10.3146 1265.4 0.844275
289.449 10.3625 1265.98 0.860387
289.506 10.4111 1266.56 0.864484
289.562 10.4594 1267.15 0.858168
289.618 10.5074 1267.74 0.85125
289.674 10.5548 1268.33 0.840052
289.73 10.6016 1268.93 0.828499
289.787 10.6479 1269.52 0.815682
289.843 10.6934 1270.12 0.805623
289.899 10.7383 1270.72 0.796207
289.955 10.7826 1271.33 0.778156
290.011 10.8262 1271.94 0.774481
290.067 10.8699 1272.55 0.782877
290.124 10.9136 1273.16 0.774309
290.18 10.9571 1273.77 0.777019
290.236 11.0011 1274.39 0.786996
290.292 11.0454 1275.01 0.789646
290.348 11.0901 1275.63 0.798558
290.404 11.1351 1276.26 0.806828
290.461 11.1809 1276.88 0.820298
290.517 11.2273 1277.51 0.826048
290.573 11.2741 1278.15 0.839093
290.629 11.3217 1278.78 0.850826
290.685 11.3695 1279.42 0.857773
290.742 11.4178 1280.06 0.86584
290.798 11.4664 1280.7 0.859761
290.854 11.5149 1281.35 0.867145
290.91 11.5634 1282 0.864599
290.966 11.6121 1282.65 0.865682
291.022 11.6609 1283.3 0.872031
291.079 11.7101 1283.96 0.879891
291.135 11.7595 1284.62 0.881666
291.191 11.8092 1285.28 0.888024
291.247 11.8594 1285.94 0.896025
291.303 11.9096 1286.61 0.889355
291.36 11.9593 1287.28 0.881086
291.416 12.0085 1287.96 0.872676
291.472 12.057 1288.63 0.854169
291.528 12.1042 1289.31 0.827646
291.584 12.1494 1289.99 0.789657
291.64 12.1923 1290.68 0.74492
291.697 12.2324 1291.36 0.69015
291.753 12.2692 1292.05 0.628859
291.809 12.3022 1292.74 0.557901
291.865 12.331 1293.43 0.482058
291.921 12.3552 1294.13 0.397445
291.978 12.3744 1294.82 0.304455
292.034 12.3882 1295.52 0.204461
292.09 12.3966 1296.22 0.11023
292.146 12.3992 1296.91 0.0024048
292.202 12.3956 1297.61 -0.110906
292.258 12.3853 1298.3 -0.230637
292.315 12.3679 1299 -0.363406
292.371 12.3429 1299.69 -0.503965
292.427 12.31 1300.39 -0.63674
292.483 12.2695 1301.08 -0.779906
292.539 12.2208 1301.76 -0.925919
292.596 12.164 1302.45 -1.07046
292.652 12.0988 1303.13 -1.21472
292.708 12.0258 1303.81 -1.35725
292.764 11.9451 1304.48 -1.48391
292.82 11.8577 1305.15 -1.60072
292.876 11.7643 1305.81 -1.70396
292.933 11.6658 1306.47 -1.78192
292.989 11.5635 1307.12 -1.84378
293.045 11.4585 1307.77 -1.88612
293.101 11.3516 1308.41 -1.90901
293.157 11.2444 1309.04 -1.90533
293.213 11.1378 1309.67 -1.88864
293.27 11.033 1310.29 -1.84649
293.326 10.9312 1310.91 -1.78597
293.382 10.8332 1311.52 -1.71428
293.438 10.7397 1312.12 -1.62851
293.494 10.6509 1312.72 -1.54886
293.551 10.5672 1313.32 -1.44897
293.607 10.4894 1313.91 -1.34351
293.663 10.4174 1314.5 -1.24217
293.719 10.351 1315.08 -1.13925
293.775 10.2901 1315.66 -1.04634
293.831 10.2343 1316.24 -0.959763
293.888 10.183 1316.81 -0.881779
293.944 10.136 1317.38 -0.808788
294 10.0929 1317.95 -0.740389
294.056 10.0536 1318.51 -0.671814
294.112 10.018 1319.08 -0.607711
294.169 9.98583 1319.64 -0.550618
294.225 9.95693 1320.2 -0.491344
294.281 9.9315 1320.76 -0.427232
294.337 9.90946 1321.31 -0.366014
294.393 9.89147 1321.87 -0.288423
294.449 9.87782 1322.43 -0.212148
294.506 9.86854 1322.98 -0.134409
294.562 9.86371 1323.53 -0.0520511
294.618 9.86389 1324.09 0.0398271
294.674 9.86895 1324.64 0.124799
294.73 9.87909 1325.2 0.217156
294.787 9.89481 1325.75 0.322245
294.843 9.91621 1326.31 0.418912
294.899 9.94326 1326.87 0.520002
294.955 9.976 1327.43 0.622692
295.011 10.0145 1327.99 0.727375
295.067 10.0589 1328.55 0.832571
295.124 10.109 1329.12 0.928736
295.18 10.1641 1329.69 1.01324
295.236 10.2235 1330.26 1.08539
295.292 10.2864 1330.84 1.1392
295.348 10.3519 1331.42 1.18288
295.404 10.4196 1332 1.21876
295.461 10.4886 1332.59 1.23255
295.517 10.5579 1333.18 1.23274
295.573 10.6272 1333.78 1.23017
295.629 10.6956 1334.38 1.20533
295.685 10.762 1334.98 1.16626
295.742 10.8261 1335.59 1.12211
295.798 10.8874 1336.2 1.07077
295.854 10.9455 1336.81 1.00545
295.91 10.9996 1337.43 0.934454
295.966 11.0497 1338.05 0.862678
296.022 11.096 1338.67 0.799125
296.079 11.1385 1339.29 0.728203
296.135 11.1771 1339.92 0.661512
296.191 11.2121 1340.55 0.592089
296.247 11.243 1341.18 0.521712
296.303 11.2696 1341.81 0.44664
296.36 11.2927 1342.45 0.38573
296.416 11.3127 1343.08 0.32939
296.472 11.3287 1343.72 0.257772
296.528 11.341 1344.36 0.190871
296.584 11.3493 1344.99 0.118349
296.64 11.3533 1345.63 0.039083
296.697 11.3526 1346.27 -0.0477587
296.753 11.3468 1346.91 -0.140501
296.809 11.3357 1347.54 -0.234521
296.865 11.3191 1348.18 -0.338683
296.921 11.2964 1348.82 -0.448162
296.978 11.2676 1349.45 -0.555687
297.034 11.2325 1350.08 -0.671151
297.09 11.1909 1350.71 -0.789917
297.146 11.1427 1351.34 -0.901651
297.202 11.0882 1351.96 -1.01652
297.258 11.0276 1352.58 -1.11767
297.315 10.9617 1353.2 -1.20944
297.371 10.8908 1353.81 -1.29821
297.427 10.815 1354.42 -1.38024
297.483 10.7351 1355.03 -1.44801
297.539 10.6518 1355.63 -1.50538
297.596 10.5657 1356.22 -1.55113
297.652 10.4775 1356.81 -1.57816
297.708 10.3882 1357.4 -1.59849
297.764 10.2979 1357.98 -1.60859
297.82 10.2077 1358.56 -1.60275
297.876 10.118 1359.13 -1.58994
297.933 10.0294 1359.69 -1.56692
297.989 9.94209 1360.25 -1.54532
298.045 9.85644 1360.81 -1.50867
298.101 9.77285 1361.36 -1.47621
298.157 9.69109 1361.91 -1.43852
298.213 9.61165 1362.45 -1.39492
298.27 9.53488 1362.98 -1.34825
298.326 9.46112 1363.52 -1.29485
298.382 9.38973 1364.05 -1.25843
298.438 9.32072 1364.57 -1.20901
298.494 9.25458 1365.09 -1.15927
298.551 9.19082 1365.61 -1.11744
298.607 9.13 1366.13 -1.06348
298.663 9.07171 1366.64 -1.02134
298.719 9.01568 1367.14 -0.981949
298.775 8.96171 1367.65 -0.945607
298.831 8.91007 1368.15 -0.902073
298.888 8.86039 1368.65 -0.871875
298.944 8.81263 1369.15 -0.836561
299 8.76665 1369.64 -0.807781
299.056 8.72211 1370.13 -0.783534
299.112 8.67945 1370.62 -0.743813
299.169 8.6386 1371.11 -0.715467
299.225 8.59924 1371.59 -0.690982
299.281 8.56136 1372.07 -0.662238
299.337 8.52514 1372.55 -0.631744
299.393 8.49056 1373.03 -0.60663
299.449 8.45747 1373.5 -0.576541
299.506 8.42591 1373.98 -0.552415
299.562 8.39599 1374.45 -0.520858
299.618 8.36764 1374.92 -0.49284
299.674 8.3409 1375.39 -0.46143
299.73 8.31622 1375.86 -0.425498
299.787 8.29356 1376.32 -0.387054
299.843 8.27319 1376.79 -0.344063
299.899 8.25563 1377.25 -0.291117
299.955 8.24083 1377.72 -0.243424
300.011 8.22918 1378.18 -0.184417
300.067 8.22088 1378.64 -0.12323
300.124 8.21607 1379.1 -0.0606155
300.18 8.21507 1379.57 0.0112341
300.236 8.21795 1380.03 0.0805262
300.292 8.22523 1380.49 0.157053
300.348 8.23654 1380.95 0.235538
300.404 8.25228 1381.41 0.309896
300.461 8.27235 1381.88 0.391723
300.517 8.29712 1382.34 0.472004
300.573 8.32611 1382.81 0.547605
300.629 8.35948 1383.28 0.622283
300.685 8.39675 1383.75 0.690237
300.742 8.43763 1384.22 0.753728
300.798 8.48219 1384.7 0.821882
300.854 8.53067 1385.18 0.890526
300.91 8.58279 1385.66 0.95034
300.966 8.63799 1386.14 1.00503
301.022 8.69643 1386.63 1.06382
301.079 8.75801 1387.12 1.11721
301.135 8.82253 1387.61 1.16692
301.191 8.88966 1388.11 1.21328
301.247 8.95917 1388.61 1.25378
301.303 9.03074 1389.12 1.28848
301.36 9.10461 1389.63 1.33269
301.416 9.18089 1390.14 1.37194
301.472 9.25893 1390.66 1.40223
301.528 9.33854 1391.19 1.42534
301.584 9.41929 1391.71 1.44385
301.64 9.50138 1392.24 1.46925
301.697 9.58447 1392.78 1.48318
301.753 9.66808 1393.32 1.49211
301.809 9.75235 1393.87 1.50271
301.865 9.83693 1394.42 1.50782
301.921 9.92139 1394.97 1.49883
301.978 10.0052 1395.53 1.48639
302.034 10.088 1396.1 1.46522
302.09 10.1694 1396.67 1.43525
302.146 10.2489 1397.24 1.39834
302.202 10.3265 1397.82 1.37004
302.258 10.4024 1398.4 1.33677
302.315 10.4763 1398.99 1.30278
302.371 10.5484 1399.58 1.26906
302.427 10.6184 1400.18 1.23031
302.483 10.6862 1400.78 1.19228
302.539 10.7521 1401.38 1.15798
302.596 10.8157 1401.98 1.11365
302.652 10.8766 1402.59 1.06259
302.708 10.9345 1403.21 1.00787
302.764 10.9891 1403.82 0.948708
302.82 11.0406 1404.44 0.890317
302.876 11.0887 1405.06 0.831702
302.933 11.1333 1405.69 0.767257
302.989 11.1741 1406.32 0.69697
303.045 11.2107 1406.95 0.623056
303.101 11.2427 1407.58 0.534208
303.157 11.2701 1408.21 0.453203
303.213 11.2928 1408.84 0.372252
303.27 11.3107 1409.48 0.283555
303.326 11.3237 1410.11 0.19617
303.382 11.3319 1410.75 0.108989
303.438 11.3348 1411.39 0.015676
303.494 11.3323 1412.02 -0.086777
303.551 11.3236 1412.66 -0.197387
303.607 11.3093 1413.3 -0.29089
303.663 11.2896 1413.93 -0.394323
303.719 11.264 1414.56 -0.493907
303.775 11.2329 1415.2 -0.592965
303.831 11.196 1415.83 -0.697328
303.888 11.1534 1416.45 -0.796904
303.944 11.1052 1417.08 -0.895069
304 11.0517 1417.7 -0.992988
304.056 10.9925 1418.32 -1.09461
304.112 10.9277 1418.93 -1.19122
304.169 10.8577 1419.55 -1.2834
304.225 10.7827 1420.15 -1.3673
304.281 10.7029 1420.76 -1.4547
304.337 10.6183 1421.35 -1.53303
304.393 10.53 1421.95 -1.60164
304.449 10.4375 1422.54 -1.67136
304.506 10.3416 1423.12 -1.73152
304.562 10.2424 1423.7 -1.78413
304.618 10.1402 1424.27 -1.8445
304.674 10.0352 1424.84 -1.88232
304.73 9.92827 1425.4 -1.91602
304.787 9.81976 1425.95 -1.94113
304.843 9.70984 1426.5 -1.96576
304.899 9.59886 1427.04 -1.98255
304.955 9.48682 1427.58 -1.99856
305.011 9.37439 1428.1 -2.00527
305.067 9.26179 1428.63 -2.00284
305.124 9.14941 1429.14 -1.99946
305.18 9.03759 1429.65 -1.98324
305.236 8.92658 1430.16 -1.97097
305.292 8.81611 1430.66 -1.96043
305.348 8.70658 1431.15 -1.93887
305.404 8.59837 1431.63 -1.91681
305.461 8.49159 1432.11 -1.89287
305.517 8.38586 1432.59 -1.87317
305.573 8.28161 1433.05 -1.84326
305.629 8.17911 1433.52 -1.81225
305.685 8.07822 1433.97 -1.78406
305.742 7.97938 1434.42 -1.74294
305.798 7.88257 1434.87 -1.70137
305.854 7.7886 1435.31 -1.65242
305.91 7.69749 1435.74 -1.60227
305.966 7.60904 1436.17 -1.55753
306.022 7.52319 1436.6 -1.50629
306.079 7.4407 1437.01 -1.44182
306.135 7.36195 1437.43 -1.37586
306.191 7.28697 1437.84 -1.30682
306.247 7.21627 1438.25 -1.2256
306.303 7.14978 1438.65 -1.15159
306.36 7.08789 1439.05 -1.066
306.416 7.03072 1439.45 -0.985044
306.472 6.97787 1439.84 -0.912541
306.528 6.92942 1440.23 -0.829958
306.584 6.88558 1440.62 -0.746782
306.64 6.84646 1441 -0.66286
306.697 6.81207 1441.39 -0.579177
306.753 6.78211 1441.77 -0.499292
306.809 6.75669 1442.15 -0.420932
306.865 6.73569 1442.53 -0.343912
306.921 6.71875 1442.91 -0.274549
306.978 6.70554 1443.28 -0.208498
307.034 6.69615 1443.66 -0.139167
307.09 6.69036 1444.04 -0.0798849
307.146 6.68802 1444.41 -0.0172952
307.202 6.68856 1444.79 0.0280652
307.258 6.69195 1445.16 0.0806971
307.315 6.69795 1445.54 0.123691
307.371 6.70622 1445.92 0.165172
307.427 6.71657 1446.29 0.193442
307.483 6.72836 1446.67 0.221738
307.539 6.74124 1447.05 0.232043
307.596 6.75473 1447.43 0.248892
307.652 6.76912 1447.81 0.257634
307.708 6.78349 1448.19 0.256601
307.764 6.79775 1448.57 0.251902
307.82 6.81154 1448.95 0.242122
307.876 6.82489 1449.34 0.229853
307.933 6.83703 1449.72 0.206711
307.989 6.84779 1450.1 0.18082
308.045 6.85708 1450.49 0.155424
308.101 6.86504 1450.87 0.133108
308.157 6.87148 1451.26 0.105147
308.213 6.87614 1451.65 0.0719007
308.27 6.87952 1452.03 0.0497
308.326 6.88121 1452.42 0.0200577
308.382 6.88217 1452.81 0.00965943
308.438 6.88162 1453.19 -0.0216929
308.494 6.87965 1453.58 -0.0433803
308.551 6.87657 1453.97 -0.0644461
308.607 6.87288 1454.35 -0.0648179
308.663 6.86883 1454.74 -0.0753452
308.719 6.86469 1455.12 -0.0717689
308.775 6.86045 1455.51 -0.0734428
308.831 6.85624 1455.89 -0.0714178
308.888 6.85265 1456.28 -0.0610997
308.944 6.84943 1456.66 -0.0571532
309 6.8465 1457.05 -0.0453958
309.056 6.84439 1457.43 -0.0341018
309.112 6.84361 1457.82 -0.000987583
309.169 6.84397 1458.2 0.0133599
309.225 6.84546 1458.59 0.0358332
309.281 6.84815 1458.97 0.0551756
309.337 6.85188 1459.36 0.0774295
309.393 6.85719 1459.74 0.105588
309.449 6.86406 1460.13 0.134773
309.506 6.87235 1460.51 0.161344
309.562 6.88263 1460.9 0.191614
309.618 6.89477 1461.29 0.230736
309.674 6.90865 1461.67 0.26252
309.73 6.92443 1462.06 0.294996
309.787 6.94215 1462.45 0.330463
309.843 6.96198 1462.84 0.368958
309.899 6.98359 1463.24 0.396757
309.955 7.00701 1463.63 0.432016
