# t frame_uz frame_z ub_dans_repere
160.001 5.14664e-05 5.30035e-08 0.0499738
160.019 0.0151895 0.000160128 0.895154
160.051 0.0484966 0.0012782 1.12695
160.092 0.102041 0.00458654 1.39228
160.14 0.175398 0.0114218 1.66574
160.19 0.26856 0.023049 1.96156
160.243 0.380585 0.0407028 2.22499
160.297 0.508699 0.0653265 2.45265
160.352 0.65146 0.0979178 2.69422
160.407 0.80647 0.138769 2.9011
160.463 0.975167 0.189532 3.08617
160.519 1.1536 0.25007 3.25151
160.575 1.34055 0.320886 3.39547
160.631 1.53472 0.402417 3.51456
160.687 1.73486 0.495022 3.61304
160.743 1.94001 0.599003 3.69378
160.798 2.14891 0.714597 3.75521
160.854 2.36083 0.841989 3.80398
160.91 2.57471 0.981312 3.83524
160.966 2.79034 1.13267 3.86081
161.022 3.00737 1.29638 3.87816
161.079 3.22533 1.47268 3.87976
161.135 3.44349 1.66124 3.88437
161.191 3.66177 1.86205 3.88518
161.247 3.87973 2.07512 3.87428
161.303 4.0969 2.3004 3.86096
161.36 4.31335 2.53787 3.84758
161.416 4.5289 2.78746 3.82877
161.472 4.74341 3.04913 3.81078
161.528 4.95627 3.3228 3.77479
161.584 5.16735 3.60836 3.74414
161.64 5.37651 3.90572 3.70783
161.697 5.58327 4.21475 3.66144
161.753 5.78742 4.53531 3.61341
161.809 5.98836 4.86724 3.55434
161.865 6.18601 5.21034 3.49525
161.921 6.38078 5.56444 3.44902
161.978 6.57225 5.92938 3.38226
162.034 6.76014 6.30496 3.31914
162.09 6.94443 6.69097 3.24812
162.146 7.12429 7.08719 3.16993
162.202 7.29971 7.49337 3.08983
162.258 7.47065 7.90925 3.01094
162.315 7.63703 8.33457 2.93157
162.371 7.79894 8.7691 2.8487
162.427 7.95646 9.21257 2.77368
162.483 8.10977 9.66475 2.69929
162.539 8.25888 10.1254 2.62548
162.596 8.40405 10.5943 2.55564
162.652 8.54521 11.0712 2.48343
162.708 8.68228 11.5559 2.41152
162.764 8.81552 12.0482 2.34422
162.82 8.94515 12.5478 2.2825
162.876 9.07106 13.0546 2.21691
162.933 9.19309 13.5684 2.14365
162.989 9.31144 14.0888 2.08034
163.045 9.42621 14.6158 2.01935
163.101 9.53745 15.1492 1.95228
163.157 9.64501 15.6886 1.88956
163.213 9.74893 16.234 1.82324
163.27 9.84926 16.7851 1.7605
163.326 9.9463 17.3417 1.70479
163.382 10.0401 17.9037 1.64842
163.438 10.1309 18.4708 1.59657
163.494 10.2187 19.0429 1.53781
163.551 10.3029 19.6198 1.47452
163.607 10.3835 20.2014 1.40782
163.663 10.4605 20.7873 1.34542
163.719 10.5342 21.3775 1.29119
163.775 10.6052 21.9717 1.24603
163.831 10.6739 22.5698 1.20636
163.888 10.7404 23.1718 1.16604
163.944 10.8047 23.7773 1.13267
164 10.8673 24.3865 1.10091
164.056 10.9281 24.999 1.07173
164.112 10.9874 25.615 1.04427
164.169 11.0452 26.2342 1.02076
164.225 11.1016 26.8566 0.994628
164.281 11.1565 27.4822 0.964262
164.337 11.2098 28.1107 0.938893
164.393 11.2617 28.7423 0.915256
164.449 11.3124 29.3767 0.892779
164.506 11.362 30.0139 0.876028
164.562 11.4104 30.6538 0.853146
164.618 11.4576 31.2965 0.829344
164.674 11.5036 31.9417 0.814951
164.73 11.5491 32.5895 0.806521
164.787 11.5941 33.2398 0.794872
164.843 11.6384 33.8927 0.78309
164.899 11.682 34.548 0.774355
164.955 11.7254 35.2058 0.770821
165.011 11.7687 35.866 0.766064
165.067 11.8113 36.5286 0.756062
165.124 11.8533 37.1935 0.741911
165.18 11.8949 37.8609 0.737046
165.236 11.9361 38.5305 0.727951
165.292 11.9767 39.2024 0.720117
165.348 12.017 39.8766 0.716201
165.404 12.0572 40.5531 0.714971
165.461 12.0973 41.2318 0.71149
165.517 12.1374 41.9128 0.712431
165.573 12.1773 42.596 0.708537
165.629 12.2168 43.2815 0.698276
165.685 12.2558 43.9691 0.694309
165.742 12.2946 44.659 0.688093
165.798 12.333 45.351 0.680234
165.854 12.3711 46.0451 0.673107
165.91 12.4082 46.7414 0.653137
165.966 12.4445 47.4397 0.64171
166.022 12.4801 48.14 0.630182
166.079 12.5151 48.8423 0.620263
166.135 12.5498 49.5466 0.615553
166.191 12.5842 50.2528 0.609042
166.247 12.6183 50.961 0.602933
166.303 12.652 51.671 0.59775
166.36 12.6853 52.3829 0.589318
166.416 12.7183 53.0967 0.586118
166.472 12.7513 53.8123 0.585223
166.528 12.784 54.5297 0.582507
166.584 12.8167 55.2491 0.583196
166.64 12.8494 55.9702 0.580347
166.697 12.8819 56.6932 0.576481
166.753 12.9139 57.418 0.566102
166.809 12.9454 58.1445 0.555014
166.865 12.9761 58.8728 0.542871
166.921 13.0062 59.6028 0.532272
166.978 13.0358 60.3345 0.521676
167.034 13.0648 61.0678 0.515939
167.09 13.0932 61.8028 0.500077
167.146 13.121 62.5393 0.48996
167.202 13.1481 63.2773 0.477438
167.258 13.1745 64.0169 0.463344
167.315 13.2001 64.7579 0.452295
167.371 13.2251 65.5003 0.43787
167.427 13.2493 66.2441 0.425405
167.483 13.2726 66.9893 0.40935
167.539 13.2949 67.7357 0.387254
167.596 13.316 68.4833 0.366238
167.652 13.3358 69.2321 0.345461
167.708 13.3548 69.9819 0.332289
167.764 13.373 70.7328 0.316765
167.82 13.3901 71.4847 0.294931
167.876 13.406 72.2375 0.277401
167.933 13.4209 72.9911 0.256276
167.989 13.4346 73.7456 0.232211
168.045 13.4468 74.5007 0.207332
168.101 13.4573 75.2565 0.172238
168.157 13.4659 76.0129 0.138456
168.213 13.4727 76.7696 0.108945
168.27 13.4776 77.5267 0.0725108
168.326 13.4805 78.284 0.0392859
168.382 13.4817 79.0413 0.0083294
168.438 13.4809 79.7987 -0.0257209
168.494 13.4784 80.556 -0.0613815
168.551 13.4737 81.3131 -0.0967205
168.607 13.4667 82.0698 -0.143404
168.663 13.4574 82.826 -0.183575
168.719 13.4457 83.5817 -0.22202
168.775 13.4318 84.3366 -0.262257
168.831 13.4162 85.0907 -0.288956
168.888 13.3989 85.8438 -0.316345
168.944 13.3803 86.5959 -0.340902
169 13.3603 87.347 -0.363035
169.056 13.3397 88.0969 -0.371351
169.112 13.3183 88.8456 -0.387221
169.169 13.2964 89.5931 -0.390872
169.225 13.2744 90.3393 -0.392758
169.281 13.2525 91.0843 -0.389153
169.337 13.2308 91.8281 -0.384237
169.393 13.2094 92.5707 -0.375503
169.449 13.1886 93.3121 -0.366862
169.506 13.1685 94.0523 -0.353714
169.562 13.149 94.7915 -0.33748
169.618 13.1307 95.5296 -0.318125
169.674 13.1136 96.2667 -0.296947
169.73 13.0979 97.0028 -0.263622
169.787 13.0841 97.7382 -0.232282
169.843 13.0722 98.4729 -0.201955
169.899 13.0616 99.2069 -0.178555
169.955 13.0522 99.9404 -0.157009
170.011 13.0443 100.673 -0.130644
170.067 13.038 101.406 -0.0989357
170.124 13.0334 102.138 -0.0685945
170.18 13.0305 102.87 -0.0427168
170.236 13.0288 103.602 -0.0228658
170.292 13.0282 104.334 -0.00160736
170.348 13.0289 105.066 0.0203222
170.404 13.0306 105.798 0.0338443
170.461 13.0327 106.53 0.0445557
170.517 13.0359 107.263 0.0620004
170.573 13.04 107.995 0.0850065
170.629 13.0454 108.728 0.105503
170.685 13.0522 109.461 0.132478
170.742 13.0603 110.195 0.152484
170.798 13.0694 110.929 0.168915
170.854 13.0793 111.663 0.178297
170.91 13.0897 112.398 0.191906
170.966 13.1009 113.134 0.205933
171.022 13.113 113.87 0.218318
171.079 13.1257 114.608 0.229648
171.135 13.1387 115.345 0.232881
171.191 13.152 116.084 0.237331
171.247 13.1654 116.823 0.238811
171.303 13.1786 117.563 0.232784
171.36 13.1919 118.304 0.236158
171.416 13.2054 119.046 0.241282
171.472 13.2187 119.788 0.236687
171.528 13.2323 120.531 0.241826
171.584 13.2461 121.275 0.246371
171.64 13.2597 122.02 0.237718
171.697 13.2727 122.765 0.228995
171.753 13.2854 123.511 0.223824
171.809 13.2976 124.258 0.213707
171.865 13.3092 125.005 0.199804
171.921 13.32 125.753 0.188499
171.978 13.3302 126.502 0.175303
172.034 13.3397 127.251 0.163525
172.09 13.3485 128.001 0.153587
172.146 13.3566 128.751 0.13989
172.202 13.364 129.502 0.126145
172.258 13.3708 130.253 0.115903
172.315 13.3766 131.004 0.0980533
172.371 13.3817 131.756 0.0845154
172.427 13.386 132.508 0.0716825
172.483 13.3895 133.26 0.0554385
172.539 13.3921 134.012 0.0398282
172.596 13.3941 134.765 0.0328351
172.652 13.3956 135.517 0.0217344
172.708 13.3965 136.27 0.0125019
172.764 13.397 137.022 0.0034415
172.82 13.3968 137.775 -0.0042239
172.876 13.3963 138.528 -0.013
172.933 13.3952 139.28 -0.0233643
172.989 13.3936 140.033 -0.0314003
173.045 13.3916 140.785 -0.0364146
173.101 13.3893 141.537 -0.043151
173.157 13.3865 142.29 -0.0544355
173.213 13.3832 143.041 -0.0604368
173.27 13.3798 143.793 -0.0619493
173.326 13.3762 144.545 -0.0644854
173.382 13.3726 145.296 -0.0629474
173.438 13.3691 146.047 -0.0586511
173.494 13.3659 146.798 -0.05818
173.551 13.3628 147.549 -0.054119
173.607 13.3597 148.3 -0.0508539
173.663 13.3571 149.05 -0.0424191
173.719 13.3551 149.8 -0.0324387
173.775 13.3538 150.551 -0.0162647
173.831 13.3532 151.301 -0.00453189
173.888 13.3533 152.051 0.00735949
173.944 13.3541 152.801 0.0215244
174 13.3557 153.552 0.0325178
174.056 13.3578 154.302 0.0400214
174.112 13.3604 155.052 0.0502703
174.169 13.3635 155.803 0.0606368
174.225 13.3674 156.554 0.0746834
174.281 13.3719 157.305 0.0860786
174.337 13.377 158.057 0.0938969
174.393 13.3827 158.808 0.105783
174.449 13.3893 159.56 0.122191
174.506 13.3964 160.313 0.129581
174.562 13.4038 161.066 0.134992
174.618 13.412 161.819 0.152303
174.674 13.4211 162.573 0.168427
174.73 13.431 163.327 0.182083
174.787 13.442 164.082 0.204326
174.843 13.454 164.837 0.219342
174.899 13.4667 165.594 0.228968
174.955 13.4801 166.351 0.246096
175.011 13.4944 167.109 0.259127
175.067 13.5094 167.867 0.274148
175.124 13.5255 168.627 0.294116
175.18 13.5425 169.387 0.309837
175.236 13.5604 170.148 0.320891
175.292 13.5789 170.911 0.336926
175.348 13.5983 171.674 0.352146
175.404 13.6187 172.439 0.367156
175.461 13.6395 173.205 0.374147
175.517 13.6609 173.972 0.38454
175.573 13.6828 174.74 0.393508
175.629 13.7053 175.51 0.404164
175.685 13.7282 176.28 0.409034
175.742 13.7512 177.052 0.408422
175.798 13.7746 177.826 0.420446
175.854 13.7983 178.6 0.424115
175.91 13.8223 179.376 0.428039
175.966 13.8467 180.154 0.440515
176.022 13.8717 180.932 0.449777
176.079 13.8971 181.712 0.454346
176.135 13.9228 182.494 0.458547
176.191 13.9485 183.277 0.457303
176.247 13.9742 184.062 0.456653
176.303 13.9998 184.848 0.455875
176.36 14.0252 185.635 0.450424
176.416 14.0504 186.424 0.445765
176.472 14.0752 187.214 0.440941
176.528 14.0996 188.005 0.430094
176.584 14.1233 188.798 0.415734
176.64 14.1462 189.593 0.400877
176.697 14.168 190.388 0.380222
176.753 14.1886 191.185 0.356027
176.809 14.2076 191.982 0.328282
176.865 14.2251 192.781 0.299155
176.921 14.2408 193.581 0.267548
176.978 14.2546 194.381 0.231626
177.034 14.2663 195.183 0.191933
177.09 14.2759 195.985 0.155119
177.146 14.2834 196.787 0.116649
177.202 14.2884 197.589 0.0709689
177.258 14.2909 198.392 0.0259348
177.315 14.291 199.195 -0.0173175
177.371 14.2884 199.998 -0.066883
177.427 14.283 200.8 -0.117286
177.483 14.2747 201.603 -0.167602
177.539 14.2633 202.404 -0.222307
177.596 14.2491 203.205 -0.275432
177.652 14.2319 204.005 -0.325033
177.708 14.2118 204.804 -0.377883
177.764 14.1889 205.601 -0.428469
177.82 14.1632 206.398 -0.474934
177.876 14.1349 207.193 -0.521899
177.933 14.1038 207.986 -0.574346
177.989 14.07 208.777 -0.620969
178.045 14.0334 209.566 -0.668081
178.101 13.9945 210.353 -0.712284
178.157 13.9531 211.138 -0.75345
178.213 13.9095 211.92 -0.790023
178.27 13.864 212.7 -0.823791
178.326 13.8167 213.478 -0.8561
178.382 13.7677 214.252 -0.882093
178.438 13.7172 215.024 -0.906754
178.494 13.6656 215.793 -0.925772
178.551 13.6128 216.559 -0.951334
178.607 13.559 217.322 -0.961312
178.663 13.5048 218.082 -0.965209
178.719 13.4506 218.838 -0.963579
178.775 13.3963 219.592 -0.967565
178.831 13.3423 220.343 -0.957807
178.888 13.2883 221.091 -0.960689
178.944 13.2347 221.836 -0.952633
179 13.1813 222.577 -0.947583
179.056 13.1283 223.316 -0.939562
179.112 13.076 224.052 -0.927028
179.169 13.0245 224.785 -0.9127
179.225 12.9735 225.515 -0.904404
179.281 12.9232 226.242 -0.891295
179.337 12.8736 226.966 -0.874824
179.393 12.825 227.688 -0.85929
179.449 12.7771 228.407 -0.848493
179.506 12.73 229.123 -0.831326
179.562 12.6837 229.836 -0.81738
179.618 12.6385 230.547 -0.800159
179.674 12.5939 231.256 -0.785546
179.73 12.5502 231.962 -0.77421
179.787 12.5071 232.666 -0.760741
179.843 12.465 233.367 -0.74421
179.899 12.4234 234.066 -0.735075
179.955 12.3828 234.762 -0.716813
180.011 12.3433 235.457 -0.694325
180.067 12.3048 236.149 -0.679754
180.124 12.2671 236.839 -0.669119
180.18 12.2301 237.527 -0.651236
180.236 12.1938 238.213 -0.641411
180.292 12.1583 238.896 -0.628573
180.348 12.1233 239.578 -0.619512
180.404 12.089 240.258 -0.605636
180.461 12.0553 240.936 -0.595648
180.517 12.022 241.612 -0.590313
180.573 11.9889 242.287 -0.587766
180.629 11.9561 242.959 -0.583172
180.685 11.9234 243.63 -0.579717
180.742 11.8908 244.298 -0.582337
180.798 11.8584 244.965 -0.572928
180.854 11.8266 245.63 -0.560926
180.91 11.7955 246.294 -0.548614
180.966 11.7651 246.955 -0.536712
181.022 11.7353 247.615 -0.526571
181.079 11.7061 248.274 -0.51398
181.135 11.6777 248.93 -0.500757
181.191 11.65 249.586 -0.484858
181.247 11.6236 250.239 -0.45979
181.303 11.5985 250.891 -0.43755
181.36 11.5749 251.542 -0.410023
181.416 11.5526 252.192 -0.386938
181.472 11.5316 252.84 -0.366676
181.528 11.5117 253.487 -0.340305
181.584 11.4937 254.133 -0.307768
181.64 11.4775 254.778 -0.274754
181.697 11.4633 255.423 -0.237573
181.753 11.4513 256.066 -0.19845
181.809 11.4414 256.709 -0.160797
181.865 11.4336 257.352 -0.125248
181.921 11.4276 257.994 -0.095414
181.978 11.4235 258.636 -0.0588642
182.034 11.4213 259.277 -0.0244133
182.09 11.421 259.919 0.00864098
182.146 11.4227 260.561 0.0435528
182.202 11.4261 261.203 0.0709935
182.258 11.431 261.845 0.0962875
182.315 11.4372 262.487 0.119319
182.371 11.4446 263.13 0.140703
182.427 11.4531 263.773 0.159875
182.483 11.4629 264.417 0.181305
182.539 11.4738 265.061 0.201405
182.596 11.4857 265.706 0.216847
182.652 11.4986 266.352 0.235043
182.708 11.5124 266.998 0.254754
182.764 11.527 267.646 0.265286
182.82 11.5422 268.294 0.269428
182.876 11.5576 268.943 0.278317
182.933 11.5732 269.592 0.277052
182.989 11.5887 270.243 0.276623
183.045 11.6043 270.895 0.279394
183.101 11.62 271.547 0.280248
183.157 11.6359 272.201 0.281071
183.213 11.6518 272.855 0.285824
183.27 11.6678 273.51 0.283549
183.326 11.6837 274.166 0.283267
183.382 11.6995 274.823 0.281566
183.438 11.7151 275.481 0.274555
183.494 11.7302 276.139 0.262804
183.551 11.7447 276.799 0.254736
183.607 11.7587 277.459 0.248352
183.663 11.7726 278.12 0.243995
183.719 11.7864 278.782 0.248039
183.775 11.8001 279.445 0.242911
183.831 11.8135 280.108 0.235218
183.888 11.8265 280.772 0.22988
183.944 11.8392 281.437 0.224326
184 11.8517 282.102 0.219283
184.056 11.8639 282.769 0.219474
184.112 11.8761 283.436 0.215093
184.169 11.888 284.103 0.210436
184.225 11.8998 284.772 0.208524
184.281 11.9113 285.44 0.204089
184.337 11.9227 286.11 0.201061
184.393 11.934 286.78 0.202654
184.449 11.9453 287.451 0.203387
184.506 11.9569 288.122 0.207356
184.562 11.9687 288.795 0.211323
184.618 11.9806 289.467 0.212275
184.674 11.9929 290.141 0.222089
184.73 12.0058 290.815 0.235393
184.787 12.0193 291.49 0.243032
184.843 12.0332 292.166 0.251252
184.899 12.0476 292.842 0.257117
184.955 12.0622 293.52 0.26391
185.011 12.0774 294.198 0.276445
185.067 12.0932 294.877 0.285962
185.124 12.1096 295.557 0.295578
185.18 12.1266 296.238 0.306059
185.236 12.1442 296.919 0.318434
185.292 12.1623 297.602 0.325613
185.348 12.181 298.286 0.334976
185.404 12.2002 298.971 0.346726
185.461 12.2201 299.657 0.360969
185.517 12.2407 300.344 0.367424
185.573 12.2617 301.033 0.377971
185.629 12.2829 301.722 0.378238
185.685 12.3044 302.413 0.383562
185.742 12.326 303.105 0.385757
185.798 12.3476 303.798 0.383984
185.854 12.3691 304.493 0.381018
185.91 12.3905 305.188 0.384562
185.966 12.4122 305.885 0.38496
186.022 12.4337 306.583 0.378792
186.079 12.4548 307.283 0.37406
186.135 12.4756 307.983 0.368873
186.191 12.4964 308.685 0.370822
186.247 12.5173 309.387 0.369979
186.303 12.538 310.091 0.366795
186.36 12.5583 310.796 0.356511
186.416 12.5778 311.502 0.340554
186.472 12.5964 312.21 0.325953
186.528 12.6143 312.918 0.313739
186.584 12.6314 313.627 0.298501
186.64 12.6479 314.337 0.290902
186.697 12.664 315.049 0.281633
186.753 12.6795 315.76 0.273059
186.809 12.694 316.473 0.253007
186.865 12.7077 317.187 0.241917
186.921 12.7207 317.901 0.227166
186.978 12.733 318.616 0.215642
187.034 12.7447 319.332 0.202622
187.09 12.7556 320.048 0.187458
187.146 12.7653 320.765 0.164641
187.202 12.7741 321.483 0.151984
187.258 12.7822 322.201 0.138865
187.315 12.7893 322.919 0.121714
187.371 12.7957 323.638 0.10558
187.427 12.801 324.357 0.086429
187.483 12.805 325.076 0.0608325
187.539 12.8077 325.796 0.0423401
187.596 12.8099 326.515 0.0338787
187.652 12.8112 327.235 0.0167758
187.708 12.8113 327.955 -0.00651536
187.764 12.8103 328.674 -0.0258117
187.82 12.8081 329.394 -0.0477023
187.876 12.805 330.113 -0.0620294
187.933 12.8012 330.833 -0.0693246
187.989 12.797 331.552 -0.0804789
188.045 12.792 332.271 -0.0957891
188.101 12.7862 332.989 -0.107571
188.157 12.7797 333.707 -0.120552
188.213 12.7727 334.425 -0.12637
188.27 12.7655 335.142 -0.127956
188.326 12.7583 335.859 -0.131072
188.382 12.751 336.576 -0.129161
188.438 12.7439 337.292 -0.12517
188.494 12.7368 338.007 -0.125542
188.551 12.7296 338.723 -0.12884
188.607 12.7225 339.438 -0.124321
188.663 12.7156 340.152 -0.121642
188.719 12.709 340.866 -0.114791
188.775 12.7029 341.58 -0.104127
188.831 12.6974 342.293 -0.0939865
188.888 12.6926 343.007 -0.0780855
188.944 12.6887 343.72 -0.0642397
189 12.6855 344.432 -0.0522631
189.056 12.6829 345.145 -0.0415307
189.112 12.6808 345.857 -0.035001
189.169 12.6789 346.57 -0.0300043
189.225 12.6777 347.282 -0.0176748
189.281 12.6772 347.994 -0.00322563
189.337 12.6774 348.706 0.0098272
189.393 12.6784 349.419 0.0208603
189.449 12.68 350.131 0.0347501
189.506 12.6823 350.843 0.0425044
189.562 12.685 351.556 0.0507883
189.618 12.6884 352.269 0.0658313
189.674 12.6925 352.982 0.0777682
189.73 12.6974 353.695 0.0924305
189.787 12.703 354.408 0.105501
189.843 12.7092 355.122 0.110467
189.899 12.7155 355.836 0.111459
189.955 12.7224 356.551 0.126753
190.011 12.7297 357.266 0.13052
190.067 12.7372 357.981 0.135681
190.124 12.7451 358.697 0.144505
190.18 12.7533 359.414 0.149472
190.236 12.762 360.13 0.157316
190.292 12.7712 360.848 0.168153
190.348 12.7809 361.565 0.17995
190.404 12.7913 362.284 0.18875
190.461 12.8022 363.003 0.199712
190.517 12.8136 363.722 0.202546
190.573 12.8251 364.443 0.207816
190.629 12.8372 365.164 0.218641
190.685 12.8498 365.885 0.229016
190.742 12.8629 366.607 0.235608
190.798 12.8766 367.331 0.249453
190.854 12.8908 368.054 0.256034
190.91 12.9056 368.779 0.267722
190.966 12.9212 369.505 0.282862
191.022 12.9374 370.231 0.294515
191.079 12.9541 370.959 0.299328
191.135 12.9711 371.687 0.3015
191.191 12.988 372.416 0.3017
191.247 13.005 373.146 0.303758
191.303 13.0222 373.878 0.306793
191.36 13.0394 374.61 0.304763
191.416 13.0566 375.343 0.305155
191.472 13.0738 376.077 0.310001
191.528 13.0912 376.812 0.310571
191.584 13.1087 377.548 0.311525
191.64 13.1262 378.285 0.313039
191.697 13.1435 379.023 0.305335
191.753 13.1603 379.762 0.295639
191.809 13.1767 380.502 0.287167
191.865 13.1923 381.243 0.272251
191.921 13.2072 381.984 0.260736
191.978 13.2216 382.727 0.252846
192.034 13.2355 383.47 0.245236
192.09 13.249 384.214 0.23532
192.146 13.2618 384.959 0.223754
192.202 13.2738 385.704 0.20795
192.258 13.2848 386.451 0.1819
192.315 13.2942 387.197 0.158457
192.371 13.3021 387.944 0.130241
192.427 13.3085 388.692 0.100763
192.483 13.3135 389.44 0.0812256
192.539 13.317 390.188 0.0511158
192.596 13.319 390.936 0.0241826
192.652 13.3193 391.684 -0.0088187
192.708 13.3175 392.432 -0.0489102
192.764 13.3134 393.181 -0.0896311
192.82 13.307 393.928 -0.1292
192.876 13.2983 394.676 -0.170313
192.933 13.2875 395.422 -0.210871
192.989 13.2743 396.168 -0.250404
193.045 13.2585 396.914 -0.297876
193.101 13.2404 397.658 -0.339502
193.157 13.2197 398.401 -0.389087
193.213 13.1962 399.143 -0.435607
193.27 13.1705 399.883 -0.475566
193.326 13.1423 400.622 -0.516011
193.382 13.1121 401.36 -0.555025
193.438 13.0796 402.095 -0.594552
193.494 13.0453 402.829 -0.620108
193.551 13.0093 403.561 -0.652426
193.607 12.9719 404.29 -0.6751
193.663 12.9333 405.018 -0.693427
193.719 12.8937 405.743 -0.714095
193.775 12.8528 406.466 -0.737352
193.831 12.8112 407.187 -0.744079
193.888 12.769 407.905 -0.756034
193.944 12.7265 408.621 -0.754181
194 12.6845 409.334 -0.740118
194.056 12.6434 410.046 -0.725908
194.112 12.6033 410.755 -0.70557
194.169 12.5644 411.461 -0.682764
194.225 12.5268 412.166 -0.661858
194.281 12.4903 412.868 -0.641317
194.337 12.4554 413.569 -0.607315
194.393 12.4223 414.268 -0.577885
194.449 12.3915 414.964 -0.530013
194.506 12.3631 415.66 -0.487769
194.562 12.337 416.353 -0.449597
194.618 12.3131 417.045 -0.411062
194.674 12.2914 417.736 -0.367757
194.73 12.272 418.426 -0.327842
194.787 12.2549 419.115 -0.291576
194.843 12.2399 419.803 -0.250078
194.899 12.2269 420.49 -0.215417
194.955 12.2161 421.177 -0.176699
195.011 12.2077 421.863 -0.134196
195.067 12.2015 422.549 -0.0943286
195.124 12.1972 423.234 -0.0650291
195.18 12.1948 423.919 -0.0277228
195.236 12.1944 424.604 0.00727797
195.292 12.196 425.289 0.0394386
195.348 12.199 425.974 0.06357
195.404 12.2035 426.66 0.0913146
195.461 12.2097 427.346 0.120673
195.517 12.2175 428.032 0.150928
195.573 12.2268 428.719 0.175351
195.629 12.2374 429.406 0.195283
195.685 12.2489 430.094 0.212507
195.742 12.2615 430.782 0.231053
195.798 12.275 431.472 0.244852
195.854 12.2893 432.162 0.259882
195.91 12.3042 432.853 0.267035
195.966 12.3193 433.544 0.269328
196.022 12.3345 434.237 0.273594
196.079 12.3496 434.93 0.265953
196.135 12.3643 435.625 0.25882
196.191 12.3787 436.32 0.251258
196.247 12.3926 437.016 0.243713
196.303 12.4062 437.712 0.240837
196.36 12.4193 438.41 0.225775
196.416 12.4317 439.108 0.21776
196.472 12.4435 439.807 0.203562
196.528 12.4546 440.506 0.195669
196.584 12.465 441.206 0.180618
196.64 12.4747 441.907 0.163692
196.697 12.4834 442.608 0.151487
196.753 12.4912 443.31 0.131814
196.809 12.4981 444.012 0.113074
196.865 12.5038 444.714 0.0935486
196.921 12.5081 445.417 0.064767
196.978 12.511 446.119 0.0431612
197.034 12.5129 446.822 0.0254917
197.09 12.5133 447.525 -0.0037571
197.146 12.5124 448.228 -0.0228908
197.202 12.5104 448.931 -0.0442641
197.258 12.5073 449.634 -0.0620222
197.315 12.5031 450.336 -0.0845026
197.371 12.4978 451.039 -0.100882
197.427 12.4914 451.741 -0.120556
197.483 12.484 452.442 -0.141713
197.539 12.4755 453.143 -0.155672
197.596 12.4662 453.844 -0.172511
197.652 12.4559 454.544 -0.189634
197.708 12.4446 455.243 -0.207313
197.764 12.4321 455.942 -0.230221
197.82 12.4186 456.64 -0.244928
197.876 12.4043 457.337 -0.260077
197.933 12.3892 458.033 -0.277477
197.989 12.3733 458.729 -0.284882
198.045 12.357 459.423 -0.291667
198.101 12.3402 460.117 -0.30655
198.157 12.3227 460.81 -0.315512
198.213 12.3048 461.501 -0.321545
198.27 12.2867 462.192 -0.323593
198.326 12.2686 462.882 -0.320895
198.382 12.2507 463.57 -0.317421
198.438 12.2328 464.258 -0.315728
198.494 12.215 464.945 -0.316071
198.551 12.1973 465.63 -0.315942
198.607 12.1796 466.315 -0.314308
198.663 12.1621 466.999 -0.310838
198.719 12.1449 467.681 -0.30058
198.775 12.1284 468.363 -0.289923
198.831 12.1126 469.044 -0.275099
198.888 12.0977 469.724 -0.258879
198.944 12.0834 470.403 -0.24947
199 12.07 471.081 -0.233764
199.056 12.0575 471.759 -0.213345
199.112 12.0462 472.436 -0.193587
199.169 12.0362 473.112 -0.169422
199.225 12.0272 473.788 -0.153885
199.281 12.019 474.464 -0.141463
199.337 12.0116 475.139 -0.127176
199.393 12.005 475.813 -0.108203
199.449 11.9991 476.488 -0.101354
199.506 11.9938 477.161 -0.0911989
199.562 11.9891 477.835 -0.0786002
199.618 11.9851 478.508 -0.0662528
199.674 11.9818 479.182 -0.0551223
199.73 11.9791 479.855 -0.0417769
199.787 11.9772 480.528 -0.0309075
199.843 11.9758 481.2 -0.0201778
199.899 11.9753 481.873 -0.00317286
199.955 11.9755 482.546 0.0100102
200.011 11.9766 483.219 0.0240632
200.067 11.9784 483.892 0.0381163
200.124 11.9809 484.565 0.0470532
200.18 11.9837 485.238 0.0534592
200.236 11.987 485.911 0.0603797
200.292 11.9905 486.585 0.0629661
200.348 11.9941 487.259 0.0647275
200.404 11.998 487.933 0.0695859
200.461 12.0021 488.607 0.072669
200.517 12.0064 489.281 0.0783741
200.573 12.011 489.956 0.0851943
200.629 12.0158 490.631 0.0839003
200.685 12.0204 491.306 0.0820752
200.742 12.025 491.981 0.0811922
200.798 12.0295 492.657 0.0777044
200.854 12.0339 493.333 0.0781864
200.91 12.0381 494.009 0.0749624
200.966 12.0418 494.686 0.0590548
201.022 12.045 495.362 0.052547
201.079 12.0478 496.039 0.046517
201.135 12.0502 496.716 0.041392
201.191 12.0522 497.393 0.0315725
201.247 12.0535 498.07 0.0186247
201.303 12.0541 498.747 0.00652621
201.36 12.0541 499.425 -0.00657072
201.416 12.0533 500.102 -0.0206463
201.472 12.0514 500.779 -0.0398753
201.528 12.0488 501.456 -0.0529033
201.584 12.0451 502.133 -0.0708526
201.64 12.0407 502.809 -0.0862073
201.697 12.0353 503.485 -0.101555
201.753 12.0291 504.161 -0.115976
201.809 12.0221 504.837 -0.132074
201.865 12.0143 505.512 -0.143973
201.921 12.006 506.187 -0.150911
201.978 11.9973 506.861 -0.155728
202.034 11.9883 507.535 -0.164511
202.09 11.9788 508.208 -0.170195
202.146 11.9689 508.88 -0.180372
202.202 11.9586 509.553 -0.185935
202.258 11.948 510.224 -0.18838
202.315 11.9372 510.895 -0.196284
202.371 11.9262 511.565 -0.195741
202.427 11.915 512.235 -0.200458
202.483 11.9036 512.904 -0.203602
202.539 11.8922 513.572 -0.203864
202.596 11.881 514.24 -0.195443
202.652 11.8694 514.907 -0.209914
202.708 11.8575 515.573 -0.214701
202.764 11.8452 516.239 -0.218743
202.82 11.8328 516.904 -0.223274
202.876 11.8201 517.568 -0.228913
202.933 11.8069 518.232 -0.237935
202.989 11.7933 518.895 -0.246178
203.045 11.7794 519.557 -0.245077
203.101 11.7656 520.218 -0.246033
203.157 11.7514 520.879 -0.256476
203.213 11.7369 521.539 -0.258936
203.27 11.7227 522.197 -0.247779
203.326 11.7088 522.856 -0.249123
203.382 11.6949 523.513 -0.247218
203.438 11.681 524.169 -0.246517
203.494 11.6673 524.825 -0.239631
203.551 11.6541 525.48 -0.235412
203.607 11.6411 526.134 -0.230064
203.663 11.6284 526.788 -0.22351
203.719 11.6162 527.441 -0.215111
203.775 11.6044 528.093 -0.206452
203.831 11.5929 528.745 -0.198519
203.888 11.5822 529.396 -0.185013
203.944 11.5723 530.046 -0.168606
204 11.5634 530.696 -0.153137
204.056 11.5554 531.345 -0.135228
204.112 11.5485 531.994 -0.115428
204.169 11.5426 532.643 -0.0981233
204.225 11.538 533.291 -0.0711432
204.281 11.5349 533.939 -0.041312
204.337 11.5335 534.587 -0.0144999
204.393 11.5337 535.235 0.0167684
204.449 11.5357 535.883 0.052031
204.506 11.5398 536.531 0.088041
204.562 11.546 537.18 0.125267
204.618 11.5543 537.829 0.159505
204.674 11.5643 538.478 0.189282
204.73 11.576 539.128 0.223674
204.787 11.5899 539.779 0.263669
204.843 11.6058 540.431 0.29878
204.899 11.6239 541.083 0.335845
204.955 11.6441 541.737 0.372213
205.011 11.6659 542.392 0.404184
205.067 11.6896 543.048 0.431727
205.124 11.7148 543.705 0.457145
205.18 11.7412 544.364 0.483569
205.236 11.7694 545.025 0.514294
205.292 11.7991 545.687 0.540772
205.348 11.83 546.351 0.557233
205.404 11.8617 547.017 0.570168
205.461 11.894 547.684 0.579116
205.517 11.927 548.354 0.593126
205.573 11.9605 549.025 0.594732
205.629 11.994 549.698 0.596531
205.685 12.0272 550.373 0.592383
205.742 12.0603 551.05 0.585498
205.798 12.0931 551.728 0.579324
205.854 12.1253 552.409 0.569657
205.91 12.1571 553.091 0.561174
205.966 12.1885 553.775 0.556803
206.022 12.2195 554.461 0.551659
206.079 12.2502 555.148 0.54238
206.135 12.2805 555.838 0.534114
206.191 12.31 556.529 0.523109
206.247 12.3386 557.221 0.500959
206.303 12.3662 557.915 0.483847
206.36 12.3927 558.611 0.462359
206.416 12.4178 559.308 0.434388
206.472 12.4413 560.006 0.405169
206.528 12.4632 560.706 0.378273
206.584 12.4834 561.407 0.345288
206.64 12.5019 562.109 0.316235
206.697 12.5185 562.812 0.282222
206.753 12.5331 563.516 0.244775
206.809 12.5457 564.22 0.20972
206.865 12.5563 564.925 0.17657
206.921 12.5647 565.631 0.133493
206.978 12.571 566.337 0.0973987
207.034 12.5752 567.043 0.0579373
207.09 12.5772 567.75 0.020211
207.146 12.5771 568.457 -0.0176053
207.202 12.5747 569.163 -0.0598951
207.258 12.5699 569.869 -0.104407
207.315 12.5626 570.575 -0.143629
207.371 12.5531 571.281 -0.186483
207.427 12.5412 571.986 -0.230198
207.483 12.527 572.69 -0.268566
207.539 12.5105 573.393 -0.307687
207.596 12.4919 574.095 -0.347736
207.652 12.4713 574.796 -0.379238
207.708 12.4487 575.496 -0.414522
207.764 12.4243 576.195 -0.445379
207.82 12.3985 576.892 -0.469923
207.876 12.3711 577.587 -0.500325
207.933 12.3422 578.281 -0.522725
207.989 12.3122 578.974 -0.53798
208.045 12.2813 579.665 -0.560195
208.101 12.2495 580.353 -0.57336
208.157 12.2169 581.04 -0.580702
208.213 12.1836 581.726 -0.597484
208.27 12.1498 582.409 -0.607151
208.326 12.1157 583.09 -0.614292
208.382 12.0813 583.77 -0.606328
208.438 12.047 584.448 -0.614384
208.494 12.013 585.123 -0.605705
208.551 11.9786 585.797 -0.607968
208.607 11.9447 586.469 -0.601104
208.663 11.9113 587.139 -0.592849
208.719 11.8783 587.807 -0.582697
208.775 11.846 588.473 -0.572122
208.831 11.8143 589.137 -0.560271
208.888 11.7831 589.8 -0.550131
208.944 11.7527 590.461 -0.536833
209 11.7231 591.12 -0.522261
209.056 11.6941 591.778 -0.510047
209.112 11.6659 592.434 -0.498592
209.169 11.6384 593.088 -0.481555
209.225 11.6118 593.741 -0.467023
209.281 11.586 594.393 -0.454742
209.337 11.561 595.043 -0.439102
209.393 11.537 595.692 -0.419654
209.449 11.514 596.339 -0.400448
209.506 11.4921 596.985 -0.381423
209.562 11.4714 597.63 -0.360647
209.618 11.452 598.274 -0.335726
209.674 11.4337 598.916 -0.317788
209.73 11.4165 599.558 -0.298934
209.787 11.4002 600.199 -0.282501
209.843 11.385 600.839 -0.265305
209.899 11.3705 601.478 -0.252842
209.955 11.3569 602.116 -0.237333
210.011 11.3441 602.754 -0.2198
210.067 11.3322 603.391 -0.203654
210.124 11.3216 604.027 -0.180919
210.18 11.3122 604.663 -0.159088
210.236 11.3038 605.298 -0.144169
210.292 11.2964 605.933 -0.128124
210.348 11.2897 606.567 -0.110081
210.404 11.2842 607.201 -0.0891113
210.461 11.28 607.835 -0.0673537
210.517 11.2772 608.469 -0.0383783
210.573 11.2756 609.102 -0.0174483
210.629 11.2754 609.736 0.00363204
210.685 11.2765 610.369 0.0292506
210.742 11.2788 611.003 0.0487439
210.798 11.2824 611.637 0.0705037
210.854 11.2869 612.271 0.0880995
210.91 11.2924 612.905 0.104784
210.966 11.2988 613.539 0.121051
211.022 11.3062 614.174 0.14231
211.079 11.315 614.81 0.165741
211.135 11.3249 615.446 0.185828
211.191 11.3363 616.083 0.214164
211.247 11.3491 616.72 0.236983
211.303 11.3633 617.358 0.261666
211.36 11.379 617.997 0.289216
211.416 11.3958 618.637 0.309008
211.472 11.4137 619.277 0.321948
211.528 11.4323 619.919 0.336603
211.584 11.4516 620.562 0.349336
211.64 11.4718 621.206 0.362408
211.697 11.4927 621.851 0.375499
211.753 11.5142 622.498 0.387207
211.809 11.5365 623.145 0.401232
211.865 11.5595 623.794 0.415615
211.921 11.5832 624.445 0.423703
211.978 11.6075 625.096 0.433541
212.034 11.6323 625.749 0.446151
212.09 11.6573 626.403 0.445574
212.146 11.6824 627.059 0.446142
212.202 11.7073 627.716 0.439988
212.258 11.7317 628.375 0.429477
212.315 11.7554 629.035 0.416538
212.371 11.7785 629.696 0.40839
212.427 11.8011 630.358 0.397503
212.483 11.8231 631.022 0.388538
212.539 11.8447 631.687 0.383147
212.596 11.8657 632.353 0.365247
212.652 11.8857 633.02 0.347997
212.708 11.9045 633.689 0.328046
212.764 11.9223 634.358 0.311585
212.82 11.9393 635.029 0.29586
212.876 11.9554 635.7 0.279982
212.933 11.9704 636.372 0.258067
212.989 11.9841 637.045 0.236675
213.045 11.9968 637.719 0.218296
213.101 12.0084 638.393 0.200342
213.157 12.0192 639.068 0.184727
213.213 12.029 639.744 0.168954
213.27 12.0377 640.42 0.146931
213.326 12.0453 641.096 0.128506
213.382 12.052 641.773 0.111175
213.438 12.0577 642.45 0.0961456
213.494 12.0628 643.128 0.0872263
213.551 12.0673 643.806 0.0747775
213.607 12.071 644.484 0.0581944
213.663 12.0737 645.162 0.0423555
213.719 12.0761 645.841 0.0414731
213.775 12.0781 646.519 0.0306513
213.831 12.0794 647.198 0.0182206
213.888 12.08 647.876 0.00761448
213.944 12.0802 648.555 0.00142538
214 12.0802 649.234 -0.000820558
214.056 12.08 649.912 -0.0028702
214.112 12.0796 650.591 -0.00973018
214.169 12.0788 651.27 -0.019073
214.225 12.0776 651.948 -0.0220982
214.281 12.0763 652.627 -0.0245324
214.337 12.0747 653.305 -0.028993
214.393 12.0731 653.983 -0.0298467
214.449 12.0713 654.661 -0.0323573
214.506 12.0695 655.34 -0.0345427
214.562 12.0677 656.018 -0.0319986
214.618 12.0658 656.695 -0.0318073
214.674 12.0641 657.373 -0.0290686
214.73 12.0626 658.051 -0.0269931
214.787 12.061 658.729 -0.0280929
214.843 12.0595 659.406 -0.0277063
214.899 12.058 660.084 -0.0223716
214.955 12.0568 660.761 -0.0197523
215.011 12.0558 661.438 -0.0187207
215.067 12.0548 662.116 -0.0147788
215.124 12.0541 662.793 -0.00982783
215.18 12.0538 663.47 -0.004203
215.236 12.0537 664.147 0.000251446
215.292 12.0539 664.824 0.00711427
215.348 12.0543 665.501 0.00814131
215.404 12.0551 666.179 0.0181446
215.461 12.0565 666.856 0.0305897
215.517 12.0587 667.533 0.0434481
215.573 12.0614 668.211 0.0500593
215.629 12.0646 668.889 0.0620571
215.685 12.0686 669.567 0.0782167
215.742 12.0734 670.245 0.0901994
215.798 12.0788 670.923 0.102081
215.854 12.085 671.602 0.114171
215.91 12.0916 672.281 0.121656
215.966 12.0986 672.961 0.125424
216.022 12.1061 673.641 0.134524
216.079 12.114 674.321 0.145886
216.135 12.1225 675.002 0.154945
216.191 12.1314 675.683 0.159517
216.247 12.1404 676.365 0.162241
216.303 12.1496 677.047 0.163149
216.36 12.1589 677.73 0.164592
216.416 12.1683 678.414 0.169603
216.472 12.1779 679.098 0.169911
216.528 12.1872 679.782 0.161983
216.584 12.1963 680.467 0.16347
216.64 12.2054 681.153 0.161206
216.697 12.2144 681.839 0.158803
216.753 12.2234 682.525 0.161326
216.809 12.2325 683.212 0.16194
216.865 12.2417 683.9 0.16295
216.921 12.2506 684.588 0.155357
216.978 12.259 685.276 0.146139
217.034 12.2671 685.965 0.141627
217.09 12.2752 686.655 0.143355
217.146 12.283 687.344 0.136738
217.202 12.2906 688.035 0.130844
217.258 12.2978 688.726 0.126857
217.315 12.3048 689.417 0.123569
217.371 12.3115 690.108 0.115579
217.427 12.3181 690.8 0.115797
217.483 12.3242 691.492 0.104433
217.539 12.3297 692.185 0.0941414
217.596 12.3348 692.878 0.0860637
217.652 12.339 693.571 0.0709668
217.708 12.3423 694.264 0.0506831
217.764 12.3448 694.958 0.0400862
217.82 12.3462 695.651 0.0169079
217.876 12.3462 696.345 -0.0132898
217.933 12.3444 697.038 -0.0462688
217.989 12.3403 697.732 -0.0885469
218.045 12.3338 698.425 -0.135821
218.101 12.3246 699.117 -0.182167
218.157 12.3126 699.809 -0.235868
218.213 12.2976 700.501 -0.288787
218.27 12.2794 701.191 -0.346674
218.326 12.2581 701.88 -0.401944
218.382 12.2337 702.568 -0.455226
218.438 12.2067 703.254 -0.498759
218.494 12.1769 703.939 -0.552091
218.551 12.1442 704.622 -0.602642
218.607 12.1087 705.303 -0.650082
218.663 12.0706 705.982 -0.696034
218.719 12.0301 706.659 -0.733751
218.775 11.9876 707.333 -0.769864
218.831 11.9433 708.005 -0.797541
218.888 11.8973 708.675 -0.831889
218.944 11.8498 709.342 -0.853728
219 11.8011 710.006 -0.873854
219.056 11.7514 710.667 -0.891486
219.112 11.7009 711.325 -0.904017
219.169 11.6496 711.981 -0.915007
219.225 11.5981 712.634 -0.916249
219.281 11.5465 713.284 -0.919619
219.337 11.4949 713.931 -0.918817
219.393 11.4432 714.575 -0.920179
219.449 11.3917 715.216 -0.915477
219.506 11.3403 715.854 -0.914975
219.562 11.2891 716.489 -0.907455
219.618 11.2384 717.122 -0.898894
219.674 11.1879 717.752 -0.896854
219.73 11.1376 718.378 -0.895221
219.787 11.0877 719.002 -0.883458
219.843 11.0386 719.624 -0.865945
219.899 10.9907 720.242 -0.844865
219.955 10.9439 720.858 -0.824901
220.011 10.898 721.471 -0.806152
220.067 10.8536 722.082 -0.782512
220.124 10.8106 722.69 -0.754328
220.18 10.7692 723.296 -0.72217
220.236 10.73 723.9 -0.68704
220.292 10.6928 724.501 -0.641189
220.348 10.6581 725.101 -0.603924
220.404 10.6255 725.699 -0.566689
220.461 10.5951 726.295 -0.520888
220.517 10.5674 726.889 -0.474163
220.573 10.5423 727.482 -0.42869
220.629 10.5197 728.073 -0.384787
220.685 10.4997 728.663 -0.337696
220.742 10.4825 729.253 -0.284919
220.798 10.4683 729.841 -0.231321
220.854 10.4568 730.429 -0.187226
220.91 10.448 731.016 -0.134988
220.966 10.4421 731.603 -0.0859302
221.022 10.4389 732.189 -0.0393079
221.079 10.4385 732.776 0.0118506
221.135 10.4407 733.362 0.058635
221.191 10.4454 733.949 0.097318
221.247 10.452 734.536 0.132477
221.303 10.4607 735.123 0.168664
221.36 10.4714 735.711 0.205622
221.416 10.4845 736.3 0.249548
221.472 10.4997 736.89 0.284597
221.528 10.5168 737.48 0.319035
221.584 10.5359 738.072 0.352345
221.64 10.5568 738.664 0.382712
221.697 10.5792 739.258 0.411008
221.753 10.6032 739.853 0.435317
221.809 10.6284 740.45 0.456703
221.865 10.6545 741.048 0.472215
221.921 10.6816 741.647 0.486649
221.978 10.7093 742.248 0.496163
222.034 10.7372 742.851 0.498337
222.09 10.7654 743.455 0.503887
222.146 10.7939 744.061 0.507636
222.202 10.8223 744.668 0.504587
222.258 10.8505 745.277 0.500546
222.315 10.8784 745.888 0.497076
222.371 10.9059 746.5 0.481964
222.427 10.9327 747.113 0.470846
222.483 10.9587 747.728 0.455965
222.539 10.9838 748.345 0.441741
222.596 11.0082 748.963 0.427637
222.652 11.0318 749.582 0.415268
222.708 11.0545 750.202 0.395291
222.764 11.0761 750.824 0.37761
222.82 11.0967 751.447 0.358943
222.876 11.116 752.071 0.335227
222.933 11.1342 752.696 0.316057
222.989 11.1515 753.322 0.30322
223.045 11.1682 753.95 0.287699
223.101 11.184 754.577 0.276213
223.157 11.1993 755.206 0.267893
223.213 11.214 755.836 0.260058
223.27 11.2284 756.466 0.25336
223.326 11.2421 757.098 0.241819
223.382 11.2556 757.73 0.239324
223.438 11.2688 758.363 0.23321
223.494 11.2818 758.996 0.231108
223.551 11.2949 759.63 0.233366
223.607 11.308 760.265 0.231211
223.663 11.3209 760.901 0.228723
223.719 11.3334 761.537 0.218214
223.775 11.3453 762.175 0.204087
223.831 11.3565 762.812 0.195177
223.888 11.3672 763.451 0.187085
223.944 11.3775 764.09 0.181115
224 11.3877 764.729 0.180968
224.056 11.3978 765.369 0.179693
224.112 11.4077 766.01 0.175862
224.169 11.4175 766.651 0.172885
224.225 11.427 767.293 0.167551
224.281 11.4364 767.935 0.164613
224.337 11.4457 768.578 0.163163
224.393 11.4547 769.221 0.160475
224.449 11.4636 769.865 0.157681
224.506 11.4723 770.509 0.153539
224.562 11.4807 771.154 0.146028
224.618 11.4886 771.8 0.137186
224.674 11.4961 772.445 0.131214
224.73 11.5032 773.091 0.123256
224.787 11.5099 773.738 0.117142
224.843 11.5164 774.385 0.113498
224.899 11.5226 775.032 0.108275
224.955 11.5284 775.679 0.0998196
225.011 11.5338 776.327 0.0947502
225.067 11.539 776.975 0.0891753
225.124 11.5436 777.624 0.0777461
225.18 11.5476 778.272 0.0657147
225.236 11.5508 778.921 0.0519534
225.292 11.5532 779.57 0.036487
225.348 11.5548 780.219 0.0234373
225.404 11.5555 780.869 0.00656168
225.461 11.5553 781.518 -0.0108094
225.517 11.5541 782.167 -0.0269478
225.573 11.552 782.816 -0.0426019
225.629 11.5488 783.465 -0.0664032
225.685 11.5444 784.113 -0.0867763
225.742 11.5388 784.762 -0.108154
225.798 11.5322 785.41 -0.12291
225.854 11.5248 786.058 -0.137986
225.91 11.5164 786.705 -0.156117
225.966 11.5071 787.351 -0.171747
226.022 11.4971 787.998 -0.183363
226.079 11.4862 788.643 -0.199968
226.135 11.4745 789.288 -0.214199
226.191 11.4621 789.932 -0.225147
226.247 11.449 790.576 -0.238805
226.303 11.4352 791.218 -0.25014
226.36 11.4207 791.86 -0.261908
226.416 11.4055 792.501 -0.277441
226.472 11.3894 793.142 -0.291251
226.528 11.3727 793.781 -0.302346
226.584 11.3551 794.419 -0.319478
226.64 11.3365 795.057 -0.337626
226.697 11.3172 795.693 -0.349849
226.753 11.2971 796.328 -0.361952
226.809 11.2764 796.962 -0.373784
226.865 11.2551 797.595 -0.383689
226.921 11.233 798.226 -0.399743
226.978 11.2099 798.857 -0.416171
227.034 11.186 799.486 -0.432975
227.09 11.161 800.113 -0.453251
227.146 11.1352 800.739 -0.464647
227.202 11.1086 801.364 -0.479296
227.258 11.0811 801.987 -0.493684
227.315 11.0531 802.609 -0.504212
227.371 11.0246 803.229 -0.506764
227.427 10.9958 803.847 -0.517555
227.483 10.9666 804.464 -0.521693
227.539 10.937 805.079 -0.5273
227.596 10.907 805.692 -0.538394
227.652 10.8766 806.304 -0.544215
227.708 10.8462 806.914 -0.538061
227.764 10.8162 807.522 -0.531863
227.82 10.787 808.129 -0.512076
227.876 10.7587 808.734 -0.499962
227.933 10.7309 809.338 -0.493542
227.989 10.7034 809.94 -0.484931
228.045 10.6767 810.54 -0.467446
228.101 10.6513 811.139 -0.442912
228.157 10.6272 811.737 -0.418012
228.213 10.6046 812.333 -0.392104
228.27 10.5833 812.928 -0.370615
228.326 10.5631 813.522 -0.348945
228.382 10.5444 814.115 -0.321405
228.438 10.5271 814.706 -0.29741
228.494 10.5114 815.297 -0.265643
228.551 10.4977 815.887 -0.228302
228.607 10.4857 816.477 -0.204269
228.663 10.4751 817.065 -0.178678
228.719 10.4659 817.653 -0.153041
228.775 10.4582 818.241 -0.126672
228.831 10.4521 818.829 -0.0968046
228.888 10.4475 819.416 -0.0693977
228.944 10.4444 820.002 -0.0465589
229 10.4426 820.589 -0.023196
229.056 10.4423 821.176 0.00551538
229.112 10.4433 821.762 0.0283573
229.169 10.4457 822.349 0.0492153
229.225 10.4491 822.936 0.0699588
229.281 10.4536 823.523 0.0884611
229.337 10.4592 824.111 0.103239
229.393 10.4656 824.699 0.121213
229.449 10.4727 825.287 0.130911
229.506 10.4804 825.875 0.139419
229.562 10.4884 826.464 0.144406
229.618 10.4966 827.054 0.14807
229.674 10.5051 827.644 0.151011
229.73 10.5137 828.234 0.15505
229.787 10.5222 828.825 0.153026
229.843 10.5309 829.417 0.154059
229.899 10.5395 830.009 0.154169
229.955 10.548 830.601 0.149291
230.011 10.5562 831.194 0.142999
230.067 10.5642 831.787 0.142459
230.124 10.572 832.381 0.139185
230.18 10.5798 832.975 0.136466
230.236 10.5874 833.57 0.137875
230.292 10.595 834.165 0.135445
230.348 10.6028 834.76 0.137921
230.404 10.6108 835.356 0.144545
230.461 10.6189 835.953 0.148307
230.517 10.6274 836.55 0.150107
230.573 10.6359 837.147 0.15379
230.629 10.6447 837.745 0.160284
230.685 10.654 838.343 0.16703
230.742 10.6639 838.942 0.18318
230.798 10.6745 839.541 0.195087
230.854 10.686 840.141 0.209493
230.91 10.6982 840.742 0.223741
230.966 10.7113 841.344 0.241875
231.022 10.7256 841.946 0.261171
231.079 10.741 842.549 0.283377
231.135 10.7577 843.153 0.307813
231.191 10.7759 843.758 0.331416
231.247 10.7954 844.364 0.356439
231.303 10.8161 844.971 0.379083
231.36 10.8384 845.579 0.407363
231.416 10.8622 846.189 0.435881
231.472 10.8876 846.8 0.461975
231.528 10.9141 847.413 0.480918
231.584 10.9417 848.027 0.501534
231.64 10.9706 848.643 0.525445
231.697 11.0005 849.26 0.538198
231.753 11.0317 849.879 0.564112
231.809 11.0638 850.5 0.579395
231.865 11.0968 851.122 0.587293
231.921 11.1302 851.747 0.599865
231.978 11.1643 852.373 0.615038
232.034 11.1995 853.002 0.633049
232.09 11.2357 853.632 0.650105
232.146 11.2727 854.265 0.663902
232.202 11.3104 854.899 0.674947
232.258 11.3489 855.536 0.692152
232.315 11.3884 856.175 0.709488
232.371 11.4286 856.816 0.718052
232.427 11.4692 857.459 0.727022
232.483 11.5104 858.105 0.738071
232.539 11.5523 858.753 0.749018
232.596 11.5949 859.404 0.765354
232.652 11.6383 860.057 0.776058
232.708 11.6821 860.712 0.779988
232.764 11.7259 861.37 0.780192
232.82 11.7699 862.03 0.785015
232.876 11.8141 862.693 0.786568
232.933 11.8585 863.358 0.792677
232.989 11.903 864.025 0.794359
233.045 11.9476 864.696 0.791188
233.101 11.992 865.368 0.788337
233.157 12.0361 866.044 0.780372
233.213 12.0796 866.721 0.770194
233.27 12.1225 867.401 0.754643
233.326 12.1641 868.084 0.733486
233.382 12.2047 868.769 0.714238
233.438 12.2444 869.456 0.702733
233.494 12.2835 870.145 0.69203
233.551 12.322 870.836 0.681206
233.607 12.36 871.53 0.672162
233.663 12.3973 872.225 0.658297
233.719 12.4337 872.923 0.640758
233.775 12.4691 873.623 0.621938
233.831 12.5033 874.324 0.599242
233.888 12.5363 875.028 0.579718
233.944 12.5681 875.733 0.557232
234 12.5988 876.44 0.540557
234.056 12.6285 877.149 0.518751
234.112 12.6569 877.86 0.498452
234.169 12.684 878.572 0.472054
234.225 12.7097 879.285 0.44537
234.281 12.7341 880 0.425257
234.337 12.7571 880.716 0.399129
234.393 12.7787 881.434 0.374376
234.449 12.799 882.152 0.352189
234.506 12.8179 882.872 0.325809
234.562 12.8354 883.593 0.299913
234.618 12.8513 884.314 0.273852
234.674 12.8657 885.037 0.24459
234.73 12.8784 885.76 0.214432
234.787 12.8896 886.484 0.187471
234.843 12.8991 887.208 0.159817
234.899 12.907 887.933 0.126256
234.955 12.913 888.659 0.0905791
235.011 12.9171 889.384 0.0587368
235.067 12.9192 890.11 0.022231
235.124 12.9192 890.836 -0.0153105
235.18 12.917 891.561 -0.0534687
235.236 12.9128 892.287 -0.0889043
235.292 12.9067 893.012 -0.122313
235.348 12.8987 893.737 -0.156643
235.404 12.8889 894.461 -0.187964
235.461 12.877 895.185 -0.227723
235.517 12.8627 895.908 -0.270634
235.573 12.8463 896.63 -0.308222
235.629 12.8279 897.351 -0.340627
235.685 12.8076 898.071 -0.373395
235.742 12.7857 898.79 -0.40219
235.798 12.7622 899.507 -0.428234
235.854 12.7372 900.224 -0.45313
235.91 12.7109 900.938 -0.478932
235.966 12.6832 901.651 -0.503782
236.022 12.654 902.363 -0.529447
236.079 12.6235 903.073 -0.550401
236.135 12.5923 903.781 -0.558773
236.191 12.5603 904.487 -0.578053
236.247 12.5274 905.192 -0.589455
236.303 12.494 905.895 -0.59623
236.36 12.4604 906.595 -0.599466
236.416 12.4267 907.294 -0.599776
236.472 12.3933 907.991 -0.590533
236.528 12.3605 908.686 -0.57869
236.584 12.3283 909.38 -0.569476
236.64 12.2969 910.071 -0.55441
236.697 12.2661 910.761 -0.54148
236.753 12.2361 911.449 -0.526583
236.809 12.207 912.136 -0.512606
236.865 12.1788 912.82 -0.497326
236.921 12.1513 913.504 -0.48269
236.978 12.1246 914.185 -0.470683
237.034 12.0986 914.866 -0.458942
237.09 12.0733 915.545 -0.444051
237.146 12.0489 916.222 -0.428222
237.202 12.025 916.898 -0.42241
237.258 12.0016 917.573 -0.415964
237.315 11.9784 918.246 -0.409193
237.371 11.9557 918.919 -0.400876
237.427 11.9336 919.589 -0.389172
237.483 11.9122 920.259 -0.376319
237.539 11.8913 920.928 -0.365854
237.596 11.8709 921.595 -0.362592
237.652 11.8507 922.261 -0.357103
237.708 11.8307 922.926 -0.3557
237.764 11.8109 923.59 -0.349813
237.82 11.7917 924.253 -0.337741
237.876 11.773 924.915 -0.328351
237.933 11.7548 925.576 -0.321464
237.989 11.7372 926.236 -0.310021
238.045 11.7199 926.894 -0.302985
238.101 11.703 927.552 -0.300209
238.157 11.6864 928.209 -0.294037
238.213 11.67 928.865 -0.289243
238.27 11.654 929.52 -0.282867
238.326 11.6382 930.174 -0.278785
238.382 11.6227 930.828 -0.273542
238.438 11.6075 931.48 -0.270329
238.494 11.5923 932.132 -0.270029
238.551 11.5773 932.783 -0.270029
238.607 11.562 933.432 -0.271437
238.663 11.5468 934.081 -0.269797
238.719 11.5316 934.73 -0.269685
238.775 11.5162 935.377 -0.278739
238.831 11.5007 936.023 -0.277088
238.888 11.4851 936.669 -0.278074
238.944 11.4696 937.314 -0.276894
239 11.4545 937.958 -0.264587
239.056 11.4395 938.601 -0.269718
239.112 11.4245 939.243 -0.267003
239.169 11.4096 939.884 -0.264307
239.225 11.3946 940.525 -0.266291
239.281 11.3795 941.164 -0.270118
239.337 11.3643 941.803 -0.271288
239.393 11.349 942.441 -0.274161
239.449 11.3334 943.078 -0.280941
239.506 11.3175 943.714 -0.283539
239.562 11.3014 944.349 -0.288558
239.618 11.285 944.984 -0.295145
239.674 11.2682 945.617 -0.301073
239.73 11.251 946.25 -0.308147
239.787 11.2337 946.881 -0.306185
239.843 11.2165 947.512 -0.305049
239.899 11.1992 948.141 -0.308246
239.955 11.182 948.77 -0.307185
240.011 11.1648 949.397 -0.305295
240.067 11.1474 950.024 -0.309691
240.124 11.1301 950.65 -0.308849
240.18 11.1128 951.274 -0.303818
240.236 11.0959 951.898 -0.295032
240.292 11.0798 952.521 -0.285292
240.348 11.0643 953.143 -0.266846
240.404 11.0498 953.764 -0.250798
240.461 11.0361 954.384 -0.236165
240.517 11.0236 955.004 -0.212753
240.573 11.0125 955.623 -0.188228
240.629 11.0025 956.241 -0.171762
240.685 10.9937 956.859 -0.146477
240.742 10.9863 957.476 -0.12265
240.798 10.9803 958.093 -0.0978409
240.854 10.9757 958.71 -0.070266
240.91 10.9727 959.327 -0.037871
240.966 10.9719 959.943 -0.00183067
241.022 10.973 960.559 0.0375923
241.079 10.9762 961.176 0.0682193
241.135 10.9811 961.793 0.100469
241.191 10.988 962.41 0.136448
241.247 10.9968 963.028 0.169902
241.303 11.0073 963.646 0.198626
241.36 11.0195 964.264 0.225843
241.416 11.0332 964.884 0.257344
241.472 11.0486 965.504 0.28613
241.528 11.0658 966.126 0.318157
241.584 11.0845 966.748 0.345514
241.64 11.1048 967.371 0.370562
241.697 11.1264 967.996 0.398617
241.753 11.1495 968.622 0.41669
241.809 11.1731 969.249 0.426171
241.865 11.1978 969.877 0.444479
241.921 11.2231 970.507 0.45537
241.978 11.2489 971.139 0.464155
242.034 11.2752 971.772 0.468218
242.09 11.3016 972.406 0.470636
242.146 11.3281 973.042 0.473724
242.202 11.3547 973.679 0.471754
242.258 11.381 974.318 0.467242
242.315 11.407 974.958 0.457943
242.371 11.4327 975.6 0.454837
242.427 11.4581 976.243 0.450719
242.483 11.4835 976.888 0.450179
242.539 11.5082 977.534 0.435672
242.596 11.5323 978.181 0.428319
242.652 11.5558 978.83 0.408926
242.708 11.5784 979.48 0.397095
242.764 11.5999 980.131 0.373421
242.82 11.6202 980.783 0.356122
242.876 11.6398 981.437 0.339123
242.933 11.6581 982.091 0.317325
242.989 11.6754 982.747 0.301269
243.045 11.6918 983.403 0.288401
243.101 11.7073 984.061 0.270225
243.157 11.722 984.719 0.255371
243.213 11.7357 985.378 0.234584
243.27 11.748 986.037 0.212274
243.326 11.7598 986.698 0.205874
243.382 11.7711 987.359 0.197621
243.438 11.7819 988.021 0.190284
243.494 11.7923 988.683 0.181272
243.551 11.8024 989.346 0.179065
243.607 11.812 990.009 0.168189
243.663 11.8213 990.673 0.160685
243.719 11.8302 991.337 0.158587
243.775 11.8389 992.002 0.153399
243.831 11.8474 992.668 0.148187
243.888 11.8556 993.334 0.142737
243.944 11.8634 994 0.140062
244 11.8713 994.667 0.141633
244.056 11.8794 995.334 0.145295
244.112 11.8876 996.001 0.143792
244.169 11.8954 996.67 0.136094
244.225 11.9031 997.338 0.138499
244.281 11.9109 998.007 0.139669
244.337 11.9188 998.677 0.137573
244.393 11.9267 999.346 0.142321
244.449 11.9347 1000.02 0.142345
244.506 11.9427 1000.69 0.141237
244.562 11.9506 1001.36 0.142178
244.618 11.9581 1002.03 0.131669
244.674 11.9655 1002.7 0.131076
244.73 11.9729 1003.37 0.132365
244.787 11.98 1004.05 0.124717
244.843 11.9869 1004.72 0.120573
244.899 11.9937 1005.39 0.122476
244.955 12.0006 1006.07 0.124796
245.011 12.0077 1006.74 0.126136
245.067 12.0149 1007.42 0.13064
245.124 12.0222 1008.09 0.132543
245.18 12.0296 1008.77 0.128452
245.236 12.0368 1009.44 0.127437
245.292 12.0438 1010.12 0.1256
245.348 12.051 1010.8 0.129748
245.404 12.0584 1011.48 0.136448
245.461 12.0662 1012.15 0.139419
245.517 12.0743 1012.83 0.14558
245.573 12.0827 1013.51 0.151867
245.629 12.0911 1014.19 0.152043
245.685 12.0997 1014.87 0.152352
245.742 12.1082 1015.55 0.151531
245.798 12.1166 1016.23 0.149399
245.854 12.125 1016.91 0.14597
245.91 12.1331 1017.59 0.142673
245.966 12.1408 1018.27 0.138367
246.022 12.1483 1018.96 0.12948
246.079 12.1555 1019.64 0.123535
246.135 12.1621 1020.32 0.116227
246.191 12.1682 1021.01 0.105277
246.247 12.1737 1021.69 0.0940587
246.303 12.1787 1022.37 0.0846459
246.36 12.1831 1023.06 0.0736536
246.416 12.187 1023.74 0.0637153
246.472 12.19 1024.43 0.0484126
246.528 12.1921 1025.11 0.0286733
246.584 12.1932 1025.8 0.0137555
246.64 12.1933 1026.48 -0.00344304
246.697 12.1924 1027.17 -0.0281859
246.753 12.1903 1027.85 -0.0444197
246.809 12.1869 1028.54 -0.0708608
246.865 12.182 1029.22 -0.0979725
246.921 12.176 1029.9 -0.113383
246.978 12.1689 1030.59 -0.132218
247.034 12.1609 1031.27 -0.150517
247.09 12.1521 1031.95 -0.159102
247.146 12.1428 1032.64 -0.170303
247.202 12.1328 1033.32 -0.183725
247.258 12.1222 1034 -0.19349
247.315 12.1108 1034.68 -0.206091
247.371 12.0988 1035.36 -0.22172
247.427 12.086 1036.04 -0.229982
247.483 12.0727 1036.72 -0.240338
247.539 12.059 1037.4 -0.24841
247.596 12.045 1038.07 -0.249538
247.652 12.0309 1038.75 -0.252064
247.708 12.0166 1039.43 -0.255681
247.764 12.0023 1040.1 -0.254984
247.82 11.9877 1040.77 -0.260715
247.876 11.973 1041.45 -0.260728
247.933 11.9584 1042.12 -0.260868
247.989 11.9437 1042.79 -0.261037
248.045 11.929 1043.46 -0.262589
248.101 11.9144 1044.13 -0.258633
248.157 11.8997 1044.8 -0.259927
248.213 11.885 1045.47 -0.26269
248.27 11.8703 1046.13 -0.260794
248.326 11.8558 1046.8 -0.256495
248.382 11.8414 1047.47 -0.254921
248.438 11.8273 1048.13 -0.24925
248.494 11.8133 1048.8 -0.244917
248.551 11.7998 1049.46 -0.238405
248.607 11.7867 1050.12 -0.232236
248.663 11.7737 1050.78 -0.229167
248.719 11.7608 1051.44 -0.228138
248.775 11.7481 1052.1 -0.225116
248.831 11.7355 1052.76 -0.223696
248.888 11.7229 1053.42 -0.22388
248.944 11.7105 1054.08 -0.218312
249 11.6985 1054.74 -0.212388
249.056 11.6867 1055.39 -0.211322
249.112 11.675 1056.05 -0.20476
249.169 11.6636 1056.71 -0.201864
249.225 11.6525 1057.36 -0.194892
249.281 11.642 1058.02 -0.184114
249.337 11.6318 1058.67 -0.176795
249.393 11.6223 1059.32 -0.164871
249.449 11.6136 1059.98 -0.15034
249.506 11.6054 1060.63 -0.140564
249.562 11.5979 1061.28 -0.129991
249.618 11.591 1061.93 -0.116034
249.674 11.5847 1062.58 -0.109659
249.73 11.579 1063.23 -0.0961964
249.787 11.5741 1063.88 -0.0824813
249.843 11.5697 1064.53 -0.0737395
249.899 11.5659 1065.18 -0.066597
249.955 11.5624 1065.83 -0.0562293
250.011 11.5594 1066.48 -0.0498224
250.067 11.5568 1067.13 -0.0458783
250.124 11.5542 1067.78 -0.0434531
250.18 11.5518 1068.43 -0.0409984
250.236 11.5498 1069.08 -0.0365301
250.292 11.5478 1069.73 -0.035518
250.348 11.5456 1070.38 -0.0378328
250.404 11.5434 1071.02 -0.041257
250.461 11.5411 1071.67 -0.0391846
250.517 11.5388 1072.32 -0.046176
250.573 11.5361 1072.97 -0.0489149
250.629 11.5332 1073.62 -0.0530191
250.685 11.5299 1074.26 -0.0623834
250.742 11.5259 1074.91 -0.0770904
250.798 11.521 1075.56 -0.0910529
250.854 11.5155 1076.21 -0.0995298
250.91 11.5099 1076.85 -0.104612
250.966 11.5033 1077.5 -0.123333
251.022 11.4959 1078.15 -0.134982
251.079 11.4881 1078.79 -0.140889
251.135 11.4795 1079.44 -0.156165
251.191 11.4699 1080.08 -0.17834
251.247 11.4598 1080.73 -0.183279
251.303 11.4492 1081.37 -0.192191
251.36 11.4379 1082.01 -0.204771
251.416 11.4262 1082.65 -0.210912
251.472 11.4142 1083.29 -0.213691
251.528 11.402 1083.94 -0.218189
251.584 11.3897 1084.58 -0.222914
251.64 11.3773 1085.22 -0.218745
251.697 11.3651 1085.85 -0.212898
251.753 11.3534 1086.49 -0.210365
251.809 11.3419 1087.13 -0.194953
251.865 11.3315 1087.77 -0.178175
251.921 11.3221 1088.4 -0.167636
251.978 11.3131 1089.04 -0.150937
252.034 11.3054 1089.67 -0.12972
252.09 11.2988 1090.31 -0.109059
252.146 11.2937 1090.94 -0.0797911
252.202 11.29 1091.58 -0.055996
252.258 11.2881 1092.21 -0.0218239
252.315 11.2877 1092.85 0.000729296
252.371 11.2885 1093.48 0.0281595
252.427 11.2908 1094.11 0.049941
252.483 11.2944 1094.75 0.073412
252.539 11.2994 1095.38 0.0999865
252.596 11.3058 1096.02 0.1201
252.652 11.3133 1096.65 0.145104
252.708 11.3223 1097.29 0.171822
252.764 11.3327 1097.93 0.192209
252.82 11.3443 1098.56 0.215755
252.876 11.357 1099.2 0.232757
252.933 11.3705 1099.84 0.242993
252.989 11.3848 1100.48 0.262697
253.045 11.4001 1101.12 0.277897
253.101 11.4164 1101.76 0.29745
253.157 11.4336 1102.4 0.311244
253.213 11.4512 1103.04 0.314244
253.27 11.4689 1103.69 0.315975
253.326 11.4868 1104.33 0.321289
253.382 11.505 1104.98 0.326604
253.438 11.5237 1105.63 0.335651
253.494 11.5429 1106.27 0.34678
253.551 11.5625 1106.92 0.350198
253.607 11.5823 1107.57 0.350901
253.663 11.6021 1108.23 0.353174
253.719 11.6217 1108.88 0.349625
253.775 11.6411 1109.53 0.340689
253.831 11.6601 1110.19 0.3371
253.888 11.6787 1110.84 0.330825
253.944 11.697 1111.5 0.319272
254 11.7147 1112.16 0.310192
254.056 11.7315 1112.81 0.291484
254.112 11.7478 1113.47 0.282578
254.169 11.7635 1114.14 0.2778
254.225 11.7786 1114.8 0.262771
254.281 11.7928 1115.46 0.244375
254.337 11.8059 1116.12 0.228119
254.393 11.8179 1116.79 0.20483
254.449 11.8287 1117.45 0.18091
254.506 11.8383 1118.11 0.164847
254.562 11.8469 1118.78 0.14505
254.618 11.8545 1119.45 0.126781
254.674 11.8614 1120.11 0.118547
254.73 11.8675 1120.78 0.103346
254.787 11.8727 1121.45 0.0834743
254.843 11.877 1122.11 0.0739916
254.899 11.881 1122.78 0.0688739
254.955 11.8845 1123.45 0.059117
255.011 11.8876 1124.12 0.0519838
255.067 11.8901 1124.78 0.0407316
255.124 11.8919 1125.45 0.0290214
255.18 11.8935 1126.12 0.0264647
255.236 11.8948 1126.79 0.0226731
255.292 11.896 1127.46 0.019281
255.348 11.8972 1128.12 0.0191295
255.404 11.8978 1128.79 0.00573818
255.461 11.8979 1129.46 -0.00189472
255.517 11.8978 1130.13 0.000373674
255.573 11.8977 1130.8 -0.00356499
255.629 11.8974 1131.47 -0.00482289
255.685 11.8971 1132.13 -0.00588533
255.742 11.8966 1132.8 -0.0102205
255.798 11.896 1133.47 -0.0103208
255.854 11.8956 1134.14 -0.00749862
255.91 11.8952 1134.81 -0.00502817
255.966 11.8949 1135.48 -0.00680827
256.022 11.8947 1136.14 -0.000277356
256.079 11.8948 1136.81 0.00202174
256.135 11.895 1137.48 0.00357522
256.191 11.8951 1138.15 0.00151858
256.247 11.8951 1138.82 -0.00118949
256.303 11.8951 1139.49 -0.000949665
256.36 11.895 1140.15 -0.00404768
256.416 11.8946 1140.82 -0.00951426
256.472 11.8938 1141.49 -0.0149156
256.528 11.8928 1142.16 -0.0175314
256.584 11.8917 1142.83 -0.0205534
256.64 11.8905 1143.49 -0.0245688
256.697 11.8888 1144.16 -0.0319652
256.753 11.8866 1144.83 -0.0457154
256.809 11.8836 1145.5 -0.0584386
256.865 11.8799 1146.17 -0.0717013
256.921 11.8754 1146.83 -0.0877274
256.978 11.8699 1147.5 -0.106108
257.034 11.8634 1148.17 -0.121114
257.09 11.8559 1148.83 -0.141435
257.146 11.8474 1149.5 -0.158271
257.202 11.8379 1150.16 -0.172006
257.258 11.8279 1150.83 -0.180344
257.315 11.8176 1151.49 -0.18667
257.371 11.8068 1152.16 -0.198569
257.427 11.7952 1152.82 -0.209234
257.483 11.7831 1153.48 -0.222302
257.539 11.7702 1154.14 -0.2344
257.596 11.7567 1154.8 -0.243376
257.652 11.7428 1155.46 -0.250097
257.708 11.7289 1156.12 -0.246217
257.764 11.715 1156.78 -0.246535
257.82 11.7011 1157.44 -0.245347
257.876 11.6874 1158.1 -0.242899
257.933 11.6739 1158.75 -0.241066
257.989 11.6604 1159.41 -0.238308
258.045 11.6473 1160.06 -0.230477
258.101 11.6347 1160.72 -0.218271
258.157 11.623 1161.37 -0.204103
258.213 11.6122 1162.02 -0.184213
258.27 11.6023 1162.67 -0.169899
258.326 11.5933 1163.33 -0.153052
258.382 11.5854 1163.98 -0.136061
258.438 11.5783 1164.63 -0.11862
258.494 11.5723 1165.28 -0.0975142
258.551 11.5676 1165.93 -0.0744227
258.607 11.564 1166.58 -0.0567128
258.663 11.5618 1167.23 -0.0314838
258.719 11.5609 1167.88 -0.00271303
258.775 11.5618 1168.53 0.0273109
258.831 11.5642 1169.18 0.0534245
258.888 11.568 1169.83 0.075957
258.944 11.573 1170.48 0.0990975
259 11.5793 1171.13 0.120511
259.056 11.5867 1171.78 0.140789
259.112 11.5951 1172.43 0.15686
259.169 11.6046 1173.08 0.176176
259.225 11.6152 1173.73 0.200143
259.281 11.6269 1174.38 0.214753
259.337 11.6397 1175.04 0.235068
259.393 11.6537 1175.69 0.257591
259.449 11.6688 1176.35 0.277659
259.506 11.6852 1177 0.298217
259.562 11.7027 1177.66 0.321294
259.618 11.7213 1178.32 0.338233
259.674 11.7411 1178.98 0.360385
259.73 11.7619 1179.64 0.379786
259.787 11.7838 1180.3 0.395928
259.843 11.8067 1180.96 0.416277
259.899 11.8309 1181.63 0.438401
259.955 11.856 1182.29 0.453182
260.011 11.8819 1182.96 0.462505
260.067 11.908 1183.63 0.467832
260.124 11.9344 1184.3 0.472564
260.18 11.9612 1184.97 0.476158
260.236 11.9882 1185.64 0.484322
260.292 12.0155 1186.32 0.489254
260.348 12.0431 1186.99 0.491583
260.404 12.0711 1187.67 0.50133
260.461 12.0993 1188.35 0.500901
260.517 12.1274 1189.03 0.496433
260.573 12.155 1189.71 0.487725
260.629 12.1819 1190.4 0.476683
260.685 12.2085 1191.08 0.467256
260.742 12.2343 1191.77 0.453716
260.798 12.2593 1192.46 0.439628
260.854 12.2835 1193.15 0.424854
260.91 12.3072 1193.84 0.419331
260.966 12.3303 1194.53 0.404569
261.022 12.3525 1195.22 0.388824
261.079 12.374 1195.92 0.380573
261.135 12.3949 1196.61 0.364158
261.191 12.4147 1197.31 0.345093
261.247 12.4336 1198.01 0.330013
261.303 12.4517 1198.71 0.319828
261.36 12.4691 1199.41 0.302042
261.416 12.4856 1200.11 0.287973
261.472 12.5011 1200.81 0.268839
261.528 12.516 1201.51 0.259224
261.584 12.5301 1202.22 0.242944
261.64 12.5431 1202.92 0.226257
261.697 12.5555 1203.63 0.214034
261.753 12.5671 1204.33 0.202499
261.809 12.5779 1205.04 0.186958
261.865 12.5881 1205.74 0.179661
261.921 12.598 1206.45 0.168163
261.978 12.6071 1207.16 0.155762
262.034 12.6154 1207.87 0.146904
262.09 12.6235 1208.58 0.140214
262.146 12.631 1209.29 0.128609
262.202 12.6376 1210 0.11229
262.258 12.644 1210.71 0.114984
262.315 12.6503 1211.42 0.111752
262.371 12.6561 1212.13 0.0983583
262.427 12.6617 1212.84 0.0996699
262.483 12.6675 1213.55 0.105289
262.539 12.6733 1214.26 0.10206
262.596 12.6795 1214.98 0.113643
262.652 12.6859 1215.69 0.115524
262.708 12.6925 1216.4 0.117811
262.764 12.6996 1217.11 0.133009
262.82 12.7071 1217.83 0.137397
262.876 12.7151 1218.54 0.142997
262.933 12.7235 1219.26 0.155839
262.989 12.7327 1219.97 0.16634
263.045 12.7422 1220.69 0.170645
263.101 12.7522 1221.4 0.186358
263.157 12.763 1222.12 0.197892
263.213 12.7746 1222.84 0.211083
263.27 12.7868 1223.56 0.225784
263.326 12.7999 1224.27 0.234327
263.382 12.8137 1224.99 0.252271
263.438 12.8282 1225.71 0.261012
263.494 12.8431 1226.44 0.26909
263.551 12.8586 1227.16 0.277461
263.607 12.8747 1227.88 0.296131
263.663 12.8918 1228.6 0.307677
263.719 12.9095 1229.33 0.315744
263.775 12.9276 1230.06 0.33012
263.831 12.9462 1230.78 0.333177
263.888 12.965 1231.51 0.336386
263.944 12.9842 1232.24 0.345552
264 13.0038 1232.97 0.349108
264.056 13.0239 1233.7 0.362276
264.112 13.0445 1234.43 0.369217
264.169 13.0653 1235.17 0.37349
264.225 13.0865 1235.9 0.381299
264.281 13.1078 1236.64 0.378976
264.337 13.1291 1237.37 0.379795
264.393 13.1506 1238.11 0.383462
264.449 13.1723 1238.85 0.387835
264.506 13.194 1239.59 0.382685
264.562 13.2156 1240.33 0.382204
264.618 13.2368 1241.08 0.379561
264.674 13.2578 1241.82 0.370839
264.73 13.2785 1242.57 0.362971
264.787 13.2984 1243.31 0.353001
264.843 13.3178 1244.06 0.343226
264.899 13.3368 1244.81 0.330202
264.955 13.355 1245.56 0.321899
265.011 13.3726 1246.31 0.306992
265.067 13.3897 1247.06 0.294479
265.124 13.4061 1247.82 0.287065
265.18 13.4215 1248.57 0.267804
265.236 13.4359 1249.32 0.242076
265.292 13.4486 1250.08 0.21373
265.348 13.4593 1250.84 0.178379
265.404 13.4681 1251.59 0.137412
265.461 13.475 1252.35 0.113663
265.517 13.4799 1253.11 0.0751294
265.573 13.4829 1253.86 0.0364769
265.629 13.4839 1254.62 0.00196043
265.685 13.4825 1255.38 -0.0423086
265.742 13.4785 1256.14 -0.0892014
265.798 13.4718 1256.89 -0.137437
265.854 13.4618 1257.65 -0.20177
265.91 13.4489 1258.41 -0.259021
265.966 13.4326 1259.16 -0.310322
266.022 13.4131 1259.91 -0.373864
266.079 13.3899 1260.67 -0.441947
266.135 13.3628 1261.42 -0.5089
266.191 13.3317 1262.17 -0.581818
266.247 13.2968 1262.92 -0.647775
266.303 13.2583 1263.66 -0.713988
266.36 13.2159 1264.41 -0.779883
266.416 13.1702 1265.15 -0.838482
266.472 13.1213 1265.88 -0.891535
266.528 13.0693 1266.62 -0.946189
266.584 13.0146 1267.35 -0.992324
266.64 12.9575 1268.08 -1.02741
266.697 12.8986 1268.81 -1.06104
266.753 12.838 1269.53 -1.09105
266.809 12.7762 1270.25 -1.10745
266.865 12.7131 1270.96 -1.13035
266.921 12.6491 1271.68 -1.14516
266.978 12.5845 1272.39 -1.15431
267.034 12.5193 1273.09 -1.1625
267.09 12.4535 1273.79 -1.17903
267.146 12.3872 1274.49 -1.18282
267.202 12.3209 1275.18 -1.17751
267.258 12.2551 1275.87 -1.16956
267.315 12.1901 1276.56 -1.14904
267.371 12.1262 1277.24 -1.12765
267.427 12.0637 1277.92 -1.10555
267.483 12.0025 1278.6 -1.07942
267.539 11.9423 1279.27 -1.06843
267.596 11.8827 1279.94 -1.05602
267.652 11.8239 1280.6 -1.04215
267.708 11.7656 1281.27 -1.03255
267.764 11.7082 1281.92 -1.01916
267.82 11.6511 1282.58 -1.01367
267.876 11.5943 1283.23 -1.01062
267.933 11.5377 1283.88 -1.00618
267.989 11.4816 1284.53 -0.994356
268.045 11.4262 1285.17 -0.981511
268.101 11.3716 1285.81 -0.964115
268.157 11.318 1286.45 -0.948127
268.213 11.2652 1287.08 -0.932109
268.27 11.2136 1287.71 -0.908698
268.326 11.1636 1288.34 -0.87855
268.382 11.115 1288.97 -0.856232
268.438 11.0677 1289.59 -0.832034
268.494 11.022 1290.21 -0.803109
268.551 10.9777 1290.83 -0.776046
268.607 10.9351 1291.44 -0.747656
268.663 10.8942 1292.06 -0.715862
268.719 10.8548 1292.67 -0.687998
268.775 10.8172 1293.28 -0.659196
268.831 10.7814 1293.88 -0.624038
268.888 10.7474 1294.49 -0.58824
268.944 10.7157 1295.09 -0.548592
269 10.6862 1295.69 -0.508248
269.056 10.6589 1296.29 -0.471069
269.112 10.6336 1296.89 -0.437907
269.169 10.6099 1297.48 -0.407237
269.225 10.5883 1298.08 -0.370158
269.281 10.5685 1298.67 -0.340984
269.337 10.5505 1299.27 -0.307222
269.393 10.5341 1299.86 -0.280673
269.449 10.5192 1300.45 -0.258344
269.506 10.5054 1301.04 -0.236364
269.562 10.4931 1301.63 -0.207378
269.618 10.4825 1302.22 -0.176669
269.674 10.4737 1302.81 -0.142901
269.73 10.4666 1303.4 -0.112714
269.787 10.4613 1303.98 -0.0849854
269.843 10.4577 1304.57 -0.0478864
269.899 10.4561 1305.16 -0.0125656
269.955 10.4567 1305.75 0.0248098
270.011 10.4593 1306.33 0.0608232
270.067 10.4639 1306.92 0.0976522
270.124 10.4709 1307.51 0.139983
270.18 10.4803 1308.1 0.185779
270.236 10.4919 1308.69 0.221104
270.292 10.5057 1309.28 0.260464
270.348 10.5218 1309.87 0.305438
270.404 10.5406 1310.46 0.351755
270.461 10.5617 1311.05 0.389815
270.517 10.5853 1311.65 0.438519
270.573 10.6113 1312.24 0.480403
270.629 10.6399 1312.84 0.529468
270.685 10.6712 1313.44 0.575084
270.742 10.7049 1314.04 0.614968
270.798 10.7407 1314.64 0.655269
270.854 10.7789 1315.25 0.697104
270.91 10.8192 1315.85 0.730017
270.966 10.8614 1316.46 0.763306
271.022 10.9052 1317.07 0.791247
271.079 10.9504 1317.69 0.813237
271.135 10.9967 1318.31 0.828506
271.191 11.0437 1318.93 0.844042
271.247 11.0916 1319.55 0.858712
271.303 11.1402 1320.17 0.866659
271.36 11.1893 1320.8 0.881613
271.416 11.2389 1321.43 0.886864
271.472 11.2891 1322.06 0.89462
271.528 11.3396 1322.7 0.903265
271.584 11.3904 1323.34 0.90258
271.64 11.441 1323.98 0.899017
271.697 11.4915 1324.62 0.896575
271.753 11.5413 1325.27 0.879734
271.809 11.5902 1325.92 0.863293
271.865 11.6383 1326.57 0.85086
271.921 11.6855 1327.23 0.836644
271.978 11.732 1327.89 0.821995
272.034 11.7779 1328.55 0.812863
272.09 11.8231 1329.21 0.799858
272.146 11.8675 1329.88 0.779554
272.202 11.9105 1330.54 0.755475
272.258 11.9521 1331.22 0.731586
272.315 11.9925 1331.89 0.709864
272.371 12.0318 1332.56 0.690261
272.427 12.0694 1333.24 0.657561
272.483 12.1055 1333.92 0.63049
272.539 12.14 1334.6 0.603508
272.596 12.1731 1335.28 0.584161
272.652 12.2053 1335.97 0.564566
272.708 12.2364 1336.66 0.54997
272.764 12.2672 1337.34 0.546738
272.82 12.2977 1338.03 0.539215
272.876 12.3277 1338.73 0.534491
272.933 12.3576 1339.42 0.531662
272.989 12.3876 1340.12 0.53035
273.045 12.4172 1340.81 0.529129
273.101 12.447 1341.51 0.527533
273.157 12.4763 1342.21 0.520061
273.213 12.5056 1342.91 0.519992
273.27 12.5349 1343.62 0.521549
273.326 12.5639 1344.32 0.511186
273.382 12.5926 1345.03 0.51426
273.438 12.6214 1345.74 0.512967
273.494 12.65 1346.45 0.505108
273.551 12.6782 1347.16 0.50208
273.607 12.7064 1347.87 0.507813
273.663 12.7352 1348.59 0.510088
273.719 12.7641 1349.3 0.517771
273.775 12.7932 1350.02 0.517362
273.831 12.8225 1350.74 0.526803
273.888 12.8524 1351.46 0.532513
273.944 12.8822 1352.19 0.533718
274 12.9124 1352.91 0.537684
274.056 12.9426 1353.64 0.538867
274.112 12.973 1354.36 0.540937
274.169 13.0035 1355.09 0.546526
274.225 13.0343 1355.83 0.546341
274.281 13.0648 1356.56 0.544799
274.337 13.0952 1357.29 0.535688
274.393 13.1255 1358.03 0.542554
274.449 13.1557 1358.77 0.533578
274.506 13.1851 1359.51 0.51638
274.562 13.2141 1360.25 0.517322
274.618 13.2431 1360.99 0.513602
274.674 13.2718 1361.74 0.505462
274.73 13.2998 1362.49 0.496671
274.787 13.3269 1363.23 0.475211
274.843 13.3532 1363.98 0.460498
274.899 13.3785 1364.73 0.444106
274.955 13.4028 1365.49 0.426949
275.011 13.4262 1366.24 0.406249
275.067 13.4484 1367 0.388091
275.124 13.4694 1367.75 0.36884
275.18 13.4891 1368.51 0.337636
275.236 13.5075 1369.27 0.317004
275.292 13.5243 1370.03 0.287482
275.348 13.5395 1370.79 0.262149
275.404 13.5534 1371.55 0.239137
275.461 13.5657 1372.31 0.209423
275.517 13.5763 1373.07 0.17698
275.573 13.5852 1373.84 0.143757
275.629 13.5921 1374.6 0.10935
275.685 13.597 1375.36 0.0685604
275.742 13.5995 1376.13 0.029652
275.798 13.5998 1376.89 -0.0116398
275.854 13.5976 1377.66 -0.0593457
275.91 13.5929 1378.42 -0.0983101
275.966 13.586 1379.18 -0.137628
276.022 13.5767 1379.95 -0.183562
276.079 13.5654 1380.71 -0.217616
276.135 13.5516 1381.47 -0.262182
276.191 13.5357 1382.23 -0.298205
276.247 13.5177 1382.99 -0.335984
276.303 13.4977 1383.75 -0.368545
276.36 13.4758 1384.51 -0.404147
276.416 13.4521 1385.26 -0.433665
276.472 13.4268 1386.02 -0.460044
276.528 13.3999 1386.77 -0.49163
276.584 13.3711 1387.52 -0.527941
276.64 13.3404 1388.27 -0.559226
276.697 13.3081 1389.02 -0.587362
276.753 13.2742 1389.77 -0.61229
276.809 13.2389 1390.51 -0.641543
276.865 13.2018 1391.26 -0.673448
276.921 13.1629 1392 -0.706939
276.978 13.1219 1392.73 -0.743772
277.034 13.0788 1393.47 -0.782323
277.09 13.0338 1394.2 -0.81272
277.146 12.9868 1394.93 -0.850573
277.202 12.9377 1395.66 -0.892404
277.258 12.8862 1396.39 -0.933122
277.315 12.8322 1397.11 -0.979939
277.371 12.7759 1397.83 -1.01878
277.427 12.7171 1398.54 -1.06237
277.483 12.6557 1399.26 -1.11274
277.539 12.592 1399.96 -1.1477
277.596 12.5265 1400.67 -1.17399
277.652 12.4596 1401.37 -1.19945
277.708 12.3912 1402.07 -1.23074
277.764 12.3211 1402.76 -1.25617
277.82 12.2495 1403.45 -1.28691
277.876 12.1766 1404.14 -1.3071
277.933 12.1026 1404.82 -1.32279
277.989 12.0277 1405.5 -1.3409
278.045 11.9517 1406.17 -1.36235
278.101 11.8746 1406.84 -1.37605
278.157 11.7967 1407.5 -1.39607
278.213 11.7177 1408.16 -1.41219
278.27 11.638 1408.82 -1.42644
278.326 11.5573 1409.47 -1.44388
278.382 11.476 1410.12 -1.44841
278.438 11.3941 1410.76 -1.46409
278.494 11.3113 1411.4 -1.47897
278.551 11.2278 1412.03 -1.49261
278.607 11.1434 1412.66 -1.50961
278.663 11.0582 1413.28 -1.52054
278.719 10.9722 1413.9 -1.53801
278.775 10.8858 1414.51 -1.53844
278.831 10.7989 1415.12 -1.54742
278.888 10.7121 1415.72 -1.54498
278.944 10.6251 1416.32 -1.55106
279 10.5382 1416.92 -1.542
279.056 10.4516 1417.51 -1.53863
279.112 10.3657 1418.09 -1.52647
279.169 10.2804 1418.67 -1.51099
279.225 10.1963 1419.24 -1.48474
279.281 10.1143 1419.81 -1.44741
279.337 10.0338 1420.38 -1.42187
279.393 9.95553 1420.94 -1.37339
279.449 9.87997 1421.5 -1.32616
279.506 9.80736 1422.05 -1.26768
279.562 9.73829 1422.6 -1.20332
279.618 9.6731 1423.14 -1.13161
279.674 9.61214 1423.69 -1.05332
279.73 9.55592 1424.22 -0.966068
279.787 9.50475 1424.76 -0.874567
279.843 9.45881 1425.29 -0.779395
279.899 9.41819 1425.82 -0.683106
279.955 9.38315 1426.35 -0.583237
