# t frame_uz frame_z ub_dans_repere
160.001 -2.30406e-05 -2.37287e-08 -0.0223724
160.019 -0.00513717 -5.85085e-05 -0.243137
160.051 -0.0078832 -0.000300183 0.0201804
160.092 0.000622977 -0.000456488 0.323627
160.14 0.0252339 0.000210429 0.653809
160.19 0.0685536 0.00273058 0.989335
160.243 0.130992 0.00825317 1.30788
160.297 0.211464 0.0178543 1.60958
160.352 0.309241 0.0326283 1.88923
160.407 0.421669 0.0532621 2.14781
160.463 0.549927 0.0811168 2.37837
160.519 0.689545 0.11654 2.57082
160.575 0.839565 0.160132 2.75022
160.631 0.9987 0.212435 2.90237
160.687 1.16556 0.27391 3.03098
160.743 1.33901 0.34495 3.14124
160.798 1.51787 0.425887 3.2298
160.854 1.70113 0.516988 3.30101
160.91 1.88806 0.618473 3.36312
160.966 2.0779 0.730523 3.4093
161.022 2.27023 0.853464 3.44415
161.079 2.46471 0.987555 3.47187
161.135 2.66051 1.13262 3.49453
161.191 2.85759 1.28872 3.51473
161.247 3.05542 1.45592 3.52481
161.303 3.25375 1.63426 3.53351
161.36 3.45244 1.82375 3.53651
161.416 3.65089 2.0244 3.52882
161.472 3.84878 2.23618 3.51746
161.528 4.046 2.45906 3.50446
161.584 4.24237 2.69298 3.49006
161.64 4.43776 2.93791 3.46954
161.697 4.63168 3.19377 3.43966
161.753 4.82364 3.46045 3.40277
161.809 5.01348 3.73785 3.3636
161.865 5.20074 4.02584 3.31184
161.921 5.38489 4.32423 3.25812
161.978 5.56598 4.63287 3.19984
162.034 5.74363 4.95157 3.13921
162.09 5.9178 5.28013 3.07432
162.146 6.08829 5.61836 3.00803
162.202 6.25503 5.96603 2.94117
162.258 6.41811 6.32295 2.87834
162.315 6.57773 6.68892 2.81348
162.371 6.73335 7.06372 2.74123
162.427 6.88501 7.44713 2.67182
162.483 7.03287 7.83892 2.60619
162.539 7.17716 8.23891 2.54309
162.596 7.31813 8.64689 2.48738
162.652 7.45627 9.06268 2.44066
162.708 7.59127 9.48614 2.37953
162.764 7.72292 9.91707 2.31728
162.82 7.85116 10.3553 2.26414
162.876 7.97638 10.8006 2.20575
162.933 8.09871 11.2528 2.15692
162.989 8.21829 11.7119 2.11043
163.045 8.33528 12.1775 2.06471
163.101 8.44985 12.6497 2.01964
163.157 8.5617 13.1282 1.97123
163.213 8.67054 13.6128 1.91439
163.27 8.77619 14.1035 1.85783
163.326 8.87871 14.6 1.80457
163.382 8.97828 15.1022 1.75272
163.438 9.07523 15.6099 1.70812
163.494 9.16977 16.1229 1.66437
163.551 9.26125 16.6412 1.60675
163.607 9.34991 17.1645 1.55642
163.663 9.43578 17.6927 1.51237
163.719 9.51938 18.2256 1.47077
163.775 9.6005 18.7631 1.42416
163.831 9.67904 19.3051 1.38167
163.888 9.75473 19.8515 1.32617
163.944 9.82761 20.402 1.27653
164 9.89784 20.9565 1.23484
164.056 9.96591 21.5148 1.19789
164.112 10.032 22.0769 1.16074
164.169 10.0964 22.6427 1.13502
164.225 10.1591 23.212 1.10485
164.281 10.2203 23.7849 1.07582
164.337 10.2797 24.361 1.04545
164.393 10.3374 24.9405 1.01099
164.449 10.3933 25.5231 0.981377
164.506 10.4474 26.1089 0.954441
164.562 10.4999 26.6976 0.922071
164.618 10.5508 27.2892 0.892842
164.674 10.5999 27.8836 0.863187
164.73 10.6474 28.4807 0.832782
164.787 10.6932 29.0804 0.802626
164.843 10.7374 29.6826 0.77501
164.899 10.7797 30.2873 0.740191
164.955 10.8203 30.8943 0.70997
165.011 10.8591 31.5035 0.679169
165.067 10.8962 32.1148 0.64715
165.124 10.9317 32.7281 0.621496
165.18 10.9659 33.3434 0.600521
165.236 10.9991 33.9606 0.58486
165.292 11.0311 34.5796 0.559951
165.348 11.0621 35.2004 0.538902
165.404 11.0915 35.8229 0.512277
165.461 11.1195 36.4469 0.48842
165.517 11.1461 37.0725 0.463964
165.573 11.1714 37.6996 0.446974
165.629 11.1955 38.328 0.418424
165.685 11.2184 38.9577 0.400387
165.742 11.2401 39.5887 0.375857
165.798 11.2605 40.2209 0.352648
165.854 11.2796 40.8541 0.33039
165.91 11.2971 41.4884 0.301937
165.966 11.3132 42.1237 0.274609
166.022 11.3278 42.7597 0.2503
166.079 11.341 43.3966 0.22442
166.135 11.3528 44.0341 0.200069
166.191 11.3633 44.6723 0.179048
166.247 11.3726 45.311 0.157517
166.303 11.3809 45.9502 0.139259
166.36 11.3882 46.5898 0.122459
166.416 11.3944 47.2298 0.101733
166.472 11.3994 47.8701 0.0780676
166.528 11.4031 48.5106 0.0606292
166.584 11.406 49.1514 0.0453573
166.64 11.4082 49.7922 0.0335315
166.697 11.4097 50.4332 0.0224095
166.753 11.4106 51.0742 0.0105742
166.809 11.411 51.7153 0.00330955
166.865 11.411 52.3564 -0.00302472
166.921 11.4103 52.9974 -0.0182323
166.978 11.4087 53.6384 -0.0330824
167.034 11.4064 54.2792 -0.0454127
167.09 11.4036 54.92 -0.0541588
167.146 11.4003 55.5605 -0.0627416
167.202 11.3967 56.2008 -0.0623909
167.258 11.3931 56.841 -0.0676204
167.315 11.389 57.4809 -0.0746627
167.371 11.3845 58.1206 -0.0852463
167.427 11.3792 58.76 -0.0992952
167.483 11.3734 59.3991 -0.104743
167.539 11.3675 60.0378 -0.107086
167.596 11.3613 60.6763 -0.112206
167.652 11.3548 61.3143 -0.119237
167.708 11.3478 61.952 -0.125573
167.764 11.3406 62.5893 -0.131542
167.82 11.333 63.2261 -0.138551
167.876 11.3252 63.8625 -0.137458
167.933 11.3175 64.4985 -0.135443
167.989 11.3102 65.1341 -0.128155
168.045 11.3029 65.7693 -0.131587
168.101 11.2953 66.404 -0.13548
168.157 11.2879 67.0383 -0.132545
168.213 11.2804 67.6722 -0.131156
168.27 11.2732 68.3057 -0.128081
168.326 11.2661 68.9388 -0.128882
168.382 11.2588 69.5715 -0.127848
168.438 11.2517 70.2037 -0.125036
168.494 11.2448 70.8356 -0.123176
168.551 11.2383 71.4671 -0.11256
168.607 11.2321 72.0983 -0.107923
168.663 11.2264 72.7291 -0.0983573
168.719 11.2211 73.3596 -0.0903932
168.775 11.2162 73.9899 -0.0870522
168.831 11.2115 74.6198 -0.08134
168.888 11.2072 75.2495 -0.0731339
168.944 11.2035 75.879 -0.0606497
169 11.2006 76.5083 -0.0462981
169.056 11.1986 77.1375 -0.0267426
169.112 11.1975 77.7666 -0.0135935
169.169 11.1972 78.3957 -0.0027697
169.225 11.1976 79.0247 0.0132894
169.281 11.199 79.6539 0.0309094
169.337 11.2012 80.2831 0.0463518
169.393 11.2044 80.9125 0.0638613
169.449 11.2085 81.5421 0.078103
169.506 11.2135 82.1719 0.0965094
169.562 11.2196 82.8021 0.118917
169.618 11.2268 83.4326 0.136823
169.674 11.2351 84.0636 0.150447
169.73 11.2441 84.6951 0.167017
169.787 11.2538 85.3271 0.178315
169.843 11.2642 85.9597 0.186153
169.899 11.275 86.5929 0.197104
169.955 11.2863 87.2267 0.205919
170.011 11.2982 87.8612 0.214995
170.067 11.3106 88.4963 0.225316
170.124 11.3235 89.1322 0.230954
170.18 11.3368 89.7688 0.240144
170.236 11.3506 90.4061 0.25018
170.292 11.3649 91.0443 0.256193
170.348 11.3796 91.6833 0.265605
170.404 11.3948 92.3231 0.273291
170.461 11.4103 92.9638 0.279034
170.517 11.4262 93.6053 0.285384
170.573 11.4424 94.2478 0.291128
170.629 11.4588 94.8912 0.293654
170.685 11.4754 95.5355 0.294983
170.742 11.4922 96.1807 0.300391
170.798 11.5089 96.8269 0.297536
170.854 11.5258 97.4741 0.299885
170.91 11.543 98.1222 0.310413
170.966 11.5605 98.7712 0.314452
171.022 11.5784 99.4213 0.316712
171.079 11.5965 100.072 0.323298
171.135 11.6145 100.724 0.321732
171.191 11.6326 101.378 0.321786
171.247 11.6506 102.032 0.320811
171.303 11.6684 102.687 0.315717
171.36 11.686 103.343 0.312667
171.416 11.7034 104 0.308187
171.472 11.7204 104.658 0.299334
171.528 11.737 105.317 0.291704
171.584 11.7535 105.977 0.292983
171.64 11.7697 106.638 0.287275
171.697 11.7858 107.3 0.284766
171.753 11.8018 107.962 0.284454
171.809 11.8175 108.626 0.277047
171.865 11.8329 109.29 0.272252
171.921 11.8483 109.956 0.274323
171.978 11.8636 110.622 0.272275
172.034 11.8789 111.289 0.271657
172.09 11.894 111.957 0.268383
172.146 11.9089 112.625 0.263154
172.202 11.9237 113.295 0.262003
172.258 11.9383 113.965 0.258639
172.315 11.9526 114.636 0.25251
172.371 11.9666 115.308 0.243966
172.427 11.9799 115.981 0.233808
172.483 11.9926 116.655 0.219667
172.539 12.0046 117.329 0.207364
172.596 12.016 118.004 0.199798
172.652 12.0269 118.679 0.190684
172.708 12.0373 119.355 0.18215
172.764 12.0474 120.032 0.177134
172.82 12.057 120.709 0.165916
172.876 12.0658 121.386 0.155144
172.933 12.0743 122.065 0.152956
172.989 12.0828 122.743 0.15156
173.045 12.0913 123.422 0.150252
173.101 12.1 124.102 0.156792
173.157 12.1087 124.782 0.152813
173.213 12.117 125.462 0.143428
173.27 12.1249 126.143 0.13812
173.326 12.1324 126.825 0.131143
173.382 12.1395 127.507 0.122932
173.438 12.1461 128.189 0.117177
173.494 12.1527 128.872 0.115129
173.551 12.159 129.554 0.112051
173.607 12.1654 130.238 0.115328
173.663 12.1719 130.921 0.114902
173.719 12.1785 131.605 0.116318
173.775 12.185 132.29 0.116197
173.831 12.1914 132.975 0.112964
173.888 12.1977 133.66 0.110284
173.944 12.204 134.345 0.114462
174 12.2105 135.031 0.116395
174.056 12.2173 135.717 0.123007
174.112 12.2246 136.404 0.135236
174.169 12.2323 137.091 0.140336
174.225 12.2404 137.778 0.148861
174.281 12.2491 138.466 0.15721
174.337 12.258 139.155 0.158894
174.393 12.2671 139.844 0.163909
174.449 12.2766 140.533 0.171599
174.506 12.2863 141.223 0.173774
174.562 12.2963 141.914 0.181161
174.618 12.3069 142.605 0.193728
174.674 12.3181 143.297 0.201519
174.73 12.3298 143.989 0.211958
174.787 12.3422 144.682 0.227398
174.843 12.3553 145.376 0.239713
174.899 12.3693 146.071 0.255168
174.955 12.3837 146.766 0.260554
175.011 12.3984 147.462 0.264828
175.067 12.4135 148.159 0.26818
175.124 12.4287 148.857 0.273103
175.18 12.4441 149.556 0.276479
175.236 12.4599 150.256 0.284103
175.292 12.4763 150.956 0.2948
175.348 12.4931 151.658 0.303744
175.404 12.5105 152.36 0.312481
175.461 12.5283 153.064 0.320309
175.517 12.5465 153.768 0.323861
175.573 12.5648 154.473 0.326417
175.629 12.5832 155.18 0.328812
175.685 12.6015 155.888 0.326351
175.742 12.6198 156.596 0.323773
175.798 12.6379 157.306 0.322541
175.854 12.6559 158.016 0.321272
175.91 12.6737 158.728 0.314304
175.966 12.6913 159.44 0.315232
176.022 12.7087 160.154 0.310594
176.079 12.7258 160.869 0.299122
176.135 12.7423 161.584 0.288938
176.191 12.7581 162.301 0.274669
176.247 12.773 163.018 0.25894
176.303 12.787 163.736 0.242417
176.36 12.8 164.455 0.224642
176.416 12.8121 165.174 0.210344
176.472 12.8234 165.894 0.196242
176.528 12.8339 166.615 0.18176
176.584 12.8437 167.336 0.169594
176.64 12.8528 168.058 0.156679
176.697 12.8609 168.781 0.137756
176.753 12.8681 169.503 0.121497
176.809 12.8744 170.227 0.103545
176.865 12.8795 170.95 0.0827677
176.921 12.8837 171.674 0.0681401
176.978 12.8869 172.398 0.0497918
177.034 12.8889 173.122 0.0268215
177.09 12.8895 173.846 0.000792341
177.146 12.8888 174.57 -0.021454
177.202 12.8869 175.294 -0.0411531
177.258 12.8839 176.018 -0.0616038
177.315 12.88 176.742 -0.0713994
177.371 12.8754 177.465 -0.086908
177.427 12.8699 178.188 -0.103868
177.483 12.8636 178.911 -0.116548
177.539 12.8567 179.633 -0.128183
177.596 12.8491 180.355 -0.139537
177.652 12.841 181.077 -0.148171
177.708 12.8323 181.798 -0.158553
177.764 12.8231 182.519 -0.164306
177.82 12.8136 183.239 -0.171529
177.876 12.8037 183.958 -0.179977
177.933 12.7936 184.677 -0.180555
177.989 12.7832 185.396 -0.18707
178.045 12.7725 186.114 -0.189988
178.101 12.762 186.831 -0.185459
178.157 12.7518 187.547 -0.178223
178.213 12.7419 188.263 -0.177086
178.27 12.7319 188.979 -0.177777
178.326 12.722 189.694 -0.174692
178.382 12.7122 190.408 -0.172263
178.438 12.7029 191.122 -0.160848
178.494 12.6943 191.835 -0.148191
178.551 12.6861 192.548 -0.146556
178.607 12.6781 193.261 -0.139282
178.663 12.6705 193.973 -0.129766
178.719 12.6633 194.684 -0.125045
178.775 12.657 195.396 -0.106403
178.831 12.6516 196.106 -0.0876329
178.888 12.6473 196.817 -0.0720748
178.944 12.6435 197.527 -0.0639742
179 12.6403 198.238 -0.0536072
179.056 12.6376 198.948 -0.0417274
179.112 12.6359 199.658 -0.0229693
179.169 12.6352 200.367 -0.00707918
179.225 12.6355 201.077 0.0118606
179.281 12.6368 201.787 0.030855
179.337 12.6391 202.497 0.0496099
179.393 12.6424 203.207 0.063558
179.449 12.6466 203.918 0.0812174
179.506 12.6516 204.628 0.0934004
179.562 12.6572 205.339 0.102234
179.618 12.6633 206.051 0.112276
179.674 12.67 206.762 0.123429
179.73 12.6772 207.474 0.127221
179.787 12.6845 208.187 0.13202
179.843 12.6919 208.9 0.132602
179.899 12.6994 209.613 0.135258
179.955 12.7072 210.327 0.14009
180.011 12.7153 211.041 0.148084
180.067 12.7236 211.755 0.148328
180.124 12.7321 212.47 0.150036
180.18 12.7407 213.186 0.156105
180.236 12.7495 213.902 0.155235
180.292 12.7583 214.619 0.154434
180.348 12.767 215.336 0.158607
180.404 12.7758 216.053 0.154692
180.461 12.7847 216.771 0.160175
180.517 12.7938 217.49 0.165043
180.573 12.8031 218.209 0.166121
180.629 12.8126 218.929 0.168848
180.685 12.8222 219.649 0.173341
180.742 12.832 220.369 0.174297
180.798 12.8418 221.091 0.173772
180.854 12.8516 221.812 0.173835
180.91 12.8613 222.535 0.170409
180.966 12.8707 223.258 0.166256
181.022 12.8798 223.981 0.162068
181.079 12.8886 224.705 0.155327
181.135 12.8973 225.429 0.150478
181.191 12.9057 226.154 0.149237
181.247 12.914 226.879 0.149049
181.303 12.9226 227.605 0.153724
181.36 12.9313 228.331 0.154775
181.416 12.9397 229.058 0.147749
181.472 12.9479 229.785 0.141053
181.528 12.9556 230.513 0.135199
181.584 12.963 231.241 0.131753
181.64 12.9705 231.97 0.136104
181.697 12.9784 232.699 0.142275
181.753 12.9864 233.428 0.144168
181.809 12.9944 234.158 0.142365
181.865 13.0026 234.888 0.145601
181.921 13.0107 235.619 0.144443
181.978 13.0187 236.35 0.141536
182.034 13.0266 237.082 0.140059
182.09 13.0342 237.814 0.135321
182.146 13.0421 238.546 0.142871
182.202 13.0502 239.279 0.143525
182.258 13.0582 240.013 0.141316
182.315 13.0661 240.747 0.138651
182.371 13.0737 241.481 0.133631
182.427 13.0809 242.216 0.126067
182.483 13.088 242.951 0.125912
182.539 13.0951 243.686 0.127361
182.596 13.1021 244.422 0.123592
182.652 13.1089 245.159 0.11905
182.708 13.1157 245.895 0.119879
182.764 13.1222 246.632 0.117083
182.82 13.1287 247.37 0.11581
182.876 13.1354 248.108 0.121866
182.933 13.1417 248.846 0.112541
182.989 13.1481 249.584 0.113999
183.045 13.1546 250.323 0.117001
183.101 13.161 251.062 0.114071
183.157 13.1675 251.802 0.11424
183.213 13.174 252.542 0.117542
183.27 13.1808 253.282 0.12374
183.326 13.1879 254.023 0.127863
183.382 13.1949 254.764 0.120783
183.438 13.2015 255.506 0.116846
183.494 13.208 256.247 0.113572
183.551 13.2145 256.99 0.114773
183.607 13.221 257.732 0.11643
183.663 13.2275 258.475 0.114162
183.719 13.234 259.219 0.119154
183.775 13.2408 259.962 0.12259
183.831 13.2477 260.706 0.12338
183.888 13.2547 261.451 0.12436
183.944 13.2616 262.196 0.122599
184 13.2687 262.941 0.129571
184.056 13.2762 263.687 0.136747
184.112 13.2839 264.433 0.138293
184.169 13.2919 265.179 0.142938
184.225 13.3001 265.926 0.149389
184.281 13.3085 266.674 0.149789
184.337 13.3172 267.422 0.158153
184.393 13.3265 268.17 0.167126
184.449 13.3361 268.919 0.173772
184.506 13.3459 269.669 0.174379
184.562 13.3558 270.419 0.179926
184.618 13.3662 271.17 0.185948
184.674 13.3768 271.921 0.190528
184.73 13.3878 272.673 0.202389
184.787 13.3995 273.425 0.211041
184.843 13.4116 274.179 0.218087
184.899 13.4242 274.932 0.227535
184.955 13.437 275.687 0.229223
185.011 13.4498 276.442 0.227484
185.067 13.4627 277.198 0.229344
185.124 13.4758 277.955 0.234969
185.18 13.4891 278.713 0.23867
185.236 13.5027 279.471 0.246108
185.292 13.5167 280.23 0.250269
185.348 13.5309 280.99 0.252859
185.404 13.5451 281.75 0.255083
185.461 13.5594 282.512 0.254002
185.517 13.5738 283.274 0.255273
185.573 13.5881 284.037 0.254262
185.629 13.6023 284.801 0.251716
185.685 13.6163 285.566 0.248095
185.742 13.63 286.331 0.242545
185.798 13.6433 287.097 0.231833
185.854 13.6559 287.864 0.222364
185.91 13.6683 288.632 0.219022
185.966 13.6804 289.4 0.213046
186.022 13.6921 290.169 0.204821
186.079 13.7036 290.939 0.205918
186.135 13.7148 291.709 0.195999
186.191 13.7256 292.48 0.186384
186.247 13.736 293.251 0.182325
186.303 13.7458 294.023 0.171915
186.36 13.7551 294.796 0.159287
186.416 13.7638 295.569 0.15218
186.472 13.7717 296.342 0.135227
186.528 13.7787 297.116 0.11667
186.584 13.7849 297.891 0.103526
186.64 13.79 298.665 0.0847739
186.697 13.7941 299.44 0.0640738
186.753 13.797 300.215 0.0449848
186.809 13.7989 300.99 0.0277334
186.865 13.7998 301.766 0.00706218
186.921 13.7993 302.541 -0.0187072
186.978 13.7974 303.316 -0.043799
187.034 13.7941 304.091 -0.0697758
187.09 13.7893 304.866 -0.0952616
187.146 13.7832 305.64 -0.115117
187.202 13.7764 306.414 -0.128591
187.258 13.7688 307.188 -0.139449
187.315 13.7605 307.961 -0.150947
187.371 13.7515 308.734 -0.169031
187.427 13.7416 309.506 -0.179664
187.483 13.7308 310.278 -0.200007
187.539 13.7193 311.049 -0.209018
187.596 13.7075 311.819 -0.211359
187.652 13.6954 312.589 -0.218319
187.708 13.6831 313.358 -0.220175
187.764 13.6707 314.126 -0.220554
187.82 13.6579 314.894 -0.230691
187.876 13.6445 315.661 -0.243391
187.933 13.6306 316.427 -0.249956
187.989 13.6165 317.192 -0.250518
188.045 13.6024 317.957 -0.250972
188.101 13.5884 318.72 -0.248668
188.157 13.5743 319.483 -0.251388
188.213 13.56 320.245 -0.258427
188.27 13.5454 321.007 -0.25836
188.326 13.5307 321.767 -0.263263
188.382 13.516 322.527 -0.262519
188.438 13.5016 323.286 -0.253534
188.494 13.4874 324.044 -0.248873
188.551 13.4736 324.801 -0.246736
188.607 13.4597 325.557 -0.245495
188.663 13.4459 326.313 -0.24449
188.719 13.4322 327.068 -0.24596
188.775 13.4183 327.822 -0.246774
188.831 13.4041 328.576 -0.253174
188.888 13.3898 329.328 -0.257675
188.944 13.3752 330.08 -0.260891
189 13.3601 330.831 -0.27153
189.056 13.3447 331.581 -0.275279
189.112 13.3295 332.33 -0.267496
189.169 13.3145 333.078 -0.266338
189.225 13.2997 333.826 -0.262048
189.281 13.2851 334.573 -0.258243
189.337 13.2705 335.318 -0.261745
189.393 13.2557 336.063 -0.267573
189.449 13.2406 336.808 -0.271272
189.506 13.2249 337.551 -0.282858
189.562 13.2087 338.293 -0.293643
189.618 13.1919 339.035 -0.300888
189.674 13.1748 339.775 -0.306442
189.73 13.1577 340.515 -0.305235
189.787 13.1405 341.254 -0.305166
189.843 13.1232 341.991 -0.311394
189.899 13.1054 342.728 -0.322319
189.955 13.0872 343.464 -0.323847
190.011 13.0687 344.198 -0.330842
190.067 13.0499 344.932 -0.337708
190.124 13.0309 345.664 -0.34013
190.18 13.0116 346.396 -0.347205
190.236 12.992 347.126 -0.350976
190.292 12.9722 347.855 -0.352531
190.348 12.9525 348.583 -0.349864
190.404 12.9326 349.31 -0.357933
190.461 12.9122 350.036 -0.364041
190.517 12.8915 350.761 -0.368083
190.573 12.8709 351.484 -0.367592
190.629 12.8502 352.207 -0.366762
190.685 12.8296 352.928 -0.367707
190.742 12.8089 353.648 -0.370599
190.798 12.7882 354.367 -0.364333
190.854 12.7676 355.085 -0.367984
190.91 12.7468 355.801 -0.371133
190.966 12.726 356.517 -0.367961
191.022 12.7053 357.231 -0.366082
191.079 12.6849 357.944 -0.360963
191.135 12.6648 358.656 -0.354774
191.191 12.645 359.367 -0.352362
191.247 12.6253 360.077 -0.347166
191.303 12.606 360.785 -0.341299
191.36 12.5868 361.493 -0.340294
191.416 12.5678 362.199 -0.336815
191.472 12.5491 362.905 -0.3309
191.528 12.5305 363.609 -0.329915
191.584 12.5121 364.312 -0.324074
191.64 12.4941 365.015 -0.318685
191.697 12.4765 365.716 -0.30905
191.753 12.4592 366.416 -0.305997
191.809 12.4424 367.116 -0.29559
191.865 12.4261 367.814 -0.284349
191.921 12.4105 368.512 -0.273231
191.978 12.3956 369.209 -0.260433
192.034 12.3814 369.904 -0.250576
192.09 12.3676 370.6 -0.241495
192.146 12.3545 371.294 -0.227766
192.202 12.3419 371.988 -0.220336
192.258 12.33 372.681 -0.207444
192.315 12.3187 373.373 -0.198187
192.371 12.3078 374.065 -0.189735
192.427 12.2974 374.756 -0.178788
192.483 12.2878 375.446 -0.168437
192.539 12.2787 376.136 -0.157224
192.596 12.2705 376.826 -0.140534
192.652 12.2631 377.515 -0.123033
192.708 12.2566 378.204 -0.1129
192.764 12.2507 378.892 -0.0987728
192.82 12.2457 379.58 -0.0813717
192.876 12.2416 380.268 -0.0682568
192.933 12.238 380.955 -0.0599436
192.989 12.2352 381.643 -0.0416318
193.045 12.2335 382.33 -0.0267149
193.101 12.2324 383.017 -0.012543
193.157 12.2322 383.705 -0.00243003
193.213 12.2331 384.392 0.0227287
193.27 12.235 385.079 0.0391099
193.326 12.2376 385.767 0.0554173
193.382 12.2412 386.454 0.0668418
193.438 12.2455 387.142 0.0805919
193.494 12.2507 387.83 0.101635
193.551 12.257 388.519 0.117507
193.607 12.2641 389.207 0.130896
193.663 12.2718 389.897 0.140634
193.719 12.2801 390.586 0.153306
193.775 12.2892 391.277 0.1651
193.831 12.299 391.967 0.179803
193.888 12.3092 392.659 0.1859
193.944 12.3202 393.351 0.200698
194 12.3317 394.043 0.208357
194.056 12.3438 394.736 0.220679
194.112 12.3564 395.43 0.224977
194.169 12.3693 396.125 0.236231
194.225 12.383 396.82 0.248554
194.281 12.3975 397.516 0.264815
194.337 12.4129 398.213 0.280016
194.393 12.429 398.911 0.288065
194.449 12.4454 399.61 0.295852
194.506 12.4622 400.31 0.302193
194.562 12.4793 401.01 0.305246
194.618 12.4969 401.712 0.312937
194.674 12.5149 402.415 0.321112
194.73 12.533 403.118 0.322953
194.787 12.5512 403.823 0.326253
194.843 12.5696 404.529 0.327149
194.899 12.5879 405.236 0.325033
194.955 12.6063 405.944 0.327221
195.011 12.6247 406.652 0.327425
195.067 12.643 407.362 0.326435
195.124 12.6615 408.073 0.332996
195.18 12.6805 408.785 0.336408
195.236 12.6991 409.498 0.329597
195.292 12.7176 410.212 0.326883
195.348 12.7358 410.927 0.321515
195.404 12.7536 411.643 0.312189
195.461 12.771 412.36 0.305554
195.517 12.7879 413.078 0.296713
195.573 12.8042 413.797 0.28543
195.629 12.82 414.517 0.276043
195.685 12.8355 415.238 0.273016
195.742 12.8505 415.96 0.266588
195.798 12.865 416.682 0.250797
195.854 12.8788 417.405 0.24457
195.91 12.892 418.129 0.230742
195.966 12.9046 418.854 0.215363
196.022 12.9163 419.579 0.204876
196.079 12.9273 420.305 0.191269
196.135 12.9376 421.032 0.175151
196.191 12.9469 421.759 0.160786
196.247 12.9553 422.487 0.143837
196.303 12.9629 423.215 0.125856
196.36 12.9693 423.943 0.107034
196.416 12.9747 424.672 0.089607
196.472 12.9792 425.401 0.0728877
196.528 12.9828 426.13 0.0601315
196.584 12.9858 426.86 0.0483651
196.64 12.9881 427.59 0.0363161
196.697 12.9898 428.319 0.0240712
196.753 12.9906 429.049 0.00719602
196.809 12.9904 429.779 -0.01251
196.865 12.9891 430.509 -0.0284543
196.921 12.9868 431.238 -0.0498291
196.978 12.9833 431.968 -0.0718028
197.034 12.9788 432.697 -0.08682
197.09 12.9734 433.426 -0.102715
197.146 12.967 434.155 -0.120762
197.202 12.9598 434.883 -0.132266
197.258 12.9518 435.611 -0.150283
197.315 12.9428 436.338 -0.166221
197.371 12.9329 437.065 -0.182229
197.427 12.9219 437.791 -0.202935
197.483 12.91 438.517 -0.219345
197.539 12.8973 439.241 -0.228947
197.596 12.8839 439.966 -0.245209
197.652 12.8697 440.689 -0.258554
197.708 12.8546 441.411 -0.272509
197.764 12.8387 442.133 -0.288579
197.82 12.822 442.854 -0.304146
197.876 12.8046 443.574 -0.312431
197.933 12.7867 444.292 -0.320604
197.989 12.7685 445.01 -0.328776
198.045 12.7498 445.727 -0.336353
198.101 12.7305 446.442 -0.346327
198.157 12.7107 447.157 -0.357504
198.213 12.6905 447.87 -0.361624
198.27 12.6701 448.583 -0.365368
198.326 12.6493 449.294 -0.374175
198.382 12.6281 450.004 -0.379759
198.438 12.6064 450.712 -0.388868
198.494 12.5843 451.42 -0.396177
198.551 12.5619 452.126 -0.399353
198.607 12.5393 452.831 -0.400277
198.663 12.5169 453.535 -0.400441
198.719 12.4945 454.237 -0.396601
198.775 12.4724 454.938 -0.389352
198.831 12.4506 455.638 -0.391632
198.888 12.4287 456.337 -0.387563
198.944 12.4069 457.035 -0.387877
199 12.3852 457.731 -0.384946
199.056 12.3638 458.426 -0.377727
199.112 12.3426 459.12 -0.378092
199.169 12.3216 459.812 -0.372938
199.225 12.3012 460.504 -0.358423
199.281 12.2812 461.194 -0.354068
199.337 12.2614 461.884 -0.351533
199.393 12.2418 462.572 -0.348056
199.449 12.2223 463.259 -0.343793
199.506 12.2035 463.945 -0.328189
199.562 12.1854 464.63 -0.318779
199.618 12.1676 465.314 -0.316927
199.674 12.1501 465.997 -0.307458
199.73 12.1332 466.679 -0.296009
199.787 12.1169 467.36 -0.285174
199.843 12.1014 468.04 -0.273437
199.899 12.0863 468.72 -0.263324
199.955 12.0719 469.398 -0.252636
200.011 12.058 470.076 -0.243806
200.067 12.0445 470.753 -0.236407
200.124 12.0315 471.429 -0.227775
200.18 12.0191 472.104 -0.217478
200.236 12.0074 472.779 -0.202339
200.292 11.9964 473.453 -0.191869
200.348 11.9861 474.127 -0.178004
200.404 11.9766 474.8 -0.162237
200.461 11.9679 475.473 -0.148267
200.517 11.9601 476.145 -0.132427
200.573 11.9532 476.816 -0.118675
200.629 11.9469 477.488 -0.107556
200.685 11.9414 478.159 -0.0915395
200.742 11.9368 478.829 -0.0746244
200.798 11.9329 479.5 -0.0643757
200.854 11.9298 480.17 -0.0518845
200.91 11.9276 480.84 -0.0338643
200.966 11.9263 481.51 -0.0133847
201.022 11.9259 482.18 -0.00175988
201.079 11.9261 482.85 0.0099959
201.135 11.9274 483.52 0.0301189
201.191 11.9294 484.191 0.038795
201.247 11.9319 484.861 0.050374
201.303 11.9351 485.531 0.0612858
201.36 11.9389 486.202 0.0695979
201.416 11.9431 486.873 0.0771018
201.472 11.9475 487.544 0.081426
201.528 11.9524 488.215 0.0909815
201.584 11.9581 488.887 0.109488
201.64 11.9647 489.559 0.123306
201.697 11.972 490.231 0.135621
201.753 11.9803 490.904 0.152939
201.809 11.9891 491.578 0.162543
201.865 11.9988 492.251 0.178322
201.921 12.0092 492.926 0.185903
201.978 12.0197 493.601 0.186033
202.034 12.0305 494.277 0.20026
202.09 12.0421 494.953 0.212415
202.146 12.0547 495.63 0.231307
202.202 12.0679 496.307 0.24104
202.258 12.0819 496.986 0.254501
202.315 12.0967 497.665 0.268203
202.371 12.1123 498.345 0.283055
202.427 12.1288 499.026 0.298689
202.483 12.1458 499.708 0.305
202.539 12.1633 500.391 0.31314
202.596 12.181 501.075 0.318211
202.652 12.1991 501.76 0.323806
202.708 12.2174 502.446 0.332312
202.764 12.2357 503.133 0.323629
202.82 12.2543 503.821 0.338842
202.876 12.2733 504.51 0.33959
202.933 12.2925 505.2 0.342571
202.989 12.3119 505.891 0.344774
203.045 12.3313 506.584 0.346363
203.101 12.351 507.277 0.354842
203.157 12.371 507.972 0.353993
203.213 12.3908 508.667 0.350924
203.27 12.4106 509.364 0.35119
203.326 12.4302 510.062 0.3528
203.382 12.45 510.761 0.353649
203.438 12.47 511.461 0.357372
203.494 12.4901 512.162 0.356544
203.551 12.5102 512.865 0.3624
203.607 12.5304 513.568 0.361147
203.663 12.5507 514.273 0.360424
203.719 12.571 514.979 0.361837
203.775 12.5913 515.686 0.361272
203.831 12.6114 516.394 0.358204
203.888 12.6316 517.103 0.357229
203.944 12.6516 517.813 0.357542
204 12.6715 518.525 0.352131
204.056 12.6912 519.237 0.347713
204.112 12.7107 519.951 0.346687
204.169 12.7299 520.666 0.339205
204.225 12.7488 521.381 0.33156
204.281 12.7673 522.098 0.328994
204.337 12.7855 522.816 0.32235
204.393 12.8035 523.535 0.315772
204.449 12.8211 524.255 0.312358
204.506 12.8382 524.976 0.30164
204.562 12.8548 525.698 0.292041
204.618 12.8709 526.42 0.286071
204.674 12.8866 527.144 0.274644
204.73 12.9017 527.868 0.263854
204.787 12.9164 528.594 0.259775
204.843 12.9306 529.32 0.251509
204.899 12.9446 530.047 0.245397
204.955 12.9582 530.774 0.238214
205.011 12.9713 531.503 0.230554
205.067 12.9839 532.232 0.219659
205.124 12.996 532.962 0.213113
205.18 13.0076 533.692 0.205022
205.236 13.019 534.423 0.200924
205.292 13.0302 535.155 0.197746
205.348 13.041 535.888 0.187813
205.404 13.0512 536.621 0.177066
205.461 13.0609 537.354 0.169835
205.517 13.0701 538.088 0.160747
205.573 13.0789 538.823 0.152895
205.629 13.0876 539.558 0.152779
205.685 13.0959 540.293 0.147873
205.742 13.104 541.029 0.138996
205.798 13.1117 541.766 0.136388
205.854 13.1192 542.503 0.133483
205.91 13.1267 543.24 0.133004
205.966 13.1342 543.978 0.133729
206.022 13.1414 544.716 0.124645
206.079 13.1482 545.454 0.116999
206.135 13.1547 546.193 0.114681
206.191 13.1608 546.932 0.106721
206.247 13.1666 547.672 0.101336
206.303 13.1723 548.412 0.0985975
206.36 13.1777 549.152 0.0946955
206.416 13.183 549.893 0.0924191
206.472 13.1882 550.633 0.0938757
206.528 13.1932 551.375 0.0876763
206.584 13.1981 552.116 0.0851342
206.64 13.2031 552.858 0.0878886
206.697 13.2083 553.599 0.0937185
206.753 13.2137 554.342 0.0962174
206.809 13.2194 555.084 0.10248
206.865 13.2251 555.827 0.103411
206.921 13.2309 556.57 0.100165
206.978 13.2365 557.314 0.100119
207.034 13.2419 558.058 0.0950459
207.09 13.2471 558.802 0.0926482
207.146 13.2524 559.546 0.0932105
207.202 13.2575 560.291 0.0908828
207.258 13.2625 561.036 0.084035
207.315 13.2675 561.781 0.089988
207.371 13.2723 562.526 0.0869667
207.427 13.2771 563.272 0.0842941
207.483 13.2818 564.018 0.0853213
207.539 13.2866 564.765 0.0855573
207.596 13.2913 565.511 0.0825503
207.652 13.2962 566.258 0.0879181
207.708 13.301 567.005 0.0864881
207.764 13.3058 567.753 0.0836426
207.82 13.3106 568.5 0.0845943
207.876 13.3152 569.248 0.0835436
207.933 13.32 569.996 0.0828576
207.989 13.3248 570.745 0.0887062
208.045 13.3297 571.494 0.0874605
208.101 13.3345 572.243 0.0833985
208.157 13.3394 572.992 0.087996
208.213 13.3443 573.742 0.0876753
208.27 13.3491 574.491 0.0820459
208.326 13.3537 575.242 0.080342
208.382 13.3579 575.992 0.0722488
208.438 13.3616 576.742 0.0638948
208.494 13.3652 577.493 0.0619863
208.551 13.3685 578.244 0.0593163
208.607 13.3718 578.995 0.0547446
208.663 13.3749 579.747 0.0543673
208.719 13.3777 580.498 0.048378
208.775 13.3803 581.25 0.0413002
208.831 13.3826 582.002 0.0402994
208.888 13.3845 582.754 0.0308777
208.944 13.3859 583.505 0.0190793
209 13.3867 584.258 0.0121635
209.056 13.387 585.01 0.000560213
209.112 13.3867 585.762 -0.0122484
209.169 13.3857 586.514 -0.0219896
209.225 13.3841 587.266 -0.0317942
209.281 13.3819 588.018 -0.0447665
209.337 13.3792 588.769 -0.0501658
209.393 13.376 589.521 -0.0595172
209.449 13.3725 590.272 -0.0672946
209.506 13.3685 591.023 -0.0747665
209.562 13.3638 591.774 -0.0879081
209.618 13.3586 592.525 -0.0991073
209.674 13.3526 593.275 -0.110368
209.73 13.3459 594.025 -0.124117
209.787 13.3386 594.774 -0.13604
209.843 13.3307 595.524 -0.14684
209.899 13.3221 596.272 -0.157974
209.955 13.3128 597.02 -0.168771
210.011 13.3031 597.768 -0.179058
210.067 13.2925 598.515 -0.193708
210.124 13.281 599.261 -0.212083
210.18 13.2686 600.007 -0.226995
210.236 13.2555 600.752 -0.234476
210.292 13.2419 601.496 -0.246167
210.348 13.228 602.24 -0.248203
210.404 13.214 602.982 -0.248137
210.461 13.2001 603.724 -0.249602
210.517 13.186 604.465 -0.250655
210.573 13.1717 605.206 -0.254809
210.629 13.1575 605.945 -0.250957
210.685 13.1435 606.684 -0.247107
210.742 13.1297 607.422 -0.24263
210.798 13.1163 608.159 -0.239782
210.854 13.1029 608.895 -0.235874
210.91 13.0897 609.631 -0.234082
210.966 13.0767 610.366 -0.229514
211.022 13.064 611.1 -0.222874
211.079 13.0516 611.834 -0.219101
211.135 13.0395 612.567 -0.211278
211.191 13.0278 613.299 -0.204591
211.247 13.0165 614.03 -0.196326
211.303 13.0059 614.761 -0.18617
211.36 12.9958 615.491 -0.172634
211.416 12.9865 616.221 -0.161237
211.472 12.9778 616.951 -0.15158
211.528 12.9698 617.679 -0.138773
211.584 12.9622 618.408 -0.131105
211.64 12.9551 619.136 -0.124578
211.697 12.9485 619.863 -0.113481
211.753 12.9423 620.591 -0.106304
211.809 12.9367 621.317 -0.0957597
211.865 12.9317 622.044 -0.0843632
211.921 12.9272 622.77 -0.074909
211.978 12.9233 623.496 -0.0670767
212.034 12.9199 624.222 -0.0557762
212.09 12.917 624.948 -0.048927
212.146 12.9144 625.674 -0.0446734
212.202 12.9121 626.399 -0.03901
212.258 12.9099 627.124 -0.0372735
212.315 12.9078 627.85 -0.038779
212.371 12.9058 628.575 -0.0335601
212.427 12.9038 629.3 -0.0353808
212.483 12.9016 630.025 -0.0441659
212.539 12.8989 630.749 -0.050749
212.596 12.8961 631.474 -0.0528921
212.652 12.8931 632.198 -0.0533884
212.708 12.89 632.923 -0.0573469
212.764 12.8865 633.647 -0.0641468
212.82 12.8828 634.37 -0.0694851
212.876 12.879 635.094 -0.0679556
212.933 12.8748 635.817 -0.0751956
212.989 12.8706 636.541 -0.0794075
213.045 12.8657 637.264 -0.0915507
213.101 12.86 637.986 -0.107029
213.157 12.8534 638.708 -0.123987
213.213 12.8461 639.43 -0.133588
213.27 12.8381 640.152 -0.148946
213.326 12.8292 640.873 -0.164037
213.382 12.8197 641.593 -0.171892
213.438 12.8097 642.313 -0.178206
213.494 12.7995 643.032 -0.183291
213.551 12.7891 643.751 -0.186231
213.607 12.7783 644.469 -0.195047
213.663 12.7673 645.187 -0.198601
213.719 12.756 645.903 -0.201762
213.775 12.7445 646.62 -0.207694
213.831 12.7325 647.335 -0.221158
213.888 12.7194 648.05 -0.238492
213.944 12.7054 648.764 -0.2547
214 12.6908 649.478 -0.265562
214.056 12.6756 650.19 -0.274578
214.112 12.6599 650.902 -0.283027
214.169 12.6439 651.612 -0.28468
214.225 12.6279 652.322 -0.285038
214.281 12.6115 653.031 -0.29365
214.337 12.595 653.739 -0.295554
214.393 12.5781 654.446 -0.301453
214.449 12.5611 655.152 -0.302984
214.506 12.544 655.857 -0.304325
214.562 12.5269 656.561 -0.301768
214.618 12.5101 657.264 -0.301631
214.674 12.493 657.967 -0.306638
214.73 12.4758 658.668 -0.304214
214.787 12.4587 659.368 -0.304335
214.843 12.4416 660.068 -0.304671
214.899 12.4243 660.766 -0.30644
214.955 12.4071 661.463 -0.306361
215.011 12.39 662.16 -0.303644
215.067 12.3731 662.855 -0.299337
215.124 12.3563 663.55 -0.294818
215.18 12.34 664.244 -0.290106
215.236 12.3239 664.936 -0.283697
215.292 12.3079 665.628 -0.283461
215.348 12.2919 666.319 -0.28676
215.404 12.2759 667.009 -0.284563
215.461 12.2598 667.698 -0.287056
215.517 12.2437 668.386 -0.2859
215.573 12.2277 669.074 -0.283127
215.629 12.2118 669.76 -0.282684
215.685 12.1961 670.446 -0.278263
215.742 12.1807 671.13 -0.270867
215.798 12.1655 671.814 -0.270569
215.854 12.1502 672.497 -0.274057
215.91 12.1352 673.179 -0.260853
215.966 12.1207 673.86 -0.255327
216.022 12.1067 674.541 -0.246475
216.079 12.093 675.22 -0.239925
216.135 12.0798 675.899 -0.232802
216.191 12.0669 676.578 -0.228172
216.247 12.0546 677.255 -0.212831
216.303 12.0429 677.932 -0.204573
216.36 12.0317 678.608 -0.195339
216.416 12.021 679.284 -0.185457
216.472 12.011 679.959 -0.173115
216.528 12.0016 680.633 -0.165985
216.584 11.9927 681.307 -0.153675
216.64 11.9842 681.981 -0.146798
216.697 11.9764 682.654 -0.133567
216.753 11.969 683.326 -0.128995
216.809 11.9623 683.998 -0.116547
216.865 11.956 684.67 -0.109075
216.921 11.9503 685.342 -0.0916177
216.978 11.9455 686.013 -0.0822699
217.034 11.9413 686.684 -0.0737927
217.09 11.9375 687.355 -0.0611045
217.146 11.9345 688.025 -0.0492605
217.202 11.9319 688.695 -0.0462507
217.258 11.93 689.366 -0.0309745
217.315 11.9285 690.036 -0.0227573
217.371 11.9274 690.706 -0.0169115
217.427 11.9268 691.376 -0.00626756
217.483 11.9267 692.046 0.00225485
217.539 11.927 692.716 0.00830756
217.596 11.9279 693.386 0.0208446
217.652 11.9292 694.056 0.0269345
217.708 11.931 694.727 0.0349841
217.764 11.9333 695.397 0.0448727
217.82 11.9361 696.067 0.0527599
217.876 11.9392 696.738 0.0573234
217.933 11.9425 697.409 0.0590742
217.989 11.9462 698.08 0.0662571
218.045 11.9501 698.751 0.0701848
218.101 11.9543 699.423 0.0747956
218.157 11.9585 700.095 0.0785349
218.213 11.963 700.767 0.0807188
218.27 11.9677 701.439 0.0829681
218.326 11.9725 702.111 0.0890149
218.382 11.9776 702.784 0.0904353
218.438 11.9828 703.457 0.0949097
218.494 11.9882 704.13 0.0984427
218.551 11.9938 704.804 0.102265
218.607 11.9997 705.478 0.106391
218.663 12.0058 706.153 0.110379
218.719 12.0123 706.827 0.118657
218.775 12.0191 707.502 0.120097
218.831 12.026 708.178 0.123227
218.888 12.0329 708.854 0.126794
218.944 12.0402 709.53 0.132185
219 12.0477 710.207 0.13105
219.056 12.0552 710.884 0.131649
219.112 12.0625 711.561 0.129509
219.169 12.0696 712.239 0.124259
219.225 12.0765 712.917 0.119212
219.281 12.083 713.596 0.112929
219.337 12.0891 714.275 0.106554
219.393 12.0949 714.954 0.100824
219.449 12.1005 715.634 0.099919
219.506 12.1059 716.314 0.0947976
219.562 12.1111 716.994 0.0908079
219.618 12.116 717.675 0.0859044
219.674 12.1208 718.356 0.0847939
219.73 12.1255 719.037 0.0830131
219.787 12.1304 719.718 0.0867008
219.843 12.135 720.4 0.0807808
219.899 12.1395 721.082 0.0764939
219.955 12.1437 721.764 0.0760792
220.011 12.1479 722.446 0.0738252
220.067 12.1519 723.129 0.0684015
220.124 12.1556 723.812 0.0665641
220.18 12.1593 724.495 0.0644119
220.236 12.1629 725.178 0.0662917
220.292 12.1667 725.861 0.0679652
220.348 12.1703 726.545 0.0619541
220.404 12.1737 727.229 0.0571791
220.461 12.177 727.913 0.0586801
220.517 12.1804 728.597 0.0618369
220.573 12.1838 729.281 0.0568349
220.629 12.1868 729.966 0.0520942
220.685 12.1894 730.651 0.042481
220.742 12.1916 731.336 0.0379886
220.798 12.1936 732.021 0.0328097
220.854 12.1954 732.706 0.0299147
220.91 12.1968 733.391 0.0230175
220.966 12.1983 734.076 0.0260789
221.022 12.1996 734.762 0.0211154
221.079 12.201 735.447 0.0258576
221.135 12.2025 736.132 0.0275224
221.191 12.2041 736.818 0.0297168
221.247 12.2059 737.504 0.0327384
221.303 12.2078 738.19 0.0337829
221.36 12.2095 738.875 0.0312964
221.416 12.2113 739.561 0.0316762
221.472 12.2133 740.248 0.0383703
221.528 12.2154 740.934 0.0385632
221.584 12.2177 741.62 0.0435054
221.64 12.2205 742.307 0.0534515
221.697 12.2237 742.993 0.0586282
221.753 12.2272 743.68 0.0650098
221.809 12.231 744.367 0.06899
221.865 12.2348 745.054 0.067627
221.921 12.2386 745.742 0.0653326
221.978 12.2425 746.43 0.0705505
222.034 12.2464 747.117 0.0720136
222.09 12.2508 747.806 0.0810129
222.146 12.2556 748.494 0.0889022
222.202 12.261 749.183 0.0999354
222.258 12.2668 749.872 0.10763
222.315 12.2734 750.561 0.121026
222.371 12.2802 751.251 0.122958
222.427 12.2871 751.941 0.120448
222.483 12.2938 752.631 0.120227
222.539 12.3006 753.322 0.12023
222.596 12.3075 754.014 0.120838
222.652 12.3145 754.705 0.128269
222.708 12.3217 755.397 0.128207
222.764 12.3292 756.09 0.135401
222.82 12.3371 756.783 0.145971
222.876 12.3455 757.476 0.153899
222.933 12.3545 758.17 0.161938
222.989 12.3639 758.864 0.170916
223.045 12.3735 759.559 0.172853
223.101 12.3831 760.255 0.172024
223.157 12.3929 760.951 0.174907
223.213 12.4025 761.647 0.172516
223.27 12.4122 762.344 0.169782
223.326 12.4217 763.042 0.17087
223.382 12.4316 763.74 0.178052
223.438 12.4417 764.439 0.1811
223.494 12.4521 765.138 0.185788
223.551 12.4624 765.838 0.183288
223.607 12.4726 766.539 0.179196
223.663 12.4827 767.24 0.181234
223.719 12.4927 767.941 0.177236
223.775 12.5027 768.644 0.178077
223.831 12.5129 769.346 0.185128
223.888 12.5232 770.05 0.186019
223.944 12.5334 770.753 0.179881
224 12.5437 771.458 0.180471
224.056 12.554 772.163 0.184281
224.112 12.5643 772.869 0.181536
224.169 12.5744 773.575 0.177798
224.225 12.5841 774.282 0.171812
224.281 12.5937 774.989 0.168975
224.337 12.6032 775.697 0.170862
224.393 12.6128 776.405 0.170887
224.449 12.6223 777.114 0.166603
224.506 12.6317 777.823 0.170069
224.562 12.6412 778.533 0.169133
224.618 12.6506 779.244 0.166354
224.674 12.6599 779.955 0.163798
224.73 12.6687 780.666 0.152649
224.787 12.677 781.378 0.145423
224.843 12.6849 782.091 0.140306
224.899 12.6926 782.804 0.13579
224.955 12.7001 783.517 0.132306
225.011 12.7075 784.231 0.128605
225.067 12.7144 784.945 0.12073
225.124 12.721 785.66 0.115977
225.18 12.7275 786.374 0.115369
225.236 12.7339 787.09 0.110675
225.292 12.7401 787.805 0.111828
225.348 12.746 788.521 0.104352
225.404 12.7515 789.237 0.0932094
225.461 12.7564 789.954 0.0825319
225.517 12.7609 790.671 0.0785335
225.573 12.7651 791.388 0.0721168
225.629 12.7691 792.105 0.0688793
225.685 12.7728 792.823 0.0657728
225.742 12.7763 793.54 0.060151
225.798 12.7795 794.258 0.0545168
225.854 12.7828 794.976 0.0594728
225.91 12.7861 795.694 0.0596504
225.966 12.7896 796.413 0.0611289
226.022 12.7933 797.132 0.068498
226.079 12.7972 797.85 0.0720638
226.135 12.8012 798.569 0.0677788
226.191 12.8048 799.289 0.0629969
226.247 12.808 800.008 0.0546308
226.303 12.8107 800.728 0.0430827
226.36 12.8131 801.448 0.0415451
226.416 12.815 802.168 0.0318284
226.472 12.8164 802.888 0.0192028
226.528 12.8173 803.608 0.0136954
226.584 12.8181 804.328 0.0155637
226.64 12.8191 805.048 0.0161581
226.697 12.8201 805.768 0.019618
226.753 12.8211 806.488 0.0161282
226.809 12.8218 807.209 0.0107255
226.865 12.8225 807.929 0.0106906
226.921 12.8229 808.649 0.00540997
226.978 12.8232 809.37 0.00413704
227.034 12.8234 810.09 0.00518694
227.09 12.8235 810.811 -0.00104843
227.146 12.8234 811.531 -0.00298993
227.202 12.8233 812.251 -0.00296859
227.258 12.8228 812.972 -0.00952563
227.315 12.8222 813.692 -0.0114889
227.371 12.8215 814.413 -0.013562
227.427 12.8204 815.133 -0.0200952
227.483 12.8193 815.853 -0.0207227
227.539 12.8181 816.573 -0.0181322
227.596 12.8171 817.293 -0.0165763
227.652 12.8163 818.013 -0.0143507
227.708 12.8155 818.733 -0.0134767
227.764 12.8146 819.453 -0.0187164
227.82 12.8136 820.173 -0.0178215
227.876 12.8127 820.893 -0.0147146
227.933 12.8118 821.613 -0.0174222
227.989 12.8107 822.332 -0.0212945
228.045 12.8097 823.052 -0.0132941
228.101 12.8088 823.772 -0.0183257
228.157 12.8079 824.491 -0.0127083
228.213 12.8073 825.211 -0.0103397
228.27 12.8065 825.93 -0.0168002
228.326 12.8052 826.65 -0.0281956
228.382 12.8035 827.369 -0.0350796
228.438 12.8017 828.088 -0.0298368
228.494 12.8001 828.807 -0.0293003
228.551 12.7987 829.526 -0.0241252
228.607 12.7973 830.245 -0.0235818
228.663 12.796 830.964 -0.024343
228.719 12.7945 831.683 -0.0272656
228.775 12.7928 832.402 -0.0309059
228.831 12.7911 833.121 -0.0301565
228.888 12.7895 833.839 -0.0256413
228.944 12.788 834.558 -0.0263524
229 12.7865 835.276 -0.0314075
229.056 12.7848 835.994 -0.0326535
229.112 12.7827 836.712 -0.0365989
229.169 12.7807 837.43 -0.0379296
229.225 12.7786 838.148 -0.0385613
229.281 12.7764 838.866 -0.0412272
229.337 12.7742 839.584 -0.0397391
229.393 12.7719 840.302 -0.0396161
229.449 12.7696 841.019 -0.0424595
229.506 12.7671 841.736 -0.0472794
229.562 12.7644 842.453 -0.0486607
229.618 12.7614 843.17 -0.0531703
229.674 12.7583 843.887 -0.056112
229.73 12.7554 844.604 -0.05009
229.787 12.7524 845.32 -0.054254
229.843 12.7491 846.037 -0.0600873
229.899 12.7456 846.753 -0.0640408
229.955 12.7417 847.469 -0.07292
230.011 12.737 848.184 -0.0906298
230.067 12.7318 848.9 -0.094418
230.124 12.7263 849.615 -0.0986575
230.18 12.7207 850.33 -0.101209
230.236 12.7149 851.044 -0.105496
230.292 12.7088 851.758 -0.109644
230.348 12.7025 852.472 -0.116536
230.404 12.6959 853.185 -0.117649
230.461 12.689 853.898 -0.123356
230.517 12.6821 854.611 -0.12373
230.573 12.6753 855.323 -0.119632
230.629 12.6686 856.035 -0.11919
230.685 12.6617 856.747 -0.126045
230.742 12.6544 857.458 -0.131535
230.798 12.6467 858.168 -0.14181
230.854 12.6384 858.879 -0.150867
230.91 12.6298 859.588 -0.154392
230.966 12.6208 860.298 -0.161349
231.022 12.6115 861.006 -0.166956
231.079 12.602 861.715 -0.171322
231.135 12.5921 862.422 -0.1811
231.191 12.5816 863.129 -0.190665
231.247 12.5707 863.836 -0.195157
231.303 12.5595 864.542 -0.201319
231.36 12.5479 865.247 -0.21308
231.416 12.5357 865.951 -0.219198
231.472 12.5229 866.655 -0.232518
231.528 12.5096 867.358 -0.243505
231.584 12.4956 868.061 -0.252555
231.64 12.4809 868.762 -0.264929
231.697 12.4657 869.463 -0.27663
231.753 12.4499 870.163 -0.284333
231.809 12.4334 870.861 -0.296971
231.865 12.4165 871.559 -0.303883
231.921 12.3992 872.256 -0.314202
231.978 12.3809 872.952 -0.331584
232.034 12.3621 873.647 -0.337653
232.09 12.343 874.341 -0.341414
232.146 12.3234 875.034 -0.352249
232.202 12.3035 875.725 -0.35732
232.258 12.2834 876.416 -0.361281
232.315 12.2628 877.105 -0.370413
232.371 12.2416 877.794 -0.384755
232.427 12.2197 878.481 -0.396125
232.483 12.1969 879.166 -0.413214
232.539 12.1732 879.851 -0.42881
232.596 12.1486 880.534 -0.441814
232.652 12.1234 881.215 -0.453148
232.708 12.0979 881.896 -0.455772
232.764 12.0725 882.575 -0.451126
232.82 12.0468 883.252 -0.459662
232.876 12.0208 883.928 -0.466229
232.933 11.9945 884.602 -0.467634
232.989 11.9679 885.275 -0.477615
233.045 11.9412 885.947 -0.474847
233.101 11.9145 886.617 -0.478729
233.157 11.8876 887.285 -0.477187
233.213 11.8607 887.952 -0.479828
233.27 11.8341 888.617 -0.470337
233.326 11.8075 889.281 -0.468874
233.382 11.7814 889.944 -0.462025
233.438 11.7559 890.605 -0.447528
233.494 11.731 891.264 -0.441048
233.551 11.7065 891.923 -0.433712
233.607 11.6823 892.579 -0.428585
233.663 11.6582 893.235 -0.426821
233.719 11.6346 893.889 -0.417087
233.775 11.6117 894.542 -0.404873
233.831 11.5892 895.194 -0.397758
233.888 11.5671 895.844 -0.38939
233.944 11.5456 896.493 -0.377278
234 11.5243 897.141 -0.37897
234.056 11.5031 897.788 -0.377939
234.112 11.4822 898.433 -0.368016
234.169 11.4617 899.078 -0.358562
234.225 11.4419 899.721 -0.348399
234.281 11.4226 900.363 -0.337313
234.337 11.404 901.004 -0.327505
234.393 11.386 901.644 -0.318153
234.449 11.3682 902.283 -0.311132
234.506 11.351 902.921 -0.30015
234.562 11.3346 903.558 -0.289363
234.618 11.3187 904.195 -0.278557
234.674 11.3033 904.83 -0.273868
234.73 11.288 905.465 -0.270364
234.787 11.273 906.098 -0.264543
234.843 11.2582 906.731 -0.261597
234.899 11.2438 907.363 -0.25423
234.955 11.2297 907.994 -0.246357
235.011 11.2158 908.625 -0.247285
235.067 11.202 909.254 -0.244809
235.124 11.1884 909.883 -0.240128
235.18 11.175 910.511 -0.237088
235.236 11.1618 911.139 -0.232346
235.292 11.1491 911.765 -0.223957
235.348 11.1367 912.391 -0.218346
235.404 11.1249 913.016 -0.209082
235.461 11.1133 913.641 -0.20354
235.517 11.1019 914.265 -0.202917
235.573 11.0905 914.888 -0.204662
235.629 11.0792 915.511 -0.202296
235.685 11.068 916.133 -0.198421
235.742 11.0569 916.754 -0.195786
235.798 11.0461 917.375 -0.190167
235.854 11.0356 917.995 -0.186825
235.91 11.0251 918.615 -0.184879
235.966 11.015 919.234 -0.176655
236.022 11.0053 919.853 -0.169933
236.079 10.9961 920.471 -0.161595
236.135 10.9874 921.088 -0.149861
236.191 10.9792 921.705 -0.144077
236.247 10.9715 922.322 -0.132577
236.303 10.9644 922.938 -0.123042
236.36 10.9579 923.553 -0.109565
236.416 10.9523 924.169 -0.0942908
236.472 10.9475 924.784 -0.079604
236.528 10.9435 925.399 -0.0643454
236.584 10.9404 926.014 -0.046409
236.64 10.9383 926.628 -0.0314012
236.697 10.9371 927.243 -0.0147836
236.753 10.9369 927.857 0.0057819
236.809 10.9379 928.472 0.0235622
236.865 10.9399 929.086 0.0444033
236.921 10.9432 929.701 0.0660707
236.978 10.9475 930.316 0.0826668
237.034 10.9529 930.931 0.105996
237.09 10.9594 931.546 0.122303
237.146 10.9669 932.162 0.140136
237.202 10.9754 932.779 0.159028
237.258 10.9853 933.396 0.186326
237.315 10.9965 934.013 0.208999
237.371 11.0088 934.631 0.222912
237.427 11.0218 935.25 0.237236
237.483 11.0358 935.87 0.258964
237.539 11.051 936.49 0.277945
237.596 11.0671 937.112 0.291296
237.652 11.0841 937.734 0.309079
237.708 11.1023 938.357 0.334298
237.764 11.1218 938.982 0.355126
237.82 11.1424 939.607 0.374101
237.876 11.164 940.234 0.388167
237.933 11.1861 940.862 0.396614
237.989 11.2086 941.491 0.401925
238.045 11.2313 942.122 0.407316
238.101 11.2545 942.753 0.416919
238.157 11.2782 943.387 0.424895
238.213 11.3023 944.021 0.431017
238.27 11.3269 944.657 0.437335
238.326 11.3516 945.294 0.442259
238.382 11.3765 945.932 0.441947
238.438 11.4013 946.572 0.439365
238.494 11.4259 947.214 0.438082
238.551 11.4504 947.857 0.435204
238.607 11.4749 948.501 0.434346
238.663 11.4992 949.146 0.43399
238.719 11.5235 949.793 0.429807
238.775 11.5476 950.441 0.428012
238.831 11.5717 951.091 0.431644
238.888 11.5956 951.742 0.425861
238.944 11.6194 952.394 0.418375
239 11.6427 953.047 0.411274
239.056 11.6655 953.702 0.403073
239.112 11.6879 954.358 0.395161
239.169 11.7099 955.016 0.389003
239.225 11.7314 955.674 0.378229
239.281 11.7522 956.334 0.363838
239.337 11.7722 956.995 0.350184
239.393 11.7913 957.657 0.334602
239.449 11.8096 958.32 0.317591
239.506 11.8269 958.984 0.304516
239.562 11.8436 959.649 0.292329
239.618 11.8596 960.315 0.276131
239.674 11.8745 960.982 0.258339
239.73 11.8883 961.649 0.233521
239.787 11.9006 962.318 0.206668
239.843 11.9113 962.987 0.180955
239.899 11.9207 963.656 0.153241
239.955 11.9285 964.326 0.130387
240.011 11.9351 964.996 0.109124
240.067 11.9404 965.667 0.0862756
240.124 11.9445 966.338 0.0639869
240.18 11.9474 967.009 0.0434733
240.236 11.9491 967.681 0.0226058
240.292 11.9497 968.352 0.00171738
240.348 11.9492 969.023 -0.0169697
240.404 11.9476 969.694 -0.0363743
240.461 11.9449 970.366 -0.059294
240.517 11.9411 971.036 -0.0707568
240.573 11.9365 971.707 -0.0851794
240.629 11.931 972.378 -0.105945
240.685 11.9247 973.048 -0.118911
240.742 11.9173 973.717 -0.138102
240.798 11.909 974.387 -0.155165
240.854 11.8999 975.055 -0.16788
240.91 11.8898 975.724 -0.18401
240.966 11.8789 976.391 -0.201379
241.022 11.8672 977.058 -0.211403
241.079 11.8549 977.724 -0.225096
241.135 11.8419 978.39 -0.236512
241.191 11.8282 979.055 -0.24749
241.247 11.8138 979.719 -0.259668
241.303 11.7988 980.382 -0.27192
241.36 11.7833 981.044 -0.277167
241.416 11.7675 981.706 -0.285132
241.472 11.7513 982.366 -0.291608
241.528 11.7346 983.026 -0.300711
241.584 11.7178 983.685 -0.300509
241.64 11.7008 984.342 -0.306391
241.697 11.6836 984.999 -0.307124
241.753 11.6663 985.655 -0.306064
241.809 11.6489 986.31 -0.312514
241.865 11.6315 986.964 -0.306588
241.921 11.6144 987.616 -0.303279
241.978 11.5976 988.268 -0.295412
242.034 11.5812 988.919 -0.288098
242.09 11.5652 989.569 -0.28319
242.146 11.5495 990.219 -0.274136
242.202 11.5343 990.867 -0.26634
242.258 11.5197 991.514 -0.256784
242.315 11.5056 992.161 -0.246676
242.371 11.4922 992.807 -0.23222
242.427 11.4798 993.452 -0.214354
242.483 11.4682 994.097 -0.204132
242.539 11.4574 994.741 -0.18616
242.596 11.4474 995.384 -0.169608
242.652 11.4385 996.027 -0.15448
242.708 11.4302 996.669 -0.141912
242.764 11.4224 997.311 -0.134804
242.82 11.4154 997.953 -0.119794
242.876 11.4093 998.594 -0.101506
242.933 11.404 999.235 -0.0905452
242.989 11.3996 999.875 -0.0731072
243.045 11.3958 1000.52 -0.0610547
243.101 11.3929 1001.16 -0.0461189
243.157 11.3906 1001.8 -0.0350011
243.213 11.3892 1002.44 -0.0148209
243.27 11.3888 1003.08 -0.00118417
243.326 11.3894 1003.71 0.0160494
243.382 11.3908 1004.35 0.0313745
243.438 11.393 1004.99 0.0428363
243.494 11.3958 1005.63 0.0548713
243.551 11.3993 1006.28 0.0675706
243.607 11.4033 1006.92 0.0718944
243.663 11.4076 1007.56 0.0779819
243.719 11.4123 1008.2 0.0866701
243.775 11.4173 1008.84 0.0935205
243.831 11.4227 1009.48 0.095067
243.888 11.4282 1010.12 0.100695
243.944 11.434 1010.76 0.105641
244 11.4402 1011.41 0.112339
244.056 11.4468 1012.05 0.120775
244.112 11.4537 1012.69 0.125677
244.169 11.4609 1013.34 0.127174
244.225 11.4682 1013.98 0.132426
244.281 11.4756 1014.63 0.131514
244.337 11.4829 1015.27 0.128125
244.393 11.4902 1015.92 0.131322
244.449 11.4974 1016.56 0.127184
244.506 11.5042 1017.21 0.114914
244.562 11.5105 1017.85 0.10792
244.618 11.5162 1018.5 0.0986648
244.674 11.5215 1019.15 0.0890514
244.73 11.5263 1019.8 0.0845151
244.787 11.5307 1020.44 0.0755866
244.843 11.5346 1021.09 0.0646799
244.899 11.5383 1021.74 0.0656723
244.955 11.5417 1022.39 0.0590173
245.011 11.5448 1023.04 0.0493309
245.067 11.5473 1023.69 0.0405908
245.124 11.5492 1024.33 0.0303675
245.18 11.5505 1024.98 0.0171078
245.236 11.5511 1025.63 0.00456722
245.292 11.5509 1026.28 -0.00500857
245.348 11.5501 1026.93 -0.0231719
245.404 11.5484 1027.58 -0.0359791
245.461 11.546 1028.23 -0.0485006
245.517 11.5427 1028.88 -0.0652508
245.573 11.5386 1029.52 -0.0768357
245.629 11.5337 1030.17 -0.096101
245.685 11.5278 1030.82 -0.110614
245.742 11.5212 1031.47 -0.122817
245.798 11.514 1032.11 -0.131452
245.854 11.5062 1032.76 -0.144651
245.91 11.4975 1033.41 -0.15982
245.966 11.4881 1034.05 -0.172338
246.022 11.478 1034.7 -0.183269
246.079 11.4675 1035.34 -0.187666
246.135 11.4567 1035.99 -0.194419
246.191 11.4454 1036.63 -0.207278
246.247 11.4338 1037.27 -0.207378
246.303 11.4219 1037.91 -0.213695
246.36 11.4101 1038.56 -0.209111
246.416 11.3985 1039.2 -0.206611
246.472 11.3868 1039.84 -0.207868
246.528 11.3753 1040.48 -0.203462
246.584 11.3642 1041.11 -0.192968
246.64 11.3537 1041.75 -0.183955
246.697 11.3437 1042.39 -0.173613
246.753 11.3342 1043.03 -0.164948
246.809 11.3253 1043.66 -0.150931
246.865 11.3175 1044.3 -0.13385
246.921 11.3105 1044.93 -0.11741
246.978 11.3044 1045.57 -0.104439
247.034 11.299 1046.2 -0.0890119
247.09 11.2948 1046.84 -0.0641521
247.146 11.292 1047.47 -0.0409756
247.202 11.2904 1048.11 -0.020145
247.258 11.2901 1048.74 0.00271635
247.315 11.2908 1049.38 0.0227022
247.371 11.2931 1050.01 0.0524071
247.427 11.297 1050.65 0.0805099
247.483 11.3022 1051.28 0.0996155
247.539 11.3087 1051.92 0.122896
247.596 11.3165 1052.55 0.149542
247.652 11.3259 1053.19 0.176039
247.708 11.3367 1053.82 0.202518
247.764 11.3489 1054.46 0.226202
247.82 11.3623 1055.1 0.247537
247.876 11.3775 1055.74 0.27943
247.933 11.3941 1056.38 0.305352
247.989 11.4118 1057.02 0.322528
248.045 11.4306 1057.66 0.341563
248.101 11.4505 1058.3 0.365833
248.157 11.4717 1058.95 0.380963
248.213 11.4937 1059.59 0.397977
248.27 11.5166 1060.24 0.416388
248.326 11.5402 1060.89 0.423412
248.382 11.5643 1061.54 0.429864
248.438 11.5888 1062.19 0.43891
248.494 11.6138 1062.84 0.448842
248.551 11.6391 1063.49 0.450104
248.607 11.6645 1064.15 0.451537
248.663 11.6897 1064.8 0.446692
248.719 11.7144 1065.46 0.432011
248.775 11.7386 1066.12 0.423917
248.831 11.762 1066.78 0.414284
248.888 11.7849 1067.44 0.400789
248.944 11.8071 1068.1 0.390948
249 11.8285 1068.77 0.376511
249.056 11.8491 1069.43 0.360304
249.112 11.8689 1070.1 0.348041
249.169 11.8877 1070.77 0.327671
249.225 11.9053 1071.43 0.300855
249.281 11.9213 1072.1 0.273828
249.337 11.9357 1072.77 0.245753
249.393 11.9485 1073.45 0.215433
249.449 11.9597 1074.12 0.18847
249.506 11.9693 1074.79 0.157502
249.562 11.977 1075.46 0.123671
249.618 11.9827 1076.14 0.0874652
249.674 11.9863 1076.81 0.04995
249.73 11.9879 1077.48 0.0145747
249.787 11.9877 1078.16 -0.0166677
249.843 11.9853 1078.83 -0.0600815
249.899 11.9805 1079.5 -0.103632
249.955 11.9734 1080.17 -0.141253
250.011 11.9639 1080.85 -0.186084
250.067 11.9521 1081.52 -0.227539
250.124 11.938 1082.19 -0.265899
250.18 11.9218 1082.86 -0.30295
250.236 11.9035 1083.53 -0.341856
250.292 11.8831 1084.2 -0.377028
250.348 11.8606 1084.86 -0.413902
250.404 11.8363 1085.53 -0.445864
250.461 11.8104 1086.19 -0.469474
250.517 11.7832 1086.86 -0.493193
250.573 11.7546 1087.52 -0.520676
250.629 11.7246 1088.18 -0.540243
250.685 11.6934 1088.83 -0.563287
250.742 11.661 1089.49 -0.588748
250.798 11.6273 1090.14 -0.605735
250.854 11.5927 1090.8 -0.619695
250.91 11.5573 1091.45 -0.63679
250.966 11.5212 1092.09 -0.646765
251.022 11.4843 1092.74 -0.658735
251.079 11.4473 1093.38 -0.661006
251.135 11.4101 1094.03 -0.663889
251.191 11.3727 1094.67 -0.664114
251.247 11.3356 1095.3 -0.661885
251.303 11.2985 1095.94 -0.653929
251.36 11.2624 1096.57 -0.636063
251.416 11.2271 1097.2 -0.623136
251.472 11.1928 1097.83 -0.604228
251.528 11.1593 1098.46 -0.589805
251.584 11.1268 1099.09 -0.574354
251.64 11.0952 1099.71 -0.554428
251.697 11.0647 1100.33 -0.531935
251.753 11.0356 1100.95 -0.51012
251.809 11.0077 1101.57 -0.486065
251.865 10.9811 1102.19 -0.463981
251.921 10.956 1102.81 -0.436569
251.978 10.9322 1103.42 -0.41342
252.034 10.9098 1104.03 -0.388169
252.09 10.889 1104.65 -0.36001
252.146 10.8696 1105.26 -0.33301
252.202 10.8516 1105.87 -0.309962
252.258 10.835 1106.48 -0.287038
252.315 10.8198 1107.09 -0.259616
252.371 10.8058 1107.69 -0.240727
252.427 10.7931 1108.3 -0.216749
252.483 10.7818 1108.91 -0.191409
252.539 10.7717 1109.51 -0.170587
252.596 10.7629 1110.12 -0.149287
252.652 10.7553 1110.72 -0.124613
252.708 10.749 1111.32 -0.103408
252.764 10.7439 1111.93 -0.082947
252.82 10.7398 1112.53 -0.0682264
252.876 10.7362 1113.13 -0.0605716
252.933 10.7335 1113.74 -0.0432721
252.989 10.7318 1114.34 -0.0223787
253.045 10.731 1114.94 -0.00757228
253.101 10.7311 1115.55 0.00731758
253.157 10.732 1116.15 0.0211186
253.213 10.7336 1116.75 0.0315521
253.27 10.7357 1117.36 0.0408728
253.326 10.7384 1117.96 0.0537315
253.382 10.7415 1118.56 0.0574884
253.438 10.7449 1119.17 0.062082
253.494 10.7487 1119.77 0.0691306
253.551 10.7527 1120.37 0.0726257
253.607 10.7568 1120.98 0.0768466
253.663 10.7612 1121.58 0.080198
253.719 10.7659 1122.19 0.0830952
253.775 10.7705 1122.79 0.0805958
253.831 10.7749 1123.4 0.0769675
253.888 10.7792 1124 0.0772732
253.944 10.7834 1124.61 0.0729938
254 10.7874 1125.21 0.0691461
254.056 10.7911 1125.82 0.0648197
254.112 10.7944 1126.43 0.0571979
254.169 10.7973 1127.03 0.0486272
254.225 10.7996 1127.64 0.0345686
254.281 10.8012 1128.25 0.0219576
254.337 10.8021 1128.85 0.0151825
254.393 10.8027 1129.46 0.00712478
254.449 10.8032 1130.07 0.0072098
254.506 10.8035 1130.67 0.00452563
254.562 10.8035 1131.28 0.000369935
254.618 10.8035 1131.89 -0.000651797
254.674 10.8032 1132.49 -0.00695386
254.73 10.8026 1133.1 -0.0157708
254.787 10.8016 1133.71 -0.019131
254.843 10.8002 1134.32 -0.0301889
254.899 10.7982 1134.92 -0.0400539
254.955 10.7956 1135.53 -0.0533567
255.011 10.7923 1136.13 -0.0620722
255.067 10.7884 1136.74 -0.0712805
255.124 10.7841 1137.35 -0.0810651
255.18 10.7794 1137.95 -0.0860837
255.236 10.7743 1138.56 -0.0925967
255.292 10.7688 1139.16 -0.1027
255.348 10.7628 1139.77 -0.108022
255.404 10.7566 1140.37 -0.112231
255.461 10.7502 1140.98 -0.112722
255.517 10.7438 1141.58 -0.116122
255.573 10.7368 1142.18 -0.128319
255.629 10.7293 1142.79 -0.138406
255.685 10.7213 1143.39 -0.146019
255.742 10.7127 1143.99 -0.153984
255.798 10.7039 1144.59 -0.157896
255.854 10.6948 1145.19 -0.160546
255.91 10.6856 1145.79 -0.166136
255.966 10.6761 1146.39 -0.172546
256.022 10.6662 1146.99 -0.17913
256.079 10.6558 1147.59 -0.186758
256.135 10.6453 1148.19 -0.189299
256.191 10.6347 1148.79 -0.18522
256.247 10.6239 1149.39 -0.193387
256.303 10.6129 1149.98 -0.202627
256.36 10.6013 1150.58 -0.207499
256.416 10.5895 1151.17 -0.210439
256.472 10.5778 1151.77 -0.207889
256.528 10.5661 1152.36 -0.206662
256.584 10.5545 1152.95 -0.209629
256.64 10.5426 1153.55 -0.21078
256.697 10.5311 1154.14 -0.203594
256.753 10.5198 1154.73 -0.197702
256.809 10.509 1155.32 -0.186717
256.865 10.4987 1155.91 -0.181061
256.921 10.4889 1156.5 -0.168971
256.978 10.4799 1157.09 -0.157112
257.034 10.4715 1157.68 -0.14315
257.09 10.4636 1158.27 -0.136765
257.146 10.4564 1158.85 -0.123851
257.202 10.4502 1159.44 -0.100708
257.258 10.4451 1160.03 -0.0859057
257.315 10.4409 1160.61 -0.0688109
257.371 10.4375 1161.2 -0.0524259
257.427 10.4351 1161.79 -0.0361129
257.483 10.4337 1162.37 -0.0191567
257.539 10.4331 1162.96 -0.00456766
257.596 10.4334 1163.55 0.0147723
257.652 10.4348 1164.13 0.0300678
257.708 10.4369 1164.72 0.0435235
257.764 10.44 1165.3 0.0618658
257.82 10.4438 1165.89 0.0728323
257.876 10.4485 1166.48 0.0895438
257.933 10.454 1167.07 0.105514
257.989 10.4607 1167.65 0.126868
258.045 10.4683 1168.24 0.141309
258.101 10.4765 1168.83 0.150682
258.157 10.4854 1169.42 0.161533
258.213 10.4949 1170.01 0.175517
258.27 10.5051 1170.6 0.186582
258.326 10.5162 1171.19 0.200226
258.382 10.5279 1171.78 0.213796
258.438 10.54 1172.37 0.216722
258.494 10.5524 1172.96 0.224044
258.551 10.5653 1173.56 0.232845
258.607 10.5784 1174.15 0.234073
258.663 10.5916 1174.75 0.234287
258.719 10.6047 1175.34 0.234246
258.775 10.6178 1175.94 0.234885
258.831 10.6309 1176.53 0.230395
258.888 10.6438 1177.13 0.230258
258.944 10.6566 1177.73 0.223584
259 10.6689 1178.33 0.217108
259.056 10.6808 1178.93 0.207969
259.112 10.6921 1179.53 0.197827
259.169 10.703 1180.13 0.190224
259.225 10.7134 1180.73 0.184529
259.281 10.7236 1181.33 0.178662
259.337 10.7333 1181.94 0.16498
259.393 10.742 1182.54 0.148093
259.449 10.7497 1183.14 0.131045
259.506 10.7565 1183.75 0.115446
259.562 10.7623 1184.35 0.0944482
259.618 10.7668 1184.96 0.0737666
259.674 10.7704 1185.56 0.0534742
259.73 10.7729 1186.17 0.0381923
259.787 10.7741 1186.77 0.012389
259.843 10.7741 1187.38 -0.00782959
259.899 10.7731 1187.98 -0.0250983
259.955 10.7708 1188.59 -0.0520824
260.011 10.7672 1189.19 -0.0736051
260.067 10.7623 1189.8 -0.0955452
260.124 10.7561 1190.4 -0.119242
260.18 10.7489 1191.01 -0.134122
260.236 10.7407 1191.61 -0.150961
260.292 10.7315 1192.21 -0.172188
260.348 10.7211 1192.82 -0.19419
260.404 10.7097 1193.42 -0.20717
260.461 10.6973 1194.02 -0.228193
260.517 10.6839 1194.62 -0.247817
260.573 10.6693 1195.22 -0.269698
260.629 10.6537 1195.82 -0.282528
260.685 10.6374 1196.42 -0.29437
260.742 10.6204 1197.01 -0.306288
260.798 10.6029 1197.61 -0.31452
260.854 10.585 1198.2 -0.322918
260.91 10.5665 1198.8 -0.331883
260.966 10.5475 1199.39 -0.342549
261.022 10.5279 1199.98 -0.353159
261.079 10.5078 1200.57 -0.360984
261.135 10.4875 1201.16 -0.362829
261.191 10.4671 1201.75 -0.366193
261.247 10.4466 1202.34 -0.363803
261.303 10.4262 1202.93 -0.36076
261.36 10.4061 1203.51 -0.356849
261.416 10.3862 1204.1 -0.35248
261.472 10.3664 1204.68 -0.34997
261.528 10.3473 1205.26 -0.337031
261.584 10.3288 1205.84 -0.321416
261.64 10.3111 1206.42 -0.310387
261.697 10.2943 1207 -0.292458
261.753 10.2786 1207.58 -0.271145
261.809 10.2639 1208.15 -0.255354
261.865 10.2502 1208.73 -0.237068
261.921 10.2375 1209.3 -0.216985
261.978 10.226 1209.88 -0.195563
262.034 10.2158 1210.45 -0.171486
262.09 10.2069 1211.03 -0.148344
262.146 10.1992 1211.6 -0.128084
262.202 10.1928 1212.17 -0.104617
262.258 10.1878 1212.75 -0.0783424
262.315 10.1842 1213.32 -0.053987
262.371 10.1817 1213.89 -0.0375912
262.427 10.1804 1214.46 -0.0141131
262.483 10.1804 1215.03 0.0123639
262.539 10.182 1215.61 0.0389738
262.596 10.185 1216.18 0.0627239
262.652 10.1895 1216.75 0.0902747
262.708 10.1953 1217.32 0.114673
262.764 10.2025 1217.9 0.135834
262.82 10.2109 1218.47 0.158459
262.876 10.2205 1219.04 0.180885
262.933 10.2315 1219.62 0.206728
262.989 10.244 1220.19 0.231234
263.045 10.2578 1220.77 0.2557
263.101 10.2729 1221.35 0.275361
263.157 10.2889 1221.92 0.289631
263.213 10.3058 1222.5 0.306268
263.27 10.3236 1223.08 0.325438
263.326 10.3423 1223.66 0.335475
263.382 10.3615 1224.24 0.346725
263.438 10.3814 1224.83 0.359786
263.494 10.4018 1225.41 0.365653
263.551 10.4225 1226 0.37083
263.607 10.4435 1226.58 0.375694
263.663 10.4646 1227.17 0.376338
263.719 10.4859 1227.76 0.376673
263.775 10.507 1228.35 0.37642
263.831 10.528 1228.94 0.370294
263.888 10.5489 1229.53 0.373753
263.944 10.57 1230.12 0.375586
264 10.5909 1230.72 0.370103
264.056 10.6115 1231.31 0.365178
264.112 10.632 1231.91 0.366243
264.169 10.6526 1232.51 0.365762
264.225 10.673 1233.11 0.358041
264.281 10.6926 1233.71 0.345178
264.337 10.7114 1234.31 0.330156
264.393 10.7296 1234.91 0.318668
264.449 10.7471 1235.52 0.307826
264.506 10.764 1236.12 0.293656
264.562 10.7801 1236.73 0.278805
264.618 10.7951 1237.33 0.259861
264.674 10.809 1237.94 0.235759
264.73 10.8215 1238.55 0.214669
264.787 10.8329 1239.15 0.194935
264.843 10.8432 1239.76 0.178817
264.899 10.8528 1240.37 0.166738
264.955 10.8614 1240.98 0.145203
265.011 10.8689 1241.59 0.12952
265.067 10.8759 1242.2 0.118696
265.124 10.8821 1242.82 0.106813
265.18 10.8877 1243.43 0.0926301
265.236 10.8924 1244.04 0.0784647
265.292 10.8963 1244.65 0.0641396
265.348 10.8994 1245.26 0.0479297
265.404 10.9017 1245.88 0.0353238
265.461 10.903 1246.49 0.0174355
265.517 10.9035 1247.1 0.000431207
265.573 10.903 1247.71 -0.0146037
265.629 10.9016 1248.33 -0.0302728
265.685 10.8994 1248.94 -0.0482253
265.742 10.8962 1249.55 -0.0593279
265.798 10.8922 1250.16 -0.0783107
265.854 10.8875 1250.77 -0.087303
265.91 10.8823 1251.39 -0.095173
265.966 10.8768 1252 -0.0993524
266.022 10.871 1252.61 -0.106451
266.079 10.8649 1253.22 -0.114381
266.135 10.8584 1253.83 -0.114928
266.191 10.8518 1254.44 -0.117091
266.247 10.8452 1255.05 -0.121212
266.303 10.8384 1255.66 -0.119879
266.36 10.8315 1256.27 -0.122258
266.416 10.8247 1256.87 -0.125153
266.472 10.8176 1257.48 -0.125495
266.528 10.8104 1258.09 -0.130557
266.584 10.803 1258.7 -0.133515
266.64 10.7955 1259.3 -0.130784
266.697 10.7881 1259.91 -0.133376
266.753 10.7806 1260.51 -0.134636
266.809 10.7734 1261.12 -0.125555
266.865 10.7664 1261.73 -0.124409
266.921 10.7595 1262.33 -0.122375
266.978 10.7528 1262.93 -0.115277
267.034 10.7463 1263.54 -0.113549
267.09 10.7401 1264.14 -0.107965
267.146 10.7343 1264.74 -0.0981113
267.202 10.7289 1265.35 -0.0924121
267.258 10.7238 1265.95 -0.0882256
267.315 10.7192 1266.55 -0.0792233
267.371 10.7149 1267.15 -0.0721278
267.427 10.711 1267.76 -0.0702009
267.483 10.7072 1268.36 -0.066196
267.539 10.7035 1268.96 -0.0625799
267.596 10.7001 1269.56 -0.0596014
267.652 10.697 1270.16 -0.0502629
267.708 10.6943 1270.76 -0.0471324
267.764 10.6918 1271.36 -0.0404436
267.82 10.6896 1271.96 -0.0383008
267.876 10.6875 1272.56 -0.0370165
267.933 10.6855 1273.16 -0.0370628
267.989 10.6837 1273.76 -0.0288406
268.045 10.6818 1274.36 -0.0320552
268.101 10.6802 1274.97 -0.0299812
268.157 10.6788 1275.57 -0.025391
268.213 10.6773 1276.16 -0.0233294
268.27 10.6761 1276.76 -0.0199766
268.326 10.6753 1277.36 -0.0145686
268.382 10.6745 1277.96 -0.0123753
268.438 10.6738 1278.56 -0.0149646
268.494 10.6733 1279.16 -0.00733055
268.551 10.6729 1279.76 -0.00556985
268.607 10.6726 1280.36 -0.00599473
268.663 10.6724 1280.96 -0.00337269
268.719 10.672 1281.56 -0.00675614
268.775 10.6715 1282.16 -0.0113234
268.831 10.6708 1282.76 -0.011166
268.888 10.6701 1283.36 -0.0130881
268.944 10.6693 1283.96 -0.014936
269 10.6685 1284.56 -0.0141739
269.056 10.6676 1285.16 -0.017885
269.112 10.6665 1285.76 -0.0222105
269.169 10.665 1286.36 -0.0283323
269.225 10.6632 1286.96 -0.0318971
269.281 10.6613 1287.55 -0.034888
269.337 10.6593 1288.15 -0.0373045
269.393 10.6568 1288.75 -0.0454816
269.449 10.6543 1289.35 -0.0455516
269.506 10.652 1289.95 -0.038357
269.562 10.6498 1290.55 -0.0405278
269.618 10.6474 1291.15 -0.0470555
269.674 10.6449 1291.74 -0.0424907
269.73 10.6424 1292.34 -0.0415286
269.787 10.6402 1292.94 -0.0383728
269.843 10.638 1293.54 -0.0385487
269.899 10.6357 1294.14 -0.041751
269.955 10.6334 1294.73 -0.0409799
270.011 10.6313 1295.33 -0.0354913
270.067 10.6294 1295.93 -0.0336326
270.124 10.6276 1296.52 -0.0316387
270.18 10.626 1297.12 -0.0286495
270.236 10.6245 1297.72 -0.0236383
270.292 10.6231 1298.32 -0.0244521
270.348 10.6221 1298.91 -0.012325
270.404 10.6217 1299.51 -0.0040851
270.461 10.6219 1300.11 0.00736718
270.517 10.6226 1300.7 0.0184065
270.573 10.6241 1301.3 0.0338035
270.629 10.6265 1301.9 0.0447222
270.685 10.6294 1302.49 0.0576361
270.742 10.633 1303.09 0.0677313
270.798 10.6372 1303.69 0.0806845
270.854 10.6423 1304.29 0.0928227
270.91 10.6481 1304.88 0.110539
270.966 10.6546 1305.48 0.124903
271.022 10.6623 1306.08 0.142535
271.079 10.6707 1306.68 0.157305
271.135 10.6799 1307.28 0.169752
271.191 10.6901 1307.88 0.187652
271.247 10.7008 1308.48 0.191599
271.303 10.7117 1309.08 0.194887
271.36 10.7232 1309.68 0.211582
271.416 10.7355 1310.29 0.225223
271.472 10.7487 1310.89 0.239527
271.528 10.7627 1311.5 0.256879
271.584 10.7773 1312.1 0.264795
271.64 10.7926 1312.71 0.275237
271.697 10.8084 1313.31 0.28694
271.753 10.8248 1313.92 0.296727
271.809 10.8418 1314.53 0.307326
271.865 10.8596 1315.14 0.322515
271.921 10.8781 1315.75 0.334829
271.978 10.8974 1316.36 0.345852
272.034 10.9172 1316.98 0.357003
272.09 10.9374 1317.59 0.362366
272.146 10.9579 1318.2 0.364161
272.202 10.9784 1318.82 0.365632
272.258 10.9989 1319.44 0.365295
272.315 11.0195 1320.06 0.366093
272.371 11.0402 1320.68 0.369917
272.427 11.0612 1321.3 0.378192
272.483 11.0827 1321.92 0.384821
272.539 11.1046 1322.54 0.393043
272.596 11.1265 1323.17 0.388485
272.652 11.1481 1323.79 0.378104
272.708 11.1689 1324.42 0.365298
272.764 11.1889 1325.05 0.350502
272.82 11.2085 1325.68 0.347861
272.876 11.228 1326.31 0.34344
272.933 11.2469 1326.94 0.336379
272.989 11.2657 1327.57 0.330015
273.045 11.2841 1328.21 0.32834
273.101 11.3025 1328.84 0.325604
273.157 11.3204 1329.48 0.312551
273.213 11.3376 1330.11 0.30489
273.27 11.3547 1330.75 0.303629
273.326 11.3718 1331.39 0.303299
273.382 11.3888 1332.03 0.305771
273.438 11.4057 1332.67 0.298185
273.494 11.4223 1333.31 0.292927
273.551 11.4386 1333.95 0.289406
273.607 11.455 1334.59 0.293978
273.663 11.4716 1335.24 0.297928
273.719 11.4885 1335.88 0.301961
273.775 11.5055 1336.53 0.302026
273.831 11.5223 1337.18 0.297067
273.888 11.5391 1337.82 0.299559
273.944 11.5559 1338.47 0.302538
274 11.573 1339.12 0.305129
274.056 11.5903 1339.77 0.309379
274.112 11.6078 1340.43 0.311527
274.169 11.6253 1341.08 0.311549
274.225 11.6429 1341.73 0.316353
274.281 11.6608 1342.39 0.320451
274.337 11.679 1343.04 0.326721
274.393 11.6974 1343.7 0.327229
274.449 11.7158 1344.36 0.325707
274.506 11.7341 1345.02 0.328431
274.562 11.7528 1345.68 0.334562
274.618 11.7715 1346.34 0.330885
274.674 11.7901 1347 0.333664
274.73 11.8088 1347.66 0.334467
274.787 11.8276 1348.33 0.335052
274.843 11.8465 1348.99 0.33666
274.899 11.8655 1349.66 0.338429
274.955 11.8844 1350.32 0.335047
275.011 11.9031 1350.99 0.328055
275.067 11.9213 1351.66 0.322806
275.124 11.9392 1352.33 0.314556
275.18 11.9566 1353 0.307158
275.236 11.9737 1353.68 0.299424
275.292 11.99 1354.35 0.285289
275.348 12.0055 1355.02 0.268808
275.404 12.0201 1355.7 0.255966
275.461 12.0339 1356.37 0.24024
275.517 12.047 1357.05 0.225284
275.573 12.0592 1357.73 0.212577
275.629 12.0705 1358.41 0.194047
275.685 12.0808 1359.08 0.17734
275.742 12.0902 1359.76 0.156456
275.798 12.0981 1360.44 0.132226
275.854 12.1049 1361.12 0.109617
275.91 12.1103 1361.8 0.0895845
275.966 12.1147 1362.48 0.0690907
276.022 12.1179 1363.16 0.0483184
276.079 12.1199 1363.84 0.0261715
276.135 12.1205 1364.53 -0.00153883
276.191 12.1194 1365.21 -0.0310113
276.247 12.1167 1365.89 -0.0588253
276.303 12.1124 1366.57 -0.0891954
276.36 12.1066 1367.25 -0.113794
276.416 12.0994 1367.93 -0.135794
276.472 12.091 1368.61 -0.155428
276.528 12.0818 1369.29 -0.172905
276.584 12.0717 1369.96 -0.183413
276.64 12.0606 1370.64 -0.204257
276.697 12.0485 1371.32 -0.221875
276.753 12.0354 1372 -0.240419
276.809 12.0213 1372.67 -0.257795
276.865 12.0064 1373.35 -0.270938
276.921 11.991 1374.02 -0.277606
276.978 11.9752 1374.69 -0.283262
277.034 11.9593 1375.37 -0.284231
277.09 11.9434 1376.04 -0.281504
277.146 11.9276 1376.71 -0.280247
277.202 11.9119 1377.38 -0.277366
277.258 11.8964 1378.05 -0.279808
277.315 11.8807 1378.71 -0.278958
277.371 11.8652 1379.38 -0.271556
277.427 11.8502 1380.05 -0.262675
277.483 11.8358 1380.71 -0.251756
277.539 11.8222 1381.38 -0.237283
277.596 11.8092 1382.04 -0.226081
277.652 11.7967 1382.7 -0.221624
277.708 11.7846 1383.37 -0.210717
277.764 11.7731 1384.03 -0.200395
277.82 11.7621 1384.69 -0.193243
277.876 11.7515 1385.35 -0.186268
277.933 11.7414 1386.01 -0.176491
277.989 11.7316 1386.67 -0.170679
278.045 11.7225 1387.33 -0.158261
278.101 11.714 1387.99 -0.145685
278.157 11.7061 1388.64 -0.135333
278.213 11.699 1389.3 -0.124387
278.27 11.6925 1389.96 -0.109318
278.326 11.6866 1390.61 -0.100204
278.382 11.6813 1391.27 -0.0928709
278.438 11.6765 1391.93 -0.0803868
278.494 11.6723 1392.58 -0.0688066
278.551 11.6689 1393.24 -0.0584258
278.607 11.666 1393.89 -0.0451874
278.663 11.6637 1394.55 -0.0378005
278.719 11.6618 1395.2 -0.0313761
278.775 11.6604 1395.86 -0.0201172
278.831 11.6595 1396.51 -0.0129136
278.888 11.6589 1397.17 -0.00932686
278.944 11.6585 1397.82 -0.00620161
279 11.6581 1398.48 -0.00856236
279.056 11.6575 1399.13 -0.0142536
279.112 11.6566 1399.79 -0.0171757
279.169 11.6555 1400.44 -0.0187914
279.225 11.6545 1401.1 -0.0199585
279.281 11.6533 1401.75 -0.0220519
279.337 11.6518 1402.41 -0.0300713
279.393 11.6499 1403.06 -0.0381512
279.449 11.6475 1403.72 -0.0444318
279.506 11.6447 1404.37 -0.0527541
279.562 11.6415 1405.03 -0.0601096
279.618 11.638 1405.68 -0.0666778
279.674 11.6338 1406.33 -0.0768499
279.73 11.6295 1406.99 -0.079954
279.787 11.6251 1407.64 -0.0775601
279.843 11.6205 1408.29 -0.0835337
279.899 11.6156 1408.94 -0.0908288
279.955 11.6104 1409.6 -0.0934057
