# t frame_uz frame_z ub_dans_repere
160.001 2.11985e-05 2.18316e-08 0.0205837
160.019 0.0113682 0.000118421 0.693369
160.051 0.0395743 0.00100968 0.988219
160.092 0.0890203 0.00383483 1.32794
160.14 0.162595 0.0100431 1.71761
160.19 0.26137 0.0211737 2.11207
160.243 0.384838 0.0387864 2.48764
160.297 0.530367 0.0641743 2.83173
160.352 0.695572 0.0986916 3.11327
160.407 0.874113 0.142741 3.33069
160.463 1.06588 0.198074 3.4823
160.519 1.26419 0.264375 3.57765
160.575 1.4664 0.341918 3.63042
160.631 1.67076 0.430857 3.66021
160.687 1.87587 0.531266 3.66849
160.743 2.08149 0.643173 3.67655
160.798 2.28752 0.766606 3.68102
160.854 2.494 0.901582 3.69601
160.91 2.70151 1.04815 3.7182
160.966 2.91086 1.20639 3.75426
161.022 3.12268 1.37668 3.79821
161.079 3.33789 1.55935 3.8507
161.135 3.55626 1.75422 3.91335
161.191 3.77784 1.96146 3.9623
161.247 4.00242 2.18126 4.01826
161.303 4.22982 2.41377 4.06757
161.36 4.46046 2.65916 4.12868
161.416 4.69426 2.91761 4.18235
161.472 4.93057 3.18929 4.21918
161.528 5.16876 3.47431 4.25259
161.584 5.40839 3.77276 4.27182
161.64 5.64819 4.08469 4.26573
161.697 5.88678 4.41005 4.23136
161.753 6.123 4.74875 4.18321
161.809 6.35581 5.1006 4.11786
161.865 6.58423 5.46539 4.0295
161.921 6.80665 5.84282 3.90643
161.978 7.02138 6.23249 3.76462
162.034 7.22798 6.63395 3.61742
162.09 7.42588 7.04673 3.45894
162.146 7.61444 7.47031 3.2887
162.202 7.79374 7.90417 3.12907
162.258 7.96425 8.34781 2.97098
162.315 8.12629 8.80074 2.82942
162.371 8.28025 9.2625 2.68378
162.427 8.42684 9.73265 2.56585
162.483 8.56685 10.2108 2.44046
162.539 8.70068 10.6966 2.34391
162.596 8.8296 11.1898 2.26412
162.652 8.95401 11.6901 2.18104
162.708 9.07383 12.1972 2.10251
162.764 9.18971 12.7109 2.03534
162.82 9.3018 13.2309 1.96728
162.876 9.41054 13.7572 1.91481
162.933 9.51622 14.2894 1.85771
162.989 9.61892 14.8275 1.80627
163.045 9.71779 15.3713 1.72559
163.101 9.8124 15.9204 1.65377
163.157 9.90259 16.4747 1.57306
163.213 9.98773 17.034 1.47338
163.27 10.0663 17.5978 1.34627
163.326 10.1375 18.1657 1.21179
163.382 10.2005 18.7374 1.06242
163.438 10.2549 19.3123 0.905306
163.494 10.3008 19.89 0.757686
163.551 10.3381 20.47 0.606258
163.607 10.3667 21.0518 0.444828
163.663 10.3869 21.6349 0.304012
163.719 10.3992 22.2189 0.165284
163.775 10.4044 22.8034 0.0438002
163.831 10.4033 23.3879 -0.0567883
163.888 10.3973 23.9721 -0.138114
163.944 10.3875 24.5559 -0.198375
164 10.3747 25.1391 -0.240877
164.056 10.3603 25.7215 -0.266394
164.112 10.3451 26.303 -0.274757
164.169 10.3298 26.8837 -0.27243
164.225 10.3149 27.4635 -0.259895
164.281 10.301 28.0425 -0.237786
164.337 10.2881 28.6208 -0.226565
164.393 10.2755 29.1983 -0.222279
164.449 10.2633 29.7752 -0.216717
164.506 10.2511 30.3514 -0.216019
164.562 10.2384 30.9268 -0.235548
164.618 10.2241 31.5016 -0.272526
164.674 10.2072 32.0754 -0.324038
164.73 10.1868 32.6482 -0.388128
164.787 10.1626 33.2197 -0.464732
164.843 10.1334 33.7896 -0.553037
164.899 10.0994 34.3578 -0.640373
164.955 10.0604 34.9239 -0.732415
165.011 10.0161 35.4876 -0.824475
165.067 9.96698 36.0487 -0.908791
165.124 9.91284 36.6068 -1.00096
165.18 9.85385 37.1618 -1.07986
165.236 9.79086 37.7132 -1.14902
165.292 9.72434 38.2611 -1.20605
165.348 9.65456 38.805 -1.26591
165.404 9.5819 39.345 -1.30845
165.461 9.50718 39.8808 -1.34333
165.517 9.4311 40.4123 -1.36318
165.573 9.35387 40.9396 -1.37758
165.629 9.27633 41.4625 -1.38526
165.685 9.19796 41.981 -1.39783
165.742 9.11949 42.4951 -1.399
165.798 9.04057 43.0047 -1.41008
165.854 8.96122 43.51 -1.40703
165.91 8.88241 44.0107 -1.4045
165.966 8.80332 44.5071 -1.40924
166.022 8.72395 44.999 -1.41637
166.079 8.64393 45.4864 -1.43166
166.135 8.56285 45.9693 -1.45245
166.191 8.48054 46.4476 -1.47545
166.247 8.3966 46.9212 -1.50523
166.303 8.31072 47.39 -1.54048
166.36 8.22295 47.854 -1.57701
166.416 8.13319 48.3129 -1.61209
166.472 8.04122 48.7667 -1.65475
166.528 7.94737 49.2153 -1.67789
166.584 7.85216 49.6586 -1.706
166.64 7.75573 50.0965 -1.72751
166.697 7.65863 50.5289 -1.72575
166.753 7.56178 50.9559 -1.71741
166.809 7.46611 51.3775 -1.69808
166.865 7.37153 51.7938 -1.66936
166.921 7.28002 52.2048 -1.60556
166.978 7.1919 52.6108 -1.53988
167.034 7.10771 53.012 -1.47349
167.09 7.02757 53.4086 -1.39286
167.146 6.95253 53.8008 -1.29948
167.202 6.88288 54.1891 -1.1978
167.258 6.81927 54.5736 -1.0884
167.315 6.76191 54.9547 -0.974861
167.371 6.71146 55.3329 -0.84799
167.427 6.66748 55.7084 -0.735486
167.483 6.63036 56.0817 -0.61389
167.539 6.59971 56.4531 -0.497263
167.596 6.57557 56.823 -0.384319
167.652 6.55757 57.1918 -0.281566
167.708 6.54513 57.5598 -0.184256
167.764 6.53755 57.9272 -0.100921
167.82 6.53467 58.2944 -0.0182982
167.876 6.53587 58.6615 0.0462883
167.933 6.54028 59.0288 0.0987378
167.989 6.54746 59.3965 0.146238
168.045 6.55711 59.7646 0.191371
168.101 6.56865 60.1334 0.215198
168.157 6.58184 60.5029 0.245215
168.213 6.59672 60.8731 0.2787
168.27 6.61328 61.2443 0.305208
168.326 6.63178 61.6164 0.343242
168.382 6.65252 61.9897 0.391883
168.438 6.67609 62.3642 0.435746
168.494 6.70245 62.7401 0.49332
168.551 6.7323 63.1177 0.558039
168.607 6.76596 63.497 0.626287
168.663 6.80372 63.8784 0.702826
168.719 6.84593 64.262 0.786998
168.775 6.893 64.6482 0.873526
168.831 6.94489 65.0372 0.953673
168.888 7.0011 65.4292 1.0345
168.944 7.0618 65.8245 1.11135
169 7.12591 66.2234 1.15812
169.056 7.19294 66.626 1.21342
169.112 7.26166 67.0324 1.22808
169.169 7.33078 67.4427 1.22811
169.225 7.39958 67.8569 1.22139
169.281 7.46744 68.2749 1.19887
169.337 7.53305 68.6966 1.1454
169.393 7.59538 69.1219 1.08451
169.449 7.6541 69.5506 1.01596
169.506 7.7083 69.9825 0.928905
169.562 7.75763 70.4172 0.842873
169.618 7.80177 70.8545 0.747504
169.674 7.84059 71.2942 0.64972
169.73 7.87356 71.7358 0.545202
169.787 7.90088 72.1791 0.450508
169.843 7.92346 72.6237 0.369966
169.899 7.94169 73.0695 0.290184
169.955 7.95594 73.5162 0.232366
170.011 7.96754 73.9635 0.188216
170.067 7.97667 74.4115 0.148287
170.124 7.98395 74.8598 0.120196
170.18 7.99029 75.3086 0.103265
170.236 7.99565 75.7577 0.0911866
170.292 8.0006 76.207 0.0891471
170.348 8.00538 76.6567 0.0888061
170.404 8.01037 77.1066 0.0880341
170.461 8.01565 77.5568 0.100337
170.517 8.02178 78.0073 0.116163
170.573 8.02914 78.4582 0.143646
170.629 8.03801 78.9096 0.170844
170.685 8.04819 79.3615 0.191787
170.742 8.06068 79.814 0.241217
170.798 8.07609 80.2674 0.298399
170.854 8.0946 80.7217 0.357676
170.91 8.11733 81.1772 0.43803
170.966 8.1452 81.6341 0.537554
171.022 8.17892 82.0928 0.640652
171.079 8.21894 82.5537 0.765027
171.135 8.26629 83.017 0.892977
171.191 8.32132 83.4832 1.03856
171.247 8.38491 83.9528 1.19567
171.303 8.45776 84.4262 1.36681
171.36 8.54052 84.9041 1.54361
171.416 8.63334 85.387 1.72425
171.472 8.73623 85.8755 1.90477
171.528 8.84941 86.37 2.08999
171.584 8.97324 86.8713 2.27789
171.64 9.10675 87.3799 2.4399
171.697 9.24898 87.8963 2.58615
171.753 9.39818 88.4209 2.69979
171.809 9.55289 88.9541 2.78617
171.865 9.71146 89.4961 2.84098
171.921 9.87168 90.0471 2.85131
171.978 10.0305 90.607 2.80361
172.034 10.1847 91.1757 2.69526
172.09 10.3307 91.7529 2.52537
172.146 10.4651 92.3379 2.29392
172.202 10.5847 92.9299 2.00908
172.258 10.6864 93.528 1.67654
172.315 10.768 94.1313 1.29757
172.371 10.8279 94.7383 0.910331
172.427 10.865 95.348 0.494446
172.483 10.8776 95.9589 0.0412471
172.539 10.8643 96.5697 -0.424882
172.596 10.8257 97.1788 -0.856631
172.652 10.7622 97.785 -1.31138
172.708 10.6741 98.3867 -1.72888
172.764 10.5639 98.9828 -2.1199
172.82 10.4317 99.5719 -2.50789
172.876 10.2791 100.153 -2.85647
172.933 10.1071 100.725 -3.19001
172.989 9.91718 101.286 -3.50251
173.045 9.71093 101.836 -3.78456
173.101 9.48875 102.375 -4.06183
173.157 9.25206 102.9 -4.31127
173.213 9.00083 103.411 -4.57412
173.27 8.73546 103.908 -4.82013
173.326 8.45555 104.389 -5.0907
173.382 8.1605 104.854 -5.36422
173.438 7.85015 105.302 -5.62764
173.494 7.52445 105.733 -5.9118
173.551 7.18288 106.144 -6.19653
173.607 6.82647 106.535 -6.43772
173.663 6.45645 106.907 -6.68713
173.719 6.07402 107.256 -6.89126
173.775 5.68024 107.584 -7.08029
173.831 5.27857 107.89 -7.18946
173.888 4.87223 108.173 -7.25773
173.944 4.46378 108.433 -7.27707
174 4.05624 108.67 -7.23327
174.056 3.65243 108.884 -7.14953
174.112 3.25549 109.076 -7.00192
174.169 2.86817 109.246 -6.81833
174.225 2.49247 109.394 -6.59335
174.281 2.13064 109.522 -6.336
174.337 1.78401 109.63 -6.05372
174.393 1.45436 109.719 -5.7414
174.449 1.14262 109.79 -5.41724
174.506 0.849937 109.844 -5.07201
174.562 0.576765 109.883 -4.71585
174.618 0.324233 109.906 -4.33435
174.674 0.0935792 109.917 -3.95367
174.73 -0.115567 109.915 -3.56307
174.787 -0.302126 109.902 -3.1608
174.843 -0.465944 109.879 -2.7519
174.899 -0.607351 109.848 -2.3591
174.955 -0.727045 109.81 -1.98079
175.011 -0.825925 109.766 -1.61474
175.067 -0.904501 109.717 -1.26179
175.124 -0.964169 109.664 -0.930207
175.18 -1.00577 109.608 -0.616696
175.236 -1.0305 109.551 -0.325071
175.292 -1.03947 109.493 -0.0537659
175.348 -1.03381 109.434 0.200086
175.404 -1.01443 109.377 0.437315
175.461 -0.982261 109.321 0.657317
175.517 -0.938514 109.267 0.857491
175.573 -0.884209 109.216 1.03773
175.629 -0.820168 109.169 1.2061
175.685 -0.747188 109.125 1.35986
175.742 -0.666373 109.086 1.48986
175.798 -0.578661 109.051 1.60596
175.854 -0.485025 109.022 1.70684
175.91 -0.38586 108.998 1.79757
175.966 -0.282208 108.98 1.87371
176.022 -0.174722 108.967 1.94211
176.079 -0.0636588 108.961 1.99945
176.135 0.0501193 108.961 2.03773
176.191 0.165349 108.968 2.05803
176.247 0.281274 108.981 2.06854
176.303 0.397651 109.001 2.06975
176.36 0.514011 109.027 2.0669
176.416 0.630067 109.06 2.06169
176.472 0.745761 109.099 2.05717
176.528 0.860715 109.145 2.04058
176.584 0.975254 109.197 2.03512
176.64 1.08874 109.256 2.01486
176.697 1.20181 109.321 2.01011
176.753 1.31478 109.392 2.01148
176.809 1.4279 109.47 2.01807
176.865 1.54157 109.554 2.02846
176.921 1.6561 109.645 2.04567
176.978 1.77164 109.741 2.06572
177.034 1.88892 109.845 2.09947
177.09 2.00829 109.955 2.14075
177.146 2.12995 110.072 2.18211
177.202 2.25426 110.196 2.23583
177.258 2.38172 110.327 2.29392
177.315 2.51287 110.465 2.35683
177.371 2.64703 110.611 2.41015
177.427 2.78434 110.764 2.46599
177.483 2.92453 110.925 2.51641
177.539 3.06764 111.094 2.56916
177.596 3.21363 111.271 2.61475
177.652 3.36197 111.457 2.65866
177.708 3.51232 111.651 2.68898
177.764 3.66455 111.853 2.72004
177.82 3.81817 112.064 2.74335
177.876 3.97307 112.284 2.76692
177.933 4.12939 112.513 2.79199
177.989 4.28691 112.75 2.81075
178.045 4.44543 112.996 2.83091
178.101 4.60548 113.251 2.86138
178.157 4.76707 113.515 2.88601
178.213 4.92988 113.789 2.90546
178.27 5.0938 114.071 2.92072
178.326 5.25852 114.363 2.93897
178.382 5.42398 114.664 2.95067
178.438 5.59011 114.974 2.95761
178.494 5.75627 115.294 2.95933
178.551 5.92212 115.623 2.94507
178.607 6.0868 115.961 2.92001
178.663 6.25037 116.309 2.90244
178.719 6.41232 116.665 2.86897
178.775 6.57198 117.031 2.82012
178.831 6.72848 117.405 2.76398
178.888 6.88172 117.789 2.70028
178.944 7.03066 118.18 2.61607
179 7.17483 118.58 2.52972
179.056 7.31367 118.988 2.42875
179.112 7.44678 119.403 2.32676
179.169 7.57388 119.826 2.2204
179.225 7.69446 120.255 2.09354
179.281 7.80729 120.692 1.94882
179.337 7.91144 121.134 1.79082
179.393 8.00662 121.581 1.63257
179.449 8.09293 122.034 1.47147
179.506 8.17056 122.492 1.31787
179.562 8.23955 122.953 1.16632
179.618 8.2997 123.418 1.01306
179.674 8.35144 123.886 0.860852
179.73 8.39485 124.357 0.716004
179.787 8.43034 124.829 0.577391
179.843 8.45885 125.304 0.464586
179.899 8.48119 125.78 0.357345
179.955 8.49869 126.257 0.28131
180.011 8.51249 126.735 0.225363
180.067 8.52376 127.214 0.183873
180.124 8.53305 127.693 0.157536
180.18 8.54181 128.173 0.151653
180.236 8.55058 128.653 0.161246
180.292 8.56089 129.133 0.19814
180.348 8.57345 129.615 0.239713
180.404 8.58777 130.097 0.273351
180.461 8.60486 130.58 0.32371
180.517 8.62463 131.064 0.370996
180.573 8.64722 131.549 0.423611
180.629 8.67244 132.036 0.45954
180.685 8.69898 132.524 0.486721
180.742 8.72675 133.014 0.497372
180.798 8.75445 133.505 0.4868
180.854 8.78124 133.998 0.469699
180.91 8.80612 134.492 0.424389
180.966 8.82824 134.987 0.370875
181.022 8.84686 135.484 0.304571
181.079 8.86181 135.981 0.241311
181.135 8.87285 136.48 0.164411
181.191 8.87927 136.978 0.0775794
181.247 8.8811 137.477 -0.00126681
181.303 8.87812 137.976 -0.090446
181.36 8.87059 138.475 -0.170779
181.416 8.85822 138.973 -0.258778
181.472 8.84049 139.47 -0.353841
181.528 8.81782 139.966 -0.436118
181.584 8.78985 140.46 -0.534467
181.64 8.75681 140.953 -0.624856
181.697 8.71871 141.444 -0.708113
181.753 8.6765 141.932 -0.781029
181.809 8.63063 142.418 -0.843438
181.865 8.58125 142.901 -0.897695
181.921 8.52896 143.381 -0.948419
181.978 8.47457 143.859 -0.979827
182.034 8.41903 144.333 -0.993703
182.09 8.36321 144.804 -0.990137
182.146 8.30784 145.272 -0.979577
182.202 8.25343 145.737 -0.961652
182.258 8.20011 146.199 -0.940911
182.315 8.14775 146.658 -0.928349
182.371 8.09581 147.114 -0.920906
182.427 8.04429 147.567 -0.918635
182.483 7.99194 148.017 -0.934003
182.539 7.9395 148.464 -0.937322
182.596 7.88606 148.908 -0.962803
182.652 7.8311 149.35 -0.992432
182.708 7.77452 149.788 -1.01606
182.764 7.71674 150.223 -1.0323
182.82 7.65773 150.654 -1.0645
182.876 7.59776 151.082 -1.07082
182.933 7.53719 151.507 -1.08082
182.989 7.47671 151.928 -1.06503
183.045 7.41844 152.346 -1.01411
183.101 7.36261 152.761 -0.970309
183.157 7.31046 153.173 -0.894888
183.213 7.26299 153.582 -0.810718
183.27 7.2205 153.989 -0.719841
183.326 7.18399 154.393 -0.601006
183.382 7.15392 154.796 -0.489809
183.438 7.13017 155.197 -0.374512
183.494 7.11276 155.597 -0.266913
183.551 7.10158 155.996 -0.152477
183.607 7.09616 156.395 -0.0613563
183.663 7.09585 156.793 0.0287042
183.719 7.10023 157.192 0.111494
183.775 7.10863 157.591 0.17087
183.831 7.11967 157.991 0.213044
183.888 7.13249 158.391 0.235995
183.944 7.14591 158.793 0.237335
184 7.15882 159.195 0.222217
184.056 7.17025 159.597 0.187649
184.112 7.17957 160 0.146609
184.169 7.18614 160.404 0.0943942
184.225 7.18929 160.808 0.029238
184.281 7.18799 161.212 -0.0601728
184.337 7.18147 161.615 -0.1505
184.393 7.1698 162.018 -0.247193
184.449 7.15217 162.42 -0.357591
184.506 7.12813 162.822 -0.471928
184.562 7.09798 163.221 -0.586629
184.618 7.06129 163.619 -0.704567
184.674 7.01764 164.014 -0.823785
184.73 6.96766 164.406 -0.933818
184.787 6.91132 164.796 -1.04567
184.843 6.84882 165.182 -1.15426
184.899 6.78066 165.565 -1.24836
184.955 6.70798 165.943 -1.3198
185.011 6.63198 166.317 -1.37208
185.067 6.55389 166.687 -1.40048
185.124 6.47503 167.053 -1.40039
185.18 6.39746 167.414 -1.369
185.236 6.32278 167.771 -1.29973
185.292 6.25304 168.124 -1.19563
185.348 6.19034 168.473 -1.05964
185.404 6.13632 168.819 -0.891403
185.461 6.0929 169.162 -0.695129
185.517 6.06061 169.503 -0.494153
185.573 6.04041 169.843 -0.266863
185.629 6.03359 170.182 -0.0260117
185.685 6.03965 170.521 0.197462
185.742 6.05801 170.861 0.412592
185.798 6.08805 171.202 0.612424
185.854 6.12845 171.546 0.785436
185.91 6.17759 171.892 0.931249
185.966 6.23416 172.241 1.05696
186.022 6.29693 172.593 1.15383
186.079 6.36437 172.949 1.22941
186.135 6.43537 173.309 1.28618
186.191 6.50902 173.673 1.32436
186.247 6.5843 174.041 1.34746
186.303 6.66091 174.413 1.37548
186.36 6.73917 174.79 1.40233
186.416 6.8193 175.172 1.43776
186.472 6.90101 175.557 1.46786
186.528 6.98475 175.948 1.50679
186.584 7.07062 176.343 1.54554
186.64 7.15932 176.743 1.6015
186.697 7.25143 177.149 1.66729
186.753 7.34772 177.559 1.74588
186.809 7.44845 177.976 1.82514
186.865 7.55356 178.398 1.90085
186.921 7.6632 178.826 1.98572
186.978 7.77741 179.26 2.06542
187.034 7.89617 179.701 2.14621
187.09 8.01919 180.149 2.21871
187.146 8.1461 180.603 2.28401
187.202 8.27614 181.065 2.33296
187.258 8.40831 181.535 2.36096
187.315 8.54138 182.012 2.36626
187.371 8.67378 182.496 2.35047
187.427 8.80434 182.988 2.30064
187.483 8.93126 183.487 2.229
187.539 9.05293 183.992 2.11714
187.596 9.16691 184.505 1.96674
187.652 9.27159 185.023 1.79267
187.708 9.36585 185.548 1.5959
187.764 9.44823 186.077 1.37377
187.82 9.51673 186.61 1.11406
187.876 9.57014 187.146 0.839823
187.933 9.60739 187.685 0.5373
187.989 9.62714 188.226 0.220872
188.045 9.62828 188.767 -0.115768
188.101 9.60991 189.307 -0.467157
188.157 9.57092 189.846 -0.845425
188.213 9.5113 190.382 -1.20554
188.27 9.43159 190.913 -1.56056
188.326 9.33199 191.44 -1.90986
188.382 9.21394 191.96 -2.22752
188.438 9.07851 192.473 -2.52652
188.494 8.9275 192.978 -2.78981
188.551 8.76288 193.474 -3.01993
188.607 8.58644 193.961 -3.21393
188.663 8.40036 194.437 -3.37152
188.719 8.20593 194.902 -3.52064
188.775 8.00366 195.357 -3.64746
188.831 7.79533 195.799 -3.74043
188.888 7.58229 196.23 -3.82997
188.944 7.36441 196.649 -3.91054
189 7.14251 197.055 -3.97314
189.056 6.91764 197.449 -4.02081
189.112 6.68986 197.83 -4.07811
189.169 6.45884 198.198 -4.12599
189.225 6.22547 198.553 -4.18095
189.281 5.98871 198.894 -4.22999
189.337 5.74919 199.223 -4.28428
189.393 5.50751 199.538 -4.31671
189.449 5.26321 199.839 -4.37168
189.506 5.01625 200.126 -4.41065
189.562 4.76699 200.4 -4.45496
189.618 4.51582 200.659 -4.48037
189.674 4.26373 200.904 -4.49263
189.73 4.01088 201.135 -4.50156
189.787 3.75784 201.352 -4.50295
189.843 3.5055 201.555 -4.48389
189.899 3.25465 201.743 -4.45162
189.955 3.00555 201.918 -4.41643
190.011 2.75972 202.078 -4.3467
190.067 2.51826 202.225 -4.26186
190.124 2.28192 202.359 -4.16654
190.18 2.05117 202.479 -4.06897
190.236 1.82638 202.587 -3.9532
190.292 1.60892 202.682 -3.81392
190.348 1.39916 202.765 -3.68004
190.404 1.19758 202.837 -3.52674
190.461 1.00509 202.898 -3.35973
190.517 0.821452 202.948 -3.20828
190.573 0.646749 202.988 -3.04075
190.629 0.481914 203.019 -2.86133
190.685 0.327122 203.041 -2.67712
190.742 0.183194 203.054 -2.48582
190.798 0.0503944 203.06 -2.28381
190.854 -0.0713455 203.058 -2.08945
190.91 -0.182143 203.051 -1.89313
190.966 -0.281673 203.037 -1.69065
191.022 -0.369834 203.018 -1.48787
191.079 -0.446684 202.995 -1.28993
191.135 -0.512755 202.967 -1.10109
191.191 -0.56805 202.937 -0.905472
191.247 -0.61261 202.903 -0.71876
191.303 -0.646995 202.868 -0.543421
191.36 -0.671702 202.83 -0.369894
191.416 -0.686617 202.792 -0.202699
191.472 -0.692977 202.753 -0.0529299
191.528 -0.690979 202.714 0.0935804
191.584 -0.68087 202.676 0.237752
191.64 -0.662832 202.638 0.375835
191.697 -0.637232 202.602 0.509482
191.753 -0.604172 202.567 0.6407
191.809 -0.563818 202.534 0.770924
191.865 -0.51609 202.504 0.900989
191.921 -0.460972 202.477 1.03598
191.978 -0.398492 202.453 1.1634
192.034 -0.328868 202.433 1.28944
192.09 -0.252002 202.417 1.42246
192.146 -0.167943 202.406 1.54378
192.202 -0.0769256 202.4 1.67195
192.258 0.0209618 202.399 1.78655
192.315 0.124975 202.403 1.89302
192.371 0.234279 202.414 1.98163
192.427 0.34834 202.431 2.06339
192.483 0.466665 202.454 2.1324
192.539 0.587643 202.485 2.16846
192.596 0.710415 202.522 2.19577
192.652 0.833983 202.566 2.19836
192.708 0.957514 202.617 2.19635
192.764 1.08064 202.675 2.18474
192.82 1.20259 202.74 2.15575
192.876 1.32237 202.811 2.11485
192.933 1.43958 202.89 2.06857
192.989 1.55403 202.974 2.01597
193.045 1.66536 203.065 1.96228
193.101 1.77376 203.163 1.90668
193.157 1.87894 203.266 1.85122
193.213 1.9817 203.375 1.81621
193.27 2.08245 203.49 1.77722
193.326 2.18129 203.61 1.75005
193.382 2.27861 203.736 1.71801
193.438 2.37427 203.867 1.69574
193.494 2.46888 204.004 1.67552
193.551 2.56226 204.145 1.65343
193.607 2.6548 204.293 1.644
193.663 2.7469 204.445 1.63562
193.719 2.83857 204.602 1.62916
193.775 2.93006 204.765 1.62688
193.831 3.02135 204.932 1.62632
193.888 3.11278 205.105 1.62876
193.944 3.20442 205.283 1.63159
194 3.29631 205.466 1.63775
194.056 3.3884 205.655 1.63888
194.112 3.48035 205.848 1.63439
194.169 3.57217 206.047 1.63569
194.225 3.66375 206.25 1.62523
194.281 3.7549 206.459 1.61916
194.337 3.84526 206.673 1.6027
194.393 3.93486 206.892 1.58991
194.449 4.02393 207.116 1.58382
194.506 4.11265 207.346 1.57794
194.562 4.20106 207.58 1.57406
194.618 4.28961 207.819 1.57581
194.674 4.37793 208.063 1.56941
194.73 4.46614 208.311 1.57074
194.787 4.55426 208.565 1.56729
194.843 4.64217 208.824 1.56103
194.899 4.72942 209.088 1.54612
194.955 4.81543 209.357 1.5179
195.011 4.89972 209.63 1.49066
195.067 4.98288 209.908 1.47463
195.124 5.0654 210.191 1.46211
195.18 5.14716 210.478 1.449
195.236 5.2279 210.77 1.42946
195.292 5.30762 211.066 1.40991
195.348 5.38536 211.367 1.36935
195.404 5.46085 211.672 1.32516
195.461 5.53314 211.981 1.25818
195.517 5.60181 212.295 1.19582
195.573 5.66604 212.612 1.11147
195.629 5.72568 212.932 1.02588
195.685 5.78001 213.255 0.924024
195.742 5.82762 213.582 0.794895
195.798 5.86719 213.911 0.639564
195.854 5.89776 214.241 0.480544
195.91 5.91896 214.573 0.306354
195.966 5.9301 214.906 0.120255
196.022 5.93017 215.239 -0.0801583
196.079 5.91795 215.572 -0.310244
196.135 5.89272 215.904 -0.544597
196.191 5.8541 216.234 -0.783067
196.247 5.80208 216.561 -1.02674
196.303 5.73562 216.885 -1.28867
196.36 5.65501 217.204 -1.53598
196.416 5.55994 217.519 -1.79718
196.472 5.4501 217.828 -2.06581
196.528 5.32534 218.13 -2.32326
196.584 5.18565 218.424 -2.59544
196.64 5.02997 218.71 -2.89232
196.697 4.8577 218.987 -3.18313
196.753 4.66908 219.254 -3.47388
196.809 4.46389 219.509 -3.77424
196.865 4.24199 219.753 -4.06799
196.921 4.00356 219.983 -4.35668
196.978 3.74933 220.199 -4.63614
197.034 3.47949 220.401 -4.91487
197.09 3.1945 220.587 -5.17252
197.146 2.89657 220.756 -5.38954
197.202 2.58674 220.909 -5.59362
197.258 2.26679 221.043 -5.75437
197.315 1.9394 221.16 -5.87392
197.371 1.60665 221.257 -5.95816
197.427 1.27131 221.336 -5.97167
197.483 0.936628 221.397 -5.94147
197.539 0.605437 221.438 -5.8644
197.596 0.279733 221.461 -5.74613
197.652 -0.0380103 221.466 -5.59106
197.708 -0.345429 221.453 -5.38197
197.764 -0.639377 221.424 -5.12961
197.82 -0.917925 221.379 -4.84082
197.876 -1.17889 221.318 -4.51256
197.933 -1.42095 221.244 -4.16928
197.989 -1.64304 221.156 -3.80606
198.045 -1.84353 221.057 -3.40919
198.101 -2.02122 220.947 -2.99685
198.157 -2.17533 220.829 -2.56741
198.213 -2.30511 220.702 -2.13964
198.27 -2.41084 220.569 -1.71069
198.326 -2.49285 220.43 -1.29208
198.382 -2.55102 220.288 -0.868918
198.438 -2.58619 220.144 -0.465896
198.494 -2.59918 219.998 -0.0759531
198.551 -2.5908 219.852 0.29705
198.607 -2.56217 219.707 0.650816
198.663 -2.5142 219.565 0.988734
198.719 -2.44807 219.426 1.29833
198.775 -2.36575 219.291 1.57401
198.831 -2.26901 219.161 1.81474
198.888 -2.16014 219.038 2.002
198.944 -2.04057 218.92 2.19405
199 -1.91253 218.81 2.33076
199.056 -1.77812 218.707 2.43069
199.112 -1.63991 218.612 2.47685
199.169 -1.50001 218.524 2.49379
199.225 -1.36055 218.445 2.47714
199.281 -1.22291 218.373 2.42755
199.337 -1.08899 218.309 2.35013
199.393 -0.960364 218.252 2.24773
199.449 -0.838356 218.202 2.11557
199.506 -0.723321 218.159 1.99307
199.562 -0.616124 218.122 1.84952
199.618 -0.517471 218.091 1.69254
199.674 -0.427699 218.065 1.53053
199.73 -0.346972 218.043 1.37451
199.787 -0.274724 218.026 1.22718
199.843 -0.21046 218.013 1.08661
199.899 -0.153947 218.003 0.954114
199.955 -0.104342 217.996 0.835651
200.011 -0.0610163 217.992 0.728376
200.067 -0.023501 217.99 0.629305
200.124 0.00907068 217.99 0.554887
200.18 0.0375659 217.991 0.486069
200.236 0.062811 217.994 0.429433
200.292 0.0859539 217.998 0.403892
200.348 0.107619 218.004 0.379196
200.404 0.128478 218.011 0.369499
200.461 0.148968 218.019 0.358266
200.517 0.169397 218.028 0.36275
200.573 0.189956 218.038 0.368283
200.629 0.21085 218.049 0.376111
200.685 0.232451 218.062 0.390637
200.742 0.255004 218.076 0.410056
200.798 0.278952 218.091 0.440126
200.854 0.304993 218.107 0.480403
200.91 0.333348 218.125 0.521581
200.966 0.364361 218.145 0.575298
201.022 0.39864 218.167 0.636472
201.079 0.436592 218.19 0.700532
201.135 0.47821 218.216 0.771231
201.191 0.524235 218.245 0.854366
201.247 0.575489 218.276 0.952745
201.303 0.631988 218.31 1.04944
201.36 0.694227 218.348 1.15089
201.416 0.762078 218.389 1.2478
201.472 0.835731 218.434 1.35248
201.528 0.915294 218.484 1.45937
201.584 1.00107 218.538 1.57143
201.64 1.09318 218.597 1.68354
201.697 1.19164 218.662 1.7986
201.753 1.29633 218.732 1.90762
201.809 1.40731 218.809 2.02174
201.865 1.52465 218.892 2.13126
201.921 1.64782 218.982 2.23279
201.978 1.77671 219.079 2.33563
202.034 1.91166 219.183 2.44499
202.09 2.05286 219.295 2.55885
202.146 2.20002 219.415 2.6606
202.202 2.35325 219.544 2.77197
202.258 2.51247 219.682 2.87803
202.315 2.67787 219.828 2.98873
202.371 2.84916 219.985 3.09016
202.427 3.02643 220.151 3.19862
202.483 3.2098 220.327 3.31097
202.539 3.39981 220.513 3.43086
202.596 3.5969 220.711 3.55877
202.652 3.8008 220.92 3.67538
202.708 4.01081 221.141 3.77984
202.764 4.22661 221.373 3.88017
202.82 4.44773 221.618 3.97067
202.876 4.67333 221.875 4.04181
202.933 4.90227 222.146 4.09841
202.989 5.13397 222.429 4.14332
203.045 5.3678 222.725 4.17126
203.101 5.60265 223.035 4.18464
203.157 5.83803 223.357 4.19211
203.213 6.07374 223.693 4.19561
203.27 6.3095 224.043 4.18898
203.326 6.54379 224.405 4.1593
203.382 6.77673 224.78 4.13937
203.438 7.00805 225.169 4.10156
203.494 7.2366 225.57 4.04487
203.551 7.46175 225.984 3.98283
203.607 7.68381 226.411 3.92799
203.663 7.90273 226.85 3.87246
203.719 8.11834 227.301 3.81132
203.775 8.33078 227.765 3.76045
203.831 8.54087 228.24 3.72939
203.888 8.74905 228.727 3.68782
203.944 8.95513 229.225 3.65021
204 9.15934 229.735 3.62695
204.056 9.36239 230.257 3.61277
204.112 9.56568 230.789 3.62399
204.169 9.76971 231.334 3.63738
204.225 9.97464 231.889 3.65375
204.281 10.1808 232.457 3.68198
204.337 10.3888 233.036 3.71431
204.393 10.5985 233.626 3.74311
204.449 10.8091 234.229 3.75391
204.506 11.02 234.843 3.75351
204.562 11.2305 235.47 3.73835
204.618 11.4395 236.107 3.70287
204.674 11.6458 236.757 3.64731
204.73 11.8479 237.418 3.56119
204.787 12.0446 238.09 3.45835
204.843 12.2346 238.774 3.32897
204.899 12.4164 239.467 3.17157
204.955 12.5888 240.17 2.99751
205.011 12.7508 240.883 2.80909
205.067 12.9014 241.605 2.5914
205.124 13.0393 242.334 2.35861
205.18 13.1633 243.071 2.10707
205.236 13.2733 243.814 1.85854
205.292 13.3694 244.563 1.61188
205.348 13.4515 245.317 1.36232
205.404 13.5198 246.075 1.11614
205.461 13.5743 246.837 0.87515
205.517 13.6151 247.601 0.628626
205.573 13.6426 248.367 0.394907
205.629 13.6571 249.134 0.169836
205.685 13.6592 249.901 -0.050761
205.742 13.6492 250.668 -0.263033
205.798 13.6277 251.434 -0.457716
205.854 13.5954 252.199 -0.650104
205.91 13.5522 252.961 -0.849331
205.966 13.498 253.721 -1.04241
206.022 13.4327 254.477 -1.24357
206.079 13.3558 255.229 -1.45382
206.135 13.2671 255.976 -1.66327
206.191 13.1661 256.718 -1.88412
206.247 13.0529 257.454 -2.10237
206.303 12.9282 258.183 -2.29308
206.36 12.7928 258.905 -2.48553
206.416 12.6473 259.619 -2.6544
206.472 12.4935 260.324 -2.78903
206.528 12.333 261.021 -2.9004
206.584 12.1672 261.708 -2.9805
206.64 11.9984 262.386 -3.0142
206.697 11.8292 263.054 -3.00681
206.753 11.6618 263.713 -2.95953
206.809 11.4983 264.363 -2.86987
206.865 11.3408 265.004 -2.76194
206.921 11.1903 265.636 -2.62364
206.978 11.048 266.259 -2.46907
207.034 10.9151 266.876 -2.29737
207.09 10.7919 267.485 -2.1228
207.146 10.6783 268.087 -1.95342
207.202 10.5742 268.683 -1.78499
207.258 10.4797 269.274 -1.61618
207.315 10.394 269.86 -1.46571
207.371 10.3162 270.441 -1.33695
207.427 10.2452 271.018 -1.21794
207.483 10.1806 271.592 -1.10334
207.539 10.1218 272.162 -1.0109
207.596 10.0675 272.729 -0.941065
207.652 10.0171 273.292 -0.867989
207.708 9.97013 273.854 -0.81849
207.764 9.92567 274.412 -0.774919
207.82 9.88374 274.968 -0.728077
207.876 9.84455 275.522 -0.675909
207.933 9.80862 276.074 -0.615403
207.989 9.77605 276.624 -0.551528
208.045 9.747 277.172 -0.495616
208.101 9.72106 277.719 -0.435706
208.157 9.69877 278.264 -0.3698
208.213 9.68019 278.809 -0.302465
208.27 9.6658 279.352 -0.223419
208.326 9.65606 279.895 -0.142107
208.382 9.65021 280.437 -0.0760917
208.438 9.64814 280.979 -0.0115997
208.494 9.64947 281.521 0.0472275
208.551 9.65358 282.063 0.0919129
208.607 9.65997 282.606 0.125428
208.663 9.66774 283.149 0.143432
208.719 9.67593 283.692 0.147342
208.775 9.68369 284.236 0.132939
208.831 9.6902 284.78 0.102934
208.888 9.69491 285.325 0.0679928
208.944 9.69715 285.87 0.0159261
209 9.69618 286.414 -0.0406774
209.056 9.69193 286.959 -0.100286
209.112 9.68395 287.503 -0.169949
209.169 9.67238 288.047 -0.229594
209.225 9.65722 288.59 -0.298831
209.281 9.63812 289.132 -0.364973
209.337 9.61559 289.672 -0.423808
209.393 9.58983 290.212 -0.480703
209.449 9.56136 290.75 -0.521222
209.506 9.53117 291.286 -0.550825
209.562 9.49896 291.82 -0.582239
209.618 9.46584 292.353 -0.594395
209.674 9.4323 292.883 -0.59696
209.73 9.39912 293.412 -0.58448
209.787 9.36698 293.939 -0.565549
209.843 9.33647 294.464 -0.526536
209.899 9.30837 294.988 -0.480991
209.955 9.28327 295.51 -0.421156
210.011 9.26205 296.031 -0.355213
210.067 9.24443 296.55 -0.281958
210.124 9.2311 297.069 -0.21294
210.18 9.22175 297.587 -0.132029
210.236 9.21697 298.105 -0.0517203
210.292 9.21687 298.623 0.0310327
210.348 9.2212 299.141 0.110115
210.404 9.23014 299.659 0.190089
210.461 9.24359 300.178 0.268995
210.517 9.26138 300.698 0.348066
210.573 9.2832 301.219 0.417051
210.629 9.3094 301.742 0.497422
210.685 9.33956 302.266 0.562984
210.742 9.37312 302.792 0.620632
210.798 9.40983 303.319 0.673738
210.854 9.44953 303.849 0.729335
210.91 9.49183 304.382 0.772184
210.966 9.53686 304.916 0.8166
211.022 9.58411 305.454 0.858151
211.079 9.63335 305.994 0.887831
211.135 9.68455 306.537 0.928417
211.191 9.73758 307.083 0.954835
211.247 9.79183 307.631 0.973067
211.303 9.84705 308.183 0.989092
211.36 9.90285 308.738 0.994688
211.416 9.95883 309.297 0.996884
211.472 10.0146 309.858 0.987284
211.528 10.0697 310.423 0.973922
211.584 10.1235 310.99 0.9496
211.64 10.1758 311.561 0.915936
211.697 10.2249 312.134 0.842155
211.753 10.2696 312.71 0.762597
211.809 10.3089 313.288 0.650127
211.865 10.3407 313.868 0.507366
211.921 10.3637 314.45 0.341951
211.978 10.3769 315.033 0.1596
212.034 10.3793 315.616 -0.0343013
212.09 10.3699 316.199 -0.257305
212.146 10.3478 316.781 -0.481879
212.202 10.313 317.361 -0.709546
212.258 10.2653 317.939 -0.944581
212.315 10.2044 318.514 -1.17616
212.371 10.1309 319.084 -1.39147
212.427 10.0459 319.651 -1.58673
212.483 9.95136 320.212 -1.74967
212.539 9.84806 320.768 -1.8921
212.596 9.73796 321.317 -1.99827
212.652 9.62309 321.86 -2.06478
212.708 9.50631 322.397 -2.08132
212.764 9.38974 322.927 -2.06657
212.82 9.27515 323.451 -2.01655
212.876 9.16475 323.968 -1.92513
212.933 9.06048 324.479 -1.81146
212.989 8.96365 324.985 -1.66667
213.045 8.87498 325.486 -1.51754
213.101 8.79504 325.982 -1.36116
213.157 8.7235 326.473 -1.21363
213.213 8.66035 326.961 -1.06626
213.27 8.60542 327.446 -0.921509
213.326 8.55794 327.928 -0.794689
213.382 8.51734 328.407 -0.678008
213.438 8.48274 328.884 -0.575897
213.494 8.45387 329.36 -0.480113
213.551 8.42975 329.834 -0.395514
213.607 8.41057 330.307 -0.306362
213.663 8.39559 330.779 -0.244464
213.719 8.38421 331.25 -0.170268
213.775 8.37732 331.721 -0.0937679
213.831 8.37406 332.191 -0.0310415
213.888 8.37521 332.662 0.0567387
213.944 8.38033 333.133 0.110961
214 8.38862 333.604 0.168661
214.056 8.40053 334.075 0.244024
214.112 8.41622 334.548 0.30129
214.169 8.43499 335.021 0.354121
214.225 8.45637 335.496 0.400277
214.281 8.48012 335.972 0.433756
214.337 8.50558 336.449 0.46627
214.393 8.53204 336.928 0.470901
214.449 8.55823 337.408 0.460898
214.506 8.58337 337.89 0.435292
214.562 8.60667 338.373 0.398324
214.618 8.62725 338.857 0.342585
214.674 8.64439 339.342 0.275513
214.73 8.6575 339.828 0.203206
214.787 8.66582 340.315 0.110529
214.843 8.66824 340.802 -0.00635846
214.899 8.6641 341.289 -0.123286
214.955 8.65289 341.775 -0.250445
215.011 8.63478 342.261 -0.370079
215.067 8.60999 342.745 -0.488674
215.124 8.57872 343.228 -0.60166
215.18 8.5413 343.708 -0.708744
215.236 8.49824 344.187 -0.801584
215.292 8.44994 344.663 -0.895101
215.348 8.39723 345.135 -0.962578
215.404 8.34142 345.605 -1.01385
215.461 8.28319 346.072 -1.04678
215.517 8.22393 346.535 -1.05821
215.573 8.16446 346.995 -1.05621
215.629 8.10597 347.452 -1.02932
215.685 8.0498 347.906 -0.976507
215.742 7.99675 348.356 -0.924654
215.798 7.94728 348.804 -0.842988
215.854 7.90299 349.249 -0.753973
215.91 7.86399 349.691 -0.65233
215.966 7.83063 350.132 -0.556817
216.022 7.80277 350.571 -0.460682
216.079 7.78037 351.008 -0.35794
216.135 7.76414 351.445 -0.245206
216.191 7.7538 351.881 -0.143209
216.247 7.74896 352.316 -0.0460238
216.303 7.74958 352.751 0.0524607
216.36 7.75604 353.187 0.152398
216.416 7.76734 353.623 0.233864
216.472 7.78309 354.06 0.311778
216.528 7.80309 354.498 0.381793
216.584 7.82657 354.937 0.441777
216.64 7.85339 355.378 0.499208
216.697 7.8833 355.82 0.554095
216.753 7.9162 356.264 0.608731
216.809 7.95186 356.71 0.653154
216.865 7.99018 357.158 0.699619
216.921 8.03149 357.608 0.762687
216.978 8.07606 358.061 0.811194
217.034 8.12312 358.516 0.856386
217.09 8.17316 358.974 0.918114
217.146 8.22682 359.435 0.972755
217.202 8.28335 359.899 1.02575
217.258 8.34232 360.366 1.06761
217.315 8.40377 360.837 1.10985
217.371 8.46744 361.311 1.15008
217.427 8.53322 361.789 1.18696
217.483 8.60077 362.271 1.21088
217.539 8.66943 362.756 1.22708
217.596 8.73929 363.246 1.2519
217.652 8.8096 363.739 1.2498
217.708 8.87999 364.236 1.24611
217.764 8.94909 364.738 1.21766
217.82 9.0166 365.243 1.18961
217.876 9.0821 365.751 1.14942
217.933 9.14556 366.264 1.11525
217.989 9.20628 366.78 1.06273
218.045 9.26407 367.299 1.00518
218.101 9.31855 367.821 0.947261
218.157 9.36945 368.346 0.879239
218.213 9.41684 368.874 0.818748
218.27 9.46079 369.405 0.758179
218.326 9.50087 369.938 0.685583
218.382 9.53715 370.473 0.624299
218.438 9.56946 371.01 0.547191
218.494 9.59773 371.548 0.471474
218.551 9.62119 372.088 0.380826
218.607 9.63983 372.63 0.298725
218.663 9.65372 373.172 0.21468
218.719 9.66323 373.714 0.139037
218.775 9.6687 374.257 0.073465
218.831 9.67048 374.801 0.00453493
218.888 9.66872 375.344 -0.0572552
218.944 9.66386 375.887 -0.104246
219 9.65625 376.43 -0.154157
219.056 9.6459 376.972 -0.20635
219.112 9.63253 377.513 -0.258537
219.169 9.61593 378.054 -0.320678
219.225 9.59576 378.593 -0.388209
219.281 9.57144 379.132 -0.461243
219.337 9.54308 379.668 -0.534754
219.393 9.51064 380.203 -0.605729
219.449 9.47415 380.737 -0.677224
219.506 9.43353 381.267 -0.751639
219.562 9.38894 381.796 -0.824143
219.618 9.33975 382.322 -0.906477
219.674 9.28599 382.845 -0.991693
219.73 9.22757 383.364 -1.07468
219.787 9.16366 383.881 -1.18158
219.843 9.09314 384.393 -1.30471
219.899 9.01549 384.901 -1.43274
219.955 8.93062 385.405 -1.56384
220.011 8.83814 385.904 -1.70151
220.067 8.73811 386.397 -1.83107
220.124 8.63064 386.884 -1.97017
220.18 8.51524 387.365 -2.10493
220.236 8.39317 387.84 -2.21609
220.292 8.26575 388.307 -2.29936
220.348 8.13403 388.767 -2.36721
220.404 7.99954 389.219 -2.40684
220.461 7.86389 389.664 -2.41749
220.517 7.72834 390.101 -2.40354
220.573 7.59476 390.531 -2.35893
220.629 7.4645 390.953 -2.28747
220.685 7.33917 391.368 -2.19016
220.742 7.22011 391.777 -2.07133
220.798 7.10862 392.178 -1.92411
220.854 7.00599 392.574 -1.75845
220.91 6.91309 392.965 -1.58259
220.966 6.83049 393.35 -1.39499
221.022 6.75862 393.731 -1.20046
221.079 6.69784 394.109 -1.00274
221.135 6.64851 394.484 -0.794008
221.191 6.6107 394.856 -0.589967
221.247 6.58485 395.226 -0.374418
221.303 6.57106 395.596 -0.160223
221.36 6.56873 395.965 0.0413184
221.416 6.57786 396.334 0.24233
221.472 6.59827 396.704 0.441712
221.528 6.6296 397.076 0.636454
221.584 6.67212 397.45 0.838854
221.64 6.72557 397.826 1.02625
221.697 6.78935 398.206 1.20354
221.753 6.86324 398.59 1.39138
221.809 6.9475 398.978 1.57033
221.865 7.0419 399.372 1.75184
221.921 7.14642 399.771 1.92962
221.978 7.26068 400.176 2.10643
222.034 7.3848 400.588 2.27445
222.09 7.51802 401.008 2.4346
222.146 7.66026 401.435 2.60014
222.202 7.81186 401.87 2.76313
222.258 7.97248 402.314 2.92147
222.315 8.14176 402.768 3.07303
222.371 8.3188 403.231 3.20513
222.427 8.50327 403.705 3.33166
222.483 8.69416 404.189 3.44012
222.539 8.89023 404.684 3.5211
222.596 9.09052 405.19 3.59164
222.652 9.29375 405.708 3.62875
222.708 9.49751 406.237 3.62644
222.764 9.70082 406.777 3.6058
222.82 9.90158 407.329 3.5512
222.876 10.0988 407.892 3.47745
222.933 10.2902 408.466 3.35473
222.989 10.4737 409.05 3.20457
223.045 10.6479 409.644 3.03034
223.101 10.8114 410.248 2.82744
223.157 10.9629 410.861 2.60649
223.213 11.1014 411.481 2.36868
223.27 11.2253 412.109 2.09212
223.326 11.3326 412.744 1.78859
223.382 11.4226 413.383 1.47684
223.438 11.4952 414.028 1.16759
223.494 11.5497 414.675 0.837249
223.551 11.5855 415.325 0.504361
223.607 11.6026 415.977 0.165645
223.663 11.5996 416.629 -0.195572
223.719 11.5769 417.28 -0.540738
223.775 11.5354 417.929 -0.872115
223.831 11.4755 418.575 -1.19112
223.888 11.398 419.217 -1.50096
223.944 11.304 419.854 -1.78259
224 11.1949 420.486 -2.0447
224.056 11.072 421.111 -2.2805
224.112 10.9365 421.728 -2.49796
224.169 10.7897 422.338 -2.68611
224.225 10.633 422.939 -2.85126
224.281 10.4682 423.53 -2.98511
224.337 10.2968 424.113 -3.0919
224.393 10.1199 424.685 -3.1826
224.449 9.93871 425.248 -3.24981
224.506 9.75472 425.8 -3.28948
224.562 9.56899 426.342 -3.31389
224.618 9.38288 426.873 -3.31064
224.674 9.19727 427.394 -3.29873
224.73 9.01313 427.904 -3.2674
224.787 8.83092 428.405 -3.22475
224.843 8.65182 428.895 -3.16617
224.899 8.47606 429.375 -3.10103
224.955 8.30457 429.845 -3.02034
225.011 8.13769 430.306 -2.93354
225.067 7.97605 430.758 -2.83814
225.124 7.82002 431.2 -2.73461
225.18 7.67009 431.635 -2.62175
225.236 7.52697 432.061 -2.50163
225.292 7.39044 432.479 -2.37912
225.348 7.26068 432.89 -2.26284
225.404 7.1385 433.294 -2.11693
225.461 7.02427 433.691 -1.97763
225.517 6.91808 434.082 -1.82585
225.573 6.82039 434.467 -1.67264
225.629 6.73171 434.847 -1.5144
225.685 6.65186 435.223 -1.35518
225.742 6.58135 435.594 -1.18724
225.798 6.52028 435.962 -1.0277
225.854 6.469 436.326 -0.847164
225.91 6.42719 436.688 -0.676187
225.966 6.39486 437.048 -0.509872
226.022 6.37221 437.406 -0.33446
226.079 6.3591 437.764 -0.167464
226.135 6.35562 438.121 0.00753623
226.191 6.3616 438.478 0.17251
226.247 6.37675 438.836 0.333659
226.303 6.40063 439.195 0.483817
226.36 6.43275 439.556 0.630836
226.416 6.47254 439.918 0.75572
226.472 6.51954 440.284 0.886204
226.528 6.57344 440.652 1.00724
226.584 6.63404 441.023 1.12707
226.64 6.70093 441.398 1.23135
226.697 6.77348 441.777 1.33069
226.753 6.85108 442.16 1.41708
226.809 6.93332 442.548 1.49401
226.865 7.01978 442.94 1.56889
226.921 7.10996 443.337 1.63006
226.978 7.20383 443.74 1.69523
227.034 7.30097 444.148 1.75096
227.09 7.40108 444.561 1.80219
227.146 7.50371 444.981 1.84008
227.202 7.60835 445.406 1.8745
227.258 7.71472 445.837 1.90283
227.315 7.82224 446.274 1.91546
227.371 7.93068 446.717 1.93885
227.427 8.03921 447.166 1.92989
227.483 8.14713 447.621 1.91515
227.539 8.25349 448.083 1.87912
227.596 8.35807 448.55 1.85041
227.652 8.4607 449.023 1.80965
227.708 8.56057 449.502 1.75592
227.764 8.65648 449.986 1.67667
227.82 8.74758 450.475 1.58281
227.876 8.83311 450.97 1.47871
227.933 8.91249 451.469 1.36838
227.989 8.98541 451.972 1.25144
228.045 9.05167 452.479 1.13172
228.101 9.11106 452.989 1.01011
228.157 9.16386 453.503 0.892661
228.213 9.21026 454.019 0.782616
228.27 9.25056 454.538 0.676954
228.326 9.2852 455.059 0.577647
228.382 9.31466 455.582 0.490714
228.438 9.33979 456.106 0.421179
228.494 9.36107 456.631 0.349786
228.551 9.37935 457.158 0.310246
228.607 9.39549 457.685 0.276191
228.663 9.41058 458.214 0.265894
228.719 9.42544 458.743 0.265633
228.775 9.44087 459.273 0.283599
228.831 9.45758 459.804 0.306784
228.888 9.47591 460.336 0.340815
228.944 9.4963 460.869 0.38
229 9.51921 461.403 0.425302
229.056 9.54474 461.939 0.471105
229.112 9.57212 462.476 0.499281
229.169 9.601 463.015 0.521745
229.225 9.63121 463.555 0.547005
229.281 9.66237 464.097 0.560192
229.337 9.69441 464.641 0.573576
229.393 9.72685 465.187 0.579382
229.449 9.75959 465.734 0.586735
229.506 9.79285 466.284 0.592965
229.562 9.82675 466.835 0.608372
229.618 9.8612 467.388 0.618094
229.674 9.89632 467.943 0.626946
229.73 9.93216 468.501 0.643518
229.787 9.96852 469.06 0.65081
229.843 10.0052 469.621 0.656617
229.899 10.0425 470.184 0.668095
229.955 10.0804 470.75 0.679425
230.011 10.119 471.318 0.688345
230.067 10.1581 471.887 0.702222
230.124 10.1978 472.459 0.711894
230.18 10.2382 473.034 0.72505
230.236 10.2794 473.61 0.739732
230.292 10.3213 474.189 0.751187
230.348 10.3639 474.77 0.764468
230.404 10.4078 475.354 0.793127
230.461 10.4535 475.94 0.828242
230.517 10.5014 476.529 0.867493
230.573 10.5513 477.121 0.904057
230.629 10.6033 477.715 0.938678
230.685 10.6574 478.313 0.978785
230.742 10.714 478.913 1.02851
230.798 10.7733 479.517 1.0753
230.854 10.8352 480.125 1.11744
230.91 10.8995 480.736 1.15847
230.966 10.9659 481.35 1.20038
231.022 11.0348 481.969 1.24197
231.079 11.1058 482.591 1.2759
231.135 11.1787 483.217 1.31334
231.191 11.2538 483.848 1.35059
231.247 11.331 484.483 1.39068
231.303 11.41 485.122 1.41642
231.36 11.4902 485.765 1.4323
231.416 11.5711 486.414 1.44378
231.472 11.6521 487.067 1.44227
231.528 11.7327 487.724 1.42749
231.584 11.8123 488.386 1.40928
231.64 11.8907 489.052 1.38245
231.697 11.9671 489.723 1.34467
231.753 12.0413 490.397 1.3026
231.809 12.1128 491.076 1.25222
231.865 12.1812 491.759 1.19065
231.921 12.2457 492.446 1.12075
231.978 12.3056 493.136 1.02569
232.034 12.3598 493.829 0.919793
232.09 12.4074 494.525 0.800962
232.146 12.448 495.223 0.671004
232.202 12.4814 495.924 0.540965
232.258 12.5072 496.626 0.4032
232.315 12.5251 497.329 0.262112
232.371 12.535 498.033 0.119449
232.427 12.5372 498.737 -0.0145591
232.483 12.5313 499.442 -0.162523
232.539 12.5173 500.145 -0.309861
232.596 12.4952 500.848 -0.445255
232.652 12.4656 501.549 -0.582975
232.708 12.4283 502.248 -0.717586
232.764 12.3834 502.945 -0.851573
232.82 12.3309 503.639 -0.990609
232.876 12.2705 504.329 -1.13255
232.933 12.2023 505.016 -1.26632
232.989 12.1263 505.699 -1.41173
233.045 12.0426 506.378 -1.54375
233.101 11.9512 507.051 -1.68147
233.157 11.852 507.719 -1.82019
233.213 11.7453 508.382 -1.95298
233.27 11.6313 509.038 -2.0783
233.326 11.5105 509.687 -2.2005
233.382 11.3834 510.33 -2.30254
233.438 11.2508 510.965 -2.39355
233.494 11.1136 511.592 -2.47092
233.551 10.9727 512.212 -2.52906
233.607 10.829 512.823 -2.57423
233.663 10.6833 513.427 -2.6065
233.719 10.5362 514.022 -2.62509
233.775 10.3883 514.609 -2.63322
233.831 10.2402 515.188 -2.64306
233.888 10.0915 515.758 -2.6456
233.944 9.9429 516.32 -2.64612
234 9.79401 516.873 -2.65301
234.056 9.64476 517.419 -2.65954
234.112 9.49528 517.955 -2.66745
234.169 9.34538 518.484 -2.66786
234.225 9.19514 519.004 -2.68289
234.281 9.04415 519.515 -2.6924
234.337 8.89212 520.018 -2.71214
234.393 8.73934 520.513 -2.72561
234.449 8.58577 520.998 -2.73666
234.506 8.43227 521.476 -2.72854
234.562 8.27964 521.944 -2.70714
234.618 8.12819 522.404 -2.693
234.674 7.97803 522.856 -2.65266
234.73 7.83001 523.299 -2.62446
234.787 7.68451 523.734 -2.57004
234.843 7.54188 524.161 -2.51618
234.899 7.40281 524.58 -2.4499
234.955 7.26759 524.991 -2.37729
235.011 7.13666 525.395 -2.2968
235.067 7.01058 525.792 -2.20806
235.124 6.88976 526.181 -2.11394
235.18 6.77413 526.565 -2.01877
235.236 6.6644 526.941 -1.90983
235.292 6.56059 527.312 -1.80437
235.348 6.46287 527.678 -1.70227
235.404 6.37077 528.038 -1.5977
235.461 6.28452 528.392 -1.49367
235.517 6.204 528.743 -1.39159
235.573 6.12913 529.089 -1.29494
235.629 6.05996 529.431 -1.19963
235.685 5.99605 529.769 -1.10417
235.742 5.93676 530.104 -1.02464
235.798 5.88174 530.436 -0.942721
235.854 5.83108 530.764 -0.878522
235.91 5.7842 531.09 -0.807197
235.966 5.74012 531.414 -0.773157
236.022 5.69837 531.735 -0.729866
236.079 5.65833 532.054 -0.702993
236.135 5.61913 532.37 -0.699128
236.191 5.57944 532.684 -0.710816
236.247 5.53897 532.997 -0.727959
236.303 5.49727 533.306 -0.753106
236.36 5.45332 533.614 -0.803645
236.416 5.40622 533.918 -0.863642
236.472 5.35571 534.221 -0.922302
236.528 5.30173 534.52 -0.989287
236.584 5.24337 534.815 -1.0656
236.64 5.18159 535.108 -1.13104
236.697 5.11587 535.397 -1.19472
236.753 5.0472 535.682 -1.23912
236.809 4.9763 535.963 -1.27727
236.865 4.90399 536.24 -1.29024
236.921 4.83126 536.513 -1.29392
236.978 4.75929 536.782 -1.27208
237.034 4.68904 537.047 -1.23245
237.09 4.62197 537.308 -1.1662
237.146 4.55933 537.566 -1.07667
237.202 4.50232 537.82 -0.971813
237.258 4.452 538.071 -0.84475
237.315 4.409 538.32 -0.709416
237.371 4.3739 538.567 -0.56613
237.427 4.34731 538.811 -0.415149
237.483 4.32923 539.055 -0.259865
237.539 4.31965 539.298 -0.112983
237.596 4.3183 539.54 0.033586
237.652 4.32423 539.783 0.156906
237.708 4.33719 540.026 0.280931
237.764 4.35678 540.271 0.392145
237.82 4.38206 540.516 0.488566
237.876 4.4125 540.764 0.57523
237.933 4.44746 541.013 0.650424
237.989 4.48616 541.264 0.714646
238.045 4.52831 541.517 0.776517
238.101 4.57379 541.773 0.828542
238.157 4.62173 542.032 0.872652
238.213 4.67229 542.293 0.917406
238.27 4.72511 542.557 0.95469
238.326 4.77991 542.825 0.989644
238.382 4.8365 543.095 1.01933
238.438 4.89508 543.369 1.05702
238.494 4.95558 543.646 1.08889
238.551 5.01828 543.926 1.13522
238.607 5.08296 544.21 1.16533
238.663 5.14936 544.498 1.19373
238.719 5.21745 544.79 1.22452
238.775 5.28712 545.085 1.25131
238.831 5.35869 545.385 1.28328
238.888 5.43162 545.688 1.30853
238.944 5.50611 545.996 1.33728
239 5.58232 546.308 1.3692
239.056 5.66013 546.624 1.39613
239.112 5.73972 546.944 1.4278
239.169 5.82075 547.27 1.4532
239.225 5.90319 547.599 1.47433
239.281 5.98683 547.934 1.49639
239.337 6.07173 548.273 1.52017
239.393 6.15739 548.617 1.52753
239.449 6.24329 548.966 1.5276
239.506 6.32922 549.32 1.53034
239.562 6.41496 549.678 1.52144
239.618 6.49957 550.041 1.496
239.674 6.58256 550.409 1.46538
239.73 6.66346 550.782 1.42305
239.787 6.74216 551.159 1.38665
239.843 6.81928 551.54 1.36201
239.899 6.89453 551.926 1.326
239.955 6.96795 552.316 1.29372
240.011 7.03963 552.71 1.26815
240.067 7.10973 553.107 1.23371
240.124 7.17764 553.509 1.19021
240.18 7.24319 553.915 1.14864
240.236 7.30623 554.324 1.10526
240.292 7.36682 554.736 1.05803
240.348 7.42413 555.152 0.993597
240.404 7.47741 555.571 0.917104
240.461 7.5261 555.993 0.83034
240.517 7.56979 556.417 0.742502
240.573 7.60808 556.843 0.637722
240.629 7.63995 557.272 0.516616
240.685 7.66508 557.702 0.399658
240.742 7.68245 558.133 0.244742
240.798 7.6909 558.565 0.0895872
240.854 7.69073 558.997 -0.0715773
240.91 7.68076 559.429 -0.242616
240.966 7.66097 559.86 -0.42862
241.022 7.63097 560.289 -0.601175
241.079 7.59118 560.717 -0.780321
241.135 7.54146 561.142 -0.953397
241.191 7.48208 561.563 -1.12516
241.247 7.41342 561.981 -1.28289
241.303 7.33527 562.395 -1.45712
241.36 7.24763 562.805 -1.62163
241.416 7.15079 563.208 -1.78549
241.472 7.04455 563.607 -1.96255
241.528 6.92854 563.999 -2.13261
241.584 6.80349 564.384 -2.28448
241.64 6.67014 564.761 -2.42523
241.697 6.52981 565.131 -2.54482
241.753 6.3836 565.493 -2.63803
241.809 6.23322 565.847 -2.70183
241.865 6.07997 566.192 -2.74296
241.921 5.92512 566.528 -2.75555
241.978 5.77087 566.856 -2.73603
242.034 5.61853 567.175 -2.69017
242.09 5.4696 567.486 -2.62243
242.146 5.32542 567.788 -2.52845
242.202 5.18676 568.083 -2.42098
242.258 5.0551 568.369 -2.29175
242.315 4.931 568.649 -2.15439
242.371 4.81503 568.922 -2.00408
242.427 4.7078 569.189 -1.84605
242.483 4.60964 569.45 -1.68358
242.539 4.5207 569.706 -1.51263
242.596 4.44126 569.957 -1.34769
242.652 4.37118 570.205 -1.1789
242.708 4.30999 570.448 -1.03017
242.764 4.25696 570.688 -0.885367
242.82 4.21183 570.926 -0.746357
242.876 4.17427 571.161 -0.616961
242.933 4.14351 571.395 -0.498987
242.989 4.11901 571.627 -0.395118
243.045 4.10029 571.857 -0.296073
243.101 4.08695 572.087 -0.195779
243.157 4.07929 572.317 -0.100638
243.213 4.07647 572.546 -0.0173662
243.27 4.0786 572.775 0.075901
243.326 4.0861 573.004 0.172729
243.382 4.0992 573.234 0.273377
243.438 4.1181 573.465 0.379377
243.494 4.1429 573.697 0.482136
243.551 4.17361 573.931 0.590271
243.607 4.21055 574.167 0.702184
243.663 4.25379 574.405 0.814625
243.719 4.30327 574.645 0.923885
243.775 4.35892 574.889 1.03532
243.831 4.42104 575.136 1.15104
243.888 4.48894 575.386 1.24823
243.944 4.56239 575.641 1.35175
244 4.64151 575.9 1.44139
244.056 4.72541 576.164 1.52727
244.112 4.81377 576.432 1.60269
244.169 4.906 576.705 1.66663
244.225 5.00176 576.984 1.72738
244.281 5.10044 577.269 1.77467
244.337 5.20134 577.559 1.80865
244.393 5.30403 577.854 1.83813
244.449 5.40799 578.156 1.85801
244.506 5.51302 578.463 1.87207
244.562 5.61844 578.776 1.87821
244.618 5.72394 579.096 1.87826
244.674 5.82949 579.421 1.87562
244.73 5.93468 579.752 1.87046
244.787 6.03944 580.089 1.86139
244.843 6.1437 580.431 1.84894
244.899 6.24722 580.78 1.83611
244.955 6.34959 581.135 1.81596
245.011 6.45094 581.495 1.79321
245.067 6.55107 581.86 1.77139
245.124 6.64941 582.232 1.73535
245.18 6.74548 582.609 1.69641
245.236 6.83933 582.991 1.65257
245.292 6.93048 583.378 1.60114
245.348 7.01845 583.77 1.54289
245.404 7.10286 584.168 1.47707
245.461 7.18374 584.569 1.41503
245.517 7.26127 584.976 1.35739
245.573 7.33463 585.386 1.27152
245.629 7.40294 585.8 1.18588
245.685 7.46657 586.218 1.09955
245.742 7.5253 586.64 1.00877
245.798 7.57868 587.064 0.913009
245.854 7.62655 587.492 0.813125
245.91 7.66947 587.922 0.730982
245.966 7.70774 588.354 0.648166
246.022 7.74153 588.788 0.570236
246.079 7.77113 589.224 0.497402
246.135 7.79697 589.662 0.439284
246.191 7.81987 590.1 0.382985
246.247 7.83982 590.54 0.341254
246.303 7.85798 590.981 0.313042
246.36 7.87473 591.423 0.287319
246.416 7.89032 591.866 0.274899
246.472 7.9058 592.31 0.280075
246.528 7.92184 592.755 0.290473
246.584 7.93894 593.201 0.31183
246.64 7.95677 593.647 0.32231
246.697 7.97564 594.095 0.341764
246.753 7.99535 594.543 0.355518
246.809 8.01613 594.993 0.377065
246.865 8.038 595.444 0.394044
246.921 8.06058 595.897 0.40897
246.978 8.08322 596.35 0.395912
247.034 8.10526 596.805 0.390011
247.09 8.1264 597.261 0.368026
247.146 8.1462 597.719 0.341273
247.202 8.16392 598.177 0.29764
247.258 8.17925 598.636 0.253661
247.315 8.19207 599.096 0.214013
247.371 8.20286 599.557 0.175711
247.427 8.21128 600.018 0.134297
247.483 8.21789 600.479 0.103241
247.539 8.22311 600.941 0.0843801
247.596 8.2273 601.403 0.0667228
247.652 8.23046 601.865 0.0490091
247.708 8.233 602.328 0.0454276
247.764 8.23613 602.791 0.063377
247.82 8.24027 603.253 0.0821095
247.876 8.24569 603.717 0.105864
247.933 8.25247 604.18 0.131956
247.989 8.2606 604.644 0.152595
248.045 8.27039 605.108 0.189567
248.101 8.28247 605.573 0.228787
248.157 8.29609 606.039 0.252167
248.213 8.31116 606.506 0.277252
248.27 8.32771 606.973 0.309366
248.326 8.346 607.442 0.33442
248.382 8.36528 607.911 0.348311
248.438 8.38546 608.382 0.367145
248.494 8.40643 608.854 0.375989
248.551 8.42799 609.327 0.386916
248.607 8.44996 609.801 0.396593
248.663 8.47213 610.276 0.401997
248.719 8.49472 610.753 0.405934
248.775 8.51797 611.231 0.417496
248.831 8.54164 611.71 0.424585
248.888 8.56567 612.191 0.429065
248.944 8.58983 612.673 0.433293
249 8.61475 613.156 0.451692
249.056 8.64126 613.641 0.483504
249.112 8.6691 614.128 0.5053
249.169 8.69856 614.616 0.537326
249.225 8.73007 615.105 0.576185
249.281 8.76349 615.597 0.607684
249.337 8.79856 616.09 0.63476
249.393 8.83531 616.586 0.665855
249.449 8.87352 617.084 0.687274
249.506 8.91253 617.583 0.699592
249.562 8.95224 618.086 0.711184
249.618 8.99222 618.59 0.713414
249.674 9.03215 619.096 0.707107
249.73 9.07138 619.605 0.692029
249.787 9.1096 620.116 0.67075
249.843 9.14652 620.629 0.647207
249.899 9.18181 621.144 0.613386
249.955 9.21522 621.661 0.582804
250.011 9.24677 622.18 0.546957
250.067 9.27639 622.7 0.513406
250.124 9.30392 623.222 0.474296
250.18 9.32939 623.746 0.441558
250.236 9.35309 624.271 0.407774
250.292 9.37488 624.797 0.375825
250.348 9.39511 625.324 0.351214
250.404 9.4141 625.853 0.329756
250.461 9.43188 626.382 0.309026
250.517 9.44861 626.913 0.289917
250.573 9.46425 627.444 0.272571
250.629 9.47893 627.976 0.250628
250.685 9.4923 628.509 0.234922
250.742 9.50509 629.043 0.221091
250.798 9.51722 629.577 0.213519
250.854 9.52919 630.113 0.209307
250.91 9.54067 630.648 0.201331
250.966 9.55229 631.185 0.212739
251.022 9.56388 631.722 0.200861
251.079 9.57532 632.259 0.209192
251.135 9.58788 632.798 0.231948
251.191 9.60136 633.337 0.247092
251.247 9.61613 633.877 0.269685
251.303 9.63259 634.418 0.308453
251.36 9.65135 634.959 0.352593
251.416 9.67321 635.502 0.41152
251.472 9.69811 636.047 0.462611
251.528 9.72622 636.592 0.527263
251.584 9.75882 637.14 0.614419
251.64 9.79611 637.689 0.69848
251.697 9.8381 638.241 0.781099
251.753 9.88506 638.795 0.87359
251.809 9.93736 639.352 0.968913
251.865 9.99494 639.913 1.06146
251.921 10.0576 640.476 1.14852
251.978 10.1251 641.043 1.23513
252.034 10.1971 641.615 1.30996
252.09 10.2731 642.19 1.377
252.146 10.3525 642.77 1.43757
252.202 10.435 643.354 1.48699
252.258 10.5199 643.943 1.5248
252.315 10.6065 644.537 1.55021
252.371 10.6939 645.136 1.55811
252.427 10.781 645.74 1.54126
252.483 10.8665 646.348 1.50762
252.539 10.9495 646.962 1.45712
252.596 11.0292 647.579 1.39977
252.652 11.1055 648.202 1.3294
252.708 11.1774 648.828 1.24308
252.764 11.244 649.458 1.14584
252.82 11.3049 650.092 1.04664
252.876 11.3599 650.729 0.93298
252.933 11.4088 651.369 0.828462
252.989 11.4518 652.011 0.720442
253.045 11.4886 652.656 0.612137
253.101 11.519 653.302 0.500095
253.157 11.5431 653.95 0.382988
253.213 11.5606 654.599 0.269409
253.27 11.5716 655.249 0.147023
253.326 11.5758 655.9 0.0277347
253.382 11.573 656.55 -0.101388
253.438 11.5634 657.2 -0.222367
253.494 11.5471 657.849 -0.336016
253.551 11.5244 658.497 -0.445961
253.607 11.4957 659.143 -0.553569
253.663 11.4613 659.788 -0.647503
253.719 11.4219 660.431 -0.734113
253.775 11.3782 661.071 -0.807111
253.831 11.3313 661.709 -0.852682
253.888 11.282 662.343 -0.890845
253.944 11.2311 662.976 -0.91574
254 11.1793 663.605 -0.924722
254.056 11.1271 664.231 -0.933011
254.112 11.0743 664.854 -0.946835
254.169 11.0203 665.475 -0.971143
254.225 10.9646 666.092 -1.00682
254.281 10.9062 666.706 -1.07565
254.337 10.8436 667.317 -1.14788
254.393 10.7752 667.924 -1.26793
254.449 10.6985 668.526 -1.43586
254.506 10.6117 669.125 -1.61587
254.562 10.5143 669.717 -1.81888
254.618 10.4044 670.305 -2.05048
254.674 10.2815 670.885 -2.27635
254.73 10.1457 671.458 -2.50976
254.787 9.99766 672.023 -2.71746
254.843 9.83873 672.579 -2.90014
254.899 9.67041 673.127 -3.05175
254.955 9.49463 673.664 -3.17606
255.011 9.31314 674.191 -3.26482
255.067 9.12677 674.708 -3.34834
255.124 8.93641 675.215 -3.41306
255.18 8.74314 675.71 -3.45586
255.236 8.5478 676.195 -3.48996
255.292 8.35071 676.668 -3.51906
255.348 8.15196 677.131 -3.54731
255.404 7.95185 677.582 -3.5684
255.461 7.75054 678.022 -3.59569
255.517 7.54836 678.45 -3.6042
255.573 7.34513 678.868 -3.62569
255.629 7.14149 679.274 -3.62468
255.685 6.93754 679.668 -3.62528
255.742 6.73357 680.051 -3.62723
255.798 6.53005 680.422 -3.61838
255.854 6.32737 680.782 -3.59634
255.91 6.12625 681.131 -3.57503
255.966 5.92605 681.468 -3.55387
256.022 5.72772 681.794 -3.51768
256.079 5.53082 682.11 -3.49133
256.135 5.33548 682.414 -3.47053
256.191 5.14158 682.707 -3.43998
256.247 4.94948 682.989 -3.40501
256.303 4.75936 683.261 -3.36487
256.36 4.57246 683.522 -3.30229
256.416 4.38969 683.773 -3.22719
256.472 4.21164 684.013 -3.12645
256.528 4.04025 684.244 -2.99688
256.584 3.87694 684.466 -2.84278
256.64 3.72313 684.678 -2.66641
256.697 3.58015 684.882 -2.46025
256.753 3.44953 685.079 -2.22834
256.809 3.33256 685.269 -1.98229
256.865 3.22955 685.453 -1.72858
256.921 3.14177 685.631 -1.44959
256.978 3.06965 685.805 -1.174
257.034 3.01296 685.975 -0.899022
257.09 2.97182 686.143 -0.622246
257.146 2.94614 686.309 -0.346068
257.202 2.93562 686.474 -0.0821446
257.258 2.93942 686.639 0.166547
257.315 2.95698 686.805 0.407905
257.371 2.98732 686.972 0.630578
257.427 3.02991 687.141 0.8408
257.483 3.08359 687.313 1.03158
257.539 3.14755 687.489 1.2067
257.596 3.22061 687.668 1.36261
257.652 3.30215 687.852 1.50911
257.708 3.39152 688.04 1.64438
257.764 3.48793 688.234 1.76255
257.82 3.59051 688.433 1.87
257.876 3.69907 688.639 1.97369
257.933 3.81304 688.85 2.06506
257.989 3.93191 689.068 2.14923
258.045 4.05507 689.293 2.21665
258.101 4.18151 689.525 2.27622
258.157 4.31139 689.765 2.33218
258.213 4.44414 690.011 2.38161
258.27 4.57955 690.266 2.42768
258.326 4.71707 690.528 2.45515
258.382 4.85561 690.797 2.47382
258.438 4.99498 691.075 2.48938
258.494 5.1347 691.36 2.48458
258.551 5.27315 691.653 2.4565
258.607 5.40993 691.954 2.4178
258.663 5.54434 692.262 2.37531
258.719 5.67606 692.578 2.32463
258.775 5.80511 692.902 2.27875
258.831 5.93116 693.232 2.21679
258.888 6.05325 693.569 2.14075
258.944 6.1708 693.913 2.05774
259 6.28324 694.264 1.96529
259.056 6.39072 694.621 1.87654
259.112 6.49241 694.983 1.76307
259.169 6.58738 695.351 1.63959
259.225 6.67529 695.724 1.51481
259.281 6.75563 696.102 1.37879
259.337 6.82837 696.484 1.23992
259.393 6.89373 696.87 1.11119
259.449 6.95157 697.259 0.976299
259.506 7.00197 697.651 0.839944
259.562 7.04468 698.046 0.705754
259.618 7.07945 698.443 0.563581
259.674 7.10667 698.842 0.431123
259.73 7.12678 699.242 0.310961
259.787 7.14044 699.643 0.199428
259.843 7.14839 700.044 0.10432
259.899 7.15149 700.446 0.0249414
259.955 7.15017 700.848 -0.0546083
260.011 7.14447 701.249 -0.134047
260.067 7.13445 701.65 -0.205625
260.124 7.12067 702.05 -0.275221
260.18 7.1027 702.45 -0.349627
260.236 7.08112 702.848 -0.406544
260.292 7.05641 703.245 -0.461503
260.348 7.02908 703.641 -0.500457
260.404 6.99976 704.035 -0.538831
260.461 6.96815 704.427 -0.576344
260.517 6.93529 704.817 -0.594365
260.573 6.9016 705.206 -0.60307
260.629 6.86702 705.592 -0.620855
260.685 6.83264 705.977 -0.603344
260.742 6.799 706.36 -0.594146
260.798 6.76646 706.74 -0.570145
260.854 6.7351 707.12 -0.549114
260.91 6.70491 707.497 -0.529556
260.966 6.67587 707.873 -0.508307
261.022 6.64817 708.247 -0.482986
261.079 6.6224 708.619 -0.443207
261.135 6.59853 708.991 -0.41357
261.191 6.57627 709.36 -0.385395
261.247 6.55599 709.729 -0.345552
261.303 6.53741 710.097 -0.317166
261.36 6.52067 710.464 -0.28682
261.416 6.5059 710.829 -0.246185
261.472 6.49345 711.195 -0.203554
261.528 6.48399 711.559 -0.146607
261.584 6.47783 711.923 -0.0820625
261.64 6.47548 712.287 -0.0122026
261.697 6.4773 712.651 0.0616913
261.753 6.48383 713.015 0.151398
261.809 6.49519 713.379 0.236463
261.865 6.51167 713.745 0.330235
261.921 6.53357 714.111 0.43185
261.978 6.56117 714.479 0.532274
262.034 6.59438 714.849 0.628658
262.09 6.63341 715.221 0.740644
262.146 6.67875 715.595 0.852184
262.202 6.73038 715.972 0.96191
262.258 6.7879 716.352 1.0648
262.315 6.85087 716.735 1.15933
262.371 6.91931 717.123 1.25601
262.427 6.99323 717.514 1.35568
262.483 7.07252 717.909 1.44971
262.539 7.15681 718.309 1.52955
262.596 7.24574 718.714 1.61516
262.652 7.33892 719.125 1.69384
262.708 7.43652 719.54 1.76464
262.764 7.53772 719.961 1.82442
262.82 7.64164 720.388 1.86923
262.876 7.74806 720.821 1.90949
262.933 7.85627 721.26 1.93488
262.989 7.96515 721.705 1.93695
263.045 8.07374 722.156 1.92654
263.101 8.18137 722.614 1.90855
263.157 8.28781 723.077 1.88761
263.213 8.39302 723.546 1.86222
263.27 8.49635 724.021 1.82256
263.326 8.59675 724.502 1.76221
263.382 8.69314 724.988 1.68001
263.438 8.78458 725.479 1.5923
263.494 8.87109 725.976 1.50437
263.551 8.95201 726.477 1.39714
263.607 9.02682 726.982 1.287
263.663 9.09523 727.492 1.17195
263.719 9.15702 728.005 1.05054
263.775 9.21246 728.521 0.944894
263.831 9.26163 729.041 0.828105
263.888 9.30455 729.562 0.7194
263.944 9.34143 730.086 0.614117
264 9.37205 730.612 0.500431
264.056 9.39642 731.14 0.388146
264.112 9.41474 731.668 0.285838
264.169 9.42756 732.197 0.192646
264.225 9.43562 732.727 0.108891
264.281 9.43894 733.258 0.0280859
264.337 9.43795 733.788 -0.0480222
264.393 9.43271 734.318 -0.124524
264.449 9.42295 734.848 -0.204926
264.506 9.40877 735.376 -0.2821
264.562 9.39042 735.904 -0.357562
264.618 9.36794 736.431 -0.429203
264.674 9.34153 736.957 -0.495802
264.73 9.31145 737.48 -0.56225
264.787 9.27775 738.002 -0.628286
264.843 9.24105 738.522 -0.670841
264.899 9.20222 739.04 -0.705457
264.955 9.16154 739.556 -0.733948
265.011 9.11993 740.069 -0.743153
265.067 9.07829 740.58 -0.74076
265.124 9.03686 741.089 -0.738982
265.18 8.99622 741.595 -0.711942
265.236 8.95728 742.099 -0.677028
265.292 8.92061 742.601 -0.63588
265.348 8.88594 743.101 -0.598425
265.404 8.85399 743.599 -0.546627
265.461 8.82547 744.096 -0.481295
265.517 8.80058 744.591 -0.416891
265.573 8.77939 745.084 -0.349586
265.629 8.76224 745.577 -0.274623
265.685 8.74903 746.069 -0.210446
265.742 8.73922 746.56 -0.152358
265.798 8.73275 747.051 -0.090319
265.854 8.72935 747.541 -0.0390596
265.91 8.72865 748.032 0.00408629
265.966 8.73006 748.522 0.0358983
266.022 8.73271 749.012 0.0548417
266.079 8.73601 749.503 0.0564738
266.135 8.73867 749.994 0.0374646
266.191 8.73918 750.485 -0.00923186
266.247 8.73675 750.976 -0.0706121
266.303 8.73024 751.467 -0.149907
266.36 8.71836 751.957 -0.255636
266.416 8.69993 752.446 -0.378482
266.472 8.6743 752.934 -0.512058
266.528 8.64072 753.42 -0.659934
266.584 8.59846 753.904 -0.817777
266.64 8.54704 754.385 -0.973261
266.697 8.48638 754.864 -1.14719
266.753 8.4164 755.338 -1.31162
266.809 8.33746 755.808 -1.46994
266.865 8.24984 756.274 -1.62245
266.921 8.1543 756.734 -1.75521
266.978 8.05139 757.189 -1.87916
267.034 7.9422 757.637 -1.98376
267.09 7.82818 758.08 -2.06101
267.146 7.7103 758.516 -2.12067
267.202 7.59046 758.945 -2.13672
267.258 7.46999 759.367 -2.14829
267.315 7.34939 759.783 -2.14519
267.371 7.22913 760.192 -2.13732
267.427 7.10998 760.594 -2.1071
267.483 6.9936 760.989 -2.04739
267.539 6.88066 761.378 -1.98366
267.596 6.77159 761.761 -1.91476
267.652 6.66641 762.138 -1.84053
267.708 6.56555 762.509 -1.76386
267.764 6.46901 762.875 -1.68694
267.82 6.37739 763.235 -1.59321
267.876 6.2908 763.59 -1.50759
267.933 6.20938 763.941 -1.41205
267.989 6.13319 764.287 -1.31785
268.045 6.06257 764.629 -1.21383
268.101 5.99772 764.968 -1.11541
268.157 5.93838 765.303 -1.01758
268.213 5.88447 765.634 -0.919294
268.27 5.83587 765.963 -0.832894
268.326 5.79201 766.29 -0.746141
268.382 5.75304 766.614 -0.65496
268.438 5.7193 766.936 -0.566324
268.494 5.69047 767.256 -0.475346
268.551 5.66645 767.575 -0.39163
268.607 5.64722 767.893 -0.31222
268.663 5.63268 768.209 -0.222724
268.719 5.62295 768.525 -0.137487
268.775 5.61831 768.841 -0.0487455
268.831 5.61911 769.157 0.0498016
268.888 5.62464 769.473 0.131943
268.944 5.63471 769.789 0.211004
269 5.6493 770.106 0.291777
269.056 5.66844 770.424 0.375039
269.112 5.69225 770.743 0.454039
269.169 5.72017 771.064 0.523017
269.225 5.75155 771.386 0.58169
269.281 5.7858 771.711 0.624845
269.337 5.82212 772.037 0.658872
269.393 5.85986 772.365 0.677194
269.449 5.898 772.696 0.676996
269.506 5.93592 773.028 0.672235
269.562 5.973 773.363 0.650339
269.618 6.00837 773.7 0.611726
269.674 6.04106 774.038 0.56069
269.73 6.07037 774.379 0.49568
269.787 6.09601 774.721 0.432944
269.843 6.11787 775.064 0.358164
269.899 6.13514 775.408 0.273132
269.955 6.14765 775.753 0.187464
270.011 6.15517 776.099 0.0958768
270.067 6.15729 776.445 -0.0010641
270.124 6.15407 776.791 -0.0956963
270.18 6.14584 777.136 -0.181803
270.236 6.13259 777.481 -0.270779
270.292 6.11466 777.825 -0.347093
270.348 6.09288 778.168 -0.412977
270.404 6.06759 778.509 -0.475653
270.461 6.03868 778.849 -0.540388
270.517 6.00665 779.187 -0.58921
270.573 5.97264 779.524 -0.619388
270.629 5.93661 779.858 -0.659941
270.685 5.89852 780.19 -0.687985
270.742 5.85901 780.52 -0.710658
270.798 5.81841 780.848 -0.732374
270.854 5.77638 781.174 -0.75765
270.91 5.73298 781.497 -0.781581
270.966 5.68841 781.817 -0.804939
271.022 5.6426 782.135 -0.824466
271.079 5.5951 782.451 -0.857956
271.135 5.54616 782.763 -0.881267
271.191 5.49584 783.073 -0.903972
271.247 5.44436 783.38 -0.924748
271.303 5.39144 783.684 -0.954162
271.36 5.33707 783.985 -0.975528
271.416 5.28161 784.283 -0.993968
271.472 5.22508 784.578 -1.01575
271.528 5.16773 784.87 -1.02481
271.584 5.10988 785.158 -1.03022
271.64 5.0522 785.443 -1.02532
271.697 4.9948 785.725 -1.01937
271.753 4.93788 786.004 -1.0086
271.809 4.88174 786.279 -0.992665
271.865 4.82663 786.552 -0.971944
271.921 4.77267 786.821 -0.953334
271.978 4.7201 787.088 -0.923642
272.034 4.66914 787.351 -0.895838
272.09 4.61991 787.612 -0.862833
272.146 4.57267 787.87 -0.828341
272.202 4.52733 788.125 -0.792618
272.258 4.48401 788.378 -0.756067
272.315 4.44256 788.628 -0.725294
272.371 4.40292 788.877 -0.692037
272.427 4.36497 789.123 -0.662761
272.483 4.3289 789.367 -0.628997
272.539 4.29484 789.609 -0.59205
272.596 4.26261 789.849 -0.558153
272.652 4.23256 790.087 -0.521036
272.708 4.20441 790.324 -0.485933
272.764 4.17839 790.559 -0.448724
272.82 4.1548 790.793 -0.400933
272.876 4.13406 791.026 -0.348415
272.933 4.11611 791.258 -0.29896
272.989 4.10103 791.488 -0.247902
273.045 4.08913 791.718 -0.187443
273.101 4.08052 791.948 -0.129172
273.157 4.07516 792.177 -0.0715129
273.213 4.07328 792.406 -0.00763195
273.27 4.0747 792.635 0.0453761
273.326 4.07909 792.864 0.0996556
273.382 4.08654 793.093 0.154682
273.438 4.09701 793.323 0.209763
273.494 4.10996 793.554 0.244193
273.551 4.12536 793.785 0.294271
273.607 4.14337 794.017 0.338454
273.663 4.16357 794.251 0.372023
273.719 4.18567 794.485 0.406662
273.775 4.20956 794.721 0.438773
273.831 4.23507 794.959 0.461716
273.888 4.26162 795.198 0.483788
273.944 4.28976 795.438 0.512391
274 4.31921 795.68 0.529305
274.056 4.34987 795.924 0.560253
274.112 4.38199 796.169 0.579431
274.169 4.41533 796.416 0.603784
274.225 4.44986 796.666 0.623097
274.281 4.48557 796.917 0.645977
274.337 4.52281 797.17 0.674457
274.393 4.56168 797.425 0.704864
274.449 4.60219 797.683 0.729115
274.506 4.64418 797.943 0.76016
274.562 4.68813 798.205 0.796851
274.618 4.73418 798.47 0.835828
274.674 4.78255 798.738 0.878663
274.73 4.8333 799.008 0.919997
274.787 4.88632 799.282 0.960936
274.843 4.94217 799.558 1.01679
274.899 5.00115 799.838 1.0725
274.955 5.06318 800.121 1.12445
275.011 5.12786 800.407 1.1696
275.067 5.19535 800.698 1.2264
275.124 5.26557 800.992 1.26686
275.18 5.33842 801.29 1.31931
275.236 5.41397 801.592 1.36257
275.292 5.49186 801.899 1.40047
275.348 5.5718 802.21 1.43531
275.404 5.65362 802.526 1.47121
275.461 5.73732 802.847 1.50302
275.517 5.8225 803.172 1.5245
275.573 5.90905 803.502 1.55335
275.629 5.99695 803.837 1.57101
275.685 6.08562 804.177 1.58116
275.742 6.17473 804.522 1.58925
275.798 6.26379 804.871 1.58278
275.854 6.35204 805.226 1.56118
275.91 6.43894 805.586 1.53676
275.966 6.52412 805.951 1.50529
276.022 6.60783 806.32 1.47679
276.079 6.68941 806.694 1.43807
276.135 6.76872 807.073 1.39501
276.191 6.8453 807.455 1.34112
276.247 6.9191 807.843 1.29488
276.303 6.99012 808.234 1.24352
276.36 7.05788 808.629 1.17827
276.416 7.12195 809.027 1.11486
276.472 7.18244 809.43 1.05017
276.528 7.23927 809.835 0.984729
276.584 7.29248 810.243 0.922317
276.64 7.34214 810.655 0.859693
276.697 7.38836 811.069 0.796609
276.753 7.43148 811.485 0.746933
276.809 7.47186 811.904 0.701391
276.865 7.50968 812.325 0.652889
276.921 7.54479 812.748 0.606477
276.978 7.57738 813.173 0.564117
277.034 7.60791 813.6 0.52916
277.09 7.63629 814.029 0.4876
277.146 7.66275 814.458 0.462836
277.202 7.68787 814.89 0.434114
277.258 7.71128 815.322 0.409198
277.315 7.73301 815.756 0.375396
277.371 7.75348 816.192 0.357372
277.427 7.77316 816.628 0.347516
277.483 7.79291 817.065 0.35469
277.539 7.81317 817.504 0.364459
277.596 7.83416 817.943 0.378004
277.652 7.8558 818.384 0.395074
277.708 7.87843 818.826 0.410366
277.764 7.90251 819.27 0.441271
277.82 7.92769 819.714 0.455674
277.876 7.95418 820.161 0.481813
277.933 7.98215 820.609 0.508995
277.989 8.01139 821.058 0.528111
278.045 8.04161 821.509 0.541227
278.101 8.07277 821.962 0.564839
278.157 8.10496 822.416 0.578243
278.213 8.13782 822.873 0.586573
278.27 8.17112 823.331 0.598008
278.326 8.20474 823.791 0.598887
278.382 8.2383 824.253 0.595982
278.438 8.2718 824.717 0.594579
278.494 8.30506 825.183 0.59195
278.551 8.33821 825.651 0.587553
278.607 8.37116 826.121 0.585959
278.663 8.40375 826.592 0.576868
278.719 8.43593 827.065 0.568214
278.775 8.46749 827.54 0.557276
278.831 8.49836 828.017 0.545959
278.888 8.52885 828.495 0.540408
278.944 8.55912 828.975 0.537362
279 8.58924 829.457 0.537451
279.056 8.6195 829.941 0.537326
279.112 8.64999 830.426 0.548865
279.169 8.68113 830.913 0.55919
279.225 8.71285 831.402 0.568898
279.281 8.7453 831.893 0.582547
279.337 8.77821 832.385 0.587796
279.393 8.81152 832.879 0.594763
279.449 8.84543 833.375 0.611583
279.506 8.87975 833.873 0.614711
279.562 8.91444 834.373 0.617696
279.618 8.94959 834.875 0.62584
279.674 8.98483 835.379 0.628416
279.73 9.02021 835.885 0.628406
279.787 9.05546 836.393 0.627008
279.843 9.09053 836.903 0.623264
279.899 9.1254 837.415 0.619771
279.955 9.16018 837.929 0.621129
