# t frame_uz frame_z ub_dans_repere
160.001 -1.37912e-06 -1.42031e-09 -0.00133913
160.019 0.00236828 2.2691e-05 0.17458
160.051 0.0124476 0.000276306 0.401093
160.092 0.0358868 0.00134012 0.667392
160.14 0.0757578 0.00410761 0.96292
160.19 0.133333 0.0096215 1.25409
160.243 0.208543 0.0189732 1.53459
160.297 0.299495 0.0331022 1.78905
160.352 0.405525 0.0529964 2.02122
160.407 0.522727 0.0790964 2.20696
160.463 0.651556 0.112646 2.35875
160.519 0.787663 0.15366 2.47569
160.575 0.929312 0.202486 2.56431
160.631 1.07524 0.25939 2.63144
160.687 1.22409 0.324567 2.67314
160.743 1.37451 0.398133 2.69596
160.798 1.52548 0.480144 2.69527
160.854 1.67641 0.570606 2.69271
160.91 1.82662 0.669493 2.67544
160.966 1.97522 0.77674 2.63771
161.022 2.12147 0.892398 2.58683
161.079 2.26475 1.01643 2.52655
161.135 2.40443 1.14839 2.45895
161.191 2.54056 1.28807 2.40173
161.247 2.67374 1.4353 2.34492
161.303 2.80346 1.5899 2.28741
161.36 2.92967 1.75167 2.22235
161.416 3.05201 1.9204 2.15197
161.472 3.17068 2.09588 2.08305
161.528 3.28478 2.27787 1.99557
161.584 3.39387 2.46611 1.90752
161.64 3.49793 2.66031 1.8133
161.697 3.59644 2.86017 1.71254
161.753 3.68893 3.06536 1.59749
161.809 3.77422 3.27551 1.46447
161.865 3.85176 3.4902 1.32486
161.921 3.92179 3.70898 1.19434
161.978 3.9845 3.93145 1.06644
162.034 4.03994 4.1572 0.93689
162.09 4.0883 4.38583 0.810976
162.146 4.13005 4.61694 0.700574
162.202 4.16623 4.85021 0.606597
162.258 4.19742 5.08534 0.524991
162.315 4.2246 5.32208 0.458602
162.371 4.24828 5.56023 0.399074
162.427 4.26936 5.79962 0.361245
162.483 4.28872 6.04013 0.336445
162.539 4.30715 6.28169 0.323161
162.596 4.3253 6.52428 0.323803
162.652 4.34374 6.76789 0.331762
162.708 4.36276 7.01256 0.341387
162.764 4.38242 7.25832 0.356031
162.82 4.40305 7.50522 0.373939
162.876 4.42474 7.7533 0.400492
162.933 4.44857 8.00268 0.439669
162.989 4.47387 8.25344 0.45517
163.045 4.50045 8.50567 0.485626
163.101 4.5287 8.75945 0.51293
163.157 4.55826 9.01487 0.535169
163.213 4.58922 9.27198 0.561107
163.27 4.62152 9.53089 0.585383
163.326 4.6556 9.79166 0.621892
163.382 4.69162 10.0544 0.653858
163.438 4.72963 10.3193 0.693157
163.494 4.77048 10.5863 0.748652
163.551 4.81405 10.8558 0.794247
163.607 4.8607 11.1278 0.856607
163.663 4.91101 11.4026 0.923748
163.719 4.96547 11.6803 0.99882
163.775 5.02411 11.9612 1.07533
163.831 5.0874 12.2456 1.15941
163.888 5.15511 12.5336 1.23647
163.944 5.22742 12.8257 1.32274
164 5.30492 13.1219 1.41545
164.056 5.38729 13.4227 1.49964
164.112 5.47394 13.7283 1.57026
164.169 5.56449 14.0388 1.63837
164.225 5.65892 14.3546 1.70889
164.281 5.7571 14.6758 1.77337
164.337 5.85884 15.0027 1.83357
164.393 5.96343 15.3353 1.88028
164.449 6.07061 15.6739 1.92592
164.506 6.18005 16.0187 1.96112
164.562 6.29126 16.3696 1.99021
164.618 6.40375 16.7268 2.01031
164.674 6.51725 17.0904 2.02362
164.73 6.63109 17.4604 2.02997
164.787 6.74515 17.8368 2.03057
164.843 6.85932 18.2196 2.03337
164.899 6.97351 18.6088 2.03204
164.955 7.08763 19.0044 2.02963
165.011 7.20144 19.4064 2.02124
165.067 7.31465 19.8148 2.01084
165.124 7.42701 20.2295 1.99124
165.18 7.53797 20.6505 1.96546
165.236 7.64711 21.0777 1.92749
165.292 7.75397 21.5109 1.88345
165.348 7.85813 21.9501 1.83332
165.404 7.95894 22.3949 1.7695
165.461 8.05592 22.8454 1.69753
165.517 8.14902 23.3011 1.63075
165.573 8.23817 23.7619 1.5596
165.629 8.32322 24.2276 1.48328
165.685 8.40375 24.698 1.39874
165.742 8.4791 25.1726 1.30329
165.798 8.54913 25.6514 1.20506
165.854 8.61383 26.1339 1.11687
165.91 8.67332 26.6198 1.01531
165.966 8.72674 27.1089 0.904003
166.022 8.77409 27.6008 0.800883
166.079 8.81527 28.0952 0.688808
166.135 8.85007 28.5916 0.57372
166.191 8.878 29.0898 0.446905
166.247 8.89927 29.5893 0.334821
166.303 8.91433 30.0898 0.222137
166.36 8.9229 30.5909 0.11114
166.416 8.92524 31.0923 0.000506468
166.472 8.92117 31.5936 -0.121988
166.528 8.91054 32.0945 -0.232408
166.584 8.89398 32.5945 -0.334652
166.64 8.87233 33.0935 -0.418737
166.697 8.8457 33.591 -0.511702
166.753 8.81398 34.0869 -0.59865
166.809 8.77773 34.5809 -0.67649
166.865 8.73719 35.0727 -0.75251
166.921 8.69302 35.5621 -0.806017
166.978 8.6457 36.0489 -0.867103
167.034 8.59518 36.5329 -0.916614
167.09 8.54226 37.014 -0.957099
167.146 8.48737 37.492 -0.982102
167.202 8.43182 37.967 -0.991955
167.258 8.37575 38.4388 -1.00288
167.315 8.31968 38.9075 -0.995673
167.371 8.26436 39.373 -0.976722
167.427 8.21024 39.8354 -0.960825
167.483 8.15773 40.2949 -0.920305
167.539 8.10726 40.7515 -0.880444
167.596 8.05899 41.2053 -0.845486
167.652 8.01311 41.6565 -0.794931
167.708 7.97052 42.1052 -0.734827
167.764 7.93143 42.5517 -0.666196
167.82 7.89657 42.9961 -0.597268
167.876 7.86481 43.4386 -0.544193
167.933 7.83619 43.8795 -0.478894
167.989 7.81143 44.3189 -0.416938
168.045 7.78982 44.757 -0.361241
168.101 7.77175 45.194 -0.294878
168.157 7.7571 45.6301 -0.242738
168.213 7.74536 46.0655 -0.185342
168.27 7.73668 46.5003 -0.134326
168.326 7.73061 46.9347 -0.0868715
168.382 7.7272 47.3689 -0.0403841
168.438 7.72667 47.803 0.00971335
168.494 7.72853 48.2371 0.0486069
168.551 7.73262 48.6714 0.0933326
168.607 7.73975 49.1061 0.14946
168.663 7.74935 49.5412 0.18591
168.719 7.76126 49.977 0.234916
168.775 7.77582 50.4135 0.276786
168.831 7.79303 50.8509 0.325955
168.888 7.81291 51.2893 0.37256
168.944 7.83556 51.729 0.421069
169 7.86074 52.1701 0.464918
169.056 7.88822 52.6126 0.502772
169.112 7.91778 53.0567 0.542189
169.169 7.95011 53.5026 0.595931
169.225 7.98457 53.9504 0.626057
169.281 8.02089 54.4002 0.659023
169.337 8.05896 54.8521 0.687397
169.393 8.09854 55.3062 0.71419
169.449 8.13925 55.7625 0.734177
169.506 8.18123 56.2212 0.756162
169.562 8.22438 56.6823 0.776079
169.618 8.26837 57.1458 0.787462
169.674 8.3131 57.6118 0.799461
169.73 8.35853 58.0804 0.817405
169.787 8.40501 58.5515 0.833834
169.843 8.45243 59.0253 0.853123
169.899 8.50145 59.5018 0.887161
169.955 8.55248 59.9811 0.922366
170.011 8.60566 60.4634 0.960735
170.067 8.66082 60.9487 0.991664
170.124 8.71793 61.4372 1.03358
170.18 8.77724 61.9289 1.0682
170.236 8.83903 62.4241 1.12038
170.292 8.90348 62.9228 1.16386
170.348 8.97075 63.4253 1.21911
170.404 9.04103 63.9316 1.2725
170.461 9.11451 64.442 1.3311
170.517 9.19097 64.9566 1.38003
170.573 9.27 65.4756 1.42466
170.629 9.3517 65.9991 1.47294
170.685 9.43607 66.5273 1.52168
170.742 9.5231 67.0604 1.56542
170.798 9.61244 67.5984 1.60499
170.854 9.7036 68.1415 1.63176
170.91 9.7959 68.6897 1.64926
170.966 9.88895 69.2432 1.66191
171.022 9.98254 69.8019 1.66757
171.079 10.0761 70.3659 1.66139
171.135 10.1688 70.9351 1.64471
171.191 10.2607 71.5095 1.62772
171.247 10.3514 72.089 1.60531
171.303 10.441 72.6735 1.58803
171.36 10.5293 73.2631 1.55983
171.416 10.6157 73.8576 1.52121
171.472 10.7001 74.4568 1.48388
171.528 10.7825 75.0607 1.45342
171.584 10.8629 75.6692 1.41747
171.64 10.9409 76.2821 1.37165
171.697 11.0165 76.8993 1.32857
171.753 11.0897 77.5207 1.28423
171.809 11.1603 78.1461 1.23864
171.865 11.2283 78.7754 1.18907
171.921 11.2934 79.4084 1.14127
171.978 11.3559 80.045 1.09412
172.034 11.4159 80.685 1.05008
172.09 11.4733 81.3283 1.00227
172.146 11.5278 81.9747 0.948237
172.202 11.5791 82.6241 0.888205
172.258 11.627 83.2762 0.827969
172.315 11.6713 83.9309 0.762771
172.371 11.712 84.588 0.696966
172.427 11.7489 85.2472 0.631597
172.483 11.7821 85.9084 0.563194
172.539 11.8115 86.5714 0.497837
172.596 11.8373 87.2358 0.434432
172.652 11.8594 87.9016 0.366537
172.708 11.8777 88.5685 0.297471
172.764 11.8922 89.2363 0.23413
172.82 11.9029 89.9047 0.164483
172.876 11.91 90.5737 0.101108
172.933 11.9139 91.2429 0.0498417
172.989 11.9149 91.9123 -0.00330748
173.045 11.9131 92.5816 -0.051644
173.101 11.909 93.2508 -0.085166
173.157 11.9032 93.9196 -0.114758
173.213 11.8959 94.5881 -0.140061
173.27 11.8873 95.2561 -0.162536
173.326 11.8773 95.9236 -0.184545
173.382 11.8665 96.5905 -0.199638
173.438 11.8549 97.2568 -0.21056
173.494 11.8428 97.9224 -0.219009
173.551 11.8303 98.5873 -0.228673
173.607 11.8175 99.2515 -0.22822
173.663 11.8043 99.915 -0.236257
173.719 11.7909 100.578 -0.239048
173.775 11.7772 101.24 -0.2478
173.831 11.763 101.901 -0.257484
173.888 11.7484 102.561 -0.264219
173.944 11.7332 103.221 -0.276254
174 11.7171 103.879 -0.29335
174.056 11.7001 104.537 -0.308865
174.112 11.6822 105.194 -0.326803
174.169 11.663 105.849 -0.351806
174.225 11.6423 106.504 -0.379747
174.281 11.6201 107.157 -0.407445
174.337 11.5958 107.809 -0.450727
174.393 11.5691 108.46 -0.490001
174.449 11.5401 109.109 -0.53418
174.506 11.5085 109.756 -0.580902
174.562 11.4743 110.401 -0.630538
174.618 11.4371 111.045 -0.685627
174.674 11.3963 111.686 -0.753915
174.73 11.3521 112.325 -0.808539
174.787 11.3047 112.961 -0.864584
174.843 11.2542 113.594 -0.920226
174.899 11.2009 114.225 -0.967772
174.955 11.1448 114.852 -1.0188
175.011 11.086 115.476 -1.06198
175.067 11.0254 116.097 -1.0949
175.124 10.9631 116.714 -1.11579
175.18 10.8993 117.328 -1.14914
175.236 10.8341 117.938 -1.16707
175.292 10.7682 118.545 -1.17649
175.348 10.7021 119.147 -1.17357
175.404 10.6365 119.746 -1.16388
175.461 10.5716 120.342 -1.15088
175.517 10.5072 120.934 -1.14344
175.573 10.4433 121.522 -1.12773
175.629 10.3808 122.106 -1.10227
175.685 10.3197 122.687 -1.07849
175.742 10.2602 123.265 -1.0449
175.798 10.2028 123.84 -1.00568
175.854 10.1477 124.411 -0.964421
175.91 10.095 124.979 -0.917826
175.966 10.045 125.545 -0.871497
176.022 9.99747 126.107 -0.829462
176.079 9.95261 126.668 -0.78
176.135 9.91032 127.225 -0.731877
176.191 9.87101 127.781 -0.676142
176.247 9.83499 128.334 -0.619682
176.303 9.80206 128.885 -0.564602
176.36 9.772 129.435 -0.513091
176.416 9.745 129.983 -0.462007
176.472 9.72083 130.53 -0.41123
176.528 9.69945 131.075 -0.366451
176.584 9.68064 131.619 -0.313447
176.64 9.66457 132.163 -0.270057
176.697 9.6507 132.705 -0.230719
176.753 9.63943 133.247 -0.181206
176.809 9.63118 133.788 -0.125099
176.865 9.62571 134.329 -0.0786875
176.921 9.62266 134.87 -0.0391614
176.978 9.62168 135.41 -0.00320985
177.034 9.62257 135.951 0.0290529
177.09 9.62542 136.492 0.0683169
177.146 9.63082 137.033 0.112726
177.202 9.63855 137.574 0.155909
177.258 9.64853 138.116 0.189678
177.315 9.66061 138.658 0.228605
177.371 9.67443 139.201 0.259119
177.427 9.69007 139.745 0.290208
177.483 9.70772 140.29 0.329736
177.539 9.7276 140.836 0.371254
177.596 9.74987 141.384 0.410548
177.652 9.77425 141.932 0.44931
177.708 9.80072 142.482 0.48673
177.764 9.82907 143.034 0.514332
177.82 9.85882 143.587 0.540349
177.876 9.88988 144.142 0.559676
177.933 9.92207 144.698 0.579683
177.989 9.95522 145.257 0.598768
178.045 9.98904 145.817 0.60523
178.101 10.0233 146.38 0.611262
178.157 10.0583 146.944 0.627391
178.213 10.0937 147.51 0.633728
178.27 10.1296 148.079 0.641304
178.326 10.166 148.649 0.650853
178.382 10.2026 149.221 0.65472
178.438 10.2394 149.796 0.652222
178.494 10.2762 150.372 0.657218
178.551 10.3129 150.951 0.654378
178.607 10.3496 151.531 0.649036
178.663 10.386 152.114 0.647399
178.719 10.422 152.699 0.638672
178.775 10.4577 153.285 0.631855
178.831 10.493 153.874 0.629682
178.888 10.5284 154.465 0.630105
178.944 10.564 155.057 0.633114
179 10.5996 155.652 0.633638
179.056 10.635 156.249 0.624995
179.112 10.6699 156.847 0.617023
179.169 10.7043 157.448 0.608322
179.225 10.7381 158.051 0.596654
179.281 10.7711 158.655 0.582707
179.337 10.8035 159.261 0.570879
179.393 10.8352 159.869 0.561799
179.449 10.8665 160.479 0.552346
179.506 10.8971 161.09 0.540036
179.562 10.927 161.704 0.528136
179.618 10.9564 162.318 0.519621
179.674 10.9853 162.935 0.513044
179.73 11.0138 163.553 0.505565
179.787 11.0422 164.173 0.505859
179.843 11.0706 164.794 0.504821
179.899 11.0989 165.417 0.502164
179.955 11.1272 166.042 0.504259
180.011 11.1556 166.668 0.508074
180.067 11.1844 167.295 0.516246
180.124 11.2137 167.925 0.526027
180.18 11.2433 168.556 0.529324
180.236 11.2734 169.188 0.537646
180.292 11.3037 169.823 0.54245
180.348 11.3344 170.459 0.550974
180.404 11.3655 171.096 0.553298
180.461 11.3968 171.736 0.55822
180.517 11.4285 172.377 0.568678
180.573 11.4608 173.021 0.578557
180.629 11.4938 173.665 0.591641
180.685 11.5275 174.312 0.603163
180.742 11.5616 174.961 0.611868
180.798 11.5963 175.612 0.618601
180.854 11.6315 176.264 0.632515
180.91 11.6673 176.919 0.642616
180.966 11.7041 177.576 0.659903
181.022 11.7416 178.235 0.672589
181.079 11.7796 178.896 0.678868
181.135 11.818 179.559 0.685973
181.191 11.8567 180.224 0.689704
181.247 11.8953 180.891 0.683566
181.303 11.9338 181.561 0.688113
181.36 11.9724 182.233 0.682412
181.416 12.0106 182.906 0.679455
181.472 12.0487 183.582 0.676181
181.528 12.0865 184.261 0.670376
181.584 12.1241 184.941 0.667038
181.64 12.161 185.623 0.646454
181.697 12.1967 186.308 0.63121
181.753 12.2318 186.994 0.617607
181.809 12.266 187.682 0.605459
181.865 12.2995 188.373 0.585471
181.921 12.3314 189.065 0.559847
181.978 12.3623 189.759 0.542433
182.034 12.3921 190.454 0.526239
182.09 12.4212 191.151 0.509523
182.146 12.4491 191.85 0.488133
182.202 12.476 192.55 0.474211
182.258 12.5022 193.252 0.460155
182.315 12.5282 193.955 0.462415
182.371 12.554 194.66 0.456544
182.427 12.5797 195.366 0.460934
182.483 12.6055 196.074 0.459839
182.539 12.6318 196.783 0.469499
182.596 12.6582 197.493 0.471665
182.652 12.6854 198.205 0.4907
182.708 12.7133 198.919 0.504181
182.764 12.7423 199.634 0.527447
182.82 12.772 200.351 0.532564
182.876 12.8026 201.07 0.550757
182.933 12.8337 201.79 0.557167
182.989 12.8657 202.512 0.577316
183.045 12.8981 203.236 0.581805
183.101 12.9312 203.962 0.597624
183.157 12.9647 204.689 0.595067
183.213 12.9985 205.419 0.606156
183.27 13.0323 206.15 0.598131
183.326 13.066 206.883 0.604302
183.382 13.1001 207.619 0.60644
183.438 13.1336 208.356 0.593755
183.494 13.1675 209.095 0.600368
183.551 13.2008 209.836 0.590484
183.607 13.2339 210.578 0.590436
183.663 13.2671 211.323 0.592145
183.719 13.3008 212.069 0.605874
183.775 13.3348 212.818 0.601759
183.831 13.3685 213.568 0.601502
183.888 13.4026 214.32 0.610144
183.944 13.4374 215.074 0.625374
184 13.4732 215.83 0.64777
184.056 13.5104 216.589 0.667959
184.112 13.5485 217.349 0.690263
184.169 13.5882 218.111 0.717227
184.225 13.6296 218.876 0.749032
184.281 13.6725 219.643 0.776575
184.337 13.7172 220.413 0.805189
184.393 13.7632 221.185 0.828421
184.449 13.8103 221.96 0.842819
184.506 13.8581 222.737 0.856637
184.562 13.9064 223.518 0.860761
184.618 13.955 224.3 0.867126
184.674 14.0038 225.086 0.865087
184.73 14.0522 225.874 0.859103
184.787 14.1001 226.665 0.8487
184.843 14.1473 227.459 0.831683
184.899 14.1934 228.256 0.81418
184.955 14.2381 229.054 0.782473
185.011 14.2807 229.856 0.741793
185.067 14.3206 230.659 0.689499
185.124 14.3574 231.465 0.631214
185.18 14.3908 232.273 0.570722
185.236 14.4203 233.082 0.490525
185.292 14.4449 233.893 0.40303
185.348 14.4643 234.706 0.308997
185.404 14.4786 235.519 0.21912
185.461 14.4875 236.332 0.117169
185.517 14.4909 237.147 0.0194512
185.573 14.4885 237.961 -0.0821355
185.629 14.4805 238.774 -0.183142
185.685 14.4669 239.587 -0.281942
185.742 14.4479 240.399 -0.374416
185.798 14.4239 241.21 -0.463202
185.854 14.3947 242.02 -0.553498
185.91 14.3609 242.827 -0.634247
185.966 14.3227 243.633 -0.704958
186.022 14.281 244.436 -0.768038
186.079 14.2363 245.237 -0.812815
186.135 14.189 246.035 -0.856924
186.191 14.1401 246.831 -0.880609
186.247 14.0902 247.623 -0.889047
186.303 14.0404 248.413 -0.882982
186.36 13.9915 249.2 -0.858927
186.416 13.9444 249.985 -0.823908
186.472 13.8995 250.767 -0.783201
186.528 13.8571 251.546 -0.733451
186.584 13.8177 252.323 -0.678496
186.64 13.7815 253.098 -0.619281
186.697 13.7488 253.871 -0.55499
186.753 13.72 254.643 -0.487007
186.809 13.6949 255.413 -0.422626
186.865 13.6732 256.181 -0.361154
186.921 13.6549 256.949 -0.302486
186.978 13.6393 257.715 -0.258626
187.034 13.6264 258.481 -0.216423
187.09 13.6154 259.246 -0.180955
187.146 13.606 260.011 -0.15802
187.202 13.5977 260.775 -0.142874
187.258 13.5899 261.539 -0.140224
187.315 13.5817 262.302 -0.14655
187.371 13.5733 263.065 -0.153208
187.427 13.5642 263.827 -0.171656
187.483 13.5531 264.589 -0.210676
187.539 13.5403 265.35 -0.241764
187.596 13.5257 266.11 -0.27449
187.652 13.5086 266.869 -0.323669
187.708 13.4884 267.627 -0.383647
187.764 13.4649 268.384 -0.440454
187.82 13.438 269.14 -0.508888
187.876 13.4069 269.894 -0.588055
187.933 13.3712 270.646 -0.663017
187.989 13.3313 271.396 -0.740655
188.045 13.2874 272.143 -0.810402
188.101 13.2398 272.888 -0.873608
188.157 13.1887 273.63 -0.930799
188.213 13.135 274.369 -0.968819
188.27 13.0799 275.105 -0.985429
188.326 13.0246 275.838 -0.979394
188.382 12.9704 276.568 -0.957783
188.438 12.9179 277.295 -0.913558
188.494 12.8684 278.019 -0.861357
188.551 12.8216 278.741 -0.813528
188.607 12.7769 279.459 -0.78461
188.663 12.7333 280.176 -0.774033
188.719 12.6895 280.89 -0.787772
188.775 12.6446 281.601 -0.810689
188.831 12.5973 282.31 -0.865605
188.888 12.5465 283.016 -0.932837
188.944 12.4915 283.719 -1.00869
189 12.432 284.419 -1.09245
189.056 12.3677 285.115 -1.17929
189.112 12.2989 285.807 -1.25268
189.169 12.2262 286.496 -1.3206
189.225 12.1503 287.18 -1.36942
189.281 12.0722 287.86 -1.40703
189.337 11.9925 288.536 -1.42929
189.393 11.9113 289.207 -1.45428
189.449 11.8287 289.873 -1.47413
189.506 11.7454 290.535 -1.49432
189.562 11.6607 291.192 -1.51545
189.618 11.5751 291.844 -1.52609
189.674 11.4889 292.491 -1.53835
189.73 11.4026 293.134 -1.53749
189.787 11.3163 293.772 -1.53286
189.843 11.2304 294.405 -1.52537
189.899 11.1455 295.033 -1.50073
189.955 11.062 295.656 -1.47436
190.011 10.9804 296.275 -1.43724
190.067 10.9013 296.889 -1.38682
190.124 10.8254 297.499 -1.32473
190.18 10.7529 298.104 -1.2736
190.236 10.6838 298.706 -1.20026
190.292 10.6186 299.304 -1.13699
190.348 10.5562 299.899 -1.09443
190.404 10.4962 300.49 -1.05487
190.461 10.438 301.077 -1.02313
190.517 10.3814 301.662 -0.994889
190.573 10.3266 302.243 -0.964467
190.629 10.2733 302.822 -0.938536
190.685 10.2219 303.397 -0.898004
190.742 10.1732 303.97 -0.843436
190.798 10.1282 304.54 -0.773509
190.854 10.0871 305.107 -0.702093
190.91 10.0505 305.673 -0.614833
190.966 10.0193 306.236 -0.518242
191.022 9.99366 306.798 -0.414389
191.079 9.97387 307.359 -0.307822
191.135 9.96003 307.919 -0.202655
191.191 9.95192 308.478 -0.103368
191.247 9.94937 309.037 -0.00753492
191.303 9.95191 309.596 0.0790732
191.36 9.95916 310.155 0.164713
191.416 9.9711 310.715 0.242986
191.472 9.98725 311.276 0.317978
191.528 10.0073 311.838 0.383108
191.584 10.031 312.401 0.443617
191.64 10.058 312.965 0.50507
191.697 10.0882 313.531 0.560591
191.753 10.1217 314.099 0.617419
191.809 10.1583 314.669 0.67558
191.865 10.1979 315.241 0.724497
191.921 10.2403 315.815 0.771658
191.978 10.2851 316.392 0.81447
192.034 10.3322 316.971 0.853848
192.09 10.3813 317.553 0.88577
192.146 10.432 318.138 0.915531
192.202 10.484 318.726 0.93067
192.258 10.5364 319.317 0.933275
192.315 10.5889 319.911 0.93522
192.371 10.6412 320.507 0.928724
192.427 10.6929 321.107 0.909937
192.483 10.7433 321.709 0.891511
192.539 10.7926 322.315 0.866983
192.596 10.8405 322.922 0.847336
192.652 10.8876 323.533 0.83385
192.708 10.9339 324.146 0.819322
192.764 10.9794 324.762 0.802915
192.82 11.0242 325.38 0.793239
192.876 11.0681 326.001 0.772405
192.933 11.111 326.624 0.754444
192.989 11.1529 327.25 0.741614
193.045 11.1941 327.878 0.727784
193.101 11.2347 328.508 0.719759
193.157 11.2744 329.141 0.696349
193.213 11.3128 329.776 0.674167
193.27 11.3501 330.412 0.659534
193.326 11.3866 331.051 0.643702
193.382 11.4222 331.692 0.626746
193.438 11.4568 332.335 0.608885
193.494 11.4905 332.98 0.593833
193.551 11.5233 333.626 0.577936
193.607 11.5552 334.275 0.560847
193.663 11.5861 334.925 0.545489
193.719 11.6161 335.577 0.524853
193.775 11.6443 336.231 0.488206
193.831 11.6707 336.886 0.456665
193.888 11.6952 337.542 0.420223
193.944 11.7177 338.2 0.387176
194 11.7378 338.859 0.337108
194.056 11.7551 339.519 0.290811
194.112 11.77 340.18 0.246406
194.169 11.7823 340.842 0.199023
194.225 11.7915 341.504 0.141284
194.281 11.7977 342.166 0.0866099
194.337 11.8008 342.829 0.0349903
194.393 11.8008 343.492 -0.0244082
194.449 11.7972 344.155 -0.089351
194.506 11.7901 344.818 -0.151045
194.562 11.7795 345.48 -0.216223
194.618 11.765 346.141 -0.284856
194.674 11.7467 346.801 -0.352888
194.73 11.7244 347.461 -0.424429
194.787 11.6984 348.118 -0.489984
194.843 11.6689 348.775 -0.549844
194.899 11.636 349.429 -0.609457
194.955 11.5999 350.082 -0.66096
195.011 11.5614 350.732 -0.699993
195.067 11.5204 351.38 -0.752869
195.124 11.4766 352.026 -0.79538
195.18 11.4305 352.669 -0.838083
195.236 11.3819 353.31 -0.880447
195.292 11.3316 353.947 -0.907448
195.348 11.2797 354.582 -0.933341
195.404 11.2263 355.214 -0.959579
195.461 11.1718 355.843 -0.978197
195.517 11.1166 356.469 -0.982082
195.573 11.0615 357.091 -0.981755
195.629 11.0067 357.711 -0.968479
195.685 10.9528 358.328 -0.950642
195.742 10.9001 358.941 -0.928788
195.798 10.8489 359.552 -0.898296
195.854 10.8001 360.16 -0.847614
195.91 10.7543 360.765 -0.792322
195.966 10.7117 361.367 -0.736541
196.022 10.6724 361.968 -0.67302
196.079 10.6369 362.566 -0.604432
196.135 10.6056 363.163 -0.52283
196.191 10.5792 363.758 -0.436111
196.247 10.5574 364.351 -0.354407
196.303 10.5407 364.944 -0.259776
196.36 10.5294 365.536 -0.161739
196.416 10.5235 366.127 -0.069462
196.472 10.5229 366.718 0.0285354
196.528 10.5276 367.309 0.121926
196.584 10.5377 367.901 0.220518
196.64 10.5532 368.494 0.308927
196.697 10.5736 369.087 0.402766
196.753 10.5994 369.682 0.494612
196.809 10.6303 370.279 0.586431
196.865 10.6663 370.877 0.674077
196.921 10.7068 371.477 0.753547
196.978 10.7518 372.08 0.834055
197.034 10.8013 372.686 0.912295
197.09 10.8551 373.295 0.984276
197.146 10.9129 373.907 1.05524
197.202 10.9744 374.522 1.12056
197.258 11.0395 375.14 1.18615
197.315 11.1081 375.763 1.24262
197.371 11.1798 376.389 1.29721
197.427 11.2543 377.02 1.34613
197.483 11.3315 377.655 1.39237
197.539 11.4112 378.294 1.43556
197.596 11.4932 378.938 1.47539
197.652 11.5775 379.586 1.51749
197.708 11.6641 380.24 1.5565
197.764 11.7527 380.898 1.59103
197.82 11.843 381.561 1.61964
197.876 11.9347 382.23 1.63714
197.933 12.027 382.903 1.64797
197.989 12.1196 383.582 1.64686
198.045 12.2122 384.266 1.6451
198.101 12.3043 384.955 1.6352
198.157 12.3958 385.65 1.62249
198.213 12.4865 386.349 1.60618
198.27 12.576 387.054 1.58804
198.326 12.664 387.763 1.55655
198.382 12.7504 388.478 1.5217
198.438 12.8346 389.197 1.48572
198.494 12.9169 389.921 1.44741
198.551 12.9966 390.649 1.40263
198.607 13.0738 391.382 1.35239
198.663 13.148 392.119 1.29871
198.719 13.2192 392.86 1.25012
198.775 13.2877 393.605 1.19646
198.831 13.353 394.353 1.14121
198.888 13.4151 395.106 1.07873
198.944 13.4736 395.861 1.01658
199 13.5286 396.62 0.95369
199.056 13.5801 397.382 0.890784
199.112 13.628 398.146 0.829236
199.169 13.6725 398.914 0.768339
199.225 13.7136 399.683 0.703442
199.281 13.7508 400.455 0.63699
199.337 13.7845 401.228 0.571032
199.393 13.8145 402.004 0.511704
199.449 13.841 402.781 0.44701
199.506 13.8637 403.559 0.374072
199.562 13.8828 404.339 0.320915
199.618 13.8991 405.119 0.268074
199.674 13.9126 405.901 0.221391
199.73 13.9232 406.683 0.170927
199.787 13.9311 407.465 0.122433
199.843 13.9366 408.248 0.0833502
199.899 13.9397 409.031 0.0341468
199.955 13.94 409.814 -0.00930119
200.011 13.9388 410.597 -0.0262422
200.067 13.937 411.38 -0.0368443
200.124 13.9345 412.163 -0.0480154
200.18 13.9317 412.946 -0.0487403
200.236 13.9291 413.729 -0.0439801
200.292 13.9269 414.511 -0.0374314
200.348 13.9252 415.293 -0.0263837
200.404 13.924 416.076 -0.0149843
200.461 13.9241 416.858 0.0101775
200.517 13.9257 417.64 0.0409446
200.573 13.9291 418.423 0.0726637
200.629 13.9337 419.205 0.089185
200.685 13.9395 419.988 0.109417
200.742 13.9464 420.772 0.131163
200.798 13.9537 421.555 0.12643
200.854 13.9607 422.34 0.127045
200.91 13.9677 423.124 0.12178
200.966 13.9742 423.909 0.111131
201.022 13.98 424.694 0.0970944
201.079 13.9847 425.48 0.0733747
201.135 13.9875 426.266 0.0351218
201.191 13.988 427.051 -0.0110538
201.247 13.9857 427.837 -0.0575263
201.303 13.9808 428.623 -0.11
201.36 13.9727 429.408 -0.170025
201.416 13.9605 430.193 -0.249235
201.472 13.9437 430.976 -0.332283
201.528 13.9223 431.759 -0.422594
201.584 13.8952 432.54 -0.520027
201.64 13.8627 433.32 -0.618693
201.697 13.8238 434.097 -0.740309
201.753 13.7784 434.872 -0.853839
201.809 13.7262 435.645 -0.979008
201.865 13.6665 436.414 -1.11758
201.921 13.5993 437.179 -1.25175
201.978 13.5242 437.941 -1.39036
202.034 13.4415 438.698 -1.53233
202.09 13.3504 439.45 -1.67969
202.146 13.2508 440.197 -1.83615
202.202 13.1418 440.938 -2.01522
202.258 13.0232 441.672 -2.17959
202.315 12.8948 442.399 -2.35653
202.371 12.7565 443.119 -2.52988
202.427 12.6083 443.831 -2.70774
202.483 12.4505 444.534 -2.87721
202.539 12.2832 445.228 -3.04496
202.596 12.1068 445.912 -3.21036
202.652 11.9206 446.586 -3.37894
202.708 11.7253 447.249 -3.53953
202.764 11.5214 447.901 -3.68826
202.82 11.3094 448.541 -3.82381
202.876 11.0908 449.169 -3.93649
202.933 10.866 449.785 -4.03869
202.989 10.6364 450.387 -4.11445
203.045 10.4037 450.977 -4.15664
203.101 10.1696 451.554 -4.17056
203.157 9.93514 452.117 -4.16921
203.213 9.70204 452.667 -4.13218
203.27 9.47218 453.205 -4.05652
203.326 9.24761 453.729 -3.95907
203.382 9.02906 454.241 -3.84447
203.438 8.81757 454.741 -3.70927
203.494 8.61417 455.23 -3.55862
203.551 8.41987 455.707 -3.39038
203.607 8.23551 456.174 -3.20792
203.663 8.06108 456.631 -3.03639
203.719 7.89642 457.078 -2.86044
203.775 7.74162 457.516 -2.68513
203.831 7.59677 457.946 -2.50537
203.888 7.46214 458.369 -2.32019
203.944 7.33799 458.784 -2.13524
204 7.22384 459.192 -1.95753
204.056 7.11976 459.594 -1.78577
204.112 7.02483 459.991 -1.62499
204.169 6.93895 460.383 -1.46289
204.225 6.86197 460.77 -1.3106
204.281 6.79361 461.153 -1.15752
204.337 6.73328 461.533 -1.021
204.393 6.68043 461.909 -0.888088
204.449 6.63498 462.283 -0.755689
204.506 6.59665 462.654 -0.634532
204.562 6.56553 463.024 -0.500276
204.618 6.54124 463.392 -0.387209
204.674 6.5233 463.759 -0.272789
204.73 6.51185 464.125 -0.160402
204.787 6.50663 464.49 -0.0481074
204.843 6.50758 464.856 0.0630601
204.899 6.51489 465.222 0.171421
204.955 6.52787 465.588 0.269991
205.011 6.54614 465.955 0.362028
205.067 6.56958 466.324 0.453095
205.124 6.59792 466.694 0.540492
205.18 6.63081 467.066 0.609429
205.236 6.6673 467.439 0.676286
205.292 6.70726 467.815 0.734927
205.348 6.75041 468.194 0.785594
205.404 6.79583 468.574 0.823971
205.461 6.84323 468.958 0.85788
205.517 6.89253 469.344 0.891569
205.573 6.94349 469.733 0.913985
205.629 6.99538 470.125 0.933657
205.685 7.04898 470.519 0.963615
205.742 7.10395 470.917 0.992932
205.798 7.16088 471.318 1.02417
205.854 7.21921 471.722 1.05114
205.91 7.27931 472.13 1.08129
205.966 7.34112 472.541 1.1126
206.022 7.40464 472.956 1.14505
206.079 7.47009 473.374 1.17608
206.135 7.53717 473.796 1.20523
206.191 7.60557 474.222 1.22669
206.247 7.67522 474.651 1.24504
206.303 7.74547 475.085 1.25464
206.36 7.81633 475.522 1.26524
206.416 7.8875 475.964 1.2669
206.472 7.95848 476.409 1.26013
206.528 8.02887 476.859 1.24729
206.584 8.09813 477.312 1.22198
206.64 8.16573 477.769 1.19126
206.697 8.23139 478.23 1.15309
206.753 8.29497 478.695 1.11641
206.809 8.35649 479.163 1.07886
206.865 8.41559 479.634 1.03306
206.921 8.47205 480.109 0.983564
206.978 8.52548 480.587 0.932808
207.034 8.57627 481.068 0.886535
207.09 8.62454 481.551 0.841667
207.146 8.67067 482.037 0.809617
207.202 8.71516 482.526 0.781086
207.258 8.7583 483.017 0.7578
207.315 8.80004 483.51 0.734414
207.371 8.84064 484.006 0.714197
207.427 8.88039 484.504 0.701922
207.483 8.91949 485.004 0.693923
207.539 8.95825 485.507 0.687604
207.596 8.99703 486.011 0.691123
207.652 9.03628 486.518 0.704965
207.708 9.07571 487.027 0.703291
207.764 9.11562 487.538 0.715289
207.82 9.15629 488.052 0.730244
207.876 9.19764 488.568 0.739441
207.933 9.23938 489.086 0.742372
207.989 9.28127 489.606 0.748452
208.045 9.32314 490.129 0.742656
208.101 9.36468 490.654 0.735782
208.157 9.40567 491.182 0.724069
208.213 9.44573 491.711 0.704415
208.27 9.48467 492.243 0.685585
208.326 9.52238 492.778 0.662624
208.382 9.55863 493.314 0.631803
208.438 9.59323 493.852 0.603779
208.494 9.62624 494.392 0.5778
208.551 9.65808 494.934 0.55744
208.607 9.6885 495.477 0.529049
208.663 9.71751 496.023 0.508984
208.719 9.74527 496.57 0.484331
208.775 9.77194 497.118 0.467952
208.831 9.7976 497.668 0.453443
208.888 9.82226 498.219 0.428464
208.944 9.84573 498.772 0.409568
209 9.86833 499.326 0.397337
209.056 9.89024 499.881 0.38492
209.112 9.91139 500.437 0.371689
209.169 9.93248 500.995 0.381171
209.225 9.95414 501.553 0.387924
209.281 9.97626 502.113 0.397523
209.337 9.99922 502.675 0.417099
209.393 10.0233 503.237 0.436297
209.449 10.0485 503.801 0.456831
209.506 10.0751 504.366 0.488212
209.562 10.1038 504.933 0.523954
209.618 10.1346 505.502 0.563532
209.674 10.1676 506.073 0.604504
209.73 10.203 506.645 0.648758
209.787 10.2411 507.219 0.694423
209.843 10.2814 507.796 0.733121
209.899 10.3242 508.375 0.781523
209.955 10.3696 508.957 0.821252
210.011 10.417 509.541 0.857682
210.067 10.4663 510.128 0.893617
210.124 10.5175 510.717 0.921613
210.18 10.5701 511.31 0.945152
210.236 10.624 511.906 0.967404
210.292 10.6792 512.504 0.992879
210.348 10.7359 513.106 1.02175
210.404 10.7941 513.711 1.045
210.461 10.8536 514.32 1.06619
210.517 10.9142 514.932 1.08822
210.573 10.9759 515.547 1.10489
210.629 11.0382 516.166 1.10969
210.685 11.1002 516.788 1.09976
210.742 11.1615 517.413 1.08372
210.798 11.2221 518.043 1.07166
210.854 11.2817 518.675 1.05461
210.91 11.3398 519.311 1.01992
210.966 11.3954 519.95 0.969294
211.022 11.4482 520.592 0.919435
211.079 11.4979 521.237 0.856965
211.135 11.5436 521.884 0.782655
211.191 11.5851 522.534 0.71
211.247 11.6221 523.186 0.622477
211.303 11.6539 523.84 0.527806
211.36 11.6803 524.496 0.430378
211.416 11.7009 525.153 0.325383
211.472 11.7158 525.811 0.223029
211.528 11.7245 526.469 0.108044
211.584 11.7267 527.128 -0.00723957
211.64 11.7222 527.787 -0.125979
211.697 11.7113 528.445 -0.241726
211.753 11.6937 529.102 -0.359142
211.809 11.6697 529.758 -0.472676
211.865 11.6395 530.413 -0.579626
211.921 11.6035 531.066 -0.677931
211.978 11.562 531.716 -0.781069
212.034 11.5149 532.364 -0.875102
212.09 11.4629 533.009 -0.956421
212.146 11.4069 533.651 -1.02376
212.202 11.3469 534.29 -1.09739
212.258 11.2833 534.926 -1.15504
212.315 11.2168 535.557 -1.20523
212.371 11.1475 536.185 -1.24971
212.427 11.0764 536.809 -1.27726
212.483 11.0038 537.429 -1.3007
212.539 10.9301 538.044 -1.31591
212.596 10.8557 538.656 -1.32576
212.652 10.7815 539.263 -1.31884
212.708 10.7075 539.867 -1.3105
212.764 10.6347 540.466 -1.28749
212.82 10.5629 541.061 -1.26904
212.876 10.4926 541.652 -1.23816
212.933 10.4243 542.239 -1.19861
212.989 10.3585 542.822 -1.14787
213.045 10.2958 543.402 -1.09249
213.101 10.2366 543.979 -1.02594
213.157 10.1813 544.552 -0.957809
213.213 10.1302 545.122 -0.876322
213.27 10.0842 545.69 -0.77767
213.326 10.044 546.255 -0.673132
213.382 10.0097 546.818 -0.568232
213.438 9.98192 547.379 -0.445064
213.494 9.96127 547.939 -0.313697
213.551 9.94838 548.498 -0.17325
213.607 9.94371 549.057 -0.0236562
213.663 9.94793 549.616 0.142997
213.719 9.96133 550.175 0.301982
213.775 9.984 550.735 0.474029
213.831 10.0163 551.297 0.639618
213.888 10.0581 551.861 0.81435
213.944 10.1095 552.428 0.980253
214 10.1699 552.998 1.13959
214.056 10.2393 553.572 1.29552
214.112 10.3161 554.15 1.4143
214.169 10.3998 554.732 1.54193
214.225 10.4901 555.319 1.6475
214.281 10.5853 555.912 1.72526
214.337 10.6848 556.51 1.80312
214.393 10.7883 557.113 1.86345
214.449 10.894 557.723 1.89271
214.506 11.0008 558.339 1.90073
214.562 11.107 558.96 1.88225
214.618 11.2114 559.588 1.84162
214.674 11.3134 560.221 1.79682
214.73 11.4124 560.86 1.73859
214.787 11.5077 561.504 1.6649
214.843 11.5984 562.154 1.57999
214.899 11.6841 562.809 1.49105
214.955 11.7646 563.468 1.3927
215.011 11.8394 564.131 1.29207
215.067 11.9087 564.799 1.1932
215.124 11.972 565.47 1.08455
215.18 12.0292 566.144 0.971579
215.236 12.0801 566.822 0.863228
215.292 12.1248 567.502 0.752817
215.348 12.1632 568.185 0.637691
215.404 12.1954 568.869 0.529904
215.461 12.2216 569.555 0.422129
215.517 12.2418 570.242 0.316773
215.573 12.2561 570.931 0.214479
215.629 12.2647 571.62 0.112866
215.685 12.2675 572.309 0.00678281
215.742 12.2647 572.998 -0.088059
215.798 12.2561 573.687 -0.196976
215.854 12.2411 574.375 -0.314564
215.91 12.2193 575.062 -0.437219
215.966 12.1905 575.747 -0.563427
216.022 12.1544 576.431 -0.696826
216.079 12.1107 577.112 -0.829625
216.135 12.0595 577.791 -0.968623
216.191 12.0005 578.466 -1.10421
216.247 11.934 579.138 -1.23491
216.303 11.8603 579.806 -1.36064
216.36 11.7801 580.47 -1.47342
216.416 11.6937 581.129 -1.58005
216.472 11.6013 581.783 -1.68475
216.528 11.5041 582.431 -1.75975
216.584 11.4029 583.074 -1.82771
216.64 11.2982 583.711 -1.88317
216.697 11.1915 584.342 -1.91163
216.753 11.0838 584.968 -1.91766
216.809 10.9763 585.587 -1.90927
216.865 10.8697 586.2 -1.88865
216.921 10.7648 586.807 -1.85189
216.978 10.6623 587.408 -1.805
217.034 10.5623 588.004 -1.76111
217.09 10.4651 588.594 -1.71033
217.146 10.3705 589.179 -1.66666
217.202 10.2785 589.758 -1.62202
217.258 10.1884 590.332 -1.59182
217.315 10.0998 590.902 -1.56517
217.371 10.0126 591.466 -1.54618
217.427 9.92594 592.026 -1.54203
217.483 9.83929 592.581 -1.54303
217.539 9.75221 593.13 -1.55755
217.596 9.6641 593.675 -1.5783
217.652 9.57486 594.215 -1.59488
217.708 9.48458 594.75 -1.61527
217.764 9.3933 595.28 -1.62882
217.82 9.30134 595.805 -1.64218
217.876 9.20888 596.324 -1.64714
217.933 9.1166 596.838 -1.63262
217.989 9.02548 597.347 -1.61258
218.045 8.93635 597.851 -1.56599
218.101 8.85044 598.35 -1.50553
218.157 8.76807 598.845 -1.43128
218.213 8.69043 599.335 -1.34754
218.27 8.61794 599.821 -1.25041
218.326 8.55135 600.302 -1.14015
218.382 8.49123 600.781 -1.02442
218.438 8.43748 601.256 -0.910431
218.494 8.39044 601.728 -0.784974
218.551 8.35073 602.198 -0.652441
218.607 8.31843 602.666 -0.525892
218.663 8.29339 603.133 -0.390595
218.719 8.27592 603.598 -0.257374
218.775 8.26548 604.063 -0.139482
218.831 8.26144 604.527 -0.0275244
218.888 8.26376 604.991 0.0846744
218.944 8.27181 605.456 0.182704
219 8.28512 605.921 0.273964
219.056 8.30351 606.387 0.358667
219.112 8.32623 606.854 0.43944
219.169 8.35345 607.323 0.513849
219.225 8.38482 607.793 0.587614
219.281 8.41964 608.265 0.642649
219.337 8.45751 608.74 0.697828
219.393 8.49843 609.216 0.747872
219.449 8.54258 609.695 0.809306
219.506 8.58919 610.176 0.842203
219.562 8.63792 610.661 0.885298
219.618 8.68932 611.148 0.932523
219.674 8.74272 611.638 0.962379
219.73 8.79782 612.131 0.991811
219.787 8.85445 612.627 1.01846
219.843 8.91233 613.126 1.03744
219.899 8.97099 613.629 1.04642
219.955 9.03041 614.135 1.06374
220.011 9.09022 614.644 1.06739
220.067 9.15036 615.157 1.0691
220.124 9.21029 615.673 1.06493
220.18 9.26987 616.192 1.0585
220.236 9.32863 616.715 1.03329
220.292 9.38618 617.241 1.02002
220.348 9.44263 617.77 0.993366
220.404 9.49751 618.303 0.961059
220.461 9.55018 618.838 0.920758
220.517 9.60047 619.376 0.879897
220.573 9.64825 619.917 0.831893
220.629 9.69352 620.461 0.788953
220.685 9.73634 621.007 0.745645
220.742 9.77687 621.555 0.705408
220.798 9.81505 622.106 0.66237
220.854 9.85068 622.658 0.615774
220.91 9.88359 623.213 0.56368
220.966 9.9139 623.769 0.525238
221.022 9.94183 624.327 0.4808
221.079 9.96732 624.887 0.433343
221.135 9.99028 625.447 0.39174
221.191 10.0107 626.009 0.345459
221.247 10.0286 626.572 0.297961
221.303 10.0439 627.136 0.252418
221.36 10.0565 627.701 0.207707
221.416 10.0667 628.266 0.163047
221.472 10.0743 628.832 0.117409
221.528 10.0796 629.398 0.0817988
221.584 10.0831 629.965 0.0484705
221.64 10.0849 630.531 0.0217934
221.697 10.0852 631.098 -0.00678993
221.753 10.0837 631.664 -0.038659
221.809 10.0808 632.231 -0.0620629
221.865 10.0764 632.797 -0.0903732
221.921 10.0703 633.363 -0.123615
221.978 10.0623 633.928 -0.152925
222.034 10.0529 634.493 -0.177047
222.09 10.0418 635.058 -0.210258
222.146 10.0292 635.621 -0.232387
222.202 10.0153 636.184 -0.259386
222.258 9.99993 636.747 -0.281789
222.315 9.98342 637.308 -0.298413
222.371 9.96641 637.868 -0.305549
222.427 9.94913 638.427 -0.309864
222.483 9.93174 638.986 -0.3116
222.539 9.91414 639.543 -0.314289
222.596 9.89664 640.099 -0.30909
222.652 9.87963 640.655 -0.298886
222.708 9.86337 641.209 -0.282229
222.764 9.8481 641.763 -0.26454
222.82 9.83426 642.316 -0.23602
222.876 9.82175 642.868 -0.214877
222.933 9.81066 643.419 -0.185265
222.989 9.80144 643.97 -0.149625
223.045 9.79406 644.52 -0.118085
223.101 9.78867 645.071 -0.080167
223.157 9.78532 645.62 -0.0452151
223.213 9.7839 646.17 -0.012123
223.27 9.78438 646.72 0.0204807
223.326 9.78677 647.269 0.0582862
223.382 9.79131 647.819 0.0948652
223.438 9.79786 648.37 0.132547
223.494 9.80646 648.92 0.165357
223.551 9.81679 649.472 0.193319
223.607 9.82858 650.024 0.223147
223.663 9.84202 650.576 0.248253
223.719 9.85705 651.13 0.28033
223.775 9.87372 651.684 0.306831
223.831 9.89168 652.239 0.329626
223.888 9.91119 652.796 0.358328
223.944 9.93211 653.353 0.380518
224 9.95448 653.912 0.410955
224.056 9.97865 654.472 0.441549
224.112 10.0044 655.033 0.471414
224.169 10.032 655.596 0.505953
224.225 10.0616 656.161 0.538684
224.281 10.0927 656.727 0.564046
224.337 10.1257 657.295 0.60254
224.393 10.1605 657.865 0.630146
224.449 10.1974 658.437 0.672094
224.506 10.2364 659.012 0.707084
224.562 10.2772 659.588 0.741197
224.618 10.32 660.167 0.779293
224.674 10.3654 660.748 0.822266
224.73 10.4128 661.332 0.857534
224.787 10.4626 661.919 0.905596
224.843 10.5146 662.508 0.940519
224.899 10.5687 663.101 0.976959
224.955 10.6249 663.696 1.01583
225.011 10.6832 664.295 1.04895
225.067 10.743 664.897 1.07681
225.124 10.8044 665.503 1.10376
225.18 10.8673 666.112 1.13025
225.236 10.9313 666.725 1.14648
225.292 10.9959 667.341 1.14854
225.348 11.0607 667.961 1.15591
225.404 11.1254 668.585 1.14979
225.461 11.1897 669.212 1.14004
225.517 11.2536 669.843 1.13137
225.573 11.3165 670.477 1.11307
225.629 11.3783 671.115 1.09054
225.685 11.4392 671.756 1.07477
225.742 11.4981 672.401 1.03259
225.798 11.5548 673.049 0.993075
225.854 11.609 673.7 0.945004
225.91 11.66 674.353 0.88337
225.966 11.7077 675.01 0.824886
226.022 11.7517 675.669 0.753303
226.079 11.7915 676.331 0.683709
226.135 11.8275 676.995 0.610334
226.191 11.8594 677.66 0.539492
226.247 11.8867 678.327 0.450294
226.303 11.9093 678.996 0.372434
226.36 11.9274 679.666 0.287092
226.416 11.9407 680.336 0.205172
226.472 11.9494 681.007 0.121113
226.528 11.9534 681.679 0.0363812
226.584 11.9529 682.35 -0.0374166
226.64 11.9483 683.022 -0.111368
226.697 11.9396 683.693 -0.182236
226.753 11.9268 684.363 -0.25743
226.809 11.9099 685.033 -0.331341
226.865 11.8887 685.701 -0.408155
226.921 11.8633 686.368 -0.482709
226.978 11.8335 687.034 -0.559984
227.034 11.7995 687.697 -0.639392
227.09 11.761 688.359 -0.709486
227.146 11.7179 689.018 -0.805157
227.202 11.6701 689.675 -0.884754
227.258 11.6173 690.329 -0.97349
227.315 11.56 690.979 -1.05037
227.371 11.4988 691.627 -1.11617
227.427 11.4338 692.271 -1.1865
227.483 11.365 692.911 -1.24931
227.539 11.2929 693.547 -1.30264
227.596 11.2182 694.179 -1.3511
227.652 11.1407 694.806 -1.39823
227.708 11.0607 695.43 -1.44059
227.764 10.9782 696.048 -1.48427
227.82 10.8939 696.662 -1.51407
227.876 10.8077 697.271 -1.54571
227.933 10.7199 697.875 -1.57362
227.989 10.6308 698.475 -1.59393
228.045 10.5409 699.069 -1.59791
228.101 10.4509 699.658 -1.6058
228.157 10.3606 700.242 -1.60984
228.213 10.2704 700.821 -1.60016
228.27 10.1808 701.395 -1.59345
228.326 10.0914 701.964 -1.58988
228.382 10.0022 702.528 -1.58778
228.438 9.91315 703.087 -1.58234
228.494 9.82441 703.641 -1.58005
228.551 9.73574 704.19 -1.57646
228.607 9.64719 704.734 -1.57371
228.663 9.55918 705.273 -1.56343
228.719 9.47134 705.807 -1.56234
228.775 9.3837 706.336 -1.55823
228.831 9.29648 706.86 -1.54959
228.888 9.20997 707.38 -1.53569
228.944 9.12424 707.894 -1.51787
229 9.03961 708.404 -1.49617
229.056 8.95658 708.909 -1.46641
229.112 8.87493 709.409 -1.44434
229.169 8.79484 709.905 -1.41347
229.225 8.71636 710.397 -1.38472
229.281 8.63941 710.884 -1.35738
229.337 8.56419 711.366 -1.32686
229.393 8.49079 711.845 -1.29311
229.449 8.41988 712.32 -1.24394
229.506 8.3517 712.79 -1.19379
229.562 8.28635 713.257 -1.14256
229.618 8.2238 713.721 -1.09396
229.674 8.164 714.181 -1.04712
229.73 8.10675 714.638 -1.00015
229.787 8.05199 715.091 -0.956139
229.843 7.99992 715.542 -0.907917
229.899 7.95053 715.989 -0.859557
229.955 7.90357 716.435 -0.819297
230.011 7.85875 716.877 -0.785217
230.067 7.81586 717.317 -0.747947
230.124 7.77509 717.755 -0.711443
230.18 7.73634 718.19 -0.677303
230.236 7.69944 718.624 -0.644898
230.292 7.66462 719.055 -0.600549
230.348 7.63235 719.484 -0.555765
230.404 7.6028 719.912 -0.50595
230.461 7.5762 720.338 -0.454999
230.517 7.55257 720.763 -0.400062
230.573 7.53176 721.187 -0.349183
230.629 7.51395 721.609 -0.298386
230.685 7.49905 722.031 -0.240947
230.742 7.48745 722.452 -0.183686
230.798 7.47876 722.872 -0.134147
230.854 7.4729 723.292 -0.086418
230.91 7.46981 723.712 -0.0339695
230.966 7.46947 724.132 0.0111082
231.022 7.47159 724.551 0.0529721
231.079 7.47612 724.971 0.0994782
231.135 7.48327 725.391 0.146079
231.191 7.49267 725.812 0.179811
231.247 7.50421 726.233 0.218985
231.303 7.51756 726.655 0.251101
231.36 7.53261 727.078 0.276983
231.416 7.54876 727.502 0.294301
231.472 7.56605 727.927 0.316267
231.528 7.58457 728.352 0.337674
231.584 7.60415 728.779 0.352183
231.64 7.62418 729.207 0.36098
231.697 7.64457 729.636 0.362703
231.753 7.6654 730.066 0.376307
231.809 7.68685 730.497 0.388021
231.865 7.70892 730.93 0.394437
231.921 7.73135 731.364 0.403054
231.978 7.75409 731.799 0.402232
232.034 7.77679 732.235 0.405294
232.09 7.79923 732.673 0.395004
232.146 7.82108 733.112 0.386101
232.202 7.84244 733.552 0.376664
232.258 7.8634 733.993 0.371085
232.315 7.88409 734.436 0.368133
232.371 7.90454 734.879 0.358271
232.427 7.92437 735.324 0.350397
232.483 7.94368 735.77 0.337256
232.539 7.96241 736.217 0.32822
232.596 7.98032 736.665 0.313846
232.652 7.9977 737.114 0.300962
232.708 8.01434 737.564 0.293259
232.764 8.03016 738.014 0.273737
232.82 8.04483 738.466 0.253382
232.876 8.05847 738.919 0.235576
232.933 8.07111 739.372 0.219675
232.989 8.08295 739.826 0.204919
233.045 8.09418 740.28 0.195066
233.101 8.1051 740.735 0.196941
233.157 8.11601 741.191 0.193564
233.213 8.12683 741.647 0.191042
233.27 8.13785 742.104 0.19832
233.326 8.14905 742.562 0.200052
233.382 8.16049 743.02 0.205267
233.438 8.1723 743.479 0.213134
233.494 8.18419 743.938 0.213533
233.551 8.19665 744.398 0.228154
233.607 8.21017 744.859 0.249732
233.663 8.22461 745.321 0.261157
233.719 8.23958 745.784 0.268675
233.775 8.25514 746.247 0.282649
233.831 8.27135 746.711 0.294508
233.888 8.2886 747.177 0.313296
233.944 8.30688 747.643 0.331493
234 8.32614 748.11 0.348365
234.056 8.34638 748.579 0.366571
234.112 8.36778 749.048 0.390576
234.169 8.39059 749.519 0.415477
234.225 8.41471 749.991 0.438166
234.281 8.44025 750.465 0.467448
234.337 8.46714 750.94 0.485442
234.393 8.49526 751.417 0.508871
234.449 8.52471 751.895 0.535826
234.506 8.55567 752.375 0.563102
234.562 8.5883 752.857 0.591407
234.618 8.62246 753.34 0.618632
234.674 8.65797 753.826 0.641631
234.73 8.69479 754.313 0.664649
234.787 8.73317 754.803 0.697165
234.843 8.77316 755.295 0.720222
234.899 8.81443 755.789 0.74365
234.955 8.85693 756.286 0.76525
235.011 8.90063 756.785 0.78813
235.067 8.94585 757.287 0.815214
235.124 8.99259 757.791 0.842033
235.18 9.0405 758.298 0.861088
235.236 9.08946 758.807 0.878324
235.292 9.13951 759.319 0.90056
235.348 9.19073 759.835 0.919525
235.404 9.24302 760.353 0.938779
235.461 9.29641 760.874 0.959545
235.517 9.35065 761.398 0.970162
235.573 9.40555 761.925 0.981554
235.629 9.46112 762.455 0.994061
235.685 9.51733 762.989 1.00385
235.742 9.57438 763.525 1.02231
235.798 9.63226 764.065 1.03673
235.854 9.69095 764.608 1.05143
235.91 9.75019 765.155 1.05707
235.966 9.80941 765.704 1.05407
236.022 9.86872 766.258 1.058
236.079 9.92817 766.814 1.05694
236.135 9.9873 767.374 1.04932
236.191 10.0459 767.937 1.0406
236.247 10.1043 768.503 1.0381
236.303 10.1627 769.073 1.03971
236.36 10.221 769.646 1.03683
236.416 10.2794 770.222 1.0388
236.472 10.3378 770.801 1.04153
236.528 10.3963 771.384 1.04459
236.584 10.4551 771.97 1.0463
236.64 10.514 772.559 1.04914
236.697 10.5728 773.152 1.04475
236.753 10.6315 773.748 1.04304
236.809 10.6902 774.347 1.04666
236.865 10.7488 774.95 1.04315
236.921 10.8078 775.556 1.05614
236.978 10.8673 776.165 1.06028
237.034 10.9268 776.777 1.05807
237.09 10.9862 777.393 1.05903
237.146 11.046 778.012 1.06414
237.202 11.1057 778.635 1.06628
237.258 11.1657 779.261 1.06727
237.315 11.226 779.89 1.07728
237.371 11.287 780.523 1.0951
237.427 11.3493 781.159 1.11293
237.483 11.4119 781.799 1.11666
237.539 11.4747 782.442 1.12125
237.596 11.5382 783.089 1.12843
237.652 11.602 783.739 1.14176
237.708 11.6668 784.393 1.15866
237.764 11.7318 785.051 1.15695
237.82 11.7969 785.712 1.15767
237.876 11.8621 786.377 1.15987
237.933 11.9274 787.046 1.16112
237.989 11.9926 787.718 1.16002
238.045 12.0576 788.394 1.15414
238.101 12.1221 789.074 1.14422
238.157 12.1861 789.757 1.13594
238.213 12.2491 790.443 1.1152
238.27 12.311 791.134 1.08864
238.326 12.3714 791.827 1.06741
238.382 12.4301 792.524 1.02793
238.438 12.4865 793.225 0.987647
238.494 12.5408 793.928 0.952159
238.551 12.5926 794.634 0.903303
238.607 12.6411 795.343 0.835608
238.663 12.6859 796.055 0.77305
238.719 12.7269 796.769 0.702236
238.775 12.7641 797.485 0.635883
238.831 12.7971 798.204 0.552908
238.888 12.8255 798.924 0.475069
238.944 12.8497 799.645 0.40304
239 12.8697 800.368 0.323557
239.056 12.8847 801.091 0.229171
239.112 12.8945 801.815 0.136352
239.169 12.8995 802.54 0.0577277
239.225 12.8998 803.265 -0.0322897
239.281 12.895 803.989 -0.117861
239.337 12.8858 804.713 -0.197369
239.393 12.8719 805.437 -0.279661
239.449 12.8535 806.159 -0.360509
239.506 12.8306 806.881 -0.440288
239.562 12.8032 807.601 -0.5158
239.618 12.7716 808.319 -0.594826
239.674 12.7357 809.035 -0.669956
239.73 12.6955 809.749 -0.74293
239.787 12.6518 810.461 -0.803584
239.843 12.6046 811.17 -0.867812
239.899 12.5538 811.877 -0.92774
239.955 12.4998 812.58 -0.982075
240.011 12.4428 813.28 -1.03912
240.067 12.3824 813.978 -1.09903
240.124 12.3191 814.671 -1.14995
240.18 12.2528 815.361 -1.1973
240.236 12.1841 816.047 -1.2381
240.292 12.1131 816.729 -1.27742
240.348 12.0401 817.407 -1.31268
240.404 11.9654 818.081 -1.3393
240.461 11.8894 818.751 -1.35962
240.517 11.8126 819.416 -1.3737
240.573 11.7349 820.077 -1.38682
240.629 11.657 820.734 -1.38715
240.685 11.5791 821.386 -1.38619
240.742 11.5012 822.034 -1.38239
240.798 11.4239 822.677 -1.37506
240.854 11.347 823.317 -1.3586
240.91 11.2713 823.951 -1.33819
240.966 11.1971 824.582 -1.31397
241.022 11.1243 825.209 -1.28031
241.079 11.0537 825.831 -1.24162
241.135 10.9855 826.45 -1.19452
241.191 10.9198 827.065 -1.15495
241.247 10.8565 827.676 -1.11127
241.303 10.7957 828.284 -1.06574
241.36 10.7375 828.889 -1.01292
241.416 10.6821 829.49 -0.973295
241.472 10.6287 830.088 -0.933292
241.528 10.5773 830.684 -0.899611
241.584 10.528 831.276 -0.863251
241.64 10.4807 831.866 -0.828173
241.697 10.4351 832.453 -0.803831
241.753 10.3907 833.038 -0.782933
241.809 10.3476 833.62 -0.760533
241.865 10.3053 834.2 -0.745757
241.921 10.2641 834.778 -0.72642
241.978 10.2237 835.353 -0.716326
242.034 10.1839 835.926 -0.700132
242.09 10.1448 836.497 -0.693739
242.146 10.1064 837.066 -0.677383
242.202 10.0684 837.632 -0.675883
242.258 10.0306 838.196 -0.667583
242.315 9.99325 838.759 -0.666264
242.371 9.95592 839.319 -0.65926
242.427 9.91931 839.877 -0.647607
242.483 9.88314 840.433 -0.643207
242.539 9.84707 840.987 -0.642375
242.596 9.81109 841.539 -0.638056
242.652 9.7753 842.089 -0.637033
242.708 9.73942 842.637 -0.635114
242.764 9.70382 843.183 -0.63345
242.82 9.66845 843.727 -0.631099
242.876 9.63267 844.269 -0.639217
242.933 9.59686 844.809 -0.63871
242.989 9.56059 845.347 -0.650366
243.045 9.52406 845.883 -0.649823
243.101 9.48736 846.416 -0.656441
243.157 9.45023 846.948 -0.663084
243.213 9.41301 847.478 -0.662323
243.27 9.37554 848.005 -0.671067
243.326 9.33787 848.531 -0.670139
243.382 9.30027 849.054 -0.668523
243.438 9.26275 849.575 -0.666056
243.494 9.2258 850.095 -0.651133
243.551 9.18973 850.612 -0.634206
243.607 9.15478 851.127 -0.613061
243.663 9.12148 851.64 -0.578535
243.719 9.0901 852.151 -0.543094
243.775 9.06092 852.661 -0.503182
243.831 9.034 853.169 -0.458942
243.888 9.01013 853.676 -0.40126
243.944 8.98943 854.181 -0.345229
244 8.97215 854.686 -0.282825
244.056 8.95839 855.189 -0.218505
244.112 8.94824 855.692 -0.15177
244.169 8.94241 856.195 -0.0713331
244.225 8.9414 856.697 0.0224923
244.281 8.94549 857.199 0.110123
244.337 8.95492 857.702 0.206755
244.393 8.96975 858.206 0.304159
244.449 8.99023 858.71 0.405507
244.506 9.01668 859.216 0.511988
244.562 9.04942 859.724 0.629628
244.618 9.08879 860.234 0.746781
244.674 9.13477 860.746 0.866638
244.73 9.18731 861.261 0.980305
244.787 9.24649 861.779 1.10185
244.843 9.31225 862.3 1.21607
244.899 9.38423 862.826 1.32518
244.955 9.46202 863.356 1.4242
245.011 9.54545 863.89 1.52192
245.067 9.6337 864.429 1.60375
245.124 9.7265 864.974 1.681
245.18 9.82266 865.523 1.73199
245.236 9.92179 866.079 1.78572
245.292 10.0237 866.639 1.83179
245.348 10.128 867.206 1.86915
245.404 10.2338 867.779 1.89213
245.461 10.3404 868.357 1.899
245.517 10.4475 868.942 1.90891
245.573 10.5549 869.532 1.913
245.629 10.6625 870.129 1.91624
245.685 10.77 870.731 1.90732
245.742 10.8765 871.34 1.88774
245.798 10.9811 871.955 1.8471
245.854 11.0839 872.575 1.8173
245.91 11.1847 873.201 1.77586
245.966 11.2832 873.833 1.7372
246.022 11.379 874.47 1.68214
246.079 11.4718 875.112 1.63372
246.135 11.5615 875.76 1.57563
246.191 11.6482 876.412 1.51888
246.247 11.7316 877.07 1.46609
246.303 11.8121 877.731 1.41214
246.36 11.889 878.398 1.33504
246.416 11.9617 879.068 1.26527
246.472 12.0302 879.742 1.18625
246.528 12.0939 880.42 1.09293
246.584 12.1521 881.102 1.00371
246.64 12.2058 881.786 0.926932
246.697 12.2554 882.474 0.847906
246.753 12.3005 883.164 0.776056
246.809 12.342 883.856 0.712216
246.865 12.3799 884.551 0.64655
246.921 12.4138 885.248 0.576838
246.978 12.4441 885.946 0.512872
247.034 12.4705 886.646 0.442296
247.09 12.4935 887.347 0.387886
247.146 12.5132 888.05 0.328954
247.202 12.5299 888.754 0.2739
247.258 12.5437 889.458 0.228379
247.315 12.5552 890.163 0.188761
247.371 12.5644 890.869 0.146793
247.427 12.5713 891.575 0.112615
247.483 12.577 892.281 0.0929081
247.539 12.5815 892.988 0.0707597
247.596 12.5849 893.695 0.055101
247.652 12.5875 894.402 0.0409192
247.708 12.5897 895.109 0.0390853
247.764 12.5917 895.817 0.0324893
247.82 12.5937 896.524 0.038631
247.876 12.5962 897.232 0.0483849
247.933 12.5992 897.939 0.0572802
247.989 12.6028 898.647 0.0712183
248.045 12.6076 899.356 0.0925274
248.101 12.6135 900.064 0.114553
248.157 12.6202 900.773 0.126589
248.213 12.6283 901.482 0.154895
248.27 12.6381 902.192 0.184977
248.326 12.6494 902.902 0.213108
248.382 12.6623 903.613 0.238753
248.438 12.6764 904.325 0.260367
248.494 12.6921 905.038 0.292507
248.551 12.7095 905.751 0.317475
248.607 12.7281 906.466 0.340384
248.663 12.748 907.182 0.363901
248.719 12.7692 907.899 0.385164
248.775 12.7918 908.617 0.414789
248.831 12.816 909.336 0.441352
248.888 12.8413 910.057 0.458464
248.944 12.8677 910.779 0.47775
249 12.8954 911.503 0.502869
249.056 12.9246 912.229 0.530377
249.112 12.9554 912.956 0.556767
249.169 12.9875 913.685 0.577982
249.225 13.0206 914.416 0.594956
249.281 13.055 915.148 0.627041
249.337 13.0913 915.883 0.656282
249.393 13.1291 916.62 0.681883
249.449 13.1686 917.358 0.717178
249.506 13.2099 918.1 0.745189
249.562 13.2528 918.843 0.773285
249.618 13.2973 919.589 0.805598
249.674 13.3437 920.338 0.83907
249.73 13.3916 921.089 0.858832
249.787 13.4404 921.843 0.875425
249.843 13.4899 922.6 0.88531
249.899 13.5399 923.359 0.891543
249.955 13.59 924.122 0.891982
250.011 13.6398 924.887 0.878425
250.067 13.6885 925.655 0.859436
250.124 13.7362 926.425 0.839336
250.18 13.7824 927.199 0.810088
250.236 13.827 927.975 0.779655
250.292 13.8697 928.753 0.747559
250.348 13.9103 929.533 0.707954
250.404 13.949 930.316 0.674517
250.461 13.9857 931.101 0.636999
250.517 14.0204 931.888 0.602867
250.573 14.0532 932.677 0.572373
250.629 14.0846 933.467 0.550781
250.685 14.1149 934.26 0.534441
250.742 14.1443 935.054 0.515421
250.798 14.173 935.849 0.508163
250.854 14.2011 936.646 0.497619
250.91 14.2288 937.445 0.489041
250.966 14.2562 938.245 0.486265
251.022 14.2834 939.047 0.482478
251.079 14.3108 939.851 0.486178
251.135 14.3382 940.655 0.494545
251.191 14.3661 941.462 0.49786
251.247 14.3945 942.27 0.506704
251.303 14.423 943.08 0.507159
251.36 14.451 943.891 0.491811
251.416 14.4782 944.704 0.475069
251.472 14.5043 945.518 0.459757
251.528 14.5289 946.334 0.426258
251.584 14.5516 947.151 0.39061
251.64 14.5724 947.969 0.357419
251.697 14.591 948.788 0.314394
251.753 14.6072 949.608 0.266334
251.809 14.6205 950.429 0.214314
251.865 14.6306 951.251 0.154521
251.921 14.6371 952.073 0.0892764
251.978 14.64 952.896 0.0257765
252.034 14.6389 953.718 -0.0479491
252.09 14.6338 954.541 -0.124428
252.146 14.6243 955.362 -0.197531
252.202 14.6106 956.183 -0.275046
252.258 14.5924 957.004 -0.357533
252.315 14.5698 957.823 -0.433305
252.371 14.5427 958.64 -0.515084
252.427 14.5112 959.456 -0.593153
252.483 14.4756 960.27 -0.662035
252.539 14.4359 961.082 -0.735067
252.596 14.3923 961.892 -0.803776
252.652 14.3452 962.699 -0.860351
252.708 14.295 963.503 -0.914922
252.764 14.2419 964.304 -0.967406
252.82 14.1863 965.103 -1.00123
252.876 14.129 965.898 -1.03423
252.933 14.0697 966.689 -1.07154
252.989 14.0084 967.478 -1.1035
253.045 13.9453 968.263 -1.13939
253.101 13.88 969.044 -1.18039
253.157 13.813 969.822 -1.20509
253.213 13.7446 970.595 -1.22531
253.27 13.6751 971.365 -1.24604
253.326 13.6044 972.131 -1.26798
253.382 13.5322 972.893 -1.29455
253.438 13.4586 973.651 -1.32238
253.494 13.3834 974.404 -1.34619
253.551 13.3065 975.153 -1.3842
253.607 13.2279 975.898 -1.41143
253.663 13.1479 976.639 -1.43057
253.719 13.0664 977.375 -1.46658
253.775 12.9829 978.106 -1.49934
253.831 12.8977 978.832 -1.5252
253.888 12.811 979.554 -1.55305
253.944 12.7233 980.271 -1.56912
254 12.6348 980.983 -1.58135
254.056 12.5455 981.69 -1.59249
254.112 12.4559 982.391 -1.59632
254.169 12.3665 983.088 -1.58798
254.225 12.2776 983.78 -1.57704
254.281 12.1896 984.467 -1.56237
254.337 12.1023 985.148 -1.54553
254.393 12.0158 985.825 -1.53448
254.449 11.9299 986.498 -1.52791
254.506 11.8444 987.165 -1.51674
254.562 11.7595 987.828 -1.50243
254.618 11.6759 988.485 -1.4826
254.674 11.5932 989.138 -1.46277
254.73 11.5113 989.787 -1.45481
254.787 11.4298 990.431 -1.44999
254.843 11.3488 991.07 -1.43594
254.899 11.2685 991.705 -1.42292
254.955 11.189 992.336 -1.40885
255.011 11.1106 992.962 -1.3866
255.067 11.0333 993.583 -1.37155
255.124 10.9572 994.2 -1.34566
255.18 10.8826 994.813 -1.3132
255.236 10.81 995.422 -1.27729
255.292 10.7397 996.027 -1.23562
255.348 10.672 996.628 -1.18264
255.404 10.6072 997.226 -1.12976
255.461 10.5456 997.82 -1.07252
255.517 10.4878 998.41 -0.999839
255.573 10.4339 998.997 -0.930751
255.629 10.384 999.582 -0.856898
255.685 10.339 1000.16 -0.767973
255.742 10.2985 1000.74 -0.685163
255.798 10.2627 1001.32 -0.603642
255.854 10.2319 1001.9 -0.511387
255.91 10.2059 1002.47 -0.431432
255.966 10.1846 1003.04 -0.345294
256.022 10.1682 1003.61 -0.2548
256.079 10.1567 1004.18 -0.177731
256.135 10.1489 1004.76 -0.110913
256.191 10.1452 1005.33 -0.0369498
256.247 10.1453 1005.9 0.0268509
256.303 10.1493 1006.47 0.0992984
256.36 10.157 1007.04 0.161581
256.416 10.168 1007.61 0.213882
256.472 10.1815 1008.18 0.257216
256.528 10.1977 1008.75 0.308991
256.584 10.2166 1009.32 0.355515
256.64 10.2384 1009.9 0.409711
256.697 10.2633 1010.48 0.46423
256.753 10.2909 1011.05 0.508942
256.809 10.321 1011.63 0.553365
256.865 10.3537 1012.21 0.599379
256.921 10.3889 1012.8 0.645319
256.978 10.4267 1013.38 0.691209
257.034 10.4679 1013.97 0.760427
257.09 10.5125 1014.56 0.817274
257.146 10.5604 1015.15 0.877185
257.202 10.6121 1015.74 0.949614
257.258 10.6678 1016.34 1.02126
257.315 10.7277 1016.94 1.0964
257.371 10.792 1017.55 1.17495
257.427 10.8606 1018.16 1.25141
257.483 10.9337 1018.77 1.33546
257.539 11.0113 1019.39 1.40823
257.596 11.0929 1020.01 1.48374
257.652 11.1786 1020.63 1.55025
257.708 11.2677 1021.27 1.61016
257.764 11.3597 1021.9 1.65476
257.82 11.4537 1022.54 1.68368
257.876 11.5493 1023.19 1.70887
257.933 11.6455 1023.84 1.71515
257.989 11.7421 1024.5 1.72138
258.045 11.8383 1025.16 1.7011
258.101 11.933 1025.83 1.67737
258.157 12.0262 1026.5 1.6456
258.213 12.1174 1027.18 1.60882
258.27 12.2063 1027.87 1.56184
258.326 12.2924 1028.55 1.51387
258.382 12.3759 1029.25 1.46694
258.438 12.4566 1029.95 1.4162
258.494 12.5344 1030.65 1.3612
258.551 12.6089 1031.36 1.30193
258.607 12.68 1032.07 1.24397
258.663 12.7481 1032.78 1.19064
258.719 12.8136 1033.5 1.14924
258.775 12.8768 1034.22 1.11207
258.831 12.9381 1034.95 1.07718
258.888 12.9973 1035.68 1.03767
258.944 13.0545 1036.41 1.00342
259 13.1096 1037.14 0.964871
259.056 13.1624 1037.88 0.926617
259.112 13.2131 1038.62 0.888228
259.169 13.2616 1039.37 0.847506
259.225 13.308 1040.11 0.809469
259.281 13.3517 1040.86 0.756493
259.337 13.3925 1041.61 0.705438
259.393 13.4304 1042.37 0.653286
259.449 13.4652 1043.12 0.597717
259.506 13.4971 1043.88 0.543911
259.562 13.5257 1044.64 0.486466
259.618 13.5509 1045.4 0.42055
259.674 13.5722 1046.16 0.351406
259.73 13.5898 1046.93 0.288506
259.787 13.6037 1047.69 0.223419
259.843 13.6143 1048.45 0.162784
259.899 13.6213 1049.22 0.101415
259.955 13.6247 1049.98 0.0317727
260.011 13.6242 1050.75 -0.0338208
260.067 13.6202 1051.52 -0.0924976
260.124 13.6131 1052.28 -0.148673
260.18 13.6031 1053.04 -0.201851
260.236 13.5901 1053.81 -0.251104
260.292 13.5743 1054.57 -0.303913
260.348 13.5554 1055.33 -0.360493
260.404 13.5333 1056.09 -0.413524
260.461 13.5081 1056.85 -0.470427
260.517 13.4798 1057.61 -0.526176
260.573 13.4486 1058.37 -0.57767
260.629 13.4143 1059.12 -0.63241
260.685 13.3769 1059.87 -0.69095
260.742 13.3359 1060.62 -0.756432
260.798 13.2911 1061.37 -0.821638
260.854 13.2429 1062.12 -0.88257
260.91 13.1913 1062.86 -0.944108
260.966 13.1362 1063.6 -1.00756
261.022 13.0776 1064.34 -1.06392
261.079 13.0162 1065.07 -1.11143
261.135 12.9523 1065.8 -1.15481
261.191 12.8859 1066.52 -1.20153
261.247 12.8171 1067.24 -1.23663
261.303 12.7463 1067.96 -1.27475
261.36 12.6738 1068.68 -1.29935
261.416 12.5999 1069.38 -1.32182
261.472 12.5245 1070.09 -1.34892
261.528 12.4479 1070.79 -1.37289
261.584 12.3701 1071.49 -1.39363
261.64 12.2912 1072.18 -1.41073
261.697 12.2115 1072.87 -1.42373
261.753 12.1312 1073.55 -1.42984
261.809 12.0507 1074.23 -1.43374
261.865 11.9702 1074.9 -1.43079
261.921 11.8904 1075.57 -1.41079
261.978 11.8114 1076.24 -1.40497
262.034 11.7329 1076.9 -1.38971
262.09 11.6557 1077.56 -1.36621
262.146 11.58 1078.21 -1.33699
262.202 11.5059 1078.86 -1.30822
262.258 11.4337 1079.5 -1.26803
262.315 11.3638 1080.14 -1.22549
262.371 11.2964 1080.78 -1.18305
262.427 11.2317 1081.41 -1.12918
262.483 11.1703 1082.04 -1.06721
262.539 11.1125 1082.66 -1.00197
262.596 11.0584 1083.29 -0.936812
262.652 11.008 1083.91 -0.868582
262.708 10.9618 1084.52 -0.79328
262.764 10.9199 1085.14 -0.713959
262.82 10.8821 1085.75 -0.644429
262.876 10.8485 1086.36 -0.569449
262.933 10.8189 1086.97 -0.499684
262.989 10.7927 1087.58 -0.444295
263.045 10.7693 1088.18 -0.398846
263.101 10.7483 1088.79 -0.355978
263.157 10.7294 1089.39 -0.321784
263.213 10.7123 1089.99 -0.295969
263.27 10.6965 1090.59 -0.272411
263.326 10.6818 1091.19 -0.253495
263.382 10.6682 1091.79 -0.236315
263.438 10.6553 1092.39 -0.225551
263.494 10.6427 1092.99 -0.225444
263.551 10.6298 1093.59 -0.233493
263.607 10.6165 1094.18 -0.239559
263.663 10.6026 1094.78 -0.253802
263.719 10.5879 1095.37 -0.265026
263.775 10.5726 1095.97 -0.277115
263.831 10.5564 1096.56 -0.296987
263.888 10.5391 1097.15 -0.315803
263.944 10.5209 1097.75 -0.328466
264 10.5018 1098.34 -0.345113
264.056 10.4821 1098.93 -0.356755
264.112 10.4617 1099.51 -0.368204
264.169 10.4406 1100.1 -0.380029
264.225 10.419 1100.69 -0.388717
264.281 10.397 1101.27 -0.392994
264.337 10.3747 1101.85 -0.396987
264.393 10.3523 1102.44 -0.402686
264.449 10.3294 1103.02 -0.409883
264.506 10.3061 1103.6 -0.417035
264.562 10.2824 1104.18 -0.423617
264.618 10.2584 1104.75 -0.428671
264.674 10.2341 1105.33 -0.434502
264.73 10.2096 1105.9 -0.440789
264.787 10.1845 1106.47 -0.451701
264.843 10.1593 1107.05 -0.444
264.899 10.1343 1107.62 -0.445823
264.955 10.1094 1108.18 -0.439001
265.011 10.0848 1108.75 -0.435479
265.067 10.0606 1109.32 -0.428485
265.124 10.037 1109.88 -0.416791
265.18 10.014 1110.44 -0.40367
265.236 9.99248 1111.01 -0.369915
265.292 9.97294 1111.57 -0.33183
265.348 9.95582 1112.13 -0.285638
265.404 9.94144 1112.69 -0.23639
265.461 9.93029 1113.24 -0.170875
265.517 9.92285 1113.8 -0.10505
265.573 9.91961 1114.36 -0.0248964
265.629 9.92107 1114.92 0.0617009
265.685 9.92737 1115.47 0.150833
265.742 9.93932 1116.03 0.253397
265.798 9.95697 1116.59 0.353946
265.854 9.98054 1117.15 0.464515
265.91 10.0108 1117.71 0.58432
265.966 10.0474 1118.28 0.698147
266.022 10.0906 1118.84 0.817041
266.079 10.1405 1119.41 0.936368
266.135 10.1972 1119.98 1.05663
266.191 10.2606 1120.56 1.17909
266.247 10.3308 1121.14 1.29742
266.303 10.4076 1121.72 1.41411
266.36 10.4911 1122.31 1.53334
266.416 10.5814 1122.9 1.65485
266.472 10.678 1123.5 1.76181
266.528 10.7802 1124.1 1.86059
266.584 10.8877 1124.71 1.94885
266.64 11.0001 1125.32 2.03176
266.697 11.1163 1125.95 2.09245
266.753 11.2359 1126.57 2.15265
266.809 11.3586 1127.21 2.20077
266.865 11.4834 1127.85 2.23223
266.921 11.6095 1128.5 2.25155
266.978 11.7361 1129.16 2.25487
267.034 11.8626 1129.82 2.24657
267.09 11.9881 1130.49 2.22403
267.146 12.1123 1131.17 2.19806
267.202 12.2342 1131.85 2.14858
267.258 12.3528 1132.55 2.08374
267.315 12.4674 1133.24 2.01034
267.371 12.5774 1133.95 1.92499
267.427 12.6823 1134.66 1.82438
267.483 12.7816 1135.37 1.7258
267.539 12.8747 1136.1 1.61145
267.596 12.9613 1136.82 1.49834
267.652 13.0411 1137.55 1.37218
267.708 13.114 1138.29 1.24627
267.764 13.1796 1139.03 1.1161
267.82 13.238 1139.77 0.989153
267.876 13.2894 1140.51 0.865225
267.933 13.334 1141.26 0.742222
267.989 13.3717 1142.01 0.625965
268.045 13.4025 1142.77 0.498541
268.101 13.4265 1143.52 0.378643
268.157 13.4439 1144.27 0.267612
268.213 13.4555 1145.03 0.166857
268.27 13.462 1145.79 0.0817876
268.326 13.464 1146.54 0.00827446
268.382 13.4622 1147.3 -0.0599776
268.438 13.4569 1148.05 -0.119891
268.494 13.4483 1148.81 -0.174134
268.551 13.4368 1149.57 -0.223664
268.607 13.4228 1150.32 -0.264226
268.663 13.4066 1151.07 -0.301019
268.719 13.3884 1151.83 -0.338421
268.775 13.3682 1152.58 -0.373227
268.831 13.3463 1153.33 -0.401137
268.888 13.3225 1154.08 -0.440733
268.944 13.2964 1154.82 -0.484951
269 13.2678 1155.57 -0.524476
269.056 13.237 1156.31 -0.564825
269.112 13.2038 1157.06 -0.609712
269.169 13.168 1157.8 -0.65642
269.225 13.1292 1158.54 -0.713275
269.281 13.0871 1159.27 -0.77352
269.337 13.0417 1160.01 -0.829757
269.393 12.9931 1160.74 -0.891328
269.449 12.9409 1161.47 -0.955523
269.506 12.885 1162.19 -1.02116
269.562 12.8255 1162.91 -1.0842
269.618 12.762 1163.63 -1.16085
269.674 12.6948 1164.35 -1.2186
269.73 12.6244 1165.06 -1.28093
269.787 12.5502 1165.76 -1.34781
269.843 12.4725 1166.47 -1.4033
269.899 12.3921 1167.16 -1.44929
269.955 12.3095 1167.86 -1.48265
270.011 12.2253 1168.55 -1.50647
270.067 12.14 1169.23 -1.52557
270.124 12.0541 1169.91 -1.53289
270.18 11.9682 1170.58 -1.52581
270.236 11.883 1171.25 -1.50801
270.292 11.7989 1171.92 -1.48749
270.348 11.7167 1172.58 -1.44354
270.404 11.6374 1173.23 -1.39155
270.461 11.5612 1173.88 -1.33536
270.517 11.488 1174.53 -1.28102
270.573 11.4177 1175.17 -1.22798
270.629 11.3509 1175.81 -1.16516
270.685 11.2873 1176.45 -1.11011
270.742 11.2266 1177.08 -1.06068
270.798 11.169 1177.71 -1.00271
270.854 11.1144 1178.34 -0.955878
270.91 11.0622 1178.96 -0.911894
270.966 11.0121 1179.58 -0.880069
271.022 10.9638 1180.2 -0.845413
271.079 10.9173 1180.81 -0.81397
271.135 10.8724 1181.42 -0.788158
271.191 10.829 1182.03 -0.761021
271.247 10.7869 1182.64 -0.738442
271.303 10.7464 1183.24 -0.709191
271.36 10.7075 1183.84 -0.679267
271.416 10.6701 1184.44 -0.656466
271.472 10.6344 1185.04 -0.61815
271.528 10.6011 1185.64 -0.578868
271.584 10.5702 1186.23 -0.521878
271.64 10.543 1186.83 -0.463783
271.697 10.519 1187.42 -0.397605
271.753 10.4994 1188.01 -0.322196
271.809 10.484 1188.6 -0.243352
271.865 10.4732 1189.19 -0.160377
271.921 10.4664 1189.77 -0.096567
271.978 10.4631 1190.36 -0.0359705
272.034 10.4624 1190.95 0.00115316
272.09 10.4634 1191.54 0.0248651
272.146 10.4647 1192.13 0.0161866
272.202 10.4643 1192.71 -0.0266553
272.258 10.4609 1193.3 -0.0872572
272.315 10.4528 1193.89 -0.183526
272.371 10.4384 1194.48 -0.311197
272.427 10.4156 1195.06 -0.47261
272.483 10.3831 1195.65 -0.647967
272.539 10.3403 1196.23 -0.843426
272.596 10.2855 1196.81 -1.06642
272.652 10.2178 1197.38 -1.29256
272.708 10.1376 1197.95 -1.52019
272.764 10.044 1198.52 -1.76253
272.82 9.93711 1199.08 -1.99422
272.876 9.81745 1199.64 -2.21322
272.933 9.68566 1200.18 -2.43321
272.989 9.54232 1200.72 -2.63212
273.045 9.38859 1201.25 -2.80173
273.101 9.22582 1201.77 -2.95746
273.157 9.05499 1202.29 -3.09712
273.213 8.87711 1202.79 -3.21143
273.27 8.69325 1203.28 -3.30601
273.326 8.50455 1203.76 -3.39115
273.382 8.31161 1204.24 -3.46305
273.438 8.11505 1204.7 -3.52173
273.494 7.9156 1205.15 -3.56831
273.551 7.7133 1205.58 -3.62308
273.607 7.50778 1206.01 -3.68078
273.663 7.29919 1206.42 -3.73667
273.719 7.08764 1206.83 -3.7821
273.775 6.87354 1207.22 -3.83238
273.831 6.65731 1207.6 -3.86142
273.888 6.43935 1207.96 -3.88577
273.944 6.22026 1208.32 -3.90625
274 6.00078 1208.66 -3.90444
274.056 5.78257 1208.99 -3.86656
274.112 5.56689 1209.31 -3.81175
274.169 5.35543 1209.61 -3.72872
274.225 5.14946 1209.91 -3.61681
274.281 4.95087 1210.19 -3.48014
274.337 4.76094 1210.46 -3.30849
274.393 4.58162 1210.72 -3.10941
274.449 4.41435 1210.97 -2.88802
274.506 4.26028 1211.22 -2.64509
274.562 4.1203 1211.45 -2.39336
274.618 3.99517 1211.68 -2.11852
274.674 3.88607 1211.9 -1.82544
274.73 3.7932 1212.11 -1.53819
274.787 3.71641 1212.33 -1.25154
274.843 3.65593 1212.53 -0.960949
274.899 3.61163 1212.74 -0.676933
274.955 3.58284 1212.94 -0.406137
275.011 3.56859 1213.14 -0.153501
275.067 3.5681 1213.34 0.0860503
275.124 3.58064 1213.54 0.314798
275.18 3.60565 1213.74 0.530059
275.236 3.6422 1213.95 0.729522
275.292 3.68948 1214.15 0.914
275.348 3.74664 1214.36 1.08486
275.404 3.81297 1214.57 1.24176
275.461 3.88744 1214.79 1.38063
275.517 3.96961 1215.01 1.51725
275.573 4.0592 1215.24 1.64619
275.629 4.15578 1215.47 1.76641
275.685 4.25897 1215.71 1.88134
275.742 4.36812 1215.95 1.98487
275.798 4.48255 1216.2 2.07062
275.854 4.60184 1216.45 2.15748
275.91 4.72595 1216.72 2.24303
275.966 4.85425 1216.99 2.30862
276.022 4.98591 1217.26 2.36295
276.079 5.12012 1217.55 2.40846
276.135 5.25643 1217.84 2.44209
276.191 5.39443 1218.14 2.46468
276.247 5.53341 1218.45 2.47831
276.303 5.67272 1218.76 2.4791
276.36 5.81169 1219.09 2.46659
276.416 5.94933 1219.42 2.43703
276.472 6.0848 1219.76 2.39438
276.528 6.21761 1220.1 2.34101
276.584 6.347 1220.46 2.27676
276.64 6.47229 1220.82 2.19851
276.697 6.59283 1221.18 2.10853
276.753 6.70811 1221.56 2.01285
276.809 6.81807 1221.94 1.91937
276.865 6.92234 1222.33 1.81505
276.921 7.02111 1222.72 1.72046
276.978 7.11449 1223.12 1.6173
277.034 7.20198 1223.52 1.51589
277.09 7.28393 1223.93 1.41884
277.146 7.36051 1224.34 1.32914
277.202 7.43224 1224.75 1.24286
277.258 7.49921 1225.17 1.15584
277.315 7.56134 1225.6 1.07354
277.371 7.61908 1226.02 0.999574
277.427 7.67287 1226.45 0.931053
277.483 7.72295 1226.89 0.866719
277.539 7.76976 1227.32 0.809289
277.596 7.81334 1227.76 0.755116
277.652 7.8541 1228.2 0.706678
277.708 7.89232 1228.64 0.663426
277.764 7.92853 1229.09 0.633289
277.82 7.96315 1229.53 0.605728
277.876 7.99645 1229.98 0.583824
277.933 8.02853 1230.43 0.563024
277.989 8.05953 1230.89 0.544644
278.045 8.0895 1231.34 0.525858
278.101 8.11855 1231.79 0.512457
278.157 8.14696 1232.25 0.500748
278.213 8.17492 1232.71 0.493681
278.27 8.20227 1233.17 0.481827
278.326 8.22884 1233.63 0.46801
278.382 8.25451 1234.1 0.45001
278.438 8.27945 1234.56 0.441456
278.494 8.30392 1235.03 0.43332
278.551 8.32805 1235.49 0.424024
278.607 8.35186 1235.96 0.423262
278.663 8.37519 1236.43 0.411372
278.719 8.39806 1236.9 0.402521
278.775 8.42047 1237.38 0.397669
278.831 8.44234 1237.85 0.38583
278.888 8.46382 1238.32 0.377379
278.944 8.48537 1238.8 0.38683
279 8.50691 1239.28 0.384304
279.056 8.52856 1239.76 0.383918
279.112 8.55019 1240.24 0.385764
279.169 8.57172 1240.72 0.382126
279.225 8.59295 1241.2 0.373745
279.281 8.61412 1241.68 0.378691
279.337 8.63545 1242.17 0.382479
279.393 8.65696 1242.65 0.381971
279.449 8.67858 1243.14 0.384877
279.506 8.7 1243.63 0.380343
279.562 8.72108 1244.12 0.370549
279.618 8.74176 1244.61 0.367297
279.674 8.76205 1245.1 0.359589
279.73 8.78191 1245.59 0.347965
279.787 8.80118 1246.09 0.339158
279.843 8.81955 1246.58 0.321836
279.899 8.83719 1247.08 0.306836
279.955 8.85436 1247.58 0.306084
