# t frame_uz frame_z ub_dans_repere
160.003 -0.00647539 -1.29105e-05 -3.19952
160.024 -0.0714211 -0.000985005 -3.01227
160.059 -0.168646 -0.00549954 -2.68828
160.101 -0.274448 -0.0154951 -2.32597
160.149 -0.374396 -0.031603 -1.93067
160.2 -0.460785 -0.0534313 -1.53852
160.254 -0.530379 -0.0801661 -1.16315
160.308 -0.582038 -0.11071 -0.813804
160.363 -0.615915 -0.14388 -0.489097
160.418 -0.632744 -0.178476 -0.186707
160.474 -0.633674 -0.213995 0.0930745
160.53 -0.619897 -0.249064 0.343945
160.586 -0.592981 -0.282916 0.569098
160.642 -0.554448 -0.314863 0.764923
160.698 -0.505713 -0.344304 0.939422
160.754 -0.447981 -0.370711 1.08952
160.81 -0.38223 -0.393613 1.23039
160.866 -0.309256 -0.412587 1.34824
160.922 -0.230064 -0.427264 1.45623
160.978 -0.145399 -0.437321 1.54643
161.034 -0.0559568 -0.442487 1.626
161.09 0.0375943 -0.442494 1.69256
161.146 0.13434 -0.437133 1.73834
161.202 0.233338 -0.426258 1.77659
161.258 0.334176 -0.409757 1.80487
161.315 0.436384 -0.387544 1.82769
161.371 0.539624 -0.359552 1.84356
161.427 0.643584 -0.325736 1.85799
161.483 0.748637 -0.286044 1.87889
161.539 0.854804 -0.240412 1.89997
161.596 0.963002 -0.188752 1.94078
161.652 1.07324 -0.130945 1.97669
161.708 1.18557 -0.0668722 2.0113
161.764 1.29973 0.00357248 2.0458
161.82 1.41588 0.0804979 2.08003
161.876 1.53356 0.164003 2.10392
161.933 1.65261 0.254165 2.12711
161.989 1.77241 0.351044 2.13628
162.045 1.8932 0.454684 2.15935
162.101 2.0147 0.565138 2.16593
162.157 2.13655 0.682429 2.17093
162.213 2.25861 0.806575 2.17271
162.27 2.38053 0.937574 2.16699
162.326 2.50245 1.07542 2.17346
162.382 2.62461 1.22012 2.17322
162.438 2.74665 1.37169 2.17141
162.494 2.86821 1.53009 2.15898
162.551 2.98936 1.69531 2.1547
162.607 3.11037 1.86733 2.15466
162.663 3.23138 2.04615 2.15247
162.719 3.35202 2.23176 2.14246
162.775 3.47174 2.42412 2.12232
162.831 3.59064 2.62317 2.11139
162.888 3.70889 2.82888 2.10082
162.944 3.82659 3.04121 2.09386
163 3.94441 3.26016 2.09932
163.056 4.06249 3.48574 2.1053
163.112 4.18101 3.71796 2.11082
163.169 4.29944 3.95684 2.10601
163.225 4.41767 4.20237 2.10463
163.281 4.53585 4.45453 2.10299
163.337 4.65406 4.71334 2.10512
163.393 4.7724 4.97879 2.10695
163.449 4.89064 5.25089 2.10359
163.506 5.00866 5.52963 2.0987
163.562 5.12628 5.81498 2.09041
163.618 5.24332 6.10692 2.07467
163.674 5.35906 6.4054 2.04657
163.73 5.47303 6.71032 2.0156
163.787 5.58505 7.02158 1.98203
163.843 5.69532 7.33907 1.94826
163.899 5.80353 7.66269 1.90944
163.955 5.9097 7.99232 1.87433
164.011 6.01348 8.32784 1.82739
164.067 6.11462 8.66909 1.78042
164.124 6.21311 9.01595 1.73244
164.18 6.30839 9.36822 1.67053
164.236 6.40019 9.72574 1.61238
164.292 6.48874 10.0883 1.55262
164.348 6.57376 10.4557 1.48464
164.404 6.65501 10.8278 1.42078
164.461 6.73241 11.2043 1.34861
164.517 6.80552 11.585 1.26882
164.573 6.87442 11.9697 1.19965
164.629 6.93961 12.3581 1.13293
164.685 7.0011 12.75 1.07026
164.742 7.0598 13.1454 1.02968
164.798 7.11625 13.5439 0.98645
164.854 7.16989 13.9455 0.933322
164.91 7.22109 14.35 0.895832
164.966 7.27026 14.7574 0.863772
165.022 7.31773 15.1674 0.831353
165.079 7.36352 15.5801 0.807601
165.135 7.40809 15.9953 0.781782
165.191 7.45106 16.4129 0.749927
165.247 7.49247 16.8329 0.725547
165.303 7.53181 17.2552 0.682868
165.36 7.56842 17.6796 0.628855
165.416 7.60187 18.1059 0.574501
165.472 7.63183 18.534 0.506427
165.528 7.6581 18.9637 0.439622
165.584 7.6802 19.3947 0.365569
165.64 7.69848 19.8268 0.296875
165.697 7.71319 20.2598 0.239569
165.753 7.72497 20.6935 0.189062
165.809 7.73387 21.1278 0.137245
165.865 7.74023 21.5625 0.0983738
165.921 7.74451 21.9975 0.0626657
165.978 7.74699 22.4327 0.0343016
166.034 7.74812 22.868 0.00956381
166.09 7.74829 23.3032 0.000283673
166.146 7.74811 23.7385 -0.00194876
166.202 7.74791 24.1738 -0.00501442
166.258 7.74849 24.6091 0.0197926
166.315 7.75059 25.0445 0.0502974
166.371 7.7544 25.48 0.0831592
166.427 7.76069 25.9159 0.132728
166.483 7.76964 26.3521 0.177012
166.539 7.78116 26.789 0.222517
166.596 7.79564 27.2266 0.283086
166.652 7.81309 27.6652 0.329457
166.708 7.83367 28.1048 0.393019
166.764 7.85814 28.5457 0.464239
166.82 7.88696 28.9881 0.543005
166.876 7.91953 29.4323 0.598234
166.933 7.95503 29.8784 0.658486
166.989 7.99375 30.3266 0.708604
167.045 8.03513 30.7771 0.754876
167.101 8.07916 31.2299 0.799102
167.157 8.12518 31.6854 0.831309
167.213 8.17291 32.1434 0.857457
167.27 8.2223 32.6042 0.891256
167.326 8.27291 33.0679 0.907346
167.382 8.32424 33.5344 0.918761
167.438 8.37631 34.0038 0.928588
167.494 8.42882 34.4761 0.939056
167.551 8.48151 34.9514 0.935912
167.607 8.53442 35.4297 0.946987
167.663 8.58786 35.911 0.954265
167.719 8.6418 36.3953 0.95567
167.775 8.69672 36.8826 0.985932
167.831 8.75256 37.373 0.998261
167.888 8.80954 37.8667 1.0264
167.944 8.86817 38.3636 1.05399
168 8.92814 38.8638 1.07672
168.056 8.98944 39.3674 1.10186
168.112 9.05222 39.8746 1.13159
168.169 9.11673 40.3853 1.15913
168.225 9.18275 40.8997 1.18533
168.281 9.25032 41.4178 1.215
168.337 9.31974 41.9399 1.24273
168.393 9.38997 42.4658 1.25726
168.449 9.46095 42.9957 1.26518
168.506 9.53241 43.5296 1.28066
168.562 9.60501 44.0676 1.29811
168.618 9.67845 44.6097 1.31186
168.674 9.75218 45.1559 1.30951
168.73 9.82599 45.7063 1.31725
168.787 9.90027 46.2608 1.32439
168.843 9.97481 46.8195 1.32811
168.899 10.0494 47.3824 1.32895
168.955 10.1241 47.9495 1.32762
169.011 10.1986 48.5208 1.32906
169.067 10.2732 49.0962 1.3247
169.124 10.3474 49.6759 1.31821
169.18 10.4215 50.2597 1.31948
169.236 10.4958 50.8477 1.32185
169.292 10.5697 51.4398 1.31202
169.348 10.6429 52.0361 1.29523
169.404 10.715 52.6364 1.27484
169.461 10.7859 53.2408 1.25481
169.517 10.8556 53.8491 1.22981
169.573 10.9236 54.4613 1.19191
169.629 10.9897 55.0772 1.16108
169.685 11.0536 55.6968 1.12261
169.742 11.1154 56.3198 1.08677
169.798 11.1751 56.9463 1.04789
169.854 11.2324 57.5761 1.00177
169.91 11.2874 58.209 0.966717
169.966 11.3404 58.8449 0.928601
170.022 11.3913 59.4837 0.891326
170.079 11.4404 60.1253 0.864753
170.135 11.4881 60.7697 0.838493
170.191 11.5344 61.4166 0.813127
170.247 11.5793 62.0662 0.786696
170.303 11.6227 62.7182 0.763761
170.36 11.6649 63.3725 0.744235
170.416 11.7062 64.0293 0.728244
170.472 11.747 64.6883 0.725685
170.528 11.788 65.3496 0.729583
170.584 11.8293 66.0133 0.73958
170.64 11.8713 66.6792 0.755093
170.697 11.9146 67.3476 0.779956
170.753 11.9592 68.0185 0.802091
170.809 12.0051 68.6919 0.828574
170.865 12.0527 69.3679 0.865497
170.921 12.1029 70.0467 0.911503
170.978 12.1559 70.7284 0.962092
171.034 12.2115 71.4132 1.01067
171.09 12.27 72.1012 1.06096
171.146 12.3315 72.7926 1.11969
171.202 12.3963 73.4875 1.17614
171.258 12.4641 74.1862 1.22616
171.315 12.5346 74.8888 1.27204
171.371 12.6072 75.5955 1.30064
171.427 12.681 76.3062 1.32392
171.483 12.756 77.0211 1.34415
171.539 12.8317 77.7403 1.34814
171.596 12.9075 78.4638 1.34791
171.652 12.9832 79.1915 1.34549
171.708 13.0578 79.9234 1.30997
171.764 13.1297 80.6594 1.25402
171.82 13.1977 81.3993 1.17718
171.876 13.2608 82.1429 1.08728
171.933 13.3189 82.8899 0.995493
171.989 13.3713 83.6399 0.89
172.045 13.4174 84.3927 0.771671
172.101 13.4564 85.1479 0.643261
172.157 13.4879 85.9049 0.50317
172.213 13.5113 86.6635 0.360048
172.27 13.5266 87.4231 0.21229
172.326 13.5334 88.1833 0.0601654
172.382 13.5321 88.9436 -0.0780776
172.438 13.5231 89.7036 -0.217596
172.494 13.5063 90.4627 -0.350531
172.551 13.4824 91.2208 -0.472332
172.607 13.4522 91.9772 -0.580311
172.663 13.4166 92.7318 -0.667174
172.719 13.3766 93.4842 -0.742275
172.775 13.3326 94.2342 -0.808158
172.831 13.2852 94.9816 -0.870081
172.888 13.2345 95.7263 -0.923405
172.944 13.181 96.468 -0.976022
173 13.1244 97.2066 -1.02824
173.056 13.0648 97.942 -1.08216
173.112 13.0021 98.6739 -1.14033
173.169 12.9361 99.4021 -1.20282
173.225 12.866 100.127 -1.27679
173.281 12.7921 100.847 -1.34303
173.337 12.7144 101.563 -1.40559
173.393 12.6338 102.274 -1.45299
173.449 12.5504 102.981 -1.50849
173.506 12.464 103.684 -1.54962
173.562 12.376 104.381 -1.57671
173.618 12.2867 105.073 -1.59765
173.674 12.1968 105.76 -1.60321
173.73 12.1068 106.443 -1.59878
173.787 12.0177 107.12 -1.57335
173.843 11.9306 107.792 -1.53222
173.899 11.8464 108.459 -1.47406
173.955 11.7658 109.122 -1.40764
174.011 11.6892 109.781 -1.33138
174.067 11.6172 110.435 -1.24598
174.124 11.5499 111.085 -1.16328
174.18 11.4879 111.732 -1.06486
174.236 11.4314 112.375 -0.963047
174.292 11.3809 113.016 -0.852864
174.348 11.3362 113.654 -0.753164
174.404 11.2974 114.289 -0.648694
174.461 11.2645 114.923 -0.544743
174.517 11.2374 115.555 -0.442419
174.573 11.2155 116.185 -0.347854
174.629 11.199 116.815 -0.259568
174.685 11.1873 117.443 -0.177185
174.742 11.1799 118.072 -0.10182
174.798 11.1764 118.7 -0.0396844
174.854 11.1764 119.328 0.0222158
174.91 11.179 119.955 0.0589979
174.966 11.1837 120.584 0.0983363
175.022 11.19 121.212 0.122031
175.079 11.1976 121.841 0.140334
175.135 11.2058 122.47 0.149669
175.191 11.2144 123.1 0.154758
175.247 11.2228 123.731 0.148712
175.303 11.2311 124.361 0.142396
175.36 11.2386 124.993 0.127815
175.416 11.2453 125.624 0.113673
175.472 11.251 126.256 0.0900007
175.528 11.2553 126.888 0.0685096
175.584 11.2577 127.521 0.0225775
175.64 11.2581 128.153 -0.00431183
175.697 11.2567 128.786 -0.0382513
175.753 11.253 129.418 -0.0861125
175.809 11.246 130.05 -0.147879
175.865 11.2366 130.681 -0.183856
175.921 11.2248 131.312 -0.224757
175.978 11.2106 131.942 -0.273857
176.034 11.1942 132.572 -0.304471
176.09 11.1757 133.2 -0.347226
176.146 11.1545 133.827 -0.397462
176.202 11.1303 134.453 -0.452019
176.258 11.1032 135.077 -0.506404
176.315 11.0731 135.7 -0.549714
176.371 11.0406 136.321 -0.601489
176.427 11.0049 136.94 -0.652672
176.483 10.9666 137.557 -0.700681
176.539 10.9254 138.172 -0.753369
176.596 10.8815 138.784 -0.801203
176.652 10.835 139.394 -0.844055
176.708 10.7863 140.001 -0.884997
176.764 10.735 140.605 -0.925019
176.82 10.6821 141.207 -0.944917
176.876 10.6282 141.805 -0.969025
176.933 10.5728 142.4 -0.992781
176.989 10.5166 142.992 -1.00455
177.045 10.4598 143.581 -1.0177
177.101 10.4025 144.167 -1.0137
177.157 10.3462 144.749 -0.994489
177.213 10.291 145.329 -0.973154
177.27 10.2376 145.905 -0.933438
177.326 10.1867 146.479 -0.887477
177.382 10.1389 147.049 -0.826052
177.438 10.0947 147.617 -0.761156
177.494 10.0545 148.183 -0.683727
177.551 10.019 148.747 -0.597443
177.607 9.98834 149.308 -0.511679
177.663 9.9628 149.869 -0.416439
177.719 9.94278 150.428 -0.316796
177.775 9.92806 150.986 -0.224927
177.831 9.91863 151.543 -0.12815
177.888 9.91469 152.1 -0.026122
177.944 9.91653 152.657 0.0712952
178 9.92387 153.215 0.169244
178.056 9.9368 153.773 0.270116
178.112 9.95536 154.331 0.371846
178.169 9.97939 154.892 0.465526
178.225 10.0086 155.453 0.558512
178.281 10.0435 156.017 0.661714
178.337 10.0839 156.582 0.75906
178.393 10.1294 157.15 0.844897
178.449 10.1797 157.721 0.926961
178.506 10.2345 158.295 1.01081
178.562 10.294 158.872 1.08793
178.618 10.3573 159.452 1.15443
178.674 10.4241 160.036 1.21302
178.73 10.4945 160.624 1.27532
178.787 10.5679 161.216 1.32641
178.843 10.6436 161.812 1.35915
178.899 10.7209 162.413 1.38562
178.955 10.7995 163.018 1.40679
179.011 10.8789 163.627 1.41124
179.067 10.9579 164.241 1.40321
179.124 11.0357 164.859 1.3725
179.18 11.1111 165.482 1.31919
179.236 11.1834 166.109 1.26156
179.292 11.2514 166.739 1.17716
179.348 11.3145 167.373 1.08177
179.404 11.3718 168.011 0.981506
179.461 11.423 168.652 0.861909
179.517 11.467 169.295 0.729795
179.573 11.5034 169.94 0.594788
179.629 11.5326 170.588 0.469446
179.685 11.555 171.236 0.354428
179.742 11.5711 171.886 0.24538
179.798 11.5817 172.536 0.152682
179.854 11.5879 173.187 0.0835041
179.91 11.5906 173.838 0.0284301
179.966 11.5907 174.49 -0.0191931
180.022 11.589 175.141 -0.0361367
180.079 11.5867 175.792 -0.0415787
180.135 11.5845 176.443 -0.0332956
180.191 11.5833 177.093 -0.011977
180.247 11.5841 177.744 0.0319317
180.303 11.5878 178.395 0.0874955
180.36 11.5946 179.046 0.146034
180.416 11.6051 179.698 0.212221
180.472 11.6189 180.35 0.274628
180.528 11.6369 181.004 0.347344
180.584 11.6586 181.658 0.409612
180.64 11.6838 182.314 0.478419
180.697 11.7131 182.971 0.550161
180.753 11.7465 183.631 0.623596
180.809 11.7844 184.292 0.710409
180.865 11.8265 184.955 0.778353
180.921 11.8728 185.621 0.85698
180.978 11.9235 186.29 0.934728
181.034 11.979 186.961 1.02199
181.09 12.0391 187.636 1.10712
181.146 12.1037 188.315 1.18467
181.202 12.1728 188.997 1.25941
181.258 12.2457 189.684 1.32282
181.315 12.3223 190.374 1.39157
181.371 12.4029 191.069 1.46385
181.427 12.4871 191.769 1.51741
181.483 12.5738 192.473 1.56164
181.539 12.6627 193.183 1.5946
181.596 12.7534 193.897 1.62676
181.652 12.8449 194.617 1.63413
181.708 12.9367 195.341 1.62934
181.764 13.0278 196.071 1.61704
181.82 13.1175 196.806 1.58135
181.876 13.2048 197.546 1.53419
181.933 13.2888 198.291 1.46765
181.989 13.3685 199.04 1.38546
182.045 13.4428 199.793 1.27801
182.101 13.5106 200.551 1.15843
182.157 13.5715 201.312 1.03011
182.213 13.6242 202.076 0.87473
182.27 13.6677 202.843 0.706686
182.326 13.7018 203.612 0.539508
182.382 13.726 204.383 0.355685
182.438 13.7393 205.155 0.16051
182.494 13.7414 205.927 -0.0399643
182.551 13.7326 206.698 -0.238658
182.607 13.7126 207.469 -0.43558
182.663 13.6811 208.239 -0.641145
182.719 13.6386 209.006 -0.835199
182.775 13.5849 209.77 -1.03304
182.831 13.5205 210.531 -1.21624
182.888 13.4462 211.288 -1.39285
182.944 13.362 212.041 -1.56466
183 13.2688 212.789 -1.72283
183.056 13.1669 213.531 -1.86881
183.112 13.0576 214.267 -1.99386
183.169 12.9417 214.996 -2.10573
183.225 12.8198 215.719 -2.20555
183.281 12.6933 216.435 -2.27899
183.337 12.5637 217.144 -2.32484
183.393 12.4321 217.845 -2.34788
183.449 12.3005 218.539 -2.34304
183.506 12.1711 219.226 -2.27618
183.562 12.0461 219.906 -2.18513
183.618 11.9272 220.578 -2.06389
183.674 11.8165 221.245 -1.90263
183.73 11.7161 221.905 -1.70639
183.787 11.6275 222.56 -1.48966
183.843 11.5513 223.211 -1.26541
183.899 11.488 223.858 -1.03452
183.955 11.4377 224.501 -0.801041
184.011 11.4004 225.142 -0.571616
184.067 11.375 225.782 -0.377852
184.124 11.3595 226.42 -0.210594
184.18 11.352 227.058 -0.0903528
184.236 11.3498 227.696 -0.00860519
184.292 11.351 228.334 0.0399299
184.348 11.3542 228.972 0.0593224
184.404 11.3571 229.609 0.04315
184.461 11.3582 230.248 0.00477612
184.517 11.357 230.886 -0.0401841
184.573 11.3528 231.524 -0.0991236
184.629 11.346 232.161 -0.137386
184.685 11.3359 232.798 -0.205175
184.742 11.3234 233.435 -0.235418
184.798 11.3091 234.07 -0.265594
184.854 11.2928 234.705 -0.298955
184.91 11.2748 235.339 -0.331702
184.966 11.2556 235.972 -0.340723
185.022 11.2373 236.603 -0.311014
185.079 11.2216 237.234 -0.259454
185.135 11.2089 237.864 -0.200272
185.191 11.1998 238.494 -0.136503
185.247 11.1946 239.123 -0.0663703
185.303 11.1938 239.751 0.0222962
185.36 11.1981 240.38 0.109259
185.416 11.2072 241.01 0.196056
185.472 11.2208 241.64 0.270285
185.528 11.2378 242.271 0.323877
185.584 11.2578 242.903 0.374719
185.64 11.2802 243.536 0.411934
185.697 11.3037 244.171 0.420409
185.753 11.3268 244.806 0.40479
185.809 11.3486 245.443 0.375368
185.865 11.3682 246.082 0.32769
185.921 11.3841 246.721 0.249372
185.978 11.3948 247.361 0.147244
186.034 11.3988 248.001 0.0185899
186.09 11.3946 248.641 -0.140819
186.146 11.3804 249.281 -0.333112
186.202 11.3545 249.92 -0.548859
186.258 11.3155 250.556 -0.789722
186.315 11.2626 251.19 -1.04584
186.371 11.195 251.821 -1.3116
186.427 11.1122 252.447 -1.58373
186.483 11.0146 253.068 -1.83911
186.539 10.9028 253.683 -2.08639
186.596 10.7784 254.292 -2.29692
186.652 10.6433 254.893 -2.46989
186.708 10.4996 255.486 -2.61374
186.764 10.3493 256.071 -2.70929
186.82 10.1955 256.647 -2.75376
186.876 10.04 257.214 -2.77438
186.933 9.88484 257.773 -2.74875
186.989 9.73275 258.323 -2.67766
187.045 9.5853 258.865 -2.58234
187.101 9.44465 259.399 -2.44767
187.157 9.31201 259.925 -2.30338
187.213 9.1877 260.444 -2.15307
187.27 9.07198 260.956 -1.997
187.326 8.96543 261.462 -1.835
187.382 8.86706 261.962 -1.69507
187.438 8.77686 262.457 -1.54786
187.494 8.69442 262.948 -1.41841
187.551 8.61815 263.434 -1.31811
187.607 8.54807 263.915 -1.19958
187.663 8.48478 264.393 -1.07854
187.719 8.42761 264.868 -0.975884
187.775 8.37669 265.34 -0.856843
187.831 8.33296 265.809 -0.722895
187.888 8.29687 266.276 -0.583714
187.944 8.26915 266.741 -0.435183
188 8.25009 267.205 -0.27573
188.056 8.23917 267.668 -0.142669
188.112 8.23561 268.131 -0.0113752
188.169 8.23966 268.593 0.122981
188.225 8.25041 269.057 0.23492
188.281 8.26738 269.521 0.344769
188.337 8.28949 269.986 0.42204
188.393 8.31484 270.453 0.468849
188.449 8.34238 270.921 0.501006
188.506 8.37142 271.39 0.525387
188.562 8.40068 271.861 0.512437
188.618 8.4276 272.334 0.463483
188.674 8.45187 272.809 0.416968
188.73 8.47309 273.284 0.350332
188.787 8.49007 273.761 0.270102
188.843 8.50208 274.238 0.178641
188.899 8.50874 274.716 0.0795919
188.955 8.50932 275.194 -0.0356544
189.011 8.50342 275.672 -0.154738
189.067 8.49041 276.149 -0.283707
189.124 8.47047 276.626 -0.405207
189.18 8.44334 277.101 -0.534784
189.236 8.40871 277.574 -0.667994
189.292 8.36649 278.045 -0.815506
189.348 8.3168 278.513 -0.936544
189.404 8.26038 278.979 -1.05048
189.461 8.19703 279.441 -1.17457
189.517 8.12729 279.899 -1.28729
189.573 8.05146 280.353 -1.39509
189.629 7.96954 280.802 -1.50074
189.685 7.88191 281.247 -1.5972
189.742 7.78879 281.687 -1.69276
189.798 7.6904 282.121 -1.78916
189.854 7.58703 282.55 -1.87467
189.91 7.47942 282.972 -1.94398
189.966 7.36816 283.389 -2.00508
190.022 7.25415 283.799 -2.04267
190.079 7.13787 284.203 -2.08875
190.135 7.01941 284.6 -2.12118
190.191 6.89939 284.99 -2.14021
190.247 6.77927 285.374 -2.14226
190.303 6.65933 285.75 -2.13018
190.36 6.5406 286.12 -2.09794
190.416 6.42439 286.484 -2.04734
190.472 6.31161 286.841 -1.97995
190.528 6.20273 287.192 -1.90953
190.584 6.09866 287.537 -1.80298
190.64 6.0014 287.876 -1.68279
190.697 5.91048 288.21 -1.5736
190.753 5.82652 288.539 -1.44019
190.809 5.74961 288.864 -1.322
190.865 5.67956 289.185 -1.19401
190.921 5.61685 289.502 -1.0706
190.978 5.56064 289.815 -0.959798
191.034 5.51043 290.126 -0.844163
191.09 5.46689 290.434 -0.731148
191.146 5.42891 290.74 -0.639896
191.202 5.39633 291.044 -0.540395
191.258 5.36868 291.346 -0.452584
191.315 5.34623 291.647 -0.363169
191.371 5.32888 291.947 -0.27431
191.427 5.31662 292.246 -0.18045
191.483 5.30935 292.544 -0.0945123
191.539 5.30727 292.842 0.00376137
191.596 5.31071 293.14 0.101526
191.652 5.32013 293.439 0.213983
191.708 5.33636 293.738 0.339125
191.764 5.35973 294.039 0.469454
191.82 5.39105 294.341 0.616302
191.876 5.43048 294.645 0.756192
191.933 5.47784 294.952 0.903838
191.989 5.5336 295.262 1.04655
192.045 5.59685 295.574 1.18052
192.101 5.6672 295.891 1.29721
192.157 5.74388 296.212 1.40894
192.213 5.82639 296.538 1.50277
192.27 5.91345 296.868 1.58316
192.326 6.00488 297.203 1.65211
192.382 6.09941 297.544 1.70145
192.438 6.19668 297.89 1.7483
192.494 6.29576 298.241 1.7686
192.551 6.3954 298.598 1.77672
192.607 6.49474 298.961 1.75665
192.663 6.59183 299.329 1.70578
192.719 6.68526 299.702 1.62926
192.775 6.77338 300.081 1.5264
192.831 6.85475 300.464 1.39042
192.888 6.92728 300.852 1.22395
192.944 6.99029 301.243 1.05161
193 7.04311 301.638 0.863809
193.056 7.08525 302.035 0.672757
193.112 7.11665 302.434 0.484292
193.169 7.13816 302.835 0.315592
193.225 7.15127 303.236 0.182208
193.281 7.15733 303.638 0.0631804
193.337 7.15792 304.04 -0.0198829
193.393 7.15521 304.442 -0.0616538
193.449 7.15119 304.844 -0.0730026
193.506 7.14737 305.246 -0.0606191
193.562 7.14529 305.647 -0.0212367
193.618 7.14564 306.049 0.0273822
193.674 7.1488 306.45 0.0752551
193.73 7.15423 306.852 0.107147
193.787 7.161 307.254 0.125067
193.843 7.16762 307.657 0.107594
193.899 7.17214 308.06 0.0559725
193.955 7.17249 308.462 -0.0291194
194.011 7.16696 308.865 -0.152035
194.067 7.15291 309.267 -0.317237
194.124 7.1286 309.669 -0.509986
194.18 7.09318 310.068 -0.716945
194.236 7.04609 310.465 -0.920123
194.292 6.98707 310.859 -1.13679
194.348 6.91584 311.249 -1.35515
194.404 6.83265 311.635 -1.55805
194.461 6.73885 312.015 -1.74082
194.517 6.63558 312.391 -1.90287
194.573 6.52376 312.76 -2.04415
194.629 6.40464 313.122 -2.16793
194.685 6.27937 313.478 -2.26664
194.742 6.14957 313.826 -2.33258
194.798 6.01697 314.167 -2.37446
194.854 5.88251 314.501 -2.40159
194.91 5.74738 314.827 -2.40622
194.966 5.61275 315.145 -2.38444
195.022 5.4801 315.456 -2.34838
195.079 5.34957 315.759 -2.30302
195.135 5.22201 316.056 -2.24635
195.191 5.09787 316.345 -2.18013
195.247 4.97782 316.627 -2.11202
195.303 4.86152 316.903 -2.04309
195.36 4.74963 317.172 -1.95688
195.416 4.64242 317.435 -1.8762
195.472 4.54041 317.693 -1.77394
195.528 4.44443 317.944 -1.66382
195.584 4.35495 318.191 -1.54042
195.64 4.27333 318.433 -1.39353
195.697 4.20016 318.671 -1.23732
195.753 4.13648 318.904 -1.06302
195.809 4.08341 319.135 -0.866215
195.865 4.04159 319.363 -0.66347
195.921 4.01139 319.589 -0.450404
195.978 3.99381 319.813 -0.223475
196.034 3.98932 320.038 0.0155951
196.09 3.99806 320.262 0.251058
196.146 4.0197 320.487 0.476492
196.202 4.05361 320.714 0.691143
196.258 4.09983 320.943 0.910851
196.315 4.15839 321.176 1.12846
196.371 4.22874 321.412 1.33441
196.427 4.31058 321.652 1.53709
196.483 4.40334 321.897 1.72844
196.539 4.50601 322.148 1.89445
196.596 4.61775 322.405 2.05001
196.652 4.73803 322.668 2.19665
196.708 4.86566 322.939 2.32214
196.764 5.00036 323.217 2.44644
196.82 5.14156 323.502 2.55699
196.876 5.28857 323.796 2.65283
196.933 5.44049 324.098 2.7362
196.989 5.59679 324.409 2.81759
197.045 5.75754 324.729 2.88545
197.101 5.92144 325.058 2.93552
197.157 6.08767 325.396 2.97142
197.213 6.25538 325.744 2.98645
197.27 6.42277 326.101 2.97411
197.326 6.58867 326.467 2.93879
197.382 6.75216 326.843 2.88235
197.438 6.91137 327.228 2.80163
197.494 7.06555 327.621 2.70102
197.551 7.21327 328.023 2.58009
197.607 7.35374 328.433 2.44635
197.663 7.48649 328.851 2.30864
197.719 7.61142 329.276 2.16627
197.775 7.72849 329.707 2.02354
197.831 7.83727 330.145 1.87751
197.888 7.93802 330.589 1.73644
197.944 8.03054 331.038 1.58703
198 8.11448 331.492 1.43115
198.056 8.18983 331.95 1.28377
198.112 8.2573 332.413 1.14568
198.169 8.31699 332.879 1.00934
198.225 8.36952 333.348 0.882876
198.281 8.41519 333.82 0.767657
198.337 8.45448 334.294 0.655031
198.393 8.48808 334.77 0.56811
198.449 8.51703 335.248 0.485214
198.506 8.54214 335.727 0.423489
198.562 8.56426 336.208 0.378023
198.618 8.58385 336.69 0.329845
198.674 8.60114 337.172 0.295593
198.73 8.61685 337.656 0.268622
198.787 8.6316 338.141 0.259387
198.843 8.64595 338.626 0.248616
198.899 8.65946 339.112 0.233684
198.955 8.67197 339.599 0.215421
199.011 8.68352 340.087 0.198777
199.067 8.69378 340.575 0.170634
199.124 8.70267 341.064 0.151832
199.18 8.71065 341.553 0.135348
199.236 8.71734 342.042 0.103013
199.292 8.72237 342.532 0.083289
199.348 8.72628 343.023 0.0624067
199.404 8.72923 343.513 0.0472413
199.461 8.73174 344.003 0.0451896
199.517 8.73398 344.494 0.042588
199.573 8.73682 344.985 0.0537161
199.629 8.73997 345.476 0.0571319
199.685 8.74387 345.967 0.0795568
199.742 8.74987 346.458 0.123046
199.798 8.75771 346.95 0.153498
199.854 8.76828 347.442 0.205272
199.91 8.78199 347.935 0.270278
199.966 8.79875 348.429 0.319982
200.022 8.81901 348.924 0.38376
200.079 8.84311 349.421 0.462537
200.135 8.87149 349.918 0.52842
200.191 8.90342 350.418 0.595932
200.247 8.93928 350.919 0.665801
200.303 8.97916 351.423 0.735747
200.36 9.02239 351.929 0.794948
200.416 9.06924 352.437 0.856111
200.472 9.11922 352.948 0.911536
200.528 9.17193 353.462 0.958999
200.584 9.2264 353.979 0.980287
200.64 9.28243 354.5 1.00863
200.697 9.33955 355.023 1.02436
200.753 9.39784 355.55 1.04426
200.809 9.45658 356.08 1.05114
200.865 9.51579 356.613 1.05798
200.921 9.57525 357.15 1.05821
200.978 9.63506 357.689 1.06929
201.034 9.69528 358.233 1.0759
201.09 9.75614 358.78 1.08785
201.146 9.81785 359.33 1.10532
201.202 9.88078 359.883 1.13035
201.258 9.94504 360.441 1.15214
201.315 10.0103 361.002 1.16964
201.371 10.0762 361.566 1.17234
201.427 10.1415 362.134 1.15417
201.483 10.2058 362.706 1.1343
201.539 10.2682 363.282 1.09804
201.596 10.3286 363.861 1.0574
201.652 10.3863 364.443 1.00847
201.708 10.4408 365.028 0.940934
201.764 10.4909 365.617 0.85441
201.82 10.5357 366.207 0.760544
201.876 10.575 366.801 0.65574
201.933 10.6081 367.396 0.541159
201.989 10.6347 367.993 0.430555
202.045 10.6551 368.591 0.318012
202.101 10.6692 369.19 0.207919
202.157 10.6776 369.79 0.113479
202.213 10.6808 370.39 0.0226062
202.27 10.6797 370.99 -0.0465437
202.326 10.6752 371.59 -0.0985771
202.382 10.6682 372.189 -0.136506
202.438 10.6599 372.788 -0.157062
202.494 10.6507 373.387 -0.166282
202.551 10.6412 373.985 -0.168337
202.607 10.6319 374.582 -0.166883
202.663 10.6227 375.179 -0.160056
202.719 10.6137 375.776 -0.162077
202.775 10.6041 376.372 -0.179311
202.831 10.593 376.967 -0.210325
202.888 10.5795 377.562 -0.261443
202.944 10.5627 378.156 -0.329607
203 10.5411 378.748 -0.421855
203.056 10.5135 379.34 -0.542068
203.112 10.4786 379.929 -0.675274
203.169 10.436 380.516 -0.81342
203.225 10.3852 381.101 -0.96596
203.281 10.3259 381.683 -1.11817
203.337 10.2584 382.26 -1.25356
203.393 10.1833 382.834 -1.39031
203.449 10.1009 383.404 -1.51719
203.506 10.0116 383.968 -1.63849
203.562 9.91597 384.527 -1.74387
203.618 9.81517 385.081 -1.82858
203.674 9.70968 385.629 -1.91311
203.73 9.60129 386.171 -1.94111
203.787 9.49055 386.706 -1.99529
203.843 9.37784 387.236 -2.021
203.899 9.26283 387.759 -2.0631
203.955 9.14581 388.275 -2.1011
204.011 9.02619 388.785 -2.1505
204.067 8.90389 389.288 -2.19534
204.124 8.77827 389.784 -2.25822
204.18 8.64908 390.273 -2.33017
204.236 8.51594 390.754 -2.39371
204.292 8.37863 391.228 -2.48478
204.348 8.23667 391.694 -2.56432
204.404 8.08956 392.152 -2.64875
204.461 7.93805 392.601 -2.72717
204.517 7.78233 393.042 -2.7957
204.573 7.62305 393.474 -2.86192
204.629 7.46112 393.897 -2.89131
204.685 7.2972 394.31 -2.93345
204.742 7.13196 394.715 -2.94551
204.798 6.96636 395.11 -2.94452
204.854 6.80187 395.496 -2.91919
204.91 6.63828 395.872 -2.90123
204.966 6.47707 396.24 -2.84633
205.022 6.31914 396.598 -2.78124
205.079 6.16514 396.948 -2.71003
205.135 6.01562 397.289 -2.62488
205.191 5.87134 397.622 -2.5279
205.247 5.73208 397.947 -2.44356
205.303 5.59808 398.265 -2.34436
205.36 5.46978 398.575 -2.24705
205.416 5.34625 398.878 -2.16645
205.472 5.22784 399.175 -2.07171
205.528 5.11412 399.464 -1.99856
205.584 5.00433 399.748 -1.92475
205.64 4.89839 400.026 -1.86208
205.697 4.79593 400.297 -1.79584
205.753 4.6968 400.563 -1.74319
205.809 4.60083 400.824 -1.68561
205.865 4.50797 401.079 -1.6341
205.921 4.41789 401.329 -1.57685
205.978 4.33152 401.575 -1.51132
206.034 4.2485 401.815 -1.44458
206.09 4.17017 402.051 -1.35957
206.146 4.09702 402.283 -1.26819
206.202 4.02989 402.511 -1.14499
206.258 3.96945 402.735 -1.02935
206.315 3.91662 402.956 -0.87919
206.371 3.87232 403.175 -0.723007
206.427 3.83752 403.391 -0.548159
206.483 3.81291 403.606 -0.364058
206.539 3.79872 403.82 -0.180318
206.596 3.79561 404.033 0.026832
206.652 3.80451 404.246 0.246812
206.708 3.82523 404.461 0.450015
206.764 3.85755 404.677 0.659745
206.82 3.90171 404.895 0.868953
206.876 3.95733 405.116 1.07086
206.933 4.02418 405.34 1.2684
206.989 4.10145 405.569 1.44425
207.045 4.18828 405.802 1.61309
207.101 4.28435 406.041 1.76774
207.157 4.38849 406.285 1.90431
207.213 4.49945 406.535 2.01696
207.27 4.61591 406.792 2.10852
207.326 4.73704 407.055 2.18594
207.382 4.86174 407.326 2.24229
207.438 4.98926 407.603 2.28732
207.494 5.11881 407.888 2.31582
207.551 5.24928 408.18 2.324
207.607 5.37972 408.479 2.31506
207.663 5.50916 408.786 2.29397
207.719 5.63709 409.099 2.26243
207.775 5.76274 409.42 2.21866
207.831 5.8855 409.748 2.16493
207.888 6.00485 410.083 2.09702
207.944 6.1201 410.424 2.02018
208 6.23059 410.772 1.92734
208.056 6.33579 411.125 1.84031
208.112 6.4354 411.485 1.73069
208.169 6.52884 411.849 1.61522
208.225 6.61592 412.219 1.50422
208.281 6.69621 412.594 1.3765
208.337 6.76949 412.972 1.25459
208.393 6.83575 413.355 1.1306
208.449 6.89506 413.741 1.00531
208.506 6.94724 414.13 0.879893
208.562 6.99226 414.522 0.746594
208.618 7.0301 414.916 0.628109
208.674 7.06173 415.312 0.516048
208.73 7.08723 415.71 0.414799
208.787 7.10745 416.109 0.322022
208.843 7.12235 416.508 0.226656
208.899 7.13208 416.909 0.140186
208.955 7.13765 417.31 0.0731918
209.011 7.13956 417.711 0.00734777
209.067 7.13863 418.112 -0.0330356
209.124 7.13495 418.513 -0.0868257
209.18 7.12891 418.914 -0.116679
209.236 7.1219 419.314 -0.12806
209.292 7.11466 419.714 -0.130303
209.348 7.10765 420.113 -0.12045
209.404 7.10121 420.512 -0.108498
209.461 7.09577 420.911 -0.0868156
209.517 7.09194 421.309 -0.0574272
209.573 7.08959 421.708 -0.0297128
209.629 7.08895 422.106 -0.00374188
209.685 7.08987 422.504 0.0272247
209.742 7.09291 422.903 0.0735179
209.798 7.09825 423.301 0.105249
209.854 7.10526 423.7 0.135253
209.91 7.11359 424.1 0.159486
209.966 7.1234 424.5 0.183778
210.022 7.13433 424.9 0.202323
210.079 7.14628 425.302 0.216726
210.135 7.15885 425.703 0.230507
210.191 7.17243 426.106 0.2487
210.247 7.18676 426.51 0.261887
210.303 7.20156 426.914 0.265199
210.36 7.21636 427.319 0.262733
210.416 7.23088 427.725 0.258557
210.472 7.24501 428.131 0.249052
210.528 7.25855 428.539 0.23741
210.584 7.27122 428.947 0.21584
210.64 7.28287 429.356 0.200377
210.697 7.29334 429.766 0.173986
210.753 7.30221 430.176 0.148319
210.809 7.30922 430.586 0.106585
210.865 7.31387 430.997 0.0714695
210.921 7.31633 431.408 0.0283042
210.978 7.31651 431.819 -0.0145801
211.034 7.31382 432.23 -0.0674871
211.09 7.30804 432.641 -0.125278
211.146 7.29881 433.051 -0.190832
211.202 7.28634 433.461 -0.24702
211.258 7.2704 433.869 -0.306523
211.315 7.25076 434.277 -0.37701
211.371 7.22744 434.684 -0.440668
211.427 7.20003 435.089 -0.51636
211.483 7.16867 435.492 -0.588369
211.539 7.13318 435.894 -0.662695
211.596 7.09351 436.293 -0.73783
211.652 7.04848 436.69 -0.843571
211.708 6.99805 437.085 -0.93839
211.764 6.94213 437.476 -1.03589
211.82 6.88044 437.864 -1.13742
211.876 6.81304 438.248 -1.23853
211.933 6.73996 438.628 -1.34624
211.989 6.6615 439.004 -1.4424
212.045 6.57766 439.376 -1.52985
212.101 6.48843 439.742 -1.62562
212.157 6.39444 440.104 -1.70637
212.213 6.29607 440.46 -1.77315
212.27 6.19409 440.81 -1.8392
212.326 6.08897 441.155 -1.88685
212.382 5.98197 441.493 -1.91988
212.438 5.87331 441.825 -1.94033
212.494 5.76362 442.152 -1.96366
212.551 5.65319 442.472 -1.96726
212.607 5.5434 442.786 -1.9382
212.663 5.43528 443.093 -1.91173
212.719 5.32897 443.395 -1.87829
212.775 5.22507 443.691 -1.82706
212.831 5.12432 443.981 -1.76996
212.888 5.02702 444.266 -1.7076
212.944 4.93346 444.545 -1.63947
213 4.84383 444.819 -1.56703
213.056 4.75797 445.088 -1.50058
213.112 4.67643 445.353 -1.41801
213.169 4.59906 445.613 -1.3495
213.225 4.52572 445.869 -1.27754
213.281 4.45631 446.121 -1.20054
213.337 4.39144 446.369 -1.12331
213.393 4.33099 446.614 -1.04326
213.449 4.27523 446.855 -0.960073
213.506 4.22377 447.093 -0.886004
213.562 4.17727 447.329 -0.791461
213.618 4.13576 447.562 -0.701655
213.674 4.09972 447.793 -0.602949
213.73 4.06923 448.023 -0.507608
213.787 4.04468 448.25 -0.389348
213.843 4.02629 448.477 -0.285751
213.899 4.01399 448.703 -0.174754
213.955 4.0083 448.928 -0.0461214
214.011 4.00983 449.153 0.0801333
214.067 4.01903 449.379 0.217046
214.124 4.03595 449.605 0.353928
214.18 4.0605 449.833 0.496962
214.236 4.09342 450.062 0.644097
214.292 4.13446 450.293 0.785617
214.348 4.18334 450.527 0.922923
214.404 4.24005 450.764 1.07096
214.461 4.30473 451.004 1.20345
214.517 4.37647 451.249 1.33053
214.573 4.45559 451.497 1.45567
214.629 4.54154 451.75 1.57987
214.685 4.6342 452.008 1.69185
214.742 4.73321 452.272 1.80367
214.798 4.8377 452.542 1.89507
214.854 4.94723 452.817 1.98456
214.91 5.06124 453.099 2.05768
214.966 5.17985 453.387 2.13774
215.022 5.30215 453.682 2.20236
215.079 5.4277 453.984 2.25363
215.135 5.55596 454.294 2.29948
215.191 5.68634 454.61 2.3358
215.247 5.81862 454.934 2.35817
215.303 5.95178 455.265 2.38053
215.36 6.08608 455.604 2.39508
215.416 6.22112 455.951 2.40788
215.472 6.35653 456.305 2.41188
215.528 6.49191 456.666 2.40896
215.584 6.62694 457.036 2.40163
215.64 6.76183 457.413 2.4009
215.697 6.89644 457.797 2.39089
215.753 7.02997 458.189 2.36789
215.809 7.16231 458.588 2.34969
215.865 7.29364 458.995 2.3308
215.921 7.42383 459.409 2.30498
215.978 7.55273 459.831 2.28324
216.034 7.67989 460.259 2.25202
216.09 7.8057 460.695 2.23152
216.146 7.93023 461.138 2.20743
216.202 8.05309 461.587 2.17502
216.258 8.17454 462.044 2.14977
216.315 8.29372 462.507 2.10005
216.371 8.40983 462.977 2.04489
216.427 8.52263 463.453 1.98288
216.483 8.63212 463.936 1.91652
216.539 8.73713 464.424 1.83951
216.596 8.83758 464.919 1.75071
216.652 8.93259 465.418 1.64825
216.708 9.02096 465.923 1.5225
216.764 9.10225 466.433 1.39589
216.82 9.1764 466.947 1.26904
216.876 9.24351 467.464 1.14346
216.933 9.30358 467.986 1.01879
216.989 9.35658 468.51 0.896322
217.045 9.40302 469.038 0.781769
217.101 9.44334 469.567 0.676245
217.157 9.4782 470.099 0.583856
217.213 9.50793 470.632 0.493408
217.27 9.53273 471.167 0.405383
217.326 9.5526 471.704 0.320984
217.382 9.56803 472.241 0.244611
217.438 9.57948 472.779 0.173443
217.494 9.58675 473.317 0.101268
217.551 9.59009 473.856 0.032306
217.607 9.58976 474.395 -0.0320567
217.663 9.58603 474.933 -0.0866631
217.719 9.57955 475.472 -0.135818
217.775 9.5702 476.01 -0.189523
217.831 9.55796 476.547 -0.233134
217.888 9.54351 477.083 -0.273294
217.944 9.52693 477.619 -0.309802
218 9.50827 478.154 -0.346091
218.056 9.48748 478.687 -0.38484
218.112 9.46477 479.219 -0.415947
218.169 9.44034 479.75 -0.44569
218.225 9.4143 480.28 -0.473991
218.281 9.38714 480.808 -0.48956
218.337 9.35953 481.334 -0.489462
218.393 9.33227 481.859 -0.482667
218.449 9.30576 482.382 -0.46368
218.506 9.28106 482.904 -0.422898
218.562 9.25911 483.425 -0.363575
218.618 9.24174 483.945 -0.272943
218.674 9.22985 484.463 -0.168931
218.73 9.22421 484.982 -0.053538
218.787 9.22548 485.5 0.07284
218.843 9.23385 486.018 0.200419
218.899 9.24932 486.538 0.322107
218.955 9.27095 487.058 0.4258
219.011 9.29813 487.58 0.519156
219.067 9.32972 488.103 0.587319
219.124 9.36399 488.628 0.622925
219.18 9.3997 489.156 0.641128
219.236 9.43605 489.685 0.650287
219.292 9.4724 490.216 0.643015
219.348 9.50852 490.75 0.644141
219.404 9.54464 491.285 0.640945
219.461 9.58102 491.822 0.653297
219.517 9.61847 492.362 0.678273
219.573 9.65803 492.904 0.724773
219.629 9.70065 493.448 0.784482
219.685 9.74762 493.994 0.86931
219.742 9.79981 494.544 0.9684
219.798 9.85775 495.096 1.07475
219.854 9.92213 495.652 1.19542
219.91 9.99316 496.212 1.30843
219.966 10.07 496.776 1.40418
220.022 10.1516 497.344 1.48439
220.079 10.237 497.917 1.54246
220.135 10.3253 498.496 1.58939
220.191 10.4157 499.079 1.62284
220.247 10.5076 499.667 1.63807
220.303 10.5988 500.26 1.60534
220.36 10.6862 500.859 1.51378
220.416 10.7665 501.462 1.36732
220.472 10.8369 502.069 1.16972
220.528 10.8944 502.68 0.915904
220.584 10.9363 503.293 0.628106
220.64 10.9616 503.909 0.330624
220.697 10.9697 504.525 0.0146996
220.753 10.9589 505.141 -0.33196
220.809 10.9284 505.756 -0.683184
220.865 10.8787 506.368 -1.01845
220.921 10.8101 506.977 -1.35361
220.978 10.724 507.581 -1.64932
221.034 10.622 508.181 -1.92037
221.09 10.5062 508.773 -2.14793
221.146 10.3792 509.359 -2.33065
221.202 10.2432 509.938 -2.47344
221.258 10.1008 510.509 -2.57088
221.315 9.95417 511.071 -2.63507
221.371 9.80501 511.625 -2.66293
221.427 9.65501 512.171 -2.67259
221.483 9.50532 512.709 -2.65954
221.539 9.3566 513.238 -2.63663
221.596 9.20906 513.758 -2.62164
221.652 9.06208 514.271 -2.61427
221.708 8.91552 514.775 -2.6047
221.764 8.769 515.271 -2.61456
221.82 8.62145 515.758 -2.63586
221.876 8.47207 516.238 -2.67364
221.933 8.31999 516.709 -2.73572
221.989 8.16355 517.171 -2.81763
222.045 8.00228 517.624 -2.90514
222.101 7.8357 518.068 -2.99918
222.157 7.66362 518.502 -3.10841
222.213 7.48536 518.927 -3.21303
222.27 7.30132 519.341 -3.31753
222.326 7.11187 519.745 -3.40614
222.382 6.91817 520.138 -3.47172
222.438 6.72164 520.52 -3.51374
222.494 6.52383 520.891 -3.51952
222.551 6.32709 521.251 -3.48743
222.607 6.13297 521.6 -3.42742
222.663 5.94326 521.938 -3.33625
222.719 5.7599 522.266 -3.21244
222.775 5.58393 522.583 -3.07381
222.831 5.416 522.891 -2.93321
222.888 5.25613 523.19 -2.78606
222.944 5.10427 523.48 -2.64625
223 4.96033 523.762 -2.50782
223.056 4.82365 524.036 -2.38667
223.112 4.69348 524.303 -2.26872
223.169 4.56984 524.562 -2.15704
223.225 4.45209 524.815 -2.05646
223.281 4.33961 525.061 -1.9652
223.337 4.23226 525.301 -1.87611
223.393 4.12979 525.536 -1.78603
223.449 4.03226 525.764 -1.70088
223.506 3.93962 525.988 -1.6132
223.562 3.85194 526.206 -1.52594
223.618 3.76883 526.42 -1.44525
223.674 3.6905 526.629 -1.3607
223.73 3.61701 526.834 -1.27449
223.787 3.54794 527.034 -1.19886
223.843 3.4832 527.232 -1.12339
223.899 3.42245 527.425 -1.05078
223.955 3.36557 527.616 -0.987443
224.011 3.31221 527.803 -0.927948
224.067 3.26181 527.987 -0.873861
224.124 3.21426 528.169 -0.828576
224.18 3.16857 528.348 -0.801811
224.236 3.12411 528.524 -0.788001
224.292 3.07992 528.698 -0.785605
224.348 3.0357 528.87 -0.790372
224.404 2.99065 529.039 -0.806919
224.461 2.94466 529.205 -0.828416
224.517 2.8979 529.369 -0.842211
224.573 2.84986 529.53 -0.860918
224.629 2.80096 529.689 -0.870863
224.685 2.75168 529.845 -0.879719
224.742 2.70223 529.998 -0.877728
224.798 2.65331 530.148 -0.863422
224.854 2.60531 530.295 -0.842819
224.91 2.55916 530.44 -0.808655
224.966 2.51508 530.582 -0.766523
225.022 2.47361 530.722 -0.717056
225.079 2.43511 530.86 -0.663431
225.135 2.40005 530.995 -0.598538
225.191 2.36866 531.129 -0.529559
225.247 2.34113 531.261 -0.465314
225.303 2.3172 531.392 -0.397347
225.36 2.29728 531.521 -0.326012
225.416 2.28115 531.65 -0.258984
225.472 2.26902 531.778 -0.185878
225.528 2.26124 531.905 -0.111318
225.584 2.25735 532.032 -0.0375339
225.64 2.25793 532.159 0.0409604
225.697 2.26268 532.286 0.114685
225.753 2.27195 532.413 0.200663
225.809 2.28606 532.541 0.284361
225.865 2.30514 532.67 0.371481
225.921 2.32915 532.8 0.467094
225.978 2.35847 532.932 0.557861
226.034 2.3933 533.066 0.662607
226.09 2.43426 533.202 0.774396
226.146 2.48148 533.34 0.884562
226.202 2.53482 533.481 0.995074
226.258 2.59467 533.626 1.11092
226.315 2.66046 533.774 1.213
226.371 2.73226 533.925 1.32114
226.427 2.80997 534.081 1.42593
226.483 2.89353 534.242 1.52964
226.539 2.98195 534.408 1.60471
226.596 3.07464 534.578 1.6779
226.652 3.17106 534.754 1.741
226.708 3.27053 534.936 1.78844
226.764 3.37264 535.123 1.83279
226.82 3.47662 535.316 1.86098
226.876 3.58208 535.515 1.88699
226.933 3.6886 535.72 1.89983
226.989 3.79578 535.93 1.91256
227.045 3.90354 536.147 1.92193
227.101 4.0117 536.37 1.92678
227.157 4.11978 536.599 1.9249
227.213 4.22705 536.834 1.89922
227.27 4.33307 537.075 1.88081
227.326 4.43824 537.322 1.86706
227.382 4.54231 537.575 1.84287
227.438 4.64512 537.834 1.82258
227.494 4.74673 538.098 1.80113
227.551 4.84715 538.368 1.7773
227.607 4.94608 538.644 1.75066
227.663 5.04341 538.925 1.72216
227.719 5.13992 539.212 1.71083
227.775 5.23528 539.504 1.68433
227.831 5.32886 539.801 1.6539
227.888 5.42113 540.103 1.63495
227.944 5.5127 540.411 1.62606
228 5.60354 540.724 1.61159
228.056 5.6934 541.042 1.58931
228.112 5.78154 541.365 1.55296
228.169 5.86729 541.692 1.50713
228.225 5.95024 542.025 1.45427
228.281 6.02975 542.362 1.3893
228.337 6.10522 542.703 1.30929
228.393 6.17568 543.048 1.21321
228.449 6.23994 543.398 1.0968
228.506 6.29732 543.75 0.971085
228.562 6.34738 544.106 0.838067
228.618 6.39055 544.464 0.721471
228.674 6.42691 544.824 0.594382
228.73 6.45543 545.186 0.449136
228.787 6.47634 545.549 0.322229
228.843 6.49015 545.914 0.194272
228.899 6.49655 546.279 0.0566954
228.955 6.49586 546.644 -0.0547031
229.011 6.48904 547.008 -0.163895
229.067 6.47593 547.372 -0.282158
229.124 6.45638 547.736 -0.389524
229.18 6.43124 548.097 -0.481197
229.236 6.40175 548.458 -0.558661
229.292 6.3677 548.816 -0.637768
229.348 6.32943 549.173 -0.711411
229.404 6.28644 549.527 -0.803357
229.461 6.23858 549.879 -0.883833
229.517 6.18565 550.227 -0.98441
229.573 6.12785 550.573 -1.06155
229.629 6.06435 550.915 -1.18015
229.685 5.99399 551.253 -1.29704
229.742 5.917 551.588 -1.42687
229.798 5.83219 551.917 -1.56443
229.854 5.73925 552.242 -1.71753
229.91 5.63763 552.561 -1.8684
229.966 5.52761 552.874 -2.02094
230.022 5.40904 553.18 -2.16861
230.079 5.28201 553.48 -2.32215
230.135 5.14628 553.772 -2.4769
230.191 5.00225 554.056 -2.62133
230.247 4.85082 554.332 -2.74404
230.303 4.69261 554.6 -2.8654
230.36 4.52814 554.858 -2.96612
230.416 4.3583 555.106 -3.05811
230.472 4.1841 555.345 -3.12517
230.528 4.00644 555.575 -3.18508
230.584 3.82614 555.794 -3.21891
230.64 3.64419 556.002 -3.25276
230.697 3.46071 556.201 -3.26946
230.753 3.27699 556.389 -3.2681
230.809 3.09369 556.567 -3.25748
230.865 2.91173 556.735 -3.22458
230.921 2.7325 556.892 -3.16741
230.978 2.55661 557.04 -3.10365
231.034 2.38451 557.178 -3.03215
231.09 2.21736 557.306 -2.93327
231.146 2.0564 557.425 -2.81998
231.202 1.90242 557.535 -2.68457
231.258 1.75659 557.637 -2.53461
231.315 1.61957 557.731 -2.37266
231.371 1.49233 557.818 -2.18929
231.427 1.37548 557.898 -2.00816
231.483 1.26915 557.971 -1.81227
231.539 1.17428 558.039 -1.6005
231.596 1.09137 558.103 -1.39162
231.652 1.02036 558.161 -1.18213
231.708 0.960997 558.217 -0.972483
231.764 0.913544 558.269 -0.760029
231.82 0.877734 558.319 -0.552918
231.876 0.853676 558.368 -0.349929
231.933 0.840989 558.415 -0.140373
231.989 0.839732 558.462 0.0550888
232.045 0.849054 558.51 0.241934
232.101 0.868551 558.558 0.416818
232.157 0.897691 558.608 0.586885
232.213 0.936377 558.659 0.755066
232.27 0.984327 558.714 0.919673
232.326 1.04134 558.771 1.0777
232.382 1.10693 558.831 1.22733
232.438 1.1808 558.896 1.37126
232.494 1.26246 558.965 1.50717
232.551 1.35152 559.039 1.6344
232.607 1.44763 559.118 1.7599
232.663 1.55039 559.203 1.87412
232.719 1.65954 559.294 1.98584
232.775 1.77461 559.391 2.08891
232.831 1.8949 559.495 2.17706
232.888 2.02013 559.605 2.26126
232.944 2.14975 559.723 2.33273
233 2.28296 559.848 2.39441
233.056 2.41929 559.981 2.45187
233.112 2.55825 560.122 2.4851
233.169 2.69883 560.27 2.51074
233.225 2.84022 560.427 2.51827
233.281 2.98161 560.591 2.51288
233.337 3.12183 560.763 2.48093
233.393 3.25951 560.943 2.43104
233.449 3.39411 561.131 2.3672
233.506 3.52439 561.326 2.28481
233.562 3.64983 561.528 2.19657
233.618 3.77002 561.737 2.10105
233.674 3.88444 561.953 1.99201
233.73 3.99245 562.175 1.87607
233.787 4.09408 562.403 1.76426
233.843 4.18893 562.636 1.63681
233.899 4.27657 562.874 1.50867
233.955 4.35687 563.117 1.3739
234.011 4.42985 563.364 1.2488
234.067 4.49595 563.616 1.12785
234.124 4.55538 563.87 1.01434
234.18 4.60874 564.128 0.906798
234.236 4.6561 564.388 0.801458
234.292 4.69785 564.651 0.705962
234.348 4.73429 564.917 0.611711
234.404 4.76563 565.184 0.523192
234.461 4.79239 565.452 0.44329
234.517 4.81449 565.722 0.360117
234.573 4.83203 565.993 0.279861
234.629 4.84539 566.265 0.20536
234.685 4.85487 566.538 0.14562
234.742 4.86155 566.811 0.0980296
234.798 4.86521 567.084 0.0413934
234.854 4.86543 567.357 -0.0196428
234.91 4.86238 567.631 -0.0797486
234.966 4.8556 567.904 -0.148915
235.022 4.84507 568.176 -0.212244
235.079 4.83093 568.448 -0.281513
235.135 4.81266 568.719 -0.354205
235.191 4.79067 568.988 -0.418554
235.247 4.76464 569.257 -0.493394
235.303 4.73436 569.523 -0.569574
235.36 4.70012 569.788 -0.635295
235.416 4.6621 570.051 -0.705184
235.472 4.62015 570.311 -0.774208
235.528 4.57466 570.569 -0.829341
235.584 4.52665 570.825 -0.869588
235.64 4.47664 571.078 -0.905538
235.697 4.42445 571.327 -0.939965
235.753 4.37072 571.574 -0.965999
235.809 4.31594 571.818 -0.980611
235.865 4.26042 572.058 -0.992673
235.921 4.20447 572.296 -0.99679
235.978 4.14894 572.53 -0.97925
236.034 4.09493 572.761 -0.949576
236.09 4.04313 572.99 -0.901049
236.146 3.99467 573.215 -0.840488
236.202 3.94999 573.438 -0.765906
236.258 3.90943 573.659 -0.690189
236.315 3.8734 573.877 -0.608672
236.371 3.84196 574.093 -0.523612
236.427 3.81565 574.308 -0.42889
236.483 3.79512 574.522 -0.32231
236.539 3.7807 574.735 -0.21124
236.596 3.77346 574.947 -0.0735993
236.652 3.77408 575.159 0.067268
236.708 3.78304 575.371 0.218731
236.764 3.80033 575.584 0.366803
236.82 3.82619 575.799 0.522593
236.876 3.86117 576.015 0.694644
236.933 3.9062 576.233 0.86984
236.989 3.96104 576.454 1.04714
237.045 4.02611 576.679 1.23125
237.101 4.10145 576.908 1.41244
237.157 4.18682 577.141 1.58852
237.213 4.28185 577.379 1.75966
237.27 4.38605 577.623 1.91735
237.326 4.49921 577.873 2.0752
237.382 4.62054 578.13 2.21195
237.438 4.74878 578.394 2.33112
237.494 4.8837 578.665 2.44429
237.551 5.0243 578.945 2.53729
237.607 5.1694 579.232 2.61112
237.663 5.31807 579.527 2.66981
237.719 5.46963 579.831 2.70819
237.775 5.62268 580.143 2.73878
237.831 5.77742 580.465 2.75957
237.888 5.93227 580.794 2.75733
237.944 6.08659 581.133 2.73746
238 6.23944 581.48 2.70683
238.056 6.39025 581.836 2.67071
238.112 6.53891 582.2 2.62832
238.169 6.68453 582.572 2.56413
238.225 6.82622 582.952 2.4962
238.281 6.96414 583.34 2.42669
238.337 7.09806 583.736 2.35457
238.393 7.22765 584.139 2.27822
238.449 7.35339 584.55 2.21269
238.506 7.47512 584.967 2.13745
238.562 7.59322 585.391 2.07789
238.618 7.70772 585.821 2.01133
238.674 7.8188 586.258 1.95061
238.73 7.92659 586.701 1.90041
238.787 8.03194 587.15 1.86003
238.843 8.13515 587.604 1.8232
238.899 8.23466 588.065 1.73862
238.955 8.32979 588.531 1.66044
239.011 8.42001 589.002 1.56628
239.067 8.50457 589.478 1.46359
239.124 8.58237 589.958 1.33442
239.18 8.65284 590.443 1.19393
239.236 8.71427 590.931 1.02668
239.292 8.76571 591.422 0.845314
239.348 8.8072 591.916 0.664152
239.404 8.83845 592.412 0.482338
239.461 8.85919 592.909 0.294985
239.517 8.86981 593.407 0.120565
239.573 8.87097 593.906 -0.0458225
239.629 8.863 594.404 -0.202592
239.685 8.84691 594.901 -0.335193
239.742 8.82419 595.398 -0.448878
239.798 8.79547 595.892 -0.550137
239.854 8.76182 596.385 -0.623656
239.91 8.72504 596.876 -0.674287
239.966 8.68604 597.365 -0.705681
240.022 8.64583 597.852 -0.721442
240.079 8.60536 598.336 -0.716661
240.135 8.56542 598.818 -0.704551
240.191 8.52675 599.298 -0.677865
240.247 8.49003 599.776 -0.63311
240.303 8.45564 600.252 -0.5974
240.36 8.42344 600.726 -0.558856
240.416 8.39448 601.198 -0.490931
240.472 8.36927 601.669 -0.418932
240.528 8.34678 602.138 -0.381145
240.584 8.32754 602.606 -0.316337
240.64 8.31146 603.074 -0.265188
240.697 8.29864 603.54 -0.201524
240.753 8.2893 604.006 -0.140384
240.809 8.28347 604.472 -0.0800916
240.865 8.28123 604.937 -0.0132743
240.921 8.28282 605.402 0.0589798
240.978 8.2887 605.868 0.131864
241.034 8.29754 606.334 0.174423
241.09 8.30881 606.8 0.219068
241.146 8.32243 607.267 0.25515
241.202 8.33784 607.735 0.284592
241.258 8.3541 608.204 0.292477
241.315 8.37019 608.674 0.279124
241.371 8.38522 609.145 0.257428
241.427 8.39822 609.617 0.212678
241.483 8.40869 610.089 0.1652
241.539 8.41572 610.561 0.0956816
241.596 8.41843 611.034 0.0182054
241.652 8.41696 611.507 -0.0560427
241.708 8.41101 611.98 -0.140433
241.764 8.40013 612.452 -0.226813
241.82 8.38479 612.923 -0.305678
241.876 8.36494 613.394 -0.384049
241.933 8.34043 613.863 -0.475944
241.989 8.31086 614.331 -0.556748
242.045 8.27618 614.796 -0.658173
242.101 8.23607 615.26 -0.746378
242.157 8.19097 615.721 -0.835243
242.213 8.14231 616.18 -0.883149
242.27 8.09072 616.635 -0.941217
242.326 8.03631 617.088 -0.983719
242.382 7.97989 617.538 -1.01595
242.438 7.92242 617.984 -1.01991
242.494 7.86557 618.427 -1.00736
242.551 7.8109 618.867 -0.953969
242.607 7.75874 619.304 -0.90474
242.663 7.71054 619.739 -0.82513
242.719 7.66738 620.17 -0.728419
242.775 7.63027 620.6 -0.615437
242.831 7.59954 621.027 -0.492565
242.888 7.57666 621.453 -0.350302
242.944 7.56205 621.879 -0.194477
243 7.55624 622.303 -0.0421326
243.056 7.5594 622.728 0.122247
243.112 7.57186 623.153 0.288045
243.169 7.59283 623.579 0.430635
243.225 7.6222 624.006 0.579063
243.281 7.65948 624.436 0.715448
243.337 7.70368 624.868 0.827917
243.393 7.75353 625.302 0.92463
243.449 7.80849 625.739 1.01168
243.506 7.86771 626.18 1.08125
243.562 7.93046 626.624 1.13889
243.618 7.9957 627.072 1.17253
243.674 8.06235 627.523 1.19408
243.73 8.12935 627.979 1.19159
243.787 8.19557 628.438 1.16987
243.843 8.25998 628.9 1.12591
243.899 8.32125 629.366 1.06627
243.955 8.3788 629.836 0.993432
244.011 8.43216 630.308 0.916737
244.067 8.48088 630.784 0.832349
244.124 8.52462 631.262 0.742889
244.18 8.56338 631.742 0.652721
244.236 8.597 632.224 0.559337
244.292 8.6251 632.708 0.461735
244.348 8.64813 633.193 0.378134
244.404 8.66609 633.68 0.276722
244.461 8.67847 634.167 0.183046
244.517 8.68525 634.655 0.0818107
244.573 8.68673 635.143 -0.0125114
244.629 8.68251 635.631 -0.112712
244.685 8.67272 636.118 -0.214282
244.742 8.65717 636.605 -0.320647
244.798 8.63522 637.091 -0.435284
244.854 8.60666 637.575 -0.559905
244.91 8.57086 638.057 -0.690795
244.966 8.52757 638.537 -0.822744
245.022 8.47614 639.015 -0.978549
245.079 8.4159 639.489 -1.13471
245.135 8.34666 639.959 -1.2974
245.191 8.26829 640.426 -1.45873
245.247 8.18031 640.887 -1.63796
245.303 8.08244 641.344 -1.80659
245.36 7.9756 641.794 -1.96187
245.416 7.85893 642.238 -2.14215
245.472 7.73311 642.676 -2.30658
245.528 7.59777 643.106 -2.47424
245.584 7.45346 643.528 -2.63385
245.64 7.30059 643.941 -2.77147
245.697 7.14 644.346 -2.91384
245.753 6.97226 644.741 -3.0329
245.809 6.79837 645.127 -3.13853
245.865 6.61858 645.503 -3.24063
245.921 6.43317 645.869 -3.33957
245.978 6.24358 646.224 -3.39679
246.034 6.05045 646.568 -3.46275
246.09 5.85432 646.901 -3.5122
246.146 5.65578 647.224 -3.54018
246.202 5.45597 647.535 -3.5734
246.258 5.25445 647.834 -3.59365
246.315 5.05255 648.123 -3.58611
246.371 4.85107 648.4 -3.588
246.427 4.6504 648.666 -3.56429
246.483 4.45112 648.92 -3.53291
246.539 4.25343 649.164 -3.50618
246.596 4.05773 649.396 -3.46903
246.652 3.86409 649.617 -3.42781
246.708 3.67318 649.828 -3.37966
246.764 3.48495 650.028 -3.33025
246.82 3.29951 650.217 -3.27991
246.876 3.11717 650.397 -3.21893
246.933 2.93892 650.566 -3.14558
246.989 2.76436 650.725 -3.08142
247.045 2.59358 650.875 -3.01206
247.101 2.42688 651.015 -2.93407
247.157 2.26488 651.145 -2.848
247.213 2.10778 651.267 -2.76087
247.27 1.95596 651.381 -2.66273
247.326 1.81024 651.486 -2.54607
247.382 1.67117 651.583 -2.42316
247.438 1.53861 651.672 -2.31194
247.494 1.41331 651.754 -2.17506
247.551 1.29594 651.83 -2.03158
247.607 1.18686 651.899 -1.88021
247.663 1.08649 651.962 -1.72467
247.719 0.995 652.02 -1.5634
247.775 0.912818 652.073 -1.39505
247.831 0.840089 652.122 -1.22894
247.888 0.776797 652.167 -1.06043
247.944 0.722933 652.208 -0.890732
248 0.678633 652.248 -0.720593
248.056 0.643807 652.284 -0.55163
248.112 0.618654 652.32 -0.381029
248.169 0.60287 652.354 -0.215494
248.225 0.596446 652.388 -0.0462127
248.281 0.599262 652.421 0.114601
248.337 0.611529 652.455 0.289574
248.393 0.633431 652.49 0.455712
248.449 0.66442 652.527 0.614166
248.506 0.704358 652.565 0.778419
248.562 0.753538 652.607 0.938758
248.618 0.811526 652.651 1.09502
248.674 0.878279 652.699 1.24912
248.73 0.953705 652.75 1.40382
248.787 1.03752 652.807 1.55088
248.843 1.12954 652.868 1.69248
248.899 1.2292 652.935 1.8272
248.955 1.33622 653.008 1.95594
249.011 1.45003 653.086 2.07016
249.067 1.56984 653.172 2.17676
249.124 1.69532 653.264 2.26935
249.18 1.8256 653.364 2.35243
249.236 1.96036 653.471 2.42825
249.292 2.09868 653.586 2.48545
249.348 2.24048 653.709 2.54602
249.404 2.3847 653.839 2.5798
249.461 2.53076 653.978 2.61258
249.517 2.6784 654.125 2.63206
249.573 2.82607 654.281 2.62746
249.629 2.97343 654.444 2.61952
249.685 3.1201 654.616 2.60785
249.742 3.26622 654.797 2.59404
249.798 3.41087 654.985 2.56008
249.854 3.5535 655.181 2.52329
249.91 3.69367 655.386 2.47736
249.966 3.83109 655.598 2.43152
250.022 3.96575 655.818 2.37558
250.079 4.09781 656.045 2.32312
250.135 4.22625 656.28 2.25834
250.191 4.35098 656.521 2.19173
250.247 4.47147 656.77 2.10979
250.303 4.58717 657.025 2.02645
250.36 4.69845 657.286 1.95175
250.416 4.80552 657.554 1.87418
250.472 4.90798 657.827 1.78883
250.528 5.00527 658.106 1.69315
250.584 5.09687 658.391 1.59178
250.64 5.18316 658.68 1.49738
250.697 5.26357 658.974 1.38763
250.753 5.33819 659.272 1.28967
250.809 5.40735 659.574 1.18962
250.865 5.47097 659.88 1.09735
250.921 5.52933 660.19 1.00118
250.978 5.58244 660.502 0.909125
251.034 5.63078 660.817 0.826838
251.09 5.67457 661.135 0.749677
251.146 5.71443 661.455 0.683919
251.202 5.75059 661.778 0.61807
251.258 5.78339 662.102 0.560498
251.315 5.81319 662.428 0.508486
251.371 5.84052 662.755 0.47241
251.427 5.86601 663.084 0.440696
251.483 5.88951 663.415 0.403326
251.539 5.91117 663.746 0.373653
251.596 5.93147 664.079 0.35812
251.652 5.9512 664.413 0.348655
251.708 5.97046 664.748 0.340377
251.764 5.9897 665.084 0.341309
251.82 6.00868 665.421 0.33633
251.876 6.02784 665.759 0.346413
251.933 6.04761 666.099 0.356608
251.989 6.06804 666.439 0.3678
252.045 6.08918 666.781 0.381982
252.101 6.11114 667.124 0.395929
252.157 6.13372 667.468 0.406705
252.213 6.15706 667.813 0.42563
252.27 6.18162 668.16 0.441739
252.326 6.20731 668.508 0.466518
252.382 6.23446 668.858 0.496748
252.438 6.26271 669.209 0.504329
252.494 6.29165 669.562 0.526499
252.551 6.32203 669.916 0.550756
252.607 6.35367 670.272 0.574138
252.663 6.38666 670.63 0.596656
252.719 6.42068 670.99 0.611627
252.775 6.45546 671.352 0.622944
252.831 6.491 671.716 0.639907
252.888 6.52714 672.082 0.653397
252.944 6.56433 672.45 0.665814
253 6.60196 672.82 0.668583
253.056 6.63939 673.192 0.664386
253.112 6.6765 673.566 0.657386
253.169 6.71333 673.943 0.653032
253.225 6.74966 674.321 0.644941
253.281 6.78581 674.701 0.636956
253.337 6.82118 675.084 0.622811
253.393 6.85585 675.468 0.613773
253.449 6.88957 675.854 0.590857
253.506 6.92219 676.243 0.573737
253.562 6.95404 676.633 0.563146
253.618 6.9851 677.024 0.54602
253.674 7.01491 677.418 0.52065
253.73 7.04335 677.813 0.497468
253.787 7.07069 678.209 0.481366
253.843 7.09717 678.608 0.46332
253.899 7.12235 679.007 0.439695
253.955 7.14643 679.408 0.422985
254.011 7.16951 679.81 0.402603
254.067 7.19161 680.214 0.385766
254.124 7.21285 680.619 0.370975
254.18 7.23293 681.025 0.350116
254.236 7.25219 681.432 0.345358
254.292 7.27136 681.84 0.340315
254.348 7.29052 682.249 0.339306
254.404 7.3097 682.659 0.346203
254.461 7.32993 683.07 0.368247
254.517 7.35144 683.483 0.392909
254.573 7.37441 683.897 0.421094
254.629 7.39982 684.312 0.473034
254.685 7.42825 684.728 0.528735
254.742 7.46026 685.147 0.597854
254.798 7.49643 685.567 0.679255
254.854 7.53792 685.99 0.780829
254.91 7.58566 686.415 0.894853
254.966 7.64011 686.843 1.01983
255.022 7.70205 687.274 1.16101
255.079 7.77229 687.709 1.31115
255.135 7.85172 688.148 1.4813
255.191 7.94058 688.592 1.65408
255.247 8.0396 689.042 1.83751
255.303 8.14882 689.497 2.01469
255.36 8.26752 689.959 2.17398
255.416 8.39475 690.427 2.32558
255.472 8.52959 690.904 2.44263
255.528 8.67017 691.387 2.53784
255.584 8.81403 691.879 2.57392
255.64 8.95955 692.379 2.5965
255.697 9.10469 692.888 2.5718
255.753 9.24774 693.404 2.52037
255.809 9.38591 693.928 2.41826
255.865 9.51757 694.46 2.29129
255.921 9.64157 694.999 2.14791
255.978 9.75646 695.545 1.97694
256.034 9.86193 696.096 1.80852
256.09 9.95794 696.654 1.64466
256.146 10.0448 697.216 1.47654
256.202 10.1214 697.783 1.29161
256.258 10.1878 698.354 1.11128
256.315 10.2443 698.928 0.933628
256.371 10.2912 699.505 0.767837
256.427 10.3288 700.085 0.604249
256.483 10.3577 700.666 0.457093
256.539 10.3788 701.249 0.323045
256.596 10.3932 701.832 0.214031
256.652 10.402 702.416 0.125036
256.708 10.4069 703.001 0.0587613
256.764 10.4084 703.586 0.0058149
256.82 10.4072 704.17 -0.0354771
256.876 10.4043 704.755 -0.0641167
256.933 10.3999 705.339 -0.0880246
256.989 10.394 705.923 -0.115046
257.045 10.3866 706.507 -0.148145
257.101 10.3767 707.09 -0.19297
257.157 10.3636 707.673 -0.260303
257.213 10.3466 708.255 -0.332519
257.27 10.325 708.835 -0.415762
257.326 10.2985 709.414 -0.510193
257.382 10.2665 709.992 -0.608998
257.438 10.2293 710.567 -0.694859
257.494 10.1876 711.141 -0.771536
257.551 10.1424 711.711 -0.8249
257.607 10.0948 712.28 -0.857716
257.663 10.0462 712.845 -0.869413
257.719 9.99762 713.408 -0.858456
257.775 9.95005 713.968 -0.836015
257.831 9.90419 714.525 -0.800943
257.888 9.86105 715.08 -0.745329
257.944 9.82099 715.633 -0.692476
258 9.78426 716.183 -0.623399
258.056 9.75184 716.732 -0.547977
258.112 9.72462 717.279 -0.446005
258.169 9.70275 717.825 -0.3501
258.225 9.68704 718.369 -0.229668
258.281 9.67849 718.913 -0.0962143
258.337 9.678 719.457 0.0504688
258.393 9.68584 720.001 0.199425
258.449 9.70258 720.545 0.363907
258.506 9.7286 721.091 0.531823
258.562 9.76434 721.639 0.70488
258.618 9.80972 722.189 0.877509
258.674 9.86474 722.742 1.04699
258.73 9.92914 723.298 1.21179
258.787 10.0028 723.858 1.3748
258.843 10.0852 724.423 1.52783
258.899 10.1759 724.993 1.66914
258.955 10.274 725.568 1.79354
259.011 10.3778 726.148 1.88334
259.067 10.4859 726.735 1.9445
259.124 10.5966 727.328 1.98293
259.18 10.7083 727.927 1.98864
259.236 10.8192 728.532 1.95981
259.292 10.9276 729.144 1.90559
259.348 11.0315 729.761 1.80679
259.404 11.1286 730.384 1.66828
259.461 11.2171 731.012 1.51338
259.517 11.2962 731.645 1.33601
259.573 11.3648 732.282 1.14203
259.629 11.422 732.923 0.933422
259.685 11.4671 733.566 0.715995
259.742 11.5 734.211 0.497923
259.798 11.521 734.858 0.294089
259.854 11.5307 735.506 0.0950988
259.91 11.5301 736.154 -0.0814425
259.966 11.5203 736.801 -0.23063
260.022 11.5027 737.448 -0.363674
260.079 11.4786 738.093 -0.468274
260.135 11.4494 738.737 -0.551875
260.191 11.4159 739.379 -0.619725
260.247 11.3795 740.019 -0.666371
260.303 11.3411 740.657 -0.696053
260.36 11.3012 741.293 -0.713956
260.416 11.2608 741.927 -0.722039
260.472 11.2201 742.558 -0.725553
260.528 11.179 743.187 -0.736969
260.584 11.1372 743.814 -0.749366
260.64 11.0944 744.438 -0.770266
260.697 11.0499 745.06 -0.80861
260.753 11.003 745.679 -0.854853
260.809 10.9533 746.295 -0.901571
260.865 10.9007 746.909 -0.95961
260.921 10.8447 747.519 -1.02302
260.978 10.7849 748.127 -1.09405
261.034 10.7209 748.73 -1.16911
261.09 10.6531 749.33 -1.23129
261.146 10.5821 749.927 -1.28273
261.202 10.5086 750.519 -1.32201
261.258 10.4335 751.106 -1.3461
261.315 10.3576 751.69 -1.3533
261.371 10.2817 752.269 -1.34672
261.427 10.2068 752.844 -1.32293
261.483 10.1337 753.415 -1.28432
261.539 10.0634 753.982 -1.22596
261.596 9.99694 754.545 -1.155
261.652 9.9347 755.105 -1.07447
261.708 9.87725 755.661 -0.984049
261.764 9.82539 756.214 -0.881977
261.82 9.77958 756.765 -0.770275
261.876 9.73986 757.313 -0.663721
261.933 9.70628 757.859 -0.556458
261.989 9.6788 758.403 -0.444964
262.045 9.65722 758.946 -0.346873
262.101 9.64079 759.488 -0.255467
262.157 9.62932 760.029 -0.169698
262.213 9.6222 760.57 -0.0984669
262.27 9.61861 761.11 -0.0438851
262.326 9.61788 761.651 0.00660264
262.382 9.61941 762.191 0.0416317
262.438 9.623 762.732 0.0745137
262.494 9.6279 763.272 0.0954735
262.551 9.63395 763.813 0.116925
262.607 9.6412 764.355 0.137286
262.663 9.64948 764.897 0.152556
262.719 9.65844 765.439 0.166239
262.775 9.66823 765.982 0.177953
262.831 9.67817 766.526 0.175591
262.888 9.68786 767.07 0.171025
262.944 9.6975 767.614 0.170449
263 9.70687 768.159 0.165394
263.056 9.71616 768.705 0.162746
263.112 9.72554 769.251 0.171168
263.169 9.73578 769.798 0.191723
263.225 9.74692 770.345 0.203637
263.281 9.75902 770.893 0.224621
263.337 9.77253 771.442 0.253069
263.393 9.78782 771.992 0.285457
263.449 9.80501 772.542 0.319305
263.506 9.82423 773.093 0.356935
263.562 9.84534 773.646 0.38735
263.618 9.86811 774.2 0.416887
263.674 9.8921 774.755 0.43144
263.73 9.91654 775.312 0.437848
263.787 9.9409 775.87 0.42812
263.843 9.96419 776.429 0.405566
263.899 9.98582 776.989 0.368437
263.955 10.0047 777.551 0.309897
264.011 10.0197 778.114 0.233313
264.067 10.0297 778.677 0.13986
264.124 10.0341 779.241 0.0331325
264.18 10.0319 779.804 -0.0870661
264.236 10.0227 780.368 -0.216457
264.292 10.0065 780.93 -0.337399
264.348 9.98362 781.492 -0.453632
264.404 9.95411 782.051 -0.570038
264.461 9.91828 782.609 -0.683162
264.517 9.87631 783.165 -0.786641
264.573 9.82917 783.719 -0.876738
264.629 9.77714 784.269 -0.955199
264.685 9.72099 784.816 -1.02333
264.742 9.66157 785.361 -1.08208
264.798 9.59924 785.901 -1.12724
264.854 9.53446 786.438 -1.1686
264.91 9.46766 786.972 -1.20134
264.966 9.39961 787.501 -1.2186
265.022 9.33084 788.027 -1.22654
265.079 9.26201 788.549 -1.22723
265.135 9.19346 789.067 -1.21599
265.191 9.1255 789.581 -1.20704
265.247 9.05855 790.092 -1.18192
265.303 8.99314 790.598 -1.15354
265.36 8.9294 791.101 -1.12408
265.416 8.86725 791.601 -1.09251
265.472 8.80701 792.097 -1.05884
265.528 8.7489 792.59 -1.01764
265.584 8.69278 793.079 -0.985711
265.64 8.63871 793.566 -0.946556
265.697 8.58718 794.05 -0.896141
265.753 8.53825 794.53 -0.854641
265.809 8.49202 795.008 -0.802818
265.865 8.4485 795.484 -0.750063
265.921 8.40855 795.957 -0.681271
265.978 8.37251 796.428 -0.617196
266.034 8.34029 796.898 -0.53976
266.09 8.31298 797.365 -0.450956
266.146 8.29061 797.832 -0.362376
266.202 8.27366 798.297 -0.261356
266.258 8.26214 798.761 -0.166601
266.315 8.2564 799.225 -0.0606135
266.371 8.25668 799.689 0.0480491
266.427 8.26337 800.153 0.166307
266.483 8.27675 800.618 0.285161
266.539 8.29668 801.083 0.401824
266.596 8.32364 801.55 0.529598
266.652 8.35742 802.019 0.650902
266.708 8.3982 802.49 0.778036
266.764 8.44587 802.963 0.896628
266.82 8.50009 803.44 1.00715
266.876 8.56018 803.919 1.11108
266.933 8.62608 804.402 1.21241
266.989 8.69729 804.889 1.30212
267.045 8.77295 805.38 1.37506
267.101 8.8524 805.876 1.43805
267.157 8.93524 806.376 1.49493
267.213 9.02091 806.881 1.54455
267.27 9.10918 807.391 1.5861
267.326 9.19924 807.905 1.61408
267.382 9.29094 808.425 1.63942
267.438 9.38353 808.95 1.65546
267.494 9.47642 809.481 1.6523
267.551 9.56922 810.016 1.65074
267.607 9.66186 810.557 1.64666
267.663 9.75417 811.103 1.6398
267.719 9.84586 811.654 1.62622
267.775 9.93659 812.21 1.60842
267.831 10.0263 812.771 1.58613
267.888 10.1146 813.338 1.56747
267.944 10.202 813.909 1.54664
268 10.288 814.485 1.5218
268.056 10.3727 815.066 1.49685
268.112 10.4559 815.651 1.47203
268.169 10.5379 816.241 1.449
268.225 10.6184 816.836 1.42238
268.281 10.6977 817.435 1.40338
268.337 10.7757 818.039 1.3822
268.393 10.8527 818.647 1.35934
268.449 10.9282 819.259 1.33523
268.506 11.0025 819.876 1.3108
268.562 11.0751 820.496 1.28238
268.618 11.1462 821.121 1.25644
268.674 11.2162 821.749 1.23662
268.73 11.2849 822.382 1.21407
268.787 11.3523 823.018 1.19512
268.843 11.4191 823.658 1.18379
268.899 11.4856 824.302 1.18264
268.955 11.5521 824.949 1.18441
269.011 11.6188 825.601 1.18992
269.067 11.6858 826.256 1.19904
269.124 11.7537 826.914 1.2185
269.18 11.8227 827.577 1.23054
269.236 11.8919 828.244 1.23619
269.292 11.9616 828.914 1.24428
269.348 12.0315 829.588 1.24085
269.404 12.1013 830.267 1.24767
269.461 12.1714 830.949 1.24725
269.517 12.2415 831.635 1.24427
269.573 12.3114 832.325 1.24821
269.629 12.381 833.019 1.23467
269.685 12.4505 833.717 1.23956
269.742 12.5203 834.419 1.24477
269.798 12.5902 835.125 1.24445
269.854 12.6599 835.834 1.23076
269.91 12.7293 836.548 1.2308
269.966 12.7985 837.265 1.22269
270.022 12.8674 837.987 1.22146
270.079 12.9355 838.712 1.20837
270.135 13.0029 839.441 1.19647
270.191 13.0698 840.173 1.19436
270.247 13.1366 840.91 1.18834
270.303 13.2034 841.65 1.1901
270.36 13.2702 842.394 1.18448
270.416 13.3365 843.142 1.17575
270.472 13.4023 843.893 1.16296
270.528 13.4668 844.649 1.13707
270.584 13.5295 845.407 1.10061
270.64 13.5901 846.169 1.05816
270.697 13.6481 846.935 1.01414
270.753 13.7033 847.704 0.955614
270.809 13.7547 848.475 0.889842
270.865 13.8021 849.249 0.808919
270.921 13.8445 850.026 0.721494
270.978 13.8818 850.805 0.625233
271.034 13.9134 851.586 0.518806
271.09 13.939 852.369 0.414834
271.146 13.9582 853.153 0.295384
271.202 13.9709 853.937 0.177617
271.258 13.9769 854.722 0.0592065
271.315 13.9759 855.508 -0.0679548
271.371 13.9677 856.293 -0.198248
271.427 13.9521 857.077 -0.333613
271.483 13.9281 857.86 -0.486213
271.539 13.8956 858.641 -0.641183
271.596 13.8545 859.421 -0.793607
271.652 13.8044 860.197 -0.954031
271.708 13.7455 860.971 -1.1122
271.764 13.6777 861.741 -1.26715
271.82 13.6013 862.507 -1.41917
271.876 13.5171 863.268 -1.55497
271.933 13.4256 864.024 -1.67353
271.989 13.3279 864.775 -1.77969
272.045 13.2251 865.521 -1.86128
272.101 13.1189 866.26 -1.9059
272.157 13.0113 866.993 -1.92306
272.213 12.9038 867.721 -1.90409
272.27 12.7985 868.442 -1.8528
272.326 12.6968 869.158 -1.77958
272.382 12.5997 869.868 -1.69475
272.438 12.5077 870.572 -1.59851
272.494 12.4207 871.272 -1.51404
272.551 12.3385 871.967 -1.432
272.607 12.2602 872.658 -1.36641
272.663 12.1857 873.344 -1.29853
272.719 12.115 874.026 -1.23363
272.775 12.0478 874.704 -1.16794
272.831 11.9839 875.379 -1.11283
272.888 11.923 876.05 -1.06122
272.944 11.8651 876.718 -1.01337
273 11.8098 877.383 -0.965789
273.056 11.7571 878.045 -0.916441
273.112 11.707 878.703 -0.880828
273.169 11.6594 879.359 -0.831443
273.225 11.6139 880.013 -0.793624
273.281 11.5706 880.664 -0.754016
273.337 11.5298 881.313 -0.708579
273.393 11.4916 881.959 -0.66069
273.449 11.4563 882.603 -0.606684
273.506 11.4243 883.246 -0.547904
273.562 11.396 883.887 -0.473984
273.618 11.3716 884.526 -0.405085
273.674 11.3513 885.164 -0.333671
273.73 11.3352 885.801 -0.253281
273.787 11.3235 886.438 -0.178509
273.843 11.316 887.074 -0.105869
273.899 11.3125 887.709 -0.0310805
273.955 11.3128 888.345 0.0325991
274.011 11.3167 888.98 0.0916237
274.067 11.3236 889.616 0.142882
274.124 11.3334 890.253 0.196697
274.18 11.3458 890.89 0.237714
274.236 11.3609 891.528 0.292136
274.292 11.3795 892.167 0.357261
274.348 11.4022 892.807 0.436353
274.404 11.4298 893.448 0.527275
274.461 11.4628 894.092 0.628474
274.517 11.5015 894.737 0.734855
274.573 11.5468 895.384 0.853541
274.629 11.5991 896.035 0.985832
274.685 11.659 896.689 1.11891
274.742 11.7266 897.346 1.25784
274.798 11.8018 898.007 1.38955
274.854 11.884 898.673 1.51186
274.91 11.9729 899.343 1.62773
274.966 12.0677 900.019 1.71871
275.022 12.1667 900.701 1.78558
275.079 12.268 901.387 1.80475
275.135 12.3691 902.08 1.787
275.191 12.4674 902.778 1.72466
275.247 12.5613 903.482 1.63346
275.303 12.6497 904.191 1.53268
275.36 12.7318 904.904 1.41308
275.416 12.8067 905.622 1.28052
275.472 12.8741 906.344 1.1467
275.528 12.9335 907.069 0.999347
275.584 12.9847 907.797 0.852721
275.64 13.0277 908.528 0.709153
275.697 13.0628 909.261 0.569104
275.753 13.09 909.996 0.43611
275.809 13.1105 910.732 0.321928
275.865 13.1251 911.469 0.220305
275.921 13.1345 912.207 0.1354
275.978 13.1396 912.945 0.0651271
276.034 13.141 913.683 0.000266498
276.09 13.1393 914.422 -0.0515467
276.146 13.1347 915.16 -0.0950901
276.202 13.1281 915.897 -0.128943
276.258 13.1198 916.635 -0.159719
276.315 13.1093 917.371 -0.208184
276.371 13.0959 918.107 -0.262813
276.427 13.0789 918.843 -0.328002
276.483 13.0581 919.577 -0.400819
276.539 13.0319 920.309 -0.505662
276.596 12.9999 921.04 -0.613039
276.652 12.9618 921.77 -0.72782
276.708 12.9164 922.496 -0.861502
276.764 12.8633 923.22 -0.999268
276.82 12.8022 923.941 -1.14551
276.876 12.7327 924.658 -1.29836
276.933 12.6548 925.37 -1.4491
276.989 12.5682 926.078 -1.59898
277.045 12.4733 926.781 -1.74535
277.101 12.3709 927.479 -1.88021
277.157 12.2616 928.17 -1.98504
277.213 12.1467 928.855 -2.07877
277.27 12.0273 929.533 -2.15581
277.326 11.9048 930.205 -2.19234
277.382 11.7809 930.87 -2.20933
277.438 11.6568 931.527 -2.21105
277.494 11.5333 932.178 -2.18132
277.551 11.4122 932.822 -2.14122
277.607 11.2939 933.459 -2.07786
277.663 11.1795 934.09 -2.01223
277.719 11.0692 934.714 -1.93101
277.775 10.9637 935.332 -1.841
277.831 10.8632 935.945 -1.76257
277.888 10.7669 936.552 -1.67994
277.944 10.6756 937.154 -1.59071
278 10.5887 937.75 -1.51847
278.056 10.506 938.342 -1.43895
278.112 10.4279 938.93 -1.35848
278.169 10.3539 939.513 -1.28639
278.225 10.2839 940.093 -1.21739
278.281 10.2179 940.668 -1.14662
278.337 10.1561 941.24 -1.0682
278.393 10.0985 941.809 -0.999353
278.449 10.0448 942.374 -0.926813
278.506 9.99551 942.937 -0.84278
278.562 9.95091 943.497 -0.761645
278.618 9.91097 944.054 -0.67762
278.674 9.87582 944.61 -0.588947
278.73 9.84577 945.164 -0.495756
278.787 9.82101 945.716 -0.40384
278.843 9.80186 946.267 -0.297688
278.899 9.78849 946.817 -0.200695
278.955 9.78028 947.367 -0.109321
279.011 9.77701 947.916 -0.0261533
279.067 9.77838 948.466 0.0566736
279.124 9.78431 949.015 0.139825
279.18 9.79506 949.565 0.226662
279.236 9.81072 950.116 0.31158
279.292 9.83081 950.668 0.386767
279.348 9.85528 951.221 0.46579
279.404 9.88376 951.775 0.532333
279.461 9.91578 952.332 0.593933
279.517 9.95105 952.89 0.648383
279.573 9.9892 953.45 0.699348
279.629 10.0302 954.013 0.749086
279.685 10.0738 954.578 0.796282
279.742 10.1194 955.145 0.823636
279.798 10.1667 955.715 0.853348
279.854 10.2157 956.288 0.88576
279.91 10.2664 956.864 0.912808
279.966 10.3185 957.442 0.938659
