# t frame_uz frame_z ub_dans_repere
160.006 0.00228275 8.26536e-06 0.483982
160.03 0.0172404 0.000272406 0.713858
160.067 0.0518947 0.00162308 1.0941
160.111 0.11046 0.00539593 1.48679
160.159 0.195184 0.0131735 1.89972
160.211 0.305275 0.0265544 2.28947
160.264 0.438775 0.0470286 2.64034
160.319 0.592139 0.075853 2.9282
160.374 0.760236 0.113875 3.1421
160.429 0.939742 0.161882 3.30237
160.485 1.12917 0.220815 3.43349
160.541 1.32459 0.290562 3.52511
160.597 1.52504 0.371414 3.62123
160.653 1.73133 0.46368 3.72973
160.709 1.94379 0.5677 3.83782
160.765 2.16341 0.683848 3.97499
160.821 2.39022 0.81253 4.10602
160.877 2.62478 0.954168 4.24167
160.933 2.86648 1.10918 4.36608
160.989 3.11412 1.27792 4.45918
161.045 3.36694 1.46125 4.52855
161.101 3.62287 1.65902 4.56924
161.157 3.87985 1.87121 4.57051
161.213 4.13535 2.09781 4.52902
161.27 4.3878 2.33866 4.46736
161.326 4.63635 2.59356 4.39392
161.382 4.8802 2.86227 4.29835
161.438 5.1184 3.14449 4.20174
161.494 5.35098 3.43991 4.10118
161.551 5.57816 3.74821 4.00413
161.607 5.79994 4.06909 3.91002
161.663 6.01586 4.40223 3.80139
161.719 6.22592 4.74731 3.69323
161.775 6.42947 5.10397 3.57487
161.831 6.62675 5.47185 3.47108
161.888 6.81853 5.85063 3.37604
161.944 7.00511 6.24001 3.28459
162 7.18731 6.63971 3.21437
162.056 7.36562 7.04952 3.1527
162.112 7.5413 7.46925 3.11372
162.169 7.71507 7.89878 3.08203
162.225 7.88673 8.33801 3.03708
162.281 8.05523 8.78678 2.97981
162.337 8.22032 9.2449 2.91114
162.393 8.3809 9.71215 2.82066
162.449 8.53541 10.1882 2.69913
162.506 8.68137 10.6727 2.52577
162.562 8.81661 11.165 2.32488
162.618 8.93919 11.6645 2.08685
162.674 9.04803 12.1705 1.82767
162.73 9.14141 12.682 1.55002
162.787 9.21878 13.1983 1.26031
162.843 9.27992 13.7183 0.971262
162.899 9.32539 14.2413 0.704622
162.955 9.35566 14.7662 0.43747
163.011 9.37242 15.2925 0.209522
163.067 9.37693 15.8192 -0.00184456
163.124 9.37101 16.3458 -0.166383
163.18 9.35776 16.8719 -0.281414
163.236 9.33868 17.397 -0.366674
163.292 9.31666 17.9209 -0.40496
163.348 9.29338 18.4435 -0.418396
163.404 9.27004 18.9648 -0.404484
163.461 9.24813 19.4849 -0.371295
163.517 9.22955 20.0038 -0.302123
163.573 9.21492 20.5218 -0.240651
163.629 9.20364 21.0391 -0.166647
163.685 9.19743 21.5559 -0.0803717
163.742 9.19398 22.0725 -0.0379986
163.798 9.19255 22.5889 -0.0144326
163.854 9.19243 23.1054 -0.00283329
163.91 9.19142 23.6218 -0.0335228
163.966 9.1872 24.138 -0.0968147
164.022 9.17955 24.6539 -0.175836
164.079 9.1665 25.1692 -0.273042
164.135 9.14702 25.6836 -0.395482
164.191 9.12106 26.1966 -0.51276
164.247 9.08771 26.7079 -0.643361
164.303 9.04696 27.2171 -0.778526
164.36 8.99965 27.7238 -0.879689
164.416 8.94677 28.2276 -0.979607
164.472 8.88892 28.7283 -1.05755
164.528 8.82802 29.2257 -1.10098
164.584 8.76567 29.7195 -1.11255
164.64 8.70344 30.2099 -1.10323
164.697 8.6427 30.6968 -1.06248
164.753 8.58493 31.1804 -1.00297
164.809 8.53154 31.6608 -0.911029
164.865 8.48396 32.1385 -0.804041
164.921 8.44226 32.6137 -0.687289
164.978 8.40722 33.0868 -0.577895
165.034 8.37885 33.5581 -0.452772
165.09 8.35728 34.0281 -0.340777
165.146 8.34163 34.497 -0.23996
165.202 8.33098 34.9653 -0.155445
165.258 8.32467 35.4331 -0.0853383
165.315 8.32118 35.9006 -0.051036
165.371 8.31938 36.368 -0.0235575
165.427 8.31797 36.8354 -0.0281042
165.483 8.31569 37.3026 -0.0470327
165.539 8.3116 37.7697 -0.0922319
165.596 8.30453 38.2364 -0.146662
165.652 8.29447 38.7026 -0.207821
165.708 8.28038 39.1681 -0.280998
165.764 8.26213 39.6327 -0.355445
165.82 8.23935 40.0961 -0.432838
165.876 8.21303 40.5582 -0.490741
165.933 8.18273 41.0186 -0.56302
165.989 8.14938 41.4771 -0.616667
166.045 8.1127 41.9338 -0.679071
166.101 8.07273 42.3882 -0.730797
166.157 8.02978 42.8403 -0.78586
166.213 7.98391 43.2899 -0.84107
166.27 7.9346 43.7368 -0.901684
166.326 7.88152 44.1807 -0.97408
166.382 7.82415 44.6216 -1.05134
166.438 7.76252 45.0591 -1.12252
166.494 7.69592 45.493 -1.23574
166.551 7.62277 45.9229 -1.35079
166.607 7.54324 46.3485 -1.46406
166.663 7.45644 46.7694 -1.59938
166.719 7.3626 47.1852 -1.71993
166.775 7.26216 47.5954 -1.83686
166.831 7.15471 47.9998 -1.96539
166.888 7.04004 48.3979 -2.08333
166.944 6.91961 48.7894 -2.18339
167 6.7932 49.1739 -2.2901
167.056 6.66163 49.5511 -2.37257
167.112 6.52623 49.9208 -2.42751
167.169 6.3882 50.2828 -2.47252
167.225 6.24837 50.637 -2.50125
167.281 6.10722 50.9833 -2.5103
167.337 5.96651 51.3217 -2.50015
167.393 5.82674 51.6521 -2.47838
167.449 5.68896 51.9748 -2.43001
167.506 5.55409 52.2899 -2.37862
167.562 5.42321 52.5975 -2.29854
167.618 5.29639 52.8978 -2.22891
167.674 5.17371 53.1912 -2.15341
167.73 5.05575 53.4779 -2.06236
167.787 4.94261 53.7581 -1.97921
167.843 4.83456 54.0321 -1.88671
167.899 4.73211 54.3002 -1.78326
167.955 4.63481 54.5628 -1.69917
168.011 4.54245 54.82 -1.60706
168.067 4.45533 55.0723 -1.51262
168.124 4.37328 55.3198 -1.42477
168.18 4.29598 55.5628 -1.34326
168.236 4.22362 55.8017 -1.25199
168.292 4.1564 56.0367 -1.1634
168.348 4.09396 56.2681 -1.07481
168.404 4.03684 56.4961 -0.972939
168.461 3.98576 56.7212 -0.86822
168.517 3.94077 56.9436 -0.755652
168.573 3.90229 57.1636 -0.632273
168.629 3.87095 57.3818 -0.507325
168.685 3.8473 57.5984 -0.361169
168.742 3.83177 57.814 -0.213925
168.798 3.82549 58.029 -0.0456457
168.854 3.82829 58.244 0.118922
168.91 3.84103 58.4594 0.294465
168.966 3.86391 58.6759 0.488554
169.022 3.89826 58.8941 0.689779
169.079 3.94376 59.1146 0.89285
169.135 4.00099 59.338 1.10191
169.191 4.0704 59.5651 1.32591
169.247 4.15227 59.7965 1.54648
169.303 4.2463 60.0328 1.75575
169.36 4.35192 60.2749 1.96006
169.416 4.46818 60.5233 2.13906
169.472 4.59399 60.7785 2.30289
169.528 4.72858 61.0411 2.45472
169.584 4.87077 61.3115 2.57828
169.64 5.01931 61.5901 2.68506
169.697 5.17314 61.8773 2.76778
169.753 5.33024 62.1732 2.80882
169.809 5.48866 62.478 2.82318
169.865 5.6474 62.7917 2.82713
169.921 5.80569 63.1143 2.80756
169.978 5.96198 63.4457 2.76281
170.034 6.11486 63.7858 2.68865
170.09 6.26304 64.1344 2.60053
170.146 6.40561 64.4911 2.49238
170.202 6.54133 64.8556 2.36508
170.258 6.66946 65.2274 2.22303
170.315 6.78894 65.6062 2.06317
170.371 6.8986 65.9913 1.87972
170.427 6.99808 66.3823 1.69618
170.483 7.08681 66.7785 1.50158
170.539 7.16443 67.1793 1.30067
170.596 7.23063 67.584 1.09204
170.652 7.28467 67.9921 0.875028
170.708 7.32632 68.4028 0.653704
170.764 7.35562 68.8155 0.435401
170.82 7.37245 69.2293 0.209282
170.876 7.37667 69.6437 -0.0162552
170.933 7.36817 70.0579 -0.237335
170.989 7.34737 70.4712 -0.45589
171.045 7.31456 70.8829 -0.668544
171.101 7.26996 71.2924 -0.878431
171.157 7.21383 71.699 -1.07924
171.213 7.1465 72.102 -1.27666
171.27 7.06876 72.5009 -1.45385
171.326 6.98135 72.8952 -1.62224
171.382 6.88504 73.2842 -1.77378
171.438 6.78068 73.6675 -1.9113
171.494 6.66913 74.0447 -2.03364
171.551 6.55134 74.4154 -2.13989
171.607 6.42801 74.7793 -2.22747
171.663 6.30033 75.1362 -2.30028
171.719 6.16913 75.4857 -2.35561
171.775 6.03552 75.8278 -2.39275
171.831 5.90052 76.1623 -2.40784
171.888 5.76521 76.4893 -2.40682
171.944 5.63033 76.8086 -2.39455
172 5.49698 77.1204 -2.35634
172.056 5.36616 77.4248 -2.31077
172.112 5.23805 77.7219 -2.25352
172.169 5.11398 78.012 -2.17011
172.225 4.99516 78.2953 -2.0762
172.281 4.88181 78.5721 -1.97576
172.337 4.77446 78.8427 -1.87406
172.393 4.67453 79.1075 -1.72834
172.449 4.5819 79.367 -1.59464
172.506 4.49724 79.6215 -1.44668
172.562 4.42062 79.8715 -1.3014
172.618 4.35245 80.1175 -1.15135
172.674 4.29281 80.36 -1.00083
172.73 4.24202 80.5994 -0.840994
172.787 4.20013 80.8363 -0.681353
172.843 4.16666 81.0711 -0.540432
172.899 4.14142 81.3043 -0.392658
172.955 4.12399 81.5363 -0.253544
173.011 4.11423 81.7676 -0.121311
173.067 4.11177 81.9986 0.00660776
173.124 4.11609 82.2298 0.12493
173.18 4.12658 82.4613 0.22645
173.236 4.14237 82.6937 0.319314
173.292 4.16318 82.9271 0.405191
173.348 4.18834 83.1618 0.479409
173.404 4.21746 83.3981 0.539591
173.461 4.24955 83.6361 0.588365
173.517 4.28361 83.8759 0.616617
173.573 4.31926 84.1178 0.641918
173.629 4.35556 84.3617 0.649475
173.685 4.39247 84.6076 0.659773
173.742 4.42943 84.8556 0.655063
173.798 4.46539 85.1057 0.630971
173.854 4.50023 85.3577 0.605802
173.91 4.5331 85.6117 0.567795
173.966 4.5638 85.8674 0.537292
174.022 4.5926 86.1247 0.49656
174.079 4.61866 86.3836 0.444717
174.135 4.64182 86.6439 0.389123
174.191 4.66182 86.9054 0.33553
174.247 4.67884 87.1679 0.2836
174.303 4.69346 87.4312 0.243538
174.36 4.70524 87.6953 0.189772
174.416 4.71448 87.96 0.145448
174.472 4.72118 88.2251 0.0999214
174.528 4.72588 88.4905 0.0721579
174.584 4.72889 88.7561 0.0430688
174.64 4.73072 89.0218 0.0266471
174.697 4.7319 89.2876 0.0148755
174.753 4.73231 89.5535 -0.000414314
174.809 4.73161 89.8193 -0.0205574
174.865 4.73027 90.0851 -0.0211143
174.921 4.72921 90.3508 -0.0165925
174.978 4.72857 90.6165 -0.0077274
175.034 4.72862 90.8821 0.00709388
175.09 4.72972 91.1478 0.0284694
175.146 4.73213 91.4136 0.0538375
175.202 4.73624 91.6796 0.0866846
175.258 4.74246 91.9459 0.128594
175.315 4.75144 92.2126 0.181171
175.371 4.76365 92.4799 0.240617
175.427 4.77905 92.748 0.297494
175.483 4.79782 93.0171 0.359618
175.539 4.82049 93.2874 0.433373
175.596 4.84715 93.5591 0.501556
175.652 4.8778 93.8324 0.572999
175.708 4.91249 94.1076 0.649051
175.764 4.95139 94.3849 0.720399
175.82 4.99415 94.6645 0.787727
175.876 5.04066 94.9466 0.854081
175.933 5.09075 95.2315 0.916692
175.989 5.14414 95.5193 0.972125
176.045 5.2008 95.8101 1.03138
176.101 5.2604 96.1043 1.08109
176.157 5.32241 96.4019 1.11619
176.213 5.38593 96.7031 1.14005
176.27 5.45063 97.0078 1.15945
176.326 5.51623 97.3163 1.17078
176.382 5.58199 97.6284 1.17048
176.438 5.64755 97.9442 1.16216
176.494 5.71269 98.2637 1.15464
176.551 5.77759 98.5868 1.15178
176.607 5.84178 98.9135 1.13799
176.663 5.90547 99.2439 1.1314
176.719 5.96902 99.5778 1.13036
176.775 6.03232 99.9153 1.11798
176.831 6.0951 100.256 1.11549
176.888 6.1576 100.601 1.11012
176.944 6.22011 100.949 1.11542
177 6.28321 101.3 1.1266
177.056 6.34703 101.656 1.14051
177.112 6.41126 102.014 1.15012
177.169 6.47641 102.377 1.16291
177.225 6.54187 102.743 1.16853
177.281 6.60799 103.112 1.18314
177.337 6.67457 103.486 1.18471
177.393 6.74125 103.863 1.18811
177.449 6.80802 104.244 1.1823
177.506 6.87407 104.629 1.16564
177.562 6.93872 105.017 1.13565
177.618 7.00109 105.409 1.09366
177.674 7.06146 105.804 1.06216
177.73 7.11963 106.203 1.01297
177.787 7.17463 106.605 0.958648
177.843 7.22636 107.01 0.897417
177.899 7.27461 107.417 0.831592
177.955 7.31947 107.828 0.775606
178.011 7.36116 108.24 0.718623
178.067 7.3995 108.655 0.662878
178.124 7.43526 109.072 0.617674
178.18 7.46922 109.491 0.590252
178.236 7.50169 109.912 0.568709
178.292 7.5328 110.334 0.546955
178.348 7.56272 110.758 0.526163
178.404 7.59192 111.184 0.519162
178.461 7.62093 111.612 0.514811
178.517 7.64976 112.041 0.514178
178.573 7.67846 112.472 0.512872
178.629 7.70725 112.904 0.512086
178.685 7.73599 113.338 0.516921
178.742 7.76551 113.773 0.531001
178.798 7.79579 114.211 0.542532
178.854 7.8263 114.65 0.542605
178.91 7.85665 115.09 0.540934
178.966 7.88664 115.533 0.530516
179.022 7.91657 115.977 0.530969
179.079 7.94645 116.423 0.528998
179.135 7.97639 116.87 0.537109
179.191 8.0072 117.319 0.553665
179.247 8.03916 117.77 0.578811
179.303 8.07202 118.223 0.591117
179.36 8.10615 118.678 0.616053
179.416 8.1418 119.134 0.651519
179.472 8.17951 119.593 0.684808
179.528 8.21888 120.054 0.709651
179.584 8.25992 120.517 0.745955
179.64 8.30297 120.982 0.779755
179.697 8.34795 121.45 0.815194
179.753 8.39481 121.921 0.848319
179.809 8.44332 122.394 0.876055
179.865 8.49351 122.87 0.906609
179.921 8.54571 123.349 0.944654
179.978 8.60076 123.831 1.00185
180.034 8.65908 124.316 1.0606
180.09 8.72067 124.805 1.11914
180.146 8.78526 125.297 1.1694
180.202 8.85282 125.792 1.22428
180.258 8.92386 126.292 1.29252
180.315 8.99864 126.796 1.35676
180.371 9.07705 127.304 1.41882
180.427 9.15891 127.817 1.48103
180.483 9.24401 128.334 1.53836
180.539 9.33245 128.857 1.5942
180.596 9.42416 129.384 1.65854
180.652 9.51918 129.917 1.71184
180.708 9.61664 130.455 1.74967
180.764 9.71603 130.998 1.78069
180.82 9.8165 131.547 1.79152
180.876 9.9172 132.102 1.79061
180.933 10.0173 132.663 1.77476
180.989 10.1161 133.229 1.74202
181.045 10.2117 133.801 1.67197
181.101 10.3029 134.377 1.59012
181.157 10.389 134.959 1.49018
181.213 10.4687 135.545 1.36525
181.27 10.5409 136.136 1.2305
181.326 10.6049 136.73 1.07874
181.382 10.6602 137.328 0.921247
181.438 10.7069 137.929 0.772687
181.494 10.7451 138.531 0.617557
181.551 10.7745 139.136 0.457894
181.607 10.7947 139.742 0.294873
181.663 10.8058 140.349 0.13299
181.719 10.8078 140.956 -0.031478
181.775 10.8004 141.563 -0.196911
181.831 10.784 142.169 -0.351561
181.888 10.7597 142.775 -0.491246
181.944 10.7273 143.378 -0.6316
182 10.6872 143.979 -0.764909
182.056 10.6401 144.578 -0.889542
182.112 10.586 145.174 -1.01045
182.169 10.5255 145.767 -1.12047
182.225 10.4593 146.356 -1.21644
182.281 10.3882 146.941 -1.29747
182.337 10.3133 147.522 -1.35818
182.393 10.2351 148.099 -1.41686
182.449 10.154 148.671 -1.46658
182.506 10.0704 149.239 -1.50204
182.562 9.9847 149.802 -1.53499
182.618 9.8977 150.36 -1.55653
182.674 9.80989 150.913 -1.56753
182.73 9.72161 151.461 -1.57204
182.787 9.63326 152.004 -1.57202
182.843 9.54502 152.542 -1.56818
182.899 9.45691 153.076 -1.56691
182.955 9.36916 153.604 -1.55997
183.011 9.28184 154.127 -1.55073
183.067 9.19493 154.646 -1.5439
183.124 9.10844 155.16 -1.53714
183.18 9.02228 155.668 -1.5323
183.236 8.9363 156.172 -1.52909
183.292 8.85036 156.672 -1.52951
183.348 8.76421 157.166 -1.53574
183.404 8.67774 157.655 -1.53972
183.461 8.59119 158.14 -1.53673
183.517 8.50518 158.62 -1.52839
183.573 8.41969 159.095 -1.51791
183.629 8.335 159.565 -1.49869
183.685 8.25168 160.03 -1.47247
183.742 8.16999 160.491 -1.44017
183.798 8.09012 160.947 -1.41213
183.854 8.01258 161.399 -1.35784
183.91 7.93817 161.847 -1.30179
183.966 7.86722 162.29 -1.23579
184.022 7.80071 162.73 -1.15213
184.079 7.73832 163.166 -1.08325
184.135 7.6803 163.599 -0.995731
184.191 7.62742 164.029 -0.904832
184.247 7.57942 164.455 -0.820475
184.303 7.53636 164.88 -0.730837
184.36 7.49819 165.302 -0.646713
184.416 7.46446 165.722 -0.571386
184.472 7.43488 166.14 -0.496773
184.528 7.40921 166.557 -0.428066
184.584 7.38669 166.973 -0.3827
184.64 7.36696 167.387 -0.332654
184.697 7.3496 167.8 -0.29366
184.753 7.33423 168.213 -0.262389
184.809 7.32014 168.624 -0.246022
184.865 7.30654 169.035 -0.242189
184.921 7.29277 169.445 -0.248788
184.978 7.27846 169.854 -0.257306
185.034 7.26341 170.263 -0.274947
185.09 7.24729 170.67 -0.294822
185.146 7.22983 171.077 -0.322536
185.202 7.21076 171.482 -0.350485
185.258 7.1901 171.887 -0.380081
185.315 7.16771 172.29 -0.408646
185.371 7.14391 172.692 -0.43332
185.427 7.11893 173.092 -0.452322
185.483 7.09297 173.491 -0.464234
185.539 7.0668 173.889 -0.464158
185.596 7.04089 174.285 -0.4598
185.652 7.01544 174.68 -0.445437
185.708 6.99104 175.073 -0.423519
185.764 6.96818 175.465 -0.395779
185.82 6.94689 175.856 -0.366186
185.876 6.92754 176.245 -0.330599
185.933 6.91018 176.634 -0.294723
185.989 6.89516 177.022 -0.246435
186.045 6.8827 177.409 -0.205329
186.101 6.8728 177.795 -0.156787
186.157 6.86581 178.181 -0.105077
186.213 6.86112 178.566 -0.0731811
186.27 6.85872 178.952 -0.0282897
186.326 6.8584 179.337 0.00690403
186.382 6.85991 179.722 0.0412147
186.438 6.86339 180.108 0.072499
186.494 6.86825 180.494 0.0956851
186.551 6.87414 180.88 0.11009
186.607 6.8807 181.266 0.122464
186.663 6.8879 181.653 0.13366
186.719 6.89574 182.04 0.144961
186.775 6.90444 182.428 0.160749
186.831 6.91379 182.816 0.169711
186.888 6.92386 183.205 0.182992
186.944 6.93514 183.594 0.209426
187 6.9474 183.984 0.225633
187.056 6.9609 184.375 0.251207
187.112 6.97569 184.766 0.269282
187.169 6.99144 185.159 0.290096
187.225 7.00792 185.552 0.296331
187.281 7.02486 185.946 0.303509
187.337 7.04211 186.342 0.308699
187.393 7.05914 186.738 0.300718
187.449 7.07595 187.135 0.296401
187.506 7.09219 187.533 0.283185
187.562 7.10743 187.932 0.260513
187.618 7.12211 188.332 0.255709
187.674 7.13582 188.732 0.239549
187.73 7.14848 189.134 0.21468
187.787 7.15949 189.536 0.181956
187.843 7.16878 189.938 0.153239
187.899 7.17606 190.341 0.115138
187.955 7.18129 190.744 0.0778876
188.011 7.18427 191.148 0.0397546
188.067 7.1853 191.552 0.00506238
188.124 7.1844 191.955 -0.0308117
188.18 7.18175 192.359 -0.0566753
188.236 7.17771 192.762 -0.0800836
188.292 7.17245 193.165 -0.105651
188.348 7.16598 193.568 -0.120536
188.404 7.15874 193.97 -0.133184
188.461 7.151 194.372 -0.14431
188.517 7.14299 194.774 -0.141017
188.573 7.13533 195.175 -0.134264
188.629 7.1284 195.575 -0.116188
188.685 7.12267 195.976 -0.0913413
188.742 7.11847 196.376 -0.0629584
188.798 7.11574 196.776 -0.0374331
188.854 7.11489 197.175 -0.000299403
188.91 7.11624 197.575 0.0407953
188.966 7.11993 197.975 0.0804798
189.022 7.12603 198.375 0.128013
189.079 7.13535 198.776 0.192418
189.135 7.14795 199.177 0.24231
189.191 7.16363 199.579 0.30367
189.247 7.18293 199.982 0.372564
189.303 7.20641 200.386 0.448089
189.36 7.23423 200.792 0.527482
189.416 7.26639 201.2 0.601198
189.472 7.30295 201.609 0.681884
189.528 7.3443 202.021 0.772107
189.584 7.39064 202.435 0.861706
189.64 7.44202 202.852 0.943692
189.697 7.49737 203.272 1.01293
189.753 7.55651 203.695 1.08045
189.809 7.6194 204.122 1.14443
189.865 7.6856 204.552 1.2024
189.921 7.75517 204.986 1.25998
189.978 7.828 205.424 1.32188
190.034 7.90458 205.866 1.3888
190.09 7.98484 206.313 1.45434
190.146 8.06855 206.765 1.51414
190.202 8.15586 207.221 1.57943
190.258 8.24664 207.682 1.64628
190.315 8.34136 208.149 1.71345
190.371 8.43963 208.62 1.77167
190.427 8.54131 209.098 1.83334
190.483 8.64642 209.581 1.89524
190.539 8.75519 210.071 1.96157
190.596 8.86731 210.566 2.01273
190.652 8.98187 211.068 2.05335
190.708 9.09829 211.577 2.08671
190.764 9.21659 212.092 2.11758
190.82 9.33621 212.614 2.1289
190.876 9.4557 213.142 2.12626
190.933 9.57445 213.678 2.10225
190.989 9.69095 214.219 2.05279
191.045 9.80527 214.768 2.01869
191.101 9.91696 215.322 1.9672
191.157 10.0256 215.883 1.90638
191.213 10.1304 216.45 1.83801
191.27 10.2312 217.023 1.76228
191.326 10.3276 217.601 1.68658
191.382 10.4199 218.184 1.61303
191.438 10.5077 218.772 1.52973
191.494 10.5914 219.365 1.46637
191.551 10.6718 219.963 1.41032
191.607 10.7494 220.565 1.3626
191.663 10.8245 221.172 1.32137
191.719 10.8976 221.782 1.28749
191.775 10.9687 222.397 1.25124
191.831 11.0377 223.016 1.21013
191.888 11.1044 223.638 1.17295
191.944 11.169 224.264 1.13202
192 11.2313 224.894 1.09724
192.056 11.2921 225.527 1.07294
192.112 11.3514 226.163 1.04235
192.169 11.4088 226.803 1.00738
192.225 11.4646 227.445 0.984152
192.281 11.5194 228.091 0.970012
192.337 11.5734 228.74 0.953834
192.393 11.6263 229.392 0.932725
192.449 11.6778 230.047 0.907287
192.506 11.7281 230.705 0.883593
192.562 11.7772 231.366 0.868801
192.618 11.8254 232.029 0.847832
192.674 11.8724 232.695 0.833092
192.73 11.9188 233.363 0.821842
192.787 11.9646 234.034 0.80916
192.843 12.01 234.708 0.805595
192.899 12.0552 235.384 0.80635
192.955 12.1005 236.063 0.80526
193.011 12.1462 236.744 0.820267
193.067 12.1931 237.428 0.839682
193.124 12.2411 238.115 0.861842
193.18 12.2902 238.804 0.881914
193.236 12.3408 239.497 0.910659
193.292 12.3929 240.192 0.93683
193.348 12.4466 240.89 0.968444
193.404 12.5019 241.591 1.0018
193.461 12.5592 242.295 1.03239
193.517 12.6182 243.003 1.06391
193.573 12.6792 243.714 1.09713
193.629 12.7418 244.428 1.12588
193.685 12.8061 245.146 1.1556
193.742 12.8723 245.868 1.19059
193.798 12.9402 246.593 1.22531
193.854 13.01 247.322 1.24928
193.91 13.0809 248.056 1.26278
193.966 13.1521 248.793 1.27095
194.022 13.2235 249.534 1.26969
194.079 13.2947 250.28 1.26229
194.135 13.3651 251.029 1.2476
194.191 13.4346 251.782 1.23125
194.247 13.5032 252.539 1.20994
194.303 13.5703 253.3 1.18542
194.36 13.636 254.065 1.16275
194.416 13.7006 254.833 1.1417
194.472 13.764 255.605 1.12449
194.528 13.8266 256.38 1.1034
194.584 13.8882 257.159 1.08488
194.64 13.9482 257.941 1.05487
194.697 14.0062 258.727 1.01504
194.753 14.062 259.515 0.976403
194.809 14.1151 260.307 0.920677
194.865 14.1649 261.102 0.858815
194.921 14.2113 261.899 0.800621
194.978 14.2544 262.699 0.741819
195.034 14.2941 263.501 0.686913
195.09 14.3309 264.306 0.63496
195.146 14.3643 265.112 0.570535
195.202 14.394 265.92 0.499876
195.258 14.4195 266.729 0.422218
195.315 14.4399 267.54 0.326225
195.371 14.4544 268.352 0.206328
195.427 14.4615 269.164 0.0696904
195.483 14.4593 269.977 -0.112356
195.539 14.4457 270.789 -0.334142
195.596 14.4181 271.599 -0.601001
195.652 14.374 272.408 -0.913577
195.708 14.3112 273.213 -1.25715
195.764 14.2285 274.015 -1.61962
195.82 14.1247 274.811 -1.99986
195.876 13.999 275.6 -2.39678
195.933 13.8513 276.382 -2.78236
195.989 13.6819 277.154 -3.17018
196.045 13.4916 277.916 -3.53062
196.101 13.2816 278.667 -3.87222
196.157 13.053 279.406 -4.19756
196.213 12.8073 280.131 -4.49066
196.27 12.5455 280.842 -4.76802
196.326 12.2696 281.537 -4.99457
196.382 11.9823 282.217 -5.19077
196.438 11.6848 282.88 -5.35995
196.494 11.3784 283.526 -5.50979
196.551 11.0643 284.155 -5.64186
196.607 10.7443 284.766 -5.73527
196.663 10.4191 285.359 -5.81143
196.719 10.0902 285.933 -5.87848
196.775 9.75801 286.489 -5.93052
196.831 9.42341 287.025 -5.96961
196.888 9.08713 287.544 -5.99329
196.944 8.74918 288.043 -6.03348
197 8.40865 288.523 -6.07776
197.056 8.06524 288.984 -6.14227
197.112 7.71731 289.425 -6.22823
197.169 7.36372 289.847 -6.33969
197.225 7.00363 290.248 -6.45513
197.281 6.63681 290.629 -6.57295
197.337 6.26306 290.99 -6.70917
197.393 5.88264 291.329 -6.82177
197.449 5.49679 291.646 -6.90049
197.506 5.10728 291.942 -6.94082
197.562 4.7172 292.216 -6.94406
197.618 4.32855 292.468 -6.89275
197.674 3.9446 292.698 -6.7931
197.73 3.56795 292.907 -6.63503
197.787 3.20148 293.095 -6.44193
197.843 2.84744 293.263 -6.20088
197.899 2.50815 293.411 -5.92848
197.955 2.18546 293.541 -5.6187
198.011 1.88107 293.653 -5.28171
198.067 1.59621 293.749 -4.93018
198.124 1.33126 293.83 -4.57053
198.18 1.08682 293.896 -4.20672
198.236 0.863625 293.95 -3.82135
198.292 0.661812 293.992 -3.43747
198.348 0.481768 294.023 -3.04618
198.404 0.324151 294.044 -2.64478
198.461 0.188643 294.058 -2.25202
198.517 0.0760299 294.064 -1.83643
198.573 -0.0129075 294.066 -1.41307
198.629 -0.0784841 294.063 -1.00493
198.685 -0.121098 294.057 -0.59017
198.742 -0.140418 294.049 -0.182071
198.798 -0.137478 294.041 0.209312
198.854 -0.11249 294.034 0.598343
198.91 -0.0667493 294.029 0.948815
198.966 -0.00167491 294.028 1.28897
199.022 0.0809361 294.03 1.58923
199.079 0.179786 294.038 1.8685
199.135 0.293279 294.052 2.11939
199.191 0.420069 294.073 2.34592
199.247 0.558787 294.101 2.54483
199.303 0.707966 294.137 2.72477
199.36 0.866233 294.182 2.87562
199.416 1.03283 294.237 3.02193
199.472 1.20705 294.3 3.15316
199.528 1.38812 294.374 3.26836
199.584 1.57574 294.459 3.38414
199.64 1.7693 294.554 3.48522
199.697 1.96834 294.66 3.5812
199.753 2.17294 294.777 3.68279
199.809 2.38321 294.906 3.78234
199.865 2.59865 295.047 3.86952
199.921 2.81914 295.201 3.96178
199.978 3.04501 295.367 4.05728
200.034 3.27561 295.546 4.13891
200.09 3.51064 295.738 4.2119
200.146 3.74962 295.943 4.27982
200.202 3.99183 296.162 4.32976
200.258 4.23646 296.394 4.36942
200.315 4.48238 296.64 4.3825
200.371 4.72895 296.901 4.3899
200.427 4.97523 297.174 4.38185
200.483 5.22063 297.462 4.356
200.539 5.46396 297.764 4.31616
200.596 5.70547 298.079 4.28427
200.652 5.94526 298.408 4.25751
200.708 6.18275 298.75 4.21098
200.764 6.41801 299.105 4.17205
200.82 6.65143 299.473 4.14002
200.876 6.88296 299.855 4.10852
200.933 7.1126 300.249 4.07856
200.989 7.34187 300.656 4.0858
201.045 7.57114 301.077 4.08055
201.101 7.80088 301.51 4.09739
201.157 8.03188 301.956 4.12529
201.213 8.265 302.415 4.16047
201.27 8.50047 302.887 4.20361
201.326 8.73767 303.373 4.23162
201.382 8.97641 303.872 4.2619
201.438 9.2168 304.384 4.29586
201.494 9.45905 304.91 4.31834
201.551 9.7016 305.45 4.31399
201.607 9.9438 306.003 4.30643
201.663 10.1852 306.57 4.28924
201.719 10.4243 307.15 4.23237
201.775 10.6601 307.743 4.17474
201.831 10.8926 308.35 4.10628
201.888 11.1213 308.97 4.04011
201.944 11.3462 309.602 3.97692
202 11.567 310.247 3.89306
202.056 11.782 310.904 3.78132
202.112 11.9905 311.573 3.66373
202.169 12.1923 312.254 3.5442
202.225 12.3872 312.945 3.41759
202.281 12.5744 313.647 3.27684
202.337 12.7541 314.36 3.14292
202.393 12.9259 315.082 2.99989
202.449 13.0888 315.814 2.83363
202.506 13.2426 316.555 2.67327
202.562 13.387 317.303 2.50488
202.618 13.5215 318.06 2.31855
202.674 13.6454 318.824 2.13131
202.73 13.7587 319.594 1.93069
202.787 13.8594 320.371 1.69825
202.843 13.9465 321.152 1.45358
202.899 14.0189 321.938 1.17748
202.955 14.0749 322.728 0.861464
203.011 14.1141 323.52 0.571562
203.067 14.1342 324.314 0.210732
203.124 14.1333 325.108 -0.172643
203.18 14.11 325.901 -0.577545
203.236 14.0633 326.693 -1.00016
203.292 13.9927 327.48 -1.42967
203.348 13.8979 328.263 -1.85509
203.404 13.7794 329.04 -2.27476
203.461 13.6385 329.81 -2.66382
203.517 13.4768 330.571 -3.01843
203.573 13.2972 331.322 -3.3168
203.629 13.1022 332.062 -3.56794
203.685 12.8945 332.791 -3.77166
203.742 12.6777 333.508 -3.91095
203.798 12.4543 334.213 -4.01284
203.854 12.227 334.905 -4.05996
203.91 11.9982 335.584 -4.07921
203.966 11.7699 336.251 -4.04516
204.022 11.5451 336.904 -3.97083
204.079 11.3252 337.546 -3.86776
204.135 11.1122 338.175 -3.73355
204.191 10.9079 338.792 -3.57042
204.247 10.7137 339.398 -3.37824
204.303 10.5311 339.994 -3.16196
204.36 10.3608 340.58 -2.94059
204.416 10.2042 341.156 -2.68916
204.472 10.0615 341.725 -2.43622
204.528 9.93317 342.286 -2.18127
204.584 9.81987 342.84 -1.90757
204.64 9.72216 343.388 -1.62655
204.697 9.6409 343.932 -1.32432
204.753 9.57718 344.471 -1.01048
204.809 9.53152 345.007 -0.676603
204.865 9.5051 345.542 -0.332416
204.921 9.49821 346.076 0.0163426
204.978 9.51138 346.609 0.380374
205.034 9.54478 347.145 0.738039
205.09 9.59826 347.683 1.0896
205.146 9.67066 348.224 1.41933
205.202 9.76122 348.771 1.73867
205.258 9.86895 349.323 2.03078
205.315 9.99197 349.881 2.29531
205.371 10.1297 350.447 2.55128
205.427 10.2806 351.021 2.77098
205.483 10.4425 351.604 2.95005
205.539 10.6133 352.196 3.10102
205.596 10.7912 352.799 3.21142
205.652 10.9742 353.411 3.2784
205.708 11.1589 354.034 3.28806
205.764 11.3421 354.667 3.23256
205.82 11.52 355.31 3.1113
205.876 11.6888 355.963 2.92843
205.933 11.8453 356.625 2.67894
205.989 11.9852 357.295 2.35935
206.045 12.1053 357.973 1.98496
206.101 12.2029 358.656 1.56899
206.157 12.2761 359.344 1.11821
206.213 12.3225 360.036 0.628785
206.27 12.3404 360.729 0.112958
206.326 12.3295 361.422 -0.401774
206.382 12.2897 362.113 -0.905105
206.438 12.2226 362.802 -1.38282
206.494 12.1299 363.485 -1.82392
206.551 12.0138 364.163 -2.22117
206.607 11.877 364.833 -2.5734
206.663 11.7221 365.495 -2.86995
206.719 11.5526 366.148 -3.10339
206.775 11.3716 366.791 -3.2943
206.831 11.1815 367.424 -3.4411
206.888 10.9842 368.045 -3.55227
206.944 10.7819 368.656 -3.62504
207 10.5763 369.254 -3.67831
207.056 10.3686 369.842 -3.70884
207.112 10.1594 370.417 -3.73255
207.169 9.9493 370.981 -3.74252
207.225 9.73836 371.533 -3.76141
207.281 9.52581 372.073 -3.79952
207.337 9.31087 372.6 -3.84411
207.393 9.09299 373.116 -3.90351
207.449 8.87147 373.62 -3.9715
207.506 8.64589 374.11 -4.04218
207.562 8.41634 374.588 -4.11405
207.618 8.18269 375.053 -4.18584
207.674 7.94597 375.505 -4.2273
207.73 7.70733 375.943 -4.25985
207.787 7.46739 376.368 -4.2698
207.843 7.22774 376.78 -4.25655
207.899 6.98984 377.178 -4.22048
207.955 6.75542 377.563 -4.1465
208.011 6.5256 377.934 -4.05204
208.067 6.30161 378.293 -3.94405
208.124 6.08404 378.64 -3.82344
208.18 5.87378 378.975 -3.68451
208.236 5.67188 379.298 -3.53514
208.292 5.47791 379.61 -3.39572
208.348 5.29216 379.911 -3.2473
208.404 5.11517 380.203 -3.08869
208.461 4.94684 380.484 -2.93269
208.517 4.78719 380.757 -2.78286
208.573 4.63624 381.021 -2.63019
208.629 4.49338 381.276 -2.48024
208.685 4.35896 381.524 -2.33702
208.742 4.23307 381.765 -2.17564
208.798 4.11605 381.999 -2.02023
208.854 4.00772 382.226 -1.86762
208.91 3.90846 382.448 -1.70055
208.966 3.81845 382.664 -1.53703
209.022 3.73765 382.876 -1.37547
209.079 3.66573 383.084 -1.21524
209.135 3.60281 383.287 -1.05721
209.191 3.54872 383.488 -0.897562
209.247 3.50367 383.686 -0.741004
209.303 3.46689 383.881 -0.599277
209.36 3.43787 384.075 -0.461387
209.416 3.41643 384.267 -0.327322
209.472 3.40219 384.459 -0.206395
209.528 3.39422 384.65 -0.102537
209.584 3.39157 384.84 -0.0127036
209.64 3.39373 385.031 0.0717679
209.697 3.40013 385.222 0.14079
209.753 3.41002 385.413 0.20077
209.809 3.42248 385.605 0.238127
209.865 3.43698 385.798 0.269855
209.921 3.45292 385.991 0.293635
209.978 3.46995 386.186 0.307871
210.034 3.48732 386.382 0.308621
210.09 3.50431 386.578 0.298521
210.146 3.52061 386.775 0.280613
210.202 3.53549 386.974 0.255461
210.258 3.54853 387.173 0.21325
210.315 3.55876 387.373 0.158922
210.371 3.5656 387.573 0.0957436
210.427 3.56837 387.773 0.0176204
210.483 3.56659 387.974 -0.0679287
210.539 3.55954 388.174 -0.16525
210.596 3.5467 388.373 -0.270363
210.652 3.52769 388.572 -0.384345
210.708 3.50235 388.769 -0.496357
210.764 3.47089 388.965 -0.606362
210.82 3.43309 389.159 -0.716707
210.876 3.38936 389.35 -0.820515
210.933 3.34005 389.539 -0.917662
210.989 3.28591 389.725 -0.995861
211.045 3.22769 389.907 -1.06263
211.101 3.16637 390.087 -1.10885
211.157 3.10346 390.263 -1.12328
211.213 3.04048 390.435 -1.11584
211.27 2.97895 390.603 -1.07617
211.326 2.92068 390.769 -1.00796
211.382 2.86721 390.931 -0.911923
211.438 2.82004 391.091 -0.789055
211.494 2.7804 391.248 -0.648728
211.551 2.74916 391.403 -0.495617
211.607 2.72681 391.556 -0.327241
211.663 2.71425 391.709 -0.158449
211.719 2.71072 391.861 0.00436792
211.775 2.71627 392.014 0.157924
211.831 2.7294 392.167 0.288138
211.888 2.74982 392.321 0.406565
211.944 2.77594 392.476 0.505639
212 2.80718 392.633 0.583857
212.056 2.84164 392.792 0.633081
212.112 2.87884 392.953 0.686368
212.169 2.91823 393.116 0.706387
212.225 2.95889 393.281 0.734059
212.281 3.00042 393.449 0.742489
212.337 3.0427 393.619 0.764394
212.393 3.08606 393.791 0.776354
212.449 3.12971 393.966 0.775436
212.506 3.17358 394.143 0.793069
212.562 3.21916 394.323 0.817974
212.618 3.26595 394.506 0.845581
212.674 3.31359 394.691 0.850805
212.73 3.36183 394.879 0.865125
212.787 3.41096 395.069 0.879808
212.843 3.46093 395.262 0.898557
212.899 3.51178 395.459 0.907779
212.955 3.563 395.658 0.913351
213.011 3.61369 395.859 0.896165
213.067 3.66346 396.064 0.876705
213.124 3.71198 396.272 0.854165
213.18 3.75878 396.482 0.817699
213.236 3.80311 396.694 0.767492
213.292 3.84466 396.909 0.717711
213.348 3.88331 397.127 0.66608
213.404 3.91906 397.346 0.612636
213.461 3.95164 397.567 0.563692
213.517 3.9812 397.79 0.496415
213.573 4.00765 398.015 0.449441
213.629 4.03143 398.241 0.405098
213.685 4.05287 398.468 0.365923
213.742 4.07246 398.697 0.334676
213.798 4.09036 398.926 0.314192
213.854 4.10772 399.156 0.309512
213.91 4.12505 399.388 0.305498
213.966 4.14251 399.62 0.318854
214.022 4.16131 399.853 0.346435
214.079 4.18143 400.088 0.373429
214.135 4.20399 400.323 0.419044
214.191 4.22924 400.56 0.471967
214.247 4.25808 400.799 0.537803
214.303 4.29057 401.039 0.606668
214.36 4.32691 401.282 0.677846
214.416 4.36757 401.526 0.755798
214.472 4.41247 401.773 0.828809
214.528 4.46179 402.022 0.906007
214.584 4.51488 402.275 0.973887
214.64 4.57242 402.53 1.05143
214.697 4.63347 402.789 1.11004
214.753 4.69776 403.052 1.16853
214.809 4.76554 403.318 1.23136
214.865 4.83637 403.588 1.27785
214.921 4.90973 403.862 1.32042
214.978 4.98524 404.141 1.35939
215.034 5.06269 404.423 1.395
215.09 5.14191 404.71 1.41923
215.146 5.22234 405.002 1.43289
215.202 5.30349 405.298 1.4544
215.258 5.38574 405.599 1.46664
215.315 5.46849 405.904 1.47483
215.371 5.5506 406.214 1.45542
215.427 5.63176 406.529 1.43622
215.483 5.71164 406.848 1.41187
215.539 5.78953 407.171 1.37123
215.596 5.86515 407.499 1.32505
215.652 5.93776 407.831 1.27145
215.708 6.00741 408.167 1.22236
215.764 6.07468 408.507 1.17962
215.82 6.13929 408.85 1.12565
215.876 6.20076 409.197 1.07603
215.933 6.25966 409.548 1.02798
215.989 6.31581 409.901 0.9807
216.045 6.36913 410.258 0.92824
216.101 6.41904 410.617 0.860114
216.157 6.4649 410.98 0.790741
216.213 6.50671 411.344 0.704007
216.27 6.54415 411.711 0.631869
216.326 6.57652 412.08 0.532481
216.382 6.60291 412.45 0.424256
216.438 6.62281 412.822 0.305069
216.494 6.63526 413.194 0.170969
216.551 6.63983 413.567 0.0207625
216.607 6.63531 413.94 -0.147663
216.663 6.62086 414.313 -0.33211
216.719 6.5952 414.684 -0.543726
216.775 6.55715 415.053 -0.770693
216.831 6.50561 415.42 -1.01258
216.888 6.44027 415.783 -1.26268
216.944 6.36063 416.142 -1.5176
217 6.26711 416.496 -1.76397
217.056 6.15977 416.845 -2.00642
217.112 6.03919 417.187 -2.23574
217.169 5.90651 417.522 -2.44914
217.225 5.76181 417.849 -2.65132
217.281 5.60719 418.167 -2.82041
217.337 5.44382 418.477 -2.95915
217.393 5.27374 418.777 -3.06531
217.449 5.09889 419.067 -3.14157
217.506 4.92093 419.348 -3.18289
217.562 4.74141 419.618 -3.20219
217.618 4.56209 419.879 -3.18266
217.674 4.3848 420.129 -3.1324
217.73 4.21146 420.369 -3.05154
217.787 4.04376 420.6 -2.93676
217.843 3.88277 420.822 -2.82079
217.899 3.72874 421.035 -2.68841
217.955 3.58253 421.24 -2.54352
218.011 3.44489 421.436 -2.38735
218.067 3.31632 421.625 -2.22186
218.124 3.19693 421.807 -2.05843
218.18 3.08724 421.983 -1.88301
218.236 2.98766 422.153 -1.69928
218.292 2.89847 422.318 -1.51255
218.348 2.81965 422.478 -1.32847
218.404 2.75143 422.634 -1.13744
218.461 2.69409 422.787 -0.940141
218.517 2.64794 422.937 -0.745511
218.573 2.61246 423.084 -0.555205
218.629 2.58777 423.23 -0.364668
218.685 2.57359 423.375 -0.178804
218.742 2.5696 423.519 0.00265401
218.798 2.57562 423.664 0.175692
218.854 2.59128 423.809 0.345725
218.91 2.61627 423.955 0.504962
218.966 2.6497 424.104 0.65582
219.022 2.69135 424.254 0.795939
219.079 2.74043 424.407 0.925156
219.135 2.79651 424.562 1.04467
219.191 2.85904 424.722 1.15413
219.247 2.92724 424.884 1.2505
219.303 3.00057 425.051 1.34049
219.36 3.0786 425.223 1.41786
219.416 3.16076 425.398 1.49344
219.472 3.24675 425.579 1.55555
219.528 3.33628 425.764 1.61831
219.584 3.4289 425.955 1.6674
219.64 3.52496 426.151 1.7346
219.697 3.62434 426.352 1.79533
219.753 3.72676 426.559 1.8412
219.809 3.83231 426.772 1.90342
219.865 3.94126 426.991 1.96467
219.921 4.05366 427.216 2.02325
219.978 4.1695 427.448 2.07668
220.034 4.28813 427.686 2.13092
220.09 4.40973 427.931 2.18848
220.146 4.53433 428.183 2.236
220.202 4.66146 428.442 2.2804
220.258 4.79083 428.708 2.31831
220.315 4.92215 428.982 2.35263
220.371 5.05565 429.263 2.38964
220.427 5.19047 429.551 2.40315
220.483 5.32614 429.847 2.42133
220.539 5.46262 430.151 2.43708
220.596 5.59987 430.463 2.43963
220.652 5.73671 430.782 2.43557
220.708 5.87332 431.109 2.42681
220.764 6.00884 431.443 2.40596
220.82 6.14306 431.785 2.37671
220.876 6.2756 432.135 2.34582
220.933 6.40599 432.492 2.29898
220.989 6.53318 432.856 2.24578
221.045 6.6578 433.227 2.19928
221.101 6.77908 433.606 2.13231
221.157 6.89719 433.99 2.0853
221.213 7.01224 434.382 2.02326
221.27 7.12373 434.779 1.95965
221.326 7.23149 435.183 1.88991
221.382 7.335 435.593 1.8053
221.438 7.43348 436.009 1.71298
221.494 7.52644 436.429 1.61584
221.551 7.61346 436.855 1.50369
221.607 7.69379 437.286 1.38851
221.663 7.76755 437.72 1.25964
221.719 7.83402 438.159 1.12692
221.775 7.89283 438.601 0.997941
221.831 7.94444 439.046 0.865962
221.888 7.98867 439.494 0.736429
221.944 8.02572 439.944 0.607628
222 8.05549 440.396 0.476927
222.056 8.07759 440.849 0.331622
222.112 8.09207 441.304 0.203375
222.169 8.0988 441.759 0.0662189
222.225 8.09779 442.214 -0.0721838
222.281 8.0891 442.668 -0.210108
222.337 8.07252 443.122 -0.352057
222.393 8.04836 443.575 -0.482772
222.449 8.01667 444.026 -0.616257
222.506 7.97761 444.475 -0.747783
222.562 7.93163 444.922 -0.864735
222.618 7.87894 445.366 -0.985184
222.674 7.81997 445.806 -1.0928
222.73 7.75535 446.244 -1.1898
222.787 7.68537 446.677 -1.28244
222.843 7.6106 447.106 -1.3626
222.899 7.53158 447.531 -1.43542
222.955 7.44875 447.951 -1.49521
223.011 7.36299 448.367 -1.54187
223.067 7.27534 448.778 -1.57004
223.124 7.18628 449.183 -1.59226
223.18 7.09661 449.584 -1.59575
223.236 7.00735 449.98 -1.58586
223.292 6.91869 450.371 -1.57366
223.348 6.83066 450.756 -1.56183
223.404 6.74384 451.137 -1.5317
223.461 6.65903 451.513 -1.49283
223.517 6.57673 451.884 -1.44523
223.573 6.49756 452.251 -1.38137
223.629 6.42219 452.614 -1.31367
223.685 6.35078 452.972 -1.24438
223.742 6.28321 453.326 -1.17546
223.798 6.21958 453.677 -1.10295
223.854 6.16054 454.025 -1.01725
223.91 6.10625 454.369 -0.932586
223.966 6.05676 454.71 -0.846534
224.022 6.0123 455.049 -0.753872
224.079 5.97309 455.385 -0.65964
224.135 5.93937 455.72 -0.561256
224.191 5.91096 456.053 -0.46693
224.247 5.88792 456.384 -0.373112
224.303 5.86994 456.714 -0.28321
224.36 5.857 457.043 -0.195129
224.416 5.84874 457.372 -0.115729
224.472 5.84491 457.701 -0.0335557
224.528 5.84541 458.029 0.0360802
224.584 5.84948 458.357 0.0985396
224.64 5.85735 458.686 0.16586
224.697 5.86862 459.016 0.22255
224.753 5.88272 459.346 0.268787
224.809 5.89916 459.677 0.306696
224.865 5.9175 460.009 0.337671
224.921 5.93777 460.342 0.374412
224.978 5.9599 460.676 0.408131
225.034 5.98341 461.012 0.429862
225.09 6.00833 461.349 0.455513
225.146 6.03456 461.687 0.476022
225.202 6.06201 462.027 0.494931
225.258 6.09038 462.369 0.508551
225.315 6.11986 462.712 0.533479
225.371 6.15036 463.057 0.551788
225.427 6.18221 463.403 0.577132
225.483 6.21515 463.752 0.594222
225.539 6.24978 464.102 0.632045
225.596 6.28638 464.454 0.664482
225.652 6.32482 464.809 0.697497
225.708 6.36494 465.166 0.726993
225.764 6.40678 465.525 0.755125
225.82 6.45031 465.886 0.787369
225.876 6.49546 466.25 0.815071
225.933 6.54218 466.616 0.842908
225.989 6.59052 466.986 0.86974
226.045 6.64034 467.357 0.895934
226.101 6.69133 467.732 0.917425
226.157 6.74379 468.11 0.945302
226.213 6.79782 468.491 0.971757
226.27 6.85301 468.874 0.993438
226.326 6.90944 469.261 1.0138
226.382 6.96709 469.651 1.03377
226.438 7.02595 470.045 1.05716
226.494 7.08605 470.441 1.07832
226.551 7.1475 470.842 1.10411
226.607 7.21002 471.245 1.12276
226.663 7.27386 471.652 1.14477
226.719 7.33854 472.063 1.15764
226.775 7.40422 472.478 1.17514
226.831 7.47041 472.896 1.18066
226.888 7.53688 473.318 1.18419
226.944 7.60338 473.744 1.18069
227 7.66974 474.173 1.18046
227.056 7.73614 474.606 1.18309
227.112 7.80236 475.043 1.17451
227.169 7.8679 475.483 1.15753
227.225 7.93205 475.928 1.13774
227.281 7.99433 476.375 1.09154
227.337 8.05387 476.827 1.03616
227.393 8.11046 477.281 0.985283
227.449 8.16375 477.738 0.920863
227.506 8.21277 478.199 0.839247
227.562 8.25692 478.662 0.751758
227.618 8.29604 479.127 0.656511
227.674 8.32913 479.594 0.547816
227.73 8.35629 480.063 0.441664
227.787 8.37735 480.533 0.331002
227.843 8.39232 481.004 0.225045
227.899 8.40181 481.476 0.128028
227.955 8.40627 481.948 0.0483963
228.011 8.40662 482.421 -0.0126197
228.067 8.40447 482.893 -0.0546706
228.124 8.40061 483.365 -0.0760593
228.18 8.39639 483.837 -0.0703521
228.236 8.39281 484.308 -0.0473565
228.292 8.39186 484.78 -0.000706607
228.348 8.39367 485.251 0.0525485
228.404 8.39878 485.723 0.117242
228.461 8.40782 486.195 0.191076
228.517 8.42066 486.668 0.250059
228.573 8.4369 487.141 0.314399
228.629 8.4564 487.616 0.374828
228.685 8.47851 488.092 0.400814
228.742 8.5016 488.569 0.417028
228.798 8.52524 489.047 0.425663
228.854 8.54877 489.527 0.413568
228.91 8.57143 490.008 0.392709
228.966 8.59206 490.49 0.348373
229.022 8.61027 490.974 0.307483
229.079 8.62539 491.458 0.245654
229.135 8.63652 491.943 0.165017
229.191 8.64315 492.428 0.0899024
229.247 8.6451 492.914 -0.00825573
229.303 8.64121 493.4 -0.105892
229.36 8.63176 493.885 -0.211456
229.416 8.61699 494.369 -0.301972
229.472 8.59677 494.853 -0.395733
229.528 8.57115 495.335 -0.498244
229.584 8.5404 495.815 -0.578736
229.64 8.50547 496.294 -0.646591
229.697 8.4675 496.77 -0.699073
229.753 8.42757 497.245 -0.711021
229.809 8.38773 497.717 -0.704991
229.865 8.34976 498.187 -0.653193
229.921 8.31496 498.655 -0.585035
229.978 8.28616 499.121 -0.468647
230.034 8.26476 499.586 -0.315626
230.09 8.25255 500.049 -0.155385
230.146 8.25005 500.513 0.0377373
230.202 8.25875 500.977 0.233237
230.258 8.27814 501.441 0.418999
230.315 8.30722 501.907 0.577634
230.371 8.34475 502.375 0.722662
230.427 8.38968 502.846 0.845322
230.483 8.44063 503.319 0.945372
230.539 8.49595 503.795 1.00603
230.596 8.55373 504.274 1.04006
230.652 8.61248 504.756 1.03887
230.708 8.6707 505.242 1.03017
230.764 8.72774 505.731 0.997797
230.82 8.7821 506.223 0.947344
230.876 8.83355 506.718 0.894631
230.933 8.8814 507.216 0.82183
230.989 8.92518 507.717 0.752929
231.045 8.96401 508.22 0.64905
231.101 8.99654 508.724 0.534142
231.157 9.02269 509.231 0.419152
231.213 9.04185 509.738 0.292019
231.27 9.05386 510.247 0.157862
231.326 9.05857 510.755 0.0339592
231.382 9.0558 511.264 -0.097397
231.438 9.04646 511.773 -0.213373
231.494 9.03066 512.28 -0.324596
231.551 9.00904 512.787 -0.422925
231.607 8.98225 513.292 -0.505729
231.663 8.9515 513.796 -0.575408
231.719 8.91692 514.298 -0.644779
231.775 8.87802 514.797 -0.722802
231.831 8.83478 515.295 -0.802332
231.888 8.78629 515.789 -0.902693
231.944 8.73239 516.281 -0.999541
232 8.67358 516.77 -1.07123
232.056 8.61143 517.255 -1.12547
232.112 8.54712 517.737 -1.15666
232.169 8.48221 518.215 -1.1594
232.225 8.41786 518.689 -1.135
232.281 8.35537 519.16 -1.09814
232.337 8.2957 519.627 -1.034
232.393 8.24043 520.091 -0.951366
232.449 8.19056 520.553 -0.848028
232.506 8.14641 521.011 -0.740271
232.562 8.10752 521.468 -0.652943
232.618 8.07386 521.922 -0.565302
232.674 8.04477 522.374 -0.488784
232.73 8.01929 522.826 -0.427522
232.787 7.99682 523.275 -0.384899
232.843 7.97617 523.724 -0.356087
232.899 7.95654 524.171 -0.346869
232.955 7.93715 524.618 -0.348305
233.011 7.91762 525.063 -0.34832
233.067 7.89796 525.507 -0.349321
233.124 7.87861 525.95 -0.339641
233.18 7.86015 526.392 -0.317506
233.236 7.84295 526.833 -0.293662
233.292 7.82774 527.273 -0.258025
233.348 7.81567 527.713 -0.187066
233.404 7.80731 528.151 -0.115528
233.461 7.80334 528.59 -0.0403459
233.517 7.80396 529.028 0.044148
233.573 7.80933 529.467 0.133585
233.629 7.82008 529.906 0.228087
233.685 7.83644 530.346 0.331175
233.742 7.85861 530.787 0.436206
233.798 7.88665 531.229 0.540788
233.854 7.92108 531.673 0.659533
233.91 7.96253 532.12 0.793123
233.966 8.01187 532.569 0.928851
234.022 8.06797 533.021 1.04754
234.079 8.13207 533.476 1.2024
234.135 8.2044 533.935 1.34194
234.191 8.28434 534.399 1.48047
234.247 8.37222 534.867 1.61865
234.303 8.46754 535.341 1.74984
234.36 8.57046 535.82 1.88625
234.416 8.68097 536.305 2.02107
234.472 8.79856 536.797 2.14307
234.528 8.92309 537.295 2.26673
234.584 9.05429 537.801 2.38156
234.64 9.19137 538.314 2.48117
234.697 9.33379 538.835 2.57079
234.753 9.48047 539.364 2.63643
234.809 9.63058 539.902 2.69314
234.865 9.78317 540.448 2.72963
234.921 9.93733 541.003 2.74809
234.978 10.0926 541.567 2.76759
235.034 10.248 542.139 2.76411
235.09 10.4022 542.72 2.73455
235.146 10.5548 543.309 2.69791
235.202 10.7045 543.907 2.64433
235.258 10.8509 544.514 2.57604
235.315 10.9924 545.128 2.47807
235.371 11.1279 545.75 2.36804
235.427 11.2564 546.38 2.23075
235.483 11.3761 547.016 2.05677
235.539 11.4852 547.659 1.85785
235.596 11.5818 548.308 1.62291
235.652 11.6637 548.961 1.34552
235.708 11.7291 549.619 1.03848
235.764 11.7758 550.279 0.68715
235.82 11.8017 550.942 0.301358
235.876 11.8043 551.605 -0.132669
235.933 11.7807 552.267 -0.615778
235.989 11.7286 552.928 -1.13702
236.045 11.6466 553.584 -1.67905
236.101 11.5341 554.235 -2.2196
236.157 11.3918 554.878 -2.73988
236.213 11.2209 555.512 -3.23925
236.27 11.023 556.136 -3.70618
236.326 10.8003 556.748 -4.13245
236.382 10.5552 557.347 -4.50555
236.438 10.2907 557.931 -4.8402
236.494 10.0087 558.499 -5.14029
236.551 9.71002 559.052 -5.43132
236.607 9.39527 559.587 -5.71763
236.663 9.0651 560.103 -5.97978
236.719 8.72027 560.601 -6.24191
236.775 8.36161 561.079 -6.47615
236.831 7.98999 561.536 -6.71527
236.888 7.60488 561.972 -6.94727
236.944 7.20668 562.386 -7.17659
237 6.79744 562.777 -7.35252
237.056 6.37865 563.145 -7.51151
237.112 5.95131 563.489 -7.67264
237.169 5.51794 563.809 -7.73294
237.225 5.08108 564.104 -7.80508
237.281 4.64289 564.375 -7.79553
237.337 4.20604 564.621 -7.75827
237.393 3.77148 564.843 -7.7142
237.449 3.34112 565.04 -7.62204
237.506 2.91658 565.213 -7.51245
237.562 2.49862 565.363 -7.39013
237.618 2.0892 565.489 -7.22183
237.674 1.68967 565.593 -7.03406
237.73 1.30168 565.675 -6.81557
237.787 0.926773 565.736 -6.56756
237.843 0.567172 565.775 -6.28418
237.899 0.223717 565.796 -5.99058
237.953 -0.091862 565.797 -5.68543
238 -0.349855 565.786 -5.39737
238.056 -0.640524 565.756 -5.03436
238.112 -0.910663 565.711 -4.65542
238.168 -1.15933 565.652 -4.26851
238.225 -1.38563 565.579 -3.86745
238.281 -1.58903 565.494 -3.44697
238.337 -1.76993 565.398 -3.05811
238.393 -1.92875 565.293 -2.67302
238.449 -2.06628 565.18 -2.30199
238.506 -2.18363 565.06 -1.94707
238.562 -2.28194 564.934 -1.62058
238.618 -2.36223 564.803 -1.30277
238.674 -2.42529 564.668 -1.0034
238.73 -2.47234 564.53 -0.727096
238.786 -2.50419 564.39 -0.465356
238.843 -2.5223 564.249 -0.235488
238.899 -2.52752 564.107 -0.0061517
238.955 -2.52115 563.965 0.192214
239.011 -2.50415 563.824 0.375164
239.067 -2.47739 563.684 0.540562
239.124 -2.44184 563.546 0.692772
239.18 -2.39819 563.41 0.829535
239.236 -2.34722 563.277 0.955452
239.292 -2.29019 563.147 1.05473
239.348 -2.22797 563.021 1.14338
239.404 -2.16135 562.898 1.21005
239.461 -2.09155 562.779 1.26268
239.517 -2.01925 562.664 1.2969
239.573 -1.94541 562.553 1.32066
239.629 -1.87104 562.446 1.32305
239.685 -1.79655 562.343 1.32395
239.742 -1.72258 562.245 1.31125
239.798 -1.64961 562.151 1.29015
239.854 -1.57781 562.06 1.26771
239.91 -1.50743 561.974 1.24075
239.966 -1.43893 561.892 1.20672
240.022 -1.37209 561.813 1.17659
240.079 -1.3074 561.738 1.13905
240.135 -1.2446 561.667 1.10531
240.191 -1.18363 561.599 1.07482
240.247 -1.12441 561.535 1.04041
240.303 -1.06685 561.473 1.01368
240.36 -1.01085 561.415 0.985856
240.416 -0.956647 561.36 0.951398
240.472 -0.904304 561.308 0.918308
240.528 -0.853644 561.259 0.890198
240.584 -0.804505 561.213 0.864751
240.64 -0.756941 561.169 0.833854
240.697 -0.711228 561.128 0.799791
240.753 -0.667481 561.09 0.766118
240.809 -0.625533 561.054 0.734662
240.865 -0.585595 561.02 0.694506
240.921 -0.547866 560.988 0.660239
240.978 -0.512866 560.959 0.600919
241.034 -0.480304 560.931 0.566457
241.09 -0.450452 560.905 0.514604
241.146 -0.422622 560.881 0.476981
241.202 -0.397321 560.858 0.432223
241.258 -0.374421 560.836 0.389234
241.315 -0.353566 560.816 0.357763
241.371 -0.33461 560.797 0.324586
241.427 -0.31732 560.779 0.296232
241.483 -0.30127 560.761 0.277541
241.539 -0.286174 560.745 0.267491
241.596 -0.271547 560.729 0.253884
241.652 -0.257488 560.715 0.248902
241.708 -0.243611 560.701 0.248378
241.764 -0.229788 560.687 0.252812
241.82 -0.215061 560.675 0.270042
241.876 -0.198811 560.663 0.304202
241.933 -0.180629 560.653 0.341934
241.989 -0.160105 560.643 0.384628
242.045 -0.136638 560.635 0.434159
242.101 -0.110455 560.628 0.488308
242.157 -0.0810582 560.623 0.545236
242.213 -0.0480655 560.62 0.61288
242.27 -0.0113822 560.618 0.681555
242.326 0.0295945 560.619 0.760847
242.382 0.0748166 560.622 0.845122
242.438 0.125397 560.628 0.937137
242.494 0.18151 560.637 1.04473
242.551 0.243711 560.649 1.14051
242.607 0.312708 560.665 1.27732
242.663 0.388471 560.685 1.40076
242.719 0.471433 560.71 1.53003
242.775 0.562167 560.739 1.67943
242.831 0.661562 560.774 1.83314
242.888 0.769826 560.815 1.99167
242.944 0.887351 560.862 2.15955
243 1.01448 560.916 2.33262
243.056 1.15166 560.978 2.5121
243.112 1.29863 561.047 2.68625
243.169 1.45521 561.126 2.85628
243.225 1.62169 561.213 3.02905
243.281 1.79745 561.31 3.18933
243.337 1.98156 561.417 3.33615
243.393 2.17328 561.535 3.46222
243.449 2.37187 561.664 3.57929
243.506 2.57654 561.804 3.68335
243.562 2.78609 561.955 3.75706
243.618 2.99917 562.119 3.81301
243.674 3.21436 562.295 3.83908
243.73 3.43046 562.483 3.84706
243.787 3.64598 562.683 3.82407
243.843 3.85929 562.895 3.77866
243.899 4.06957 563.119 3.71273
243.955 4.27532 563.354 3.62393
244.011 4.47518 563.601 3.51208
244.067 4.6686 563.859 3.40065
244.124 4.85561 564.128 3.27687
244.18 5.03513 564.407 3.13838
244.236 5.20644 564.695 2.98916
244.292 5.36967 564.993 2.84766
244.348 5.52492 565.3 2.70394
244.404 5.67202 565.616 2.56317
244.461 5.81169 565.939 2.43216
244.517 5.94367 566.27 2.29925
244.573 6.06784 566.608 2.15427
244.629 6.18428 566.953 2.02055
244.685 6.29333 567.304 1.88976
244.742 6.39462 567.661 1.74484
244.798 6.48795 568.024 1.60827
244.854 6.57357 568.391 1.46807
244.91 6.6515 568.763 1.33391
244.966 6.72216 569.139 1.20476
245.022 6.78514 569.519 1.06628
245.079 6.84002 569.902 0.918297
245.135 6.88669 570.288 0.773613
245.191 6.92521 570.676 0.622827
245.247 6.95515 571.066 0.469656
245.303 6.97579 571.458 0.303195
245.36 6.98746 571.85 0.144717
245.416 6.99029 572.243 -0.0155069
245.472 6.98437 572.635 -0.16371
245.528 6.97005 573.027 -0.312743
245.584 6.9474 573.418 -0.462631
245.64 6.91668 573.807 -0.600648
245.697 6.87857 574.195 -0.729279
245.753 6.83341 574.58 -0.853137
245.809 6.78144 574.962 -0.966224
245.865 6.72348 575.341 -1.07172
245.921 6.66029 575.717 -1.16144
245.978 6.59255 576.088 -1.23804
246.034 6.52175 576.456 -1.27872
246.09 6.44865 576.82 -1.31303
246.146 6.37424 577.18 -1.32196
246.202 6.29972 577.536 -1.32366
246.258 6.22606 577.887 -1.29691
246.315 6.15463 578.235 -1.24622
246.371 6.08529 578.578 -1.21685
246.427 6.01927 578.918 -1.14713
246.483 5.957 579.254 -1.07952
246.539 5.89895 579.586 -1.00058
246.596 5.84608 579.916 -0.907072
246.652 5.79788 580.243 -0.823763
246.708 5.75419 580.567 -0.741737
246.764 5.71582 580.889 -0.642902
246.82 5.68315 581.209 -0.53848
246.876 5.65661 581.527 -0.429922
246.933 5.63575 581.844 -0.327537
246.989 5.62087 582.16 -0.22308
247.045 5.61244 582.476 -0.10605
247.101 5.60975 582.791 -0.00558048
247.157 5.61309 583.106 0.100376
247.213 5.62215 583.422 0.205949
247.27 5.6376 583.738 0.317227
247.326 5.65928 584.056 0.428084
247.382 5.68694 584.374 0.537941
247.438 5.72079 584.695 0.646914
247.494 5.76126 585.018 0.775061
247.551 5.80834 585.343 0.882863
247.607 5.86242 585.671 1.0218
247.663 5.92312 586.002 1.12634
247.719 5.99071 586.337 1.25667
247.775 6.06548 586.677 1.37558
247.831 6.14672 587.02 1.49416
247.888 6.23531 587.368 1.63123
247.944 6.33123 587.722 1.75744
248 6.43431 588.081 1.88484
248.056 6.54485 588.446 2.02207
248.112 6.66228 588.818 2.13282
248.169 6.78514 589.196 2.23239
248.225 6.9138 589.582 2.33569
248.281 7.04878 589.975 2.44669
248.337 7.18983 590.375 2.5512
248.393 7.33609 590.784 2.6382
248.449 7.48673 591.201 2.71049
248.506 7.64104 591.627 2.7729
248.562 7.79873 592.062 2.82133
248.618 7.95932 592.505 2.86824
248.674 8.12123 592.958 2.88832
248.73 8.28339 593.42 2.88596
248.787 8.44551 593.89 2.88604
248.843 8.60737 594.37 2.87933
248.899 8.76869 594.859 2.85892
248.955 8.92902 595.357 2.8435
249.011 9.0878 595.864 2.81191
249.067 9.24398 596.38 2.75414
249.124 9.39749 596.905 2.71558
249.18 9.54893 597.438 2.6832
249.236 9.69839 597.979 2.64356
249.292 9.8455 598.529 2.60196
249.348 9.9898 599.087 2.54551
249.404 10.1306 599.653 2.48161
249.461 10.2674 600.227 2.40258
249.517 10.3995 600.808 2.31546
249.573 10.5261 601.397 2.21033
249.629 10.6463 601.992 2.08887
249.685 10.7592 602.594 1.95446
249.742 10.8641 603.202 1.80762
249.798 10.9604 603.816 1.6533
249.854 11.048 604.434 1.49526
249.91 11.1265 605.058 1.3322
249.966 11.1962 605.685 1.18044
250.022 11.2573 606.316 1.02401
250.079 11.31 606.951 0.887242
250.135 11.356 607.588 0.77481
250.191 11.3961 608.227 0.673721
250.247 11.4308 608.868 0.581338
250.303 11.4606 609.511 0.497993
250.36 11.4862 610.156 0.431422
250.416 11.5087 610.802 0.380699
250.472 11.5285 611.45 0.338576
250.528 11.5467 612.098 0.315369
250.584 11.5636 612.747 0.291278
250.64 11.5795 613.397 0.279253
250.697 11.5949 614.048 0.270867
250.753 11.6099 614.7 0.265066
250.809 11.6243 615.353 0.250011
250.865 11.6374 616.006 0.21917
250.921 11.6483 616.661 0.174777
250.978 11.6556 617.315 0.0972462
251.034 11.6577 617.97 -0.00812889
251.09 11.6523 618.625 -0.163234
251.146 11.6364 619.279 -0.368604
251.202 11.6073 619.932 -0.619193
251.258 11.5625 620.583 -0.924661
251.315 11.4988 621.23 -1.27746
251.371 11.4151 621.873 -1.64172
251.427 11.3096 622.511 -2.03158
251.483 11.1824 623.142 -2.41916
251.539 11.0337 623.766 -2.79721
251.596 10.8642 624.38 -3.16126
251.652 10.6756 624.984 -3.48114
251.708 10.4704 625.577 -3.75729
251.764 10.2518 626.158 -3.96753
251.82 10.0236 626.726 -4.11064
251.876 9.79014 627.281 -4.17372
251.933 9.55509 627.823 -4.17861
251.989 9.32208 628.352 -4.11793
252.045 9.09456 628.868 -4.00041
252.101 8.87521 629.372 -3.83584
252.157 8.66703 629.863 -3.61502
252.213 8.4722 630.344 -3.36811
252.27 8.29227 630.814 -3.0942
252.326 8.12797 631.274 -2.81318
252.382 7.97924 631.725 -2.53952
252.438 7.84594 632.169 -2.26957
252.494 7.72636 632.606 -2.03365
252.551 7.61904 633.036 -1.83312
252.607 7.52128 633.461 -1.6758
252.663 7.43212 633.88 -1.53299
252.719 7.34963 634.295 -1.43432
252.775 7.27125 634.705 -1.36359
252.831 7.19676 635.111 -1.31293
252.888 7.12357 635.513 -1.29772
252.944 7.05056 635.911 -1.30968
253 6.97583 636.304 -1.34552
253.056 6.89934 636.694 -1.37676
253.112 6.82028 637.079 -1.43067
253.169 6.73831 637.459 -1.47482
253.225 6.65463 637.835 -1.5008
253.281 6.56933 638.206 -1.51512
253.337 6.48464 638.572 -1.50357
253.393 6.40168 638.934 -1.45686
253.449 6.32116 639.291 -1.42141
253.506 6.24423 639.643 -1.3336
253.562 6.17152 639.991 -1.25548
253.618 6.10595 640.336 -1.10843
253.674 6.04872 640.677 -0.950346
253.73 6.00163 641.015 -0.757124
253.787 5.96611 641.351 -0.541808
253.843 5.94295 641.685 -0.326391
253.899 5.93228 642.019 -0.0985588
253.955 5.93441 642.352 0.129048
254.011 5.94915 642.686 0.348215
254.067 5.97564 643.021 0.549694
254.124 6.0128 643.358 0.733476
254.18 6.05974 643.697 0.901751
254.236 6.11553 644.04 1.05392
254.292 6.17921 644.385 1.18549
254.348 6.24975 644.735 1.29881
254.404 6.32633 645.088 1.40392
254.461 6.40812 645.446 1.49105
254.517 6.49451 645.809 1.56776
254.573 6.5845 646.177 1.6189
254.629 6.67656 646.55 1.64865
254.685 6.76993 646.929 1.66767
254.742 6.86359 647.312 1.66473
254.798 6.95637 647.701 1.63953
254.854 7.04713 648.095 1.59843
254.91 7.13539 648.494 1.55164
254.966 7.22131 648.897 1.5157
255.022 7.30453 649.306 1.4587
255.079 7.38534 649.719 1.42239
255.135 7.46454 650.136 1.40269
255.191 7.54257 650.558 1.39257
255.247 7.62069 650.985 1.38973
255.303 7.69888 651.416 1.39116
255.36 7.77755 651.851 1.4116
255.416 7.85704 652.29 1.42725
255.472 7.9385 652.735 1.4663
255.528 8.02256 653.183 1.51572
255.584 8.10905 653.637 1.55945
255.64 8.19885 654.096 1.62605
255.697 8.29218 654.559 1.68351
255.753 8.38877 655.028 1.74403
255.809 8.48902 655.503 1.81157
255.865 8.59286 655.983 1.87255
255.921 8.70006 656.47 1.92443
255.978 8.80955 656.962 1.97561
256.034 8.92038 657.461 1.97681
256.09 9.03126 657.966 1.96851
256.146 9.14106 658.477 1.9436
256.202 9.24881 658.994 1.89707
256.258 9.35305 659.517 1.82566
256.315 9.45303 660.046 1.74599
256.371 9.54788 660.58 1.65308
256.427 9.63711 661.12 1.54322
256.483 9.71954 661.664 1.41457
256.539 9.79453 662.212 1.28202
256.596 9.86204 662.765 1.14559
256.652 9.9215 663.321 0.999534
256.708 9.97304 663.88 0.861604
256.764 10.017 664.442 0.730984
256.82 10.0541 665.006 0.612094
256.876 10.0846 665.572 0.501345
256.933 10.1096 666.139 0.409422
256.989 10.1298 666.708 0.330345
257.045 10.146 667.278 0.266507
257.101 10.1594 667.848 0.221581
257.157 10.171 668.419 0.196179
257.213 10.1815 668.991 0.188145
257.27 10.1921 669.563 0.194302
257.326 10.2038 670.136 0.217033
257.382 10.2173 670.71 0.257567
257.438 10.2332 671.285 0.301394
257.494 10.2521 671.86 0.359331
257.551 10.2743 672.437 0.414638
257.607 10.3005 673.015 0.495929
257.663 10.3306 673.595 0.562815
257.719 10.3648 674.176 0.6414
257.775 10.4033 674.76 0.71511
257.831 10.4464 675.346 0.801497
257.888 10.4945 675.934 0.893912
257.944 10.5486 676.525 1.01176
258 10.6092 677.12 1.12209
258.056 10.6769 677.718 1.25481
258.112 10.7514 678.321 1.37115
258.169 10.833 678.927 1.50951
258.225 10.9216 679.539 1.61634
258.281 11.0157 680.156 1.70984
258.337 11.1143 680.778 1.78445
258.393 11.2169 681.406 1.85258
258.449 11.3228 682.039 1.89458
258.506 11.4293 682.679 1.89644
258.562 11.5355 683.325 1.88602
258.618 11.641 683.976 1.86837
258.674 11.7447 684.634 1.83386
258.73 11.8462 685.297 1.78378
258.787 11.9443 685.966 1.7201
258.843 12.0387 686.64 1.65366
258.899 12.1285 687.32 1.56067
258.955 12.2131 688.004 1.4629
259.011 12.2915 688.693 1.35504
259.067 12.3635 689.386 1.23206
259.124 12.4287 690.082 1.11238
259.18 12.4865 690.783 0.969416
259.236 12.5366 691.486 0.833042
259.292 12.579 692.192 0.705489
259.348 12.6142 692.9 0.574597
259.404 12.6417 693.609 0.435351
259.461 12.6619 694.32 0.309808
259.517 12.6751 695.032 0.183555
259.573 12.681 695.744 0.051262
259.629 12.6793 696.457 -0.0842837
259.685 12.6697 697.169 -0.224676
259.742 12.6523 697.88 -0.367264
259.798 12.6268 698.59 -0.509199
259.854 12.5932 699.298 -0.654482
259.91 12.5516 700.004 -0.798195
259.966 12.502 700.708 -0.941383
260.022 12.4441 701.408 -1.08966
260.079 12.3779 702.105 -1.23801
260.135 12.3035 702.798 -1.37932
260.191 12.2215 703.487 -1.51195
260.247 12.1321 704.17 -1.64407
260.303 12.0359 704.849 -1.7565
260.36 11.9337 705.521 -1.85687
260.416 11.8265 706.188 -1.94439
260.472 11.7145 706.849 -2.02662
260.528 11.5981 707.503 -2.09859
260.584 11.4779 708.151 -2.16752
260.64 11.3539 708.791 -2.23293
260.697 11.2263 709.425 -2.29401
260.753 11.0955 710.051 -2.34878
260.809 10.9623 710.67 -2.38031
260.865 10.8276 711.281 -2.40569
260.921 10.6921 711.885 -2.41472
260.978 10.5567 712.481 -2.40816
261.034 10.4217 713.07 -2.39376
261.09 10.2881 713.651 -2.36847
261.146 10.1562 714.224 -2.33239
261.202 10.0264 714.79 -2.2966
261.258 9.89899 715.349 -2.24779
261.315 9.77427 715.901 -2.20359
261.371 9.65197 716.446 -2.15753
261.427 9.53224 716.984 -2.11339
261.483 9.41494 717.516 -2.07195
261.539 9.29934 718.041 -2.04839
261.596 9.18518 718.56 -2.0206
261.652 9.07263 719.072 -1.99255
261.708 8.96121 719.578 -1.97456
261.764 8.8506 720.077 -1.96723
261.82 8.74049 720.571 -1.95663
261.876 8.63115 721.058 -1.94355
261.933 8.52202 721.539 -1.93994
261.989 8.41322 722.015 -1.9323
262.045 8.30483 722.484 -1.92178
262.101 8.19643 722.946 -1.93032
262.157 8.08775 723.403 -1.93791
262.213 7.97883 723.854 -1.94127
262.27 7.86977 724.299 -1.94778
262.326 7.75986 724.737 -1.9617
262.382 7.64907 725.169 -1.97961
262.438 7.53703 725.595 -2.00375
262.494 7.42342 726.015 -2.03112
262.551 7.30728 726.428 -2.08761
262.607 7.18809 726.834 -2.14425
262.663 7.06542 727.234 -2.20909
262.719 6.93887 727.627 -2.28176
262.775 6.80768 728.012 -2.37015
262.831 6.6717 728.39 -2.45488
262.888 6.53028 728.76 -2.5559
262.944 6.38355 729.122 -2.64901
263 6.23118 729.476 -2.75109
263.056 6.07333 729.82 -2.84804
263.112 5.91039 730.156 -2.93358
263.169 5.74356 730.483 -2.98546
263.225 5.57395 730.8 -3.03267
263.281 5.40272 731.107 -3.05605
263.337 5.2311 731.405 -3.05244
263.393 5.06084 731.693 -3.014
263.449 4.89401 731.971 -2.93602
263.506 4.73246 732.241 -2.83061
263.562 4.57799 732.502 -2.69298
263.618 4.43209 732.754 -2.53025
263.674 4.29592 732.998 -2.34605
263.73 4.17081 733.235 -2.14611
263.787 4.05718 733.466 -1.9417
263.843 3.95522 733.69 -1.73051
263.899 3.865 733.909 -1.5182
263.955 3.78664 734.124 -1.31741
264.011 3.71944 734.334 -1.11564
264.067 3.66301 734.541 -0.934663
264.124 3.61573 734.745 -0.780939
264.18 3.57723 734.947 -0.624463
264.236 3.5464 735.147 -0.497639
264.292 3.52278 735.345 -0.371704
264.348 3.50585 735.543 -0.256766
264.404 3.4948 735.739 -0.158375
264.461 3.48947 735.935 -0.0505848
264.517 3.48982 736.131 0.043653
264.573 3.49562 736.328 0.144209
264.629 3.50704 736.524 0.243879
264.685 3.52445 736.722 0.357569
264.742 3.54817 736.921 0.46536
264.798 3.57823 737.121 0.580793
264.854 3.61494 737.323 0.702903
264.91 3.65842 737.528 0.821708
264.966 3.70936 737.735 0.960819
265.022 3.76799 737.945 1.09884
265.079 3.8342 738.159 1.23093
265.135 3.90809 738.377 1.37033
265.191 3.98972 738.599 1.50656
265.247 4.07882 738.826 1.63781
265.303 4.17513 739.059 1.76576
265.36 4.27862 739.297 1.89122
265.416 4.38896 739.541 2.00816
265.472 4.50539 739.791 2.11479
265.528 4.62659 740.049 2.18068
265.584 4.7507 740.313 2.22656
265.64 4.87698 740.584 2.25745
265.697 5.00425 740.862 2.26447
265.753 5.13115 741.147 2.24948
265.809 5.25633 741.44 2.21077
265.865 5.37891 741.739 2.16305
265.921 5.49812 742.046 2.09728
265.978 5.61354 742.358 2.02391
266.034 5.7243 742.678 1.93588
266.09 5.8295 743.003 1.83121
266.146 5.9286 743.334 1.70761
266.202 6.02172 743.67 1.61163
266.258 6.10798 744.011 1.48391
266.315 6.18742 744.357 1.36506
266.371 6.25978 744.707 1.23613
266.427 6.32499 745.061 1.11183
266.483 6.38301 745.418 0.980863
266.539 6.43354 745.779 0.848164
266.596 6.47658 746.141 0.713992
266.652 6.51233 746.507 0.585069
266.708 6.54165 746.873 0.475697
266.764 6.5649 747.242 0.378105
266.82 6.58338 747.611 0.301579
266.876 6.59802 747.982 0.238625
266.933 6.60939 748.353 0.176506
266.989 6.61749 748.724 0.124531
267.045 6.62323 749.096 0.0877206
267.101 6.62667 749.468 0.0450973
267.157 6.62774 749.841 -0.00139018
267.213 6.62602 750.213 -0.0505961
267.27 6.6212 750.585 -0.108999
267.326 6.61308 750.957 -0.171114
267.382 6.60092 751.328 -0.245403
267.438 6.58439 751.698 -0.324679
267.494 6.56355 752.068 -0.402753
267.551 6.53843 752.435 -0.479439
267.607 6.50878 752.802 -0.55989
267.663 6.47424 753.166 -0.648771
267.719 6.43514 753.529 -0.725353
267.775 6.39185 753.889 -0.797092
267.831 6.345 754.246 -0.856046
267.888 6.29536 754.601 -0.897349
267.944 6.24414 754.953 -0.917041
268 6.19283 755.302 -0.906512
268.056 6.14371 755.648 -0.846908
268.112 6.0986 755.992 -0.769732
268.169 6.0588 756.333 -0.663173
268.225 6.0257 756.672 -0.536345
268.281 6.00031 757.01 -0.393506
268.337 5.98355 757.347 -0.230472
268.393 5.97629 757.682 -0.0619376
268.449 5.97824 758.018 0.098552
268.506 5.98858 758.354 0.239905
268.562 6.00651 758.691 0.366954
268.618 6.03041 759.03 0.460719
268.674 6.05881 759.369 0.531351
268.73 6.09018 759.711 0.574887
268.787 6.12324 760.054 0.592527
268.843 6.1566 760.399 0.591292
268.899 6.18924 760.746 0.569235
268.955 6.2197 761.095 0.517703
269.011 6.24718 761.445 0.462276
269.067 6.27066 761.797 0.385071
269.124 6.28884 762.15 0.279752
269.18 6.30071 762.504 0.164518
269.236 6.30578 762.858 0.0408798
269.292 6.30322 763.212 -0.101996
269.348 6.29292 763.566 -0.239438
269.404 6.27493 763.919 -0.377381
269.461 6.24867 764.271 -0.524317
269.517 6.21465 764.62 -0.663635
269.573 6.1731 764.968 -0.792426
269.629 6.12424 765.313 -0.91836
269.685 6.06913 765.656 -1.02018
269.742 6.00855 765.995 -1.11784
269.798 5.94231 766.33 -1.21132
269.854 5.8718 766.661 -1.28196
269.91 5.79784 766.989 -1.33786
269.966 5.72111 767.312 -1.38651
270.022 5.64278 767.631 -1.39915
270.079 5.56384 767.945 -1.41109
270.135 5.48465 768.255 -1.4078
270.191 5.40593 768.56 -1.39926
270.247 5.32787 768.862 -1.38086
270.303 5.25132 769.158 -1.34932
270.36 5.17641 769.451 -1.31928
270.416 5.10425 769.739 -1.26376
270.472 5.03499 770.024 -1.21383
270.528 4.96875 770.304 -1.15631
270.584 4.90597 770.581 -1.08738
270.64 4.84735 770.855 -1.01424
270.697 4.7931 771.125 -0.938208
270.753 4.74369 771.393 -0.846863
270.809 4.69883 771.658 -0.766951
270.865 4.65897 771.92 -0.678083
270.921 4.62466 772.181 -0.567801
270.978 4.59595 772.44 -0.473382
271.034 4.57279 772.697 -0.371406
271.09 4.55516 772.953 -0.276016
271.146 4.54288 773.209 -0.17787
271.202 4.53617 773.464 -0.0825851
271.258 4.5344 773.719 0.00566272
271.315 4.53801 773.974 0.105206
271.371 4.54699 774.229 0.19461
271.427 4.56072 774.485 0.274173
271.483 4.57852 774.741 0.350495
271.539 4.60105 774.999 0.433219
271.596 4.62771 775.259 0.505965
271.652 4.65802 775.52 0.562615
271.708 4.69122 775.783 0.605537
271.764 4.72698 776.047 0.657336
271.82 4.76542 776.314 0.703863
271.876 4.8064 776.583 0.743605
271.933 4.84956 776.855 0.784962
271.989 4.89491 777.129 0.821994
272.045 4.9424 777.405 0.85803
272.101 4.99185 777.685 0.895972
272.157 5.04333 777.967 0.931165
272.213 5.09715 778.252 0.976171
272.27 5.15381 778.54 1.0356
272.326 5.21359 778.832 1.0835
272.382 5.27616 779.127 1.13341
272.438 5.34154 779.425 1.18266
272.494 5.40963 779.728 1.23179
272.551 5.48013 780.034 1.26856
272.607 5.55253 780.344 1.3022
272.663 5.62658 780.659 1.32775
272.719 5.70181 780.977 1.34821
272.775 5.77802 781.3 1.36141
272.831 5.85441 781.627 1.3604
272.888 5.93066 781.959 1.35213
272.944 6.00582 782.295 1.32602
273 6.07935 782.634 1.30353
273.056 6.15136 782.978 1.26489
273.112 6.22102 783.326 1.22348
273.169 6.28786 783.678 1.16808
273.225 6.35137 784.034 1.09908
273.281 6.41044 784.392 1.02001
273.337 6.46482 784.754 0.932996
273.393 6.51432 785.119 0.844945
273.449 6.55899 785.487 0.766261
273.506 6.59894 785.857 0.678348
273.562 6.63428 786.229 0.599483
273.618 6.66604 786.602 0.544687
273.674 6.69523 786.978 0.50027
273.73 6.72197 787.355 0.462454
273.787 6.74755 787.733 0.453711
273.843 6.77292 788.113 0.453428
273.899 6.79894 788.495 0.471767
273.955 6.82635 788.878 0.501651
274.011 6.85533 789.262 0.530354
274.067 6.88732 789.648 0.592429
274.124 6.92262 790.036 0.649586
274.18 6.96114 790.426 0.702996
274.236 7.00306 790.819 0.776082
274.292 7.04831 791.214 0.827061
274.348 7.09616 791.611 0.872872
274.404 7.14664 792.012 0.908976
274.461 7.1979 792.415 0.916956
274.517 7.24983 792.821 0.926299
274.573 7.30142 793.23 0.90996
274.629 7.3519 793.642 0.891174
274.685 7.40064 794.057 0.855478
274.742 7.44805 794.474 0.828587
274.798 7.49308 794.894 0.785246
274.854 7.53514 795.317 0.729284
274.91 7.57375 795.741 0.663124
274.966 7.60846 796.168 0.58893
275.022 7.63857 796.596 0.497643
275.079 7.6627 797.026 0.381891
275.135 7.68008 797.457 0.252738
275.191 7.68956 797.889 0.108977
275.247 7.69033 798.321 -0.0579072
275.303 7.68068 798.753 -0.254411
275.36 7.65926 799.184 -0.467111
275.416 7.62585 799.613 -0.685036
275.472 7.57994 800.04 -0.907573
275.528 7.5213 800.464 -1.13403
275.584 7.45007 800.884 -1.35764
275.64 7.36677 801.3 -1.56905
275.697 7.271 801.711 -1.79347
275.753 7.16395 802.116 -1.98492
275.809 7.04576 802.514 -2.18066
275.865 6.91652 802.906 -2.37921
275.921 6.77653 803.29 -2.5686
275.978 6.62574 803.665 -2.75851
276.034 6.46465 804.032 -2.94092
276.09 6.29426 804.39 -3.09419
276.146 6.11541 804.737 -3.2416
276.202 5.92819 805.074 -3.38956
276.258 5.73344 805.401 -3.51439
276.315 5.53289 805.716 -3.60832
276.371 5.32785 806.02 -3.67131
276.427 5.1204 806.313 -3.70259
276.483 4.91232 806.593 -3.70001
276.539 4.70537 806.862 -3.6701
276.596 4.50143 807.12 -3.59501
276.652 4.30288 807.366 -3.49
276.708 4.11151 807.601 -3.34847
276.764 3.92922 807.826 -3.17532
276.82 3.75641 808.041 -3.00655
276.876 3.59389 808.246 -2.81708
276.933 3.44172 808.443 -2.63792
276.989 3.29907 808.631 -2.4735
277.045 3.16535 808.812 -2.31829
277.101 3.04022 808.986 -2.16846
277.157 2.9226 809.153 -2.04584
277.213 2.81138 809.313 -1.93751
277.27 2.7057 809.467 -1.84122
277.326 2.60479 809.616 -1.7707
277.382 2.50739 809.759 -1.71157
277.438 2.41305 809.897 -1.65816
277.494 2.32173 810.029 -1.6062
277.551 2.23305 810.157 -1.55584
277.607 2.14761 810.279 -1.49686
277.663 2.06583 810.397 -1.42556
277.719 1.98855 810.511 -1.33944
277.775 1.91675 810.62 -1.23646
277.831 1.85084 810.725 -1.12722
277.888 1.79182 810.827 -0.996792
277.944 1.74078 810.926 -0.850924
278 1.69837 811.022 -0.690288
278.056 1.66502 811.117 -0.528341
278.112 1.64086 811.209 -0.363505
278.169 1.62627 811.301 -0.189923
278.225 1.62173 811.392 -0.00538428
278.281 1.62741 811.483 0.170112
278.337 1.64267 811.575 0.336848
278.393 1.66694 811.668 0.495487
278.449 1.70013 811.763 0.650411
278.506 1.74125 811.86 0.786799
278.562 1.78969 811.959 0.910121
278.618 1.84467 812.062 1.02504
278.674 1.90604 812.167 1.13817
278.73 1.97341 812.277 1.23756
278.787 2.04631 812.39 1.33437
278.843 2.12399 812.508 1.41494
278.899 2.20595 812.63 1.48426
278.955 2.29131 812.756 1.54349
279.011 2.38032 812.888 1.61192
279.067 2.4728 813.025 1.67033
279.124 2.56902 813.167 1.74072
279.18 2.66886 813.315 1.80104
279.236 2.77182 813.468 1.85127
279.292 2.87744 813.627 1.89819
279.348 2.98518 813.793 1.93003
279.404 3.09451 813.964 1.95507
279.461 3.20495 814.142 1.97037
279.517 3.31617 814.326 1.98432
279.573 3.42754 814.516 1.97793
279.629 3.53841 814.712 1.96763
279.685 3.64841 814.914 1.9502
279.742 3.75712 815.123 1.92971
279.798 3.86427 815.338 1.89156
279.854 3.96923 815.558 1.8514
279.91 4.07158 815.785 1.80107
279.966 4.17098 816.017 1.74718
