# t frame_uz frame_z ub_dans_repere
160 -2.41159e-07 -8.77899e-11 -0.000662463
160.007 0.000611692 2.22603e-06 0.110401
160.018 0.00233107 2.02512e-05 0.182273
160.033 0.00598823 8.49141e-05 0.289575
160.049 0.0119127 0.000241782 0.39849
160.067 0.0203605 0.00054317 0.519029
160.086 0.0314695 0.0010451 0.643595
160.105 0.045247 0.00180459 0.765358
160.125 0.0616133 0.00287484 0.888697
160.144 0.0804766 0.00430625 1.00553
160.164 0.101777 0.00614791 1.12382
160.184 0.125449 0.00845023 1.23462
160.204 0.151331 0.0112524 1.34339
160.224 0.179319 0.0145948 1.44878
160.244 0.209358 0.0185228 1.54878
160.264 0.241463 0.0230934 1.64145
160.284 0.275447 0.0283287 1.73513
160.304 0.311187 0.0342652 1.82262
160.324 0.348656 0.0409375 1.90594
160.344 0.387718 0.0483787 1.98463
160.364 0.428345 0.0566202 2.06055
160.384 0.470435 0.0656921 2.13219
160.404 0.5139 0.0756227 2.19878
160.424 0.558601 0.0864378 2.2582
160.444 0.60446 0.0981613 2.31433
160.464 0.651379 0.110815 2.36526
160.484 0.699264 0.124419 2.41125
160.504 0.748053 0.138992 2.45669
160.524 0.797679 0.154551 2.49664
160.544 0.848049 0.171112 2.53148
160.564 0.899069 0.188689 2.56225
160.584 0.950655 0.207293 2.58899
160.604 1.00273 0.226935 2.61195
160.624 1.05523 0.247624 2.63236
160.644 1.10813 0.269368 2.65149
160.664 1.16135 0.292174 2.66642
160.684 1.21484 0.316049 2.67786
160.704 1.26853 0.340995 2.68692
160.724 1.32237 0.367018 2.69445
160.744 1.37633 0.394119 2.69886
160.764 1.43034 0.422301 2.70047
160.784 1.48437 0.451563 2.7017
160.804 1.53837 0.481906 2.69934
160.824 1.59233 0.513329 2.69457
160.844 1.64617 0.54583 2.68821
160.864 1.69982 0.579405 2.67747
160.884 1.75325 0.614052 2.6667
160.904 1.80646 0.649764 2.65474
160.924 1.85939 0.686538 2.64094
160.944 1.91202 0.724367 2.62363
160.964 1.96429 0.763245 2.60577
160.984 2.01616 0.803164 2.58477
161.004 2.06764 0.844113 2.56556
161.024 2.1187 0.886079 2.54487
161.044 2.16934 0.929062 2.52356
161.064 2.21954 0.973052 2.50103
161.084 2.26927 1.01804 2.4774
161.104 2.31851 1.06402 2.45294
161.124 2.36728 1.11097 2.43045
161.144 2.41558 1.1589 2.40756
161.164 2.46341 1.20779 2.38031
161.184 2.51072 1.25762 2.35552
161.204 2.55754 1.3084 2.33164
161.224 2.6039 1.36011 2.31
161.244 2.64982 1.41274 2.28678
161.264 2.69527 1.46628 2.26446
161.284 2.74028 1.52073 2.24095
161.304 2.78478 1.57607 2.21592
161.324 2.82883 1.63229 2.1933
161.344 2.8724 1.68939 2.16909
161.364 2.91546 1.74736 2.14218
161.384 2.95802 1.80618 2.11859
161.404 3.00011 1.86584 2.09444
161.424 3.04173 1.92635 2.07127
161.444 3.08287 1.98768 2.0471
161.464 3.12349 2.04982 2.01939
161.484 3.16347 2.11277 1.9871
161.504 3.20284 2.17651 1.95637
161.524 3.24162 2.24104 1.9278
161.544 3.27982 2.30633 1.89788
161.564 3.31743 2.37238 1.86893
161.584 3.35437 2.43917 1.83289
161.604 3.39061 2.50669 1.79781
161.624 3.42614 2.57493 1.76294
161.644 3.46099 2.64388 1.72814
161.664 3.49509 2.71351 1.68827
161.684 3.52836 2.78381 1.64748
161.704 3.56083 2.85477 1.6068
161.724 3.59248 2.92636 1.56712
161.744 3.62331 2.99859 1.52417
161.764 3.65327 3.07141 1.482
161.784 3.68238 3.14483 1.43743
161.804 3.71059 3.21882 1.39321
161.824 3.73793 3.29336 1.35038
161.844 3.76438 3.36844 1.30304
161.864 3.78988 3.44403 1.25637
161.884 3.81446 3.52012 1.21099
161.904 3.83813 3.5967 1.16538
161.924 3.86088 3.67374 1.1183
161.944 3.8827 3.75122 1.07284
161.964 3.90363 3.82912 1.02819
161.984 3.92365 3.90744 0.983444
162.004 3.94281 3.98614 0.940565
162.024 3.96111 4.06522 0.897474
162.044 3.97855 4.14465 0.85461
162.064 3.99515 4.22442 0.812981
162.084 4.01095 4.30452 0.77447
162.104 4.02599 4.38492 0.737338
162.124 4.04032 4.46561 0.702111
162.144 4.05395 4.54658 0.667348
162.164 4.06691 4.62782 0.634182
162.184 4.07923 4.7093 0.604024
162.204 4.09095 4.79103 0.574418
162.224 4.1021 4.87298 0.54633
162.244 4.1127 4.95515 0.520203
162.264 4.12279 5.03753 0.494817
162.284 4.13243 5.1201 0.472504
162.304 4.14162 5.20286 0.451145
162.324 4.15041 5.2858 0.431985
162.344 4.15883 5.36891 0.414475
162.364 4.16693 5.45218 0.398073
162.384 4.17472 5.53562 0.383851
162.404 4.18226 5.6192 0.373726
162.424 4.1896 5.70294 0.362392
162.444 4.19673 5.78681 0.352927
162.464 4.20372 5.87083 0.346568
162.484 4.21058 5.95499 0.341135
162.504 4.21737 6.03928 0.338426
162.524 4.2241 6.12371 0.33596
162.544 4.23078 6.20827 0.333311
162.564 4.23743 6.29297 0.332909
162.584 4.24413 6.3778 0.336777
162.604 4.2509 6.46276 0.33869
162.624 4.25772 6.54786 0.342788
162.644 4.26462 6.6331 0.346527
162.664 4.27161 6.71847 0.351235
162.684 4.27872 6.80399 0.357611
162.704 4.28598 6.88965 0.366855
162.724 4.29345 6.97546 0.376307
162.744 4.30108 7.06142 0.385537
162.764 4.30888 7.14754 0.394
162.784 4.31688 7.23381 0.404256
162.804 4.3251 7.32025 0.414881
162.824 4.33349 7.40685 0.422817
162.844 4.34206 7.49362 0.432952
162.864 4.35084 7.58057 0.443417
162.884 4.35983 7.66769 0.453533
162.904 4.36903 7.755 0.463542
162.924 4.37842 7.84249 0.473715
162.944 4.38799 7.93017 0.48191
162.964 4.39778 8.01805 0.494393
162.984 4.40777 8.10613 0.50351
163.004 4.41796 8.1944 0.513473
163.024 4.42836 8.28289 0.524221
163.044 4.43894 8.37158 0.532906
163.064 4.44968 8.46049 0.540162
163.084 4.46059 8.54961 0.548959
163.104 4.47166 8.63896 0.557624
163.124 4.48293 8.72852 0.566069
163.144 4.49439 8.81832 0.578025
163.164 4.50609 8.90835 0.58938
163.184 4.518 8.99861 0.600161
163.204 4.53011 9.08912 0.609294
163.224 4.54241 9.17987 0.618976
163.244 4.55493 9.27086 0.630198
163.264 4.56767 9.36212 0.641705
163.284 4.58062 9.45362 0.651479
163.304 4.59379 9.54539 0.663971
163.324 4.60722 9.63743 0.67611
163.344 4.62092 9.72974 0.690981
163.364 4.63492 9.82232 0.706749
163.384 4.64924 9.91519 0.721518
163.404 4.66389 10.0084 0.739469
163.424 4.67888 10.1018 0.755437
163.444 4.69425 10.1956 0.776265
163.464 4.70998 10.2896 0.79343
163.484 4.7261 10.384 0.813791
163.504 4.7426 10.4788 0.833969
163.524 4.75955 10.5738 0.856142
163.544 4.77694 10.6692 0.877189
163.564 4.79477 10.765 0.901277
163.584 4.81307 10.8611 0.923953
163.604 4.83186 10.9576 0.949218
163.624 4.85119 11.0544 0.97797
163.644 4.87106 11.1517 1.00453
163.664 4.89149 11.2494 1.03198
163.684 4.91246 11.3474 1.05923
163.704 4.93396 11.4459 1.08589
163.724 4.95602 11.5449 1.11452
163.744 4.97867 11.6443 1.14469
163.764 5.00191 11.7441 1.17368
163.784 5.02577 11.8445 1.20503
163.804 5.05024 11.9453 1.23545
163.824 5.07532 12.0466 1.26617
163.844 5.10102 12.1484 1.29831
163.864 5.12735 12.2507 1.3292
163.884 5.15431 12.3536 1.36024
163.904 5.18194 12.457 1.39744
163.924 5.21017 12.561 1.42391
163.944 5.23901 12.6655 1.45399
163.964 5.26847 12.7707 1.48611
163.984 5.29859 12.8764 1.51863
164.004 5.32933 12.9827 1.54902
164.024 5.36067 13.0897 1.57861
164.044 5.39261 13.1973 1.60864
164.064 5.42515 13.3055 1.63919
164.084 5.45826 13.4144 1.6664
164.104 5.49191 13.524 1.69264
164.124 5.52608 13.6342 1.71867
164.144 5.56077 13.7452 1.74435
164.164 5.59595 13.8568 1.76832
164.184 5.63163 13.9692 1.79298
164.204 5.66775 14.0822 1.81485
164.224 5.70433 14.196 1.8372
164.244 5.74137 14.3106 1.86107
164.264 5.77884 14.4258 1.88161
164.284 5.81672 14.5419 1.90145
164.304 5.855 14.6587 1.92284
164.324 5.89364 14.7762 1.93907
164.344 5.93261 14.8946 1.95418
164.364 5.97189 15.0137 1.97081
164.384 6.01148 15.1336 1.98595
164.404 6.05139 15.2543 2.00095
164.424 6.09161 15.3758 2.01918
164.444 6.13214 15.4981 2.02978
164.464 6.17285 15.6213 2.03852
164.484 6.21377 15.7452 2.04962
164.504 6.25495 15.87 2.06464
164.524 6.29632 15.9956 2.06936
164.544 6.33781 16.122 2.0784
164.564 6.37947 16.2493 2.08582
164.584 6.42128 16.3773 2.09242
164.604 6.46322 16.5063 2.10048
164.624 6.50531 16.636 2.10628
164.644 6.54751 16.7667 2.11628
164.664 6.58982 16.8981 2.11645
164.684 6.63214 17.0304 2.11722
164.704 6.67451 17.1636 2.11967
164.724 6.71695 17.2976 2.12472
164.744 6.75946 17.4324 2.12441
164.764 6.80198 17.5681 2.12613
164.784 6.8445 17.7047 2.12565
164.804 6.88698 17.8421 2.12384
164.824 6.92943 17.9803 2.12113
164.844 6.97183 18.1194 2.11885
164.864 7.01415 18.2594 2.11385
164.884 7.05641 18.4001 2.11202
164.904 7.09859 18.5418 2.10642
164.924 7.14067 18.6843 2.10253
164.944 7.18266 18.8276 2.09695
164.964 7.22455 18.9717 2.09234
164.984 7.26632 19.1167 2.08614
165.004 7.30798 19.2625 2.08074
165.024 7.34951 19.4092 2.0739
165.044 7.39087 19.5567 2.0656
165.064 7.43209 19.705 2.05665
165.084 7.47309 19.8541 2.04558
165.104 7.51393 20.0041 2.03821
165.124 7.55459 20.1549 2.02937
165.144 7.59505 20.3064 2.01894
165.164 7.6353 20.4588 2.00721
165.184 7.67532 20.612 1.99521
165.204 7.71508 20.766 1.98285
165.224 7.75454 20.9208 1.96863
165.244 7.79363 21.0763 1.9479
165.264 7.83249 21.2327 1.93605
165.284 7.87098 21.3898 1.91815
165.304 7.90912 21.5477 1.90019
165.324 7.9469 21.7063 1.88082
165.344 7.98431 21.8657 1.86208
165.364 8.0213 22.0258 1.84222
165.384 8.05789 22.1867 1.82082
165.404 8.09402 22.3483 1.79805
165.424 8.12969 22.5106 1.77367
165.444 8.16487 22.6736 1.74965
165.464 8.19956 22.8373 1.7239
165.484 8.23372 23.0017 1.69704
165.504 8.26735 23.1668 1.67069
165.524 8.30043 23.3325 1.64301
165.544 8.33293 23.4989 1.61274
165.564 8.36481 23.666 1.58357
165.584 8.3961 23.8337 1.55258
165.604 8.42678 24.0019 1.52287
165.624 8.45684 24.1708 1.48842
165.644 8.48622 24.3403 1.45952
165.664 8.51485 24.5104 1.41724
165.684 8.54279 24.681 1.38331
165.704 8.57 24.8522 1.34687
165.724 8.59651 25.0239 1.31042
165.744 8.62232 25.1962 1.2731
165.764 8.64735 25.3689 1.23487
165.784 8.67153 25.5422 1.19279
165.804 8.69492 25.7159 1.15268
165.824 8.71748 25.89 1.11174
165.844 8.73924 26.0647 1.07162
165.864 8.76019 26.2397 1.03259
165.884 8.78031 26.4151 0.989795
165.904 8.7996 26.591 0.948548
165.924 8.81808 26.7672 0.90738
165.944 8.83569 26.9438 0.862555
165.964 8.85244 27.1207 0.819841
165.984 8.86831 27.2979 0.775973
166.004 8.88331 27.4755 0.732271
166.024 8.89744 27.6533 0.689421
166.044 8.91071 27.8314 0.645884
166.064 8.9231 28.0098 0.602257
166.084 8.93461 28.1884 0.557727
166.104 8.94523 28.3672 0.513686
166.124 8.95502 28.5462 0.472599
166.144 8.96394 28.7254 0.42791
166.164 8.97201 28.9048 0.386567
166.184 8.97922 29.0843 0.342874
166.204 8.98555 29.264 0.298199
166.224 8.99101 29.4438 0.256218
166.244 8.99561 29.6237 0.213248
166.264 8.99939 29.8036 0.171891
166.284 9.00236 29.9836 0.132511
166.304 9.0045 30.1637 0.0909335
166.324 9.00582 30.3438 0.0488529
166.344 9.00626 30.5239 0.00419962
166.364 9.00586 30.7041 -0.0336919
166.384 9.00467 30.8842 -0.0752031
166.404 9.00273 31.0642 -0.113219
166.424 9.00002 31.2443 -0.151292
166.444 8.99653 31.4242 -0.189802
166.464 8.99227 31.6041 -0.228052
166.484 8.98725 31.7839 -0.266055
166.504 8.98145 31.9636 -0.304011
166.524 8.9749 32.1431 -0.342938
166.544 8.9676 32.3225 -0.379027
166.564 8.95957 32.5018 -0.415266
166.584 8.95086 32.6809 -0.448309
166.604 8.94145 32.8598 -0.485019
166.624 8.93131 33.0385 -0.521392
166.644 8.92048 33.217 -0.555073
166.664 8.90892 33.3953 -0.590308
166.684 8.89673 33.5733 -0.622376
166.704 8.88397 33.7511 -0.64958
166.724 8.87061 33.9286 -0.681229
166.744 8.85662 34.1058 -0.712074
166.764 8.84199 34.2828 -0.743118
166.784 8.82678 34.4595 -0.771235
166.804 8.81101 34.6358 -0.799473
166.824 8.79471 34.8118 -0.825087
166.844 8.77791 34.9875 -0.849972
166.864 8.76064 35.1629 -0.873635
166.884 8.7429 35.3379 -0.895753
166.904 8.7247 35.5125 -0.919241
166.924 8.70606 35.6868 -0.940716
166.944 8.68702 35.8607 -0.959849
166.964 8.66759 36.0342 -0.979145
166.984 8.64778 36.2073 -0.998541
167.004 8.62761 36.38 -1.01464
167.024 8.60711 36.5523 -1.03146
167.044 8.58632 36.7242 -1.04503
167.064 8.56526 36.8957 -1.05884
167.084 8.54392 37.0667 -1.07206
167.104 8.52236 37.2374 -1.08257
167.124 8.50061 37.4076 -1.09146
167.144 8.47871 37.5773 -1.09721
167.164 8.45671 37.7466 -1.10177
167.184 8.43463 37.9155 -1.10561
167.204 8.41245 38.0839 -1.11046
167.224 8.39018 38.2519 -1.11609
167.244 8.36783 38.4194 -1.11952
167.264 8.3455 38.5865 -1.11426
167.284 8.32328 38.7532 -1.10808
167.304 8.30121 38.9194 -1.1016
167.324 8.27923 39.0851 -1.09706
167.344 8.25737 39.2504 -1.09103
167.364 8.23564 39.4153 -1.08307
167.384 8.21412 39.5798 -1.07022
167.404 8.19287 39.7438 -1.05707
167.424 8.17188 39.9074 -1.045
167.444 8.15114 40.0706 -1.03259
167.464 8.13067 40.2334 -1.01851
167.484 8.11049 40.3957 -1.00104
167.504 8.09062 40.5577 -0.987756
167.524 8.07114 40.7193 -0.964108
167.544 8.05211 40.8805 -0.945076
167.564 8.03341 41.0413 -0.92803
167.584 8.0151 41.2018 -0.907047
167.604 7.99716 41.3618 -0.890665
167.624 7.9796 41.5216 -0.866614
167.644 7.96259 41.681 -0.840463
167.664 7.94607 41.84 -0.816915
167.684 7.93006 41.9987 -0.791403
167.704 7.91447 42.1572 -0.773951
167.724 7.89931 42.3153 -0.746977
167.744 7.88468 42.4731 -0.720128
167.764 7.87058 42.6306 -0.694713
167.784 7.85699 42.7878 -0.669614
167.804 7.84393 42.9448 -0.643622
167.824 7.83139 43.1016 -0.61531
167.844 7.81936 43.258 -0.593733
167.864 7.80775 43.4143 -0.57181
167.884 7.79663 43.5703 -0.545158
167.904 7.78603 43.7261 -0.520172
167.924 7.77592 43.8817 -0.495718
167.944 7.76632 44.0371 -0.470369
167.964 7.75714 44.1923 -0.45131
167.984 7.7484 44.3474 -0.429245
168.004 7.74011 44.5022 -0.405026
168.024 7.73228 44.6569 -0.381741
168.044 7.72492 44.8115 -0.359348
168.064 7.71795 44.9659 -0.341109
168.084 7.71134 45.1202 -0.324381
168.104 7.70512 45.2743 -0.301557
168.124 7.69932 45.4284 -0.283021
168.144 7.69389 45.5823 -0.262525
168.164 7.68889 45.7361 -0.241895
168.184 7.68425 45.8898 -0.226626
168.204 7.67992 46.0435 -0.207426
168.224 7.67598 46.197 -0.190351
168.244 7.67243 46.3505 -0.169286
168.264 7.66925 46.5039 -0.15164
168.284 7.66642 46.6572 -0.134905
168.304 7.66393 46.8105 -0.117631
168.324 7.66175 46.9638 -0.102289
168.344 7.65989 47.117 -0.0875713
168.364 7.65832 47.2702 -0.0721759
168.384 7.65708 47.4233 -0.0557352
168.404 7.65612 47.5765 -0.0436447
168.424 7.65549 47.7296 -0.02511
168.444 7.65519 47.8827 -0.00805067
168.464 7.65519 48.0358 0.00555031
168.484 7.6555 48.1889 0.0201379
168.504 7.65611 48.342 0.0360046
168.524 7.65705 48.4952 0.0536196
168.544 7.65831 48.6483 0.0694641
168.564 7.65987 48.8015 0.0823015
168.584 7.66173 48.9547 0.0996224
168.604 7.66391 49.108 0.114912
168.624 7.66638 49.2613 0.129246
168.644 7.66912 49.4146 0.143272
168.664 7.67221 49.5681 0.161392
168.684 7.67562 49.7215 0.176342
168.704 7.67938 49.8751 0.196956
168.724 7.68354 50.0287 0.214697
168.744 7.68804 50.1825 0.23132
168.764 7.69284 50.3363 0.246217
168.784 7.69797 50.4902 0.263447
168.804 7.70345 50.6442 0.281048
168.824 7.70929 50.7984 0.299105
168.844 7.71547 50.9526 0.315747
168.864 7.72198 51.107 0.331341
168.884 7.72883 51.2615 0.349064
168.904 7.73604 51.4162 0.366915
168.924 7.74356 51.571 0.382755
168.944 7.75142 51.726 0.399866
168.964 7.75964 51.8811 0.41867
168.984 7.76824 52.0364 0.436818
169.004 7.77719 52.1919 0.453133
169.024 7.78647 52.3475 0.470519
169.044 7.79608 52.5034 0.487259
169.064 7.806 52.6594 0.501247
169.084 7.81623 52.8156 0.518899
169.104 7.82682 52.9721 0.535953
169.124 7.83772 53.1288 0.551447
169.144 7.84893 53.2856 0.566248
169.164 7.86044 53.4428 0.582675
169.184 7.87225 53.6001 0.594995
169.204 7.88431 53.7577 0.608001
169.224 7.89663 53.9155 0.621054
169.244 7.90922 54.0736 0.635486
169.264 7.92203 54.232 0.644559
169.284 7.9351 54.3906 0.658844
169.304 7.94839 54.5494 0.669486
169.324 7.96188 54.7085 0.678296
169.344 7.97554 54.8679 0.686085
169.364 7.98942 55.0276 0.697642
169.384 8.00345 55.1876 0.704144
169.404 8.01764 55.3478 0.71287
169.424 8.03199 55.5083 0.721534
169.444 8.04653 55.6692 0.730964
169.464 8.06123 55.8303 0.736868
169.484 8.07608 55.9917 0.745235
169.504 8.0911 56.1534 0.7539
169.524 8.10625 56.3154 0.759161
169.544 8.12151 56.4777 0.766847
169.564 8.13691 56.6403 0.771765
169.584 8.15243 56.8032 0.778392
169.604 8.16807 56.9665 0.784235
169.624 8.18381 57.13 0.788607
169.644 8.19964 57.2939 0.79479
169.664 8.2156 57.4581 0.79934
169.684 8.23168 57.6226 0.807547
169.704 8.24789 57.7874 0.812487
169.724 8.26422 57.9525 0.817478
169.744 8.28067 58.118 0.825278
169.764 8.29725 58.2838 0.831671
169.784 8.31397 58.45 0.838909
169.804 8.33086 58.6165 0.848202
169.824 8.34787 58.7833 0.8534
169.844 8.36502 58.9504 0.859929
169.864 8.38231 59.118 0.868494
169.884 8.39978 59.2858 0.87702
169.904 8.41745 59.454 0.8871
169.924 8.43533 59.6226 0.898833
169.944 8.45344 59.7915 0.910878
169.964 8.4718 59.9608 0.922529
169.984 8.49043 60.1304 0.936461
170.004 8.50932 60.3005 0.950318
170.024 8.52849 60.4709 0.964103
170.044 8.54797 60.6417 0.981411
170.064 8.56779 60.8129 0.997217
170.084 8.58794 60.9845 1.01431
170.104 8.60842 61.1565 1.03085
170.124 8.62928 61.3289 1.05077
170.144 8.65052 61.5018 1.07103
170.164 8.67218 61.675 1.09119
170.184 8.69423 61.8487 1.10985
170.204 8.71668 62.0229 1.13114
170.224 8.73956 62.1975 1.15195
170.244 8.76283 62.3726 1.17139
170.264 8.78652 62.5481 1.19385
170.284 8.81068 62.7241 1.21695
170.304 8.83529 62.9006 1.23953
170.324 8.86036 63.0776 1.26236
170.344 8.88587 63.2552 1.28414
170.364 8.91188 63.4332 1.31038
170.384 8.93837 63.6117 1.33369
170.404 8.96532 63.7908 1.3576
170.424 8.99275 63.9705 1.38162
170.444 9.02064 64.1507 1.40271
170.464 9.04898 64.3314 1.42621
170.484 9.07777 64.5127 1.45145
170.504 9.10707 64.6946 1.47135
170.524 9.13676 64.8771 1.49385
170.544 9.16693 65.0602 1.51869
170.564 9.19755 65.2439 1.53944
170.584 9.22858 65.4283 1.55917
170.604 9.26004 65.6132 1.57885
170.624 9.29193 65.7988 1.59955
170.644 9.32415 65.985 1.61854
170.664 9.35674 66.1719 1.63728
170.684 9.38969 66.3594 1.65383
170.704 9.42299 66.5476 1.6714
170.724 9.45661 66.7365 1.68701
170.744 9.49059 66.926 1.70845
170.764 9.52493 67.1162 1.72131
170.784 9.55949 67.3071 1.72822
170.804 9.59419 67.4988 1.73917
170.824 9.62918 67.6911 1.75714
170.844 9.66439 67.8841 1.76496
170.864 9.69979 68.0778 1.77303
170.884 9.73533 68.2722 1.77872
170.904 9.771 68.4673 1.78715
170.924 9.8068 68.6632 1.79001
170.944 9.84259 68.8597 1.78553
170.964 9.87841 69.057 1.79272
170.984 9.91418 69.255 1.78857
171.004 9.94993 69.4537 1.78708
171.024 9.98567 69.6532 1.78624
171.044 10.0214 69.8533 1.78512
171.064 10.0571 70.0542 1.7811
171.084 10.0926 70.2557 1.77703
171.104 10.1281 70.458 1.77149
171.124 10.1635 70.661 1.76934
171.144 10.1988 70.8647 1.76284
171.164 10.2339 71.0691 1.75159
171.184 10.2689 71.2742 1.74324
171.204 10.3036 71.48 1.73434
171.224 10.3382 71.6865 1.72458
171.244 10.3726 71.8936 1.71338
171.264 10.4067 72.1015 1.70181
171.284 10.4406 72.31 1.6892
171.304 10.4742 72.5193 1.67629
171.324 10.5076 72.7291 1.66388
171.344 10.5408 72.9397 1.65247
171.364 10.5736 73.1509 1.63803
171.384 10.6062 73.3628 1.62408
171.404 10.6385 73.5753 1.60672
171.424 10.6705 73.7884 1.59436
171.444 10.7022 74.0022 1.5803
171.464 10.7336 74.2166 1.5634
171.484 10.7647 74.4317 1.54765
171.504 10.7954 74.6474 1.53112
171.524 10.8259 74.8636 1.51603
171.544 10.856 75.0805 1.49967
171.564 10.8858 75.298 1.48335
171.584 10.9153 75.5161 1.46824
171.604 10.9444 75.7347 1.45093
171.624 10.9732 75.9539 1.43367
171.644 11.0017 76.1738 1.41762
171.664 11.0299 76.3941 1.40329
171.684 11.0578 76.6151 1.38495
171.704 11.0853 76.8365 1.37141
171.724 11.1125 77.0586 1.35515
171.744 11.1395 77.2812 1.3407
171.764 11.1661 77.5043 1.32408
171.784 11.1924 77.7279 1.30979
171.804 11.2184 77.9521 1.2939
171.824 11.244 78.1767 1.27646
171.844 11.2693 78.4019 1.26085
171.864 11.2944 78.6276 1.24472
171.884 11.3191 78.8538 1.22847
171.904 11.3435 79.0805 1.21217
171.924 11.3675 79.3076 1.19713
171.944 11.3913 79.5353 1.18259
171.964 11.4147 79.7634 1.16502
171.984 11.4379 79.9919 1.1503
172.004 11.4607 80.221 1.13256
172.024 11.4832 80.4505 1.11717
172.044 11.5053 80.6804 1.10208
172.064 11.5272 80.9108 1.08606
172.084 11.5487 81.1416 1.06763
172.104 11.5698 81.3728 1.05184
172.124 11.5906 81.6044 1.03358
172.144 11.6111 81.8365 1.01683
172.164 11.6313 82.069 0.998526
172.184 11.651 82.3018 0.982062
172.204 11.6704 82.5351 0.961151
172.224 11.6894 82.7687 0.942842
172.244 11.708 83.0027 0.923895
172.264 11.7263 83.2371 0.902886
172.284 11.7441 83.4718 0.882542
172.304 11.7615 83.7069 0.861922
172.324 11.7785 83.9424 0.840917
172.344 11.795 84.1781 0.819781
172.364 11.8112 84.4142 0.798812
172.384 11.8269 84.6506 0.77954
172.404 11.8422 84.8874 0.7572
172.424 11.8571 85.1244 0.733641
172.444 11.8714 85.3617 0.710845
172.464 11.8854 85.5993 0.689789
172.484 11.899 85.8372 0.671174
172.504 11.9122 86.0753 0.647579
172.524 11.9249 86.3137 0.625786
172.544 11.9371 86.5524 0.600791
172.564 11.9488 86.7912 0.576041
172.584 11.9601 87.0304 0.554163
172.604 11.9709 87.2697 0.52996
172.624 11.9812 87.5092 0.5073
172.644 11.9911 87.749 0.484268
172.664 12.0005 87.9889 0.46074
172.684 12.0094 88.229 0.437243
172.704 12.0179 88.4693 0.41575
172.724 12.026 88.7098 0.392488
172.744 12.0335 88.9504 0.371261
172.764 12.0407 89.1911 0.3492
172.784 12.0474 89.432 0.324276
172.804 12.0536 89.6731 0.302178
172.824 12.0594 89.9142 0.280628
172.844 12.0648 90.1555 0.259863
172.864 12.0697 90.3968 0.237743
172.884 12.0742 90.6383 0.217907
172.904 12.0784 90.8798 0.197153
172.924 12.0821 91.1214 0.177007
172.944 12.0854 91.3631 0.157211
172.964 12.0883 91.6048 0.139256
172.984 12.0909 91.8466 0.120397
173.004 12.0931 92.0885 0.102873
173.024 12.0949 92.3304 0.0861263
173.044 12.0965 92.5723 0.0696406
173.064 12.0977 92.8142 0.0537874
173.084 12.0986 93.0562 0.0393583
173.104 12.0992 93.2982 0.0236628
173.124 12.0995 93.5402 0.0101652
173.144 12.0995 93.7821 -0.00288278
173.164 12.0993 94.0241 -0.0150673
173.184 12.0989 94.2661 -0.0255857
173.204 12.0982 94.5081 -0.0369426
173.224 12.0974 94.75 -0.0460948
173.244 12.0964 94.992 -0.0541522
173.264 12.0952 95.2339 -0.0631196
173.284 12.0938 95.4758 -0.0718704
173.304 12.0923 95.7176 -0.0782804
173.324 12.0906 95.9595 -0.0858121
173.344 12.0888 96.2013 -0.0922123
173.364 12.0869 96.443 -0.0963668
173.384 12.0849 96.6847 -0.101927
173.404 12.0828 96.9264 -0.106486
173.424 12.0807 97.168 -0.109977
173.444 12.0784 97.4096 -0.113507
173.464 12.0761 97.6512 -0.116933
173.484 12.0737 97.8926 -0.118462
173.504 12.0713 98.1341 -0.121029
173.524 12.0689 98.3755 -0.121867
173.544 12.0665 98.6168 -0.123572
173.564 12.064 98.8581 -0.1256
173.584 12.0614 99.0994 -0.127527
173.604 12.0589 99.3406 -0.129955
173.624 12.0563 99.5817 -0.131052
173.644 12.0536 99.8228 -0.131957
173.664 12.051 100.064 -0.133245
173.684 12.0483 100.305 -0.134656
173.704 12.0456 100.546 -0.135924
173.724 12.0429 100.787 -0.135903
173.744 12.0401 101.027 -0.137422
173.764 12.0373 101.268 -0.139918
173.784 12.0345 101.509 -0.141478
173.804 12.0317 101.75 -0.143586
173.824 12.0287 101.99 -0.148235
173.844 12.0258 102.231 -0.149426
173.864 12.0228 102.471 -0.151975
173.884 12.0197 102.712 -0.156819
173.904 12.0165 102.952 -0.159858
173.924 12.0132 103.192 -0.164731
173.944 12.0099 103.433 -0.167597
173.964 12.0065 103.673 -0.172478
173.984 12.003 103.913 -0.174783
174.004 11.9995 104.153 -0.17903
174.024 11.9958 104.393 -0.183847
174.044 11.9921 104.633 -0.189639
174.064 11.9882 104.872 -0.195895
174.084 11.9842 105.112 -0.202773
174.104 11.98 105.352 -0.209188
174.124 11.9757 105.591 -0.218361
174.144 11.9713 105.831 -0.225769
174.164 11.9666 106.07 -0.23478
174.184 11.9618 106.309 -0.245782
174.204 11.9568 106.549 -0.255556
174.224 11.9515 106.788 -0.269907
174.244 11.9459 107.027 -0.28178
174.264 11.9402 107.265 -0.293597
174.284 11.9341 107.504 -0.307139
174.304 11.9278 107.743 -0.320955
174.324 11.9212 107.981 -0.335652
174.344 11.9144 108.22 -0.348929
174.364 11.9072 108.458 -0.363655
174.384 11.8997 108.696 -0.379031
174.404 11.892 108.934 -0.395496
174.424 11.8839 109.172 -0.412499
174.444 11.8754 109.409 -0.429027
174.464 11.8666 109.647 -0.447609
174.484 11.8574 109.884 -0.465666
174.504 11.8479 110.121 -0.4845
174.524 11.838 110.358 -0.504471
174.544 11.8276 110.594 -0.524839
174.564 11.8169 110.831 -0.544626
174.584 11.8057 111.067 -0.566617
174.604 11.7942 111.303 -0.586464
174.624 11.7822 111.539 -0.606314
174.644 11.7698 111.774 -0.628088
174.664 11.757 112.009 -0.649607
174.684 11.7438 112.244 -0.672176
174.704 11.7301 112.479 -0.692379
174.724 11.716 112.713 -0.713838
174.744 11.7014 112.948 -0.734615
174.764 11.6865 113.181 -0.756487
174.784 11.6711 113.415 -0.776463
174.804 11.6554 113.648 -0.794655
174.824 11.6393 113.881 -0.813169
174.844 11.6227 114.114 -0.833744
174.864 11.6058 114.346 -0.853098
174.884 11.5885 114.578 -0.871685
174.904 11.5709 114.809 -0.887549
174.924 11.5529 115.041 -0.904232
174.944 11.5346 115.272 -0.922847
174.964 11.516 115.502 -0.939493
174.984 11.497 115.732 -0.952317
175.004 11.4778 115.962 -0.967673
175.024 11.4582 116.191 -0.983886
175.044 11.4384 116.42 -0.995766
175.064 11.4183 116.649 -1.00923
175.084 11.398 116.877 -1.02116
175.104 11.3774 117.104 -1.03205
175.124 11.3567 117.332 -1.04282
175.144 11.3357 117.559 -1.05279
175.164 11.3145 117.785 -1.06227
175.184 11.2932 118.011 -1.07102
175.204 11.2716 118.237 -1.0792
175.224 11.2499 118.462 -1.08757
175.244 11.2281 118.687 -1.09363
175.264 11.2062 118.911 -1.10092
175.284 11.1841 119.135 -1.10791
175.304 11.1619 119.358 -1.11254
175.324 11.1396 119.581 -1.1131
175.344 11.1173 119.804 -1.11553
175.364 11.095 120.026 -1.11727
175.384 11.0726 120.247 -1.11924
175.404 11.0502 120.469 -1.12001
175.424 11.0278 120.689 -1.12079
175.444 11.0054 120.91 -1.11997
175.464 10.983 121.129 -1.11896
175.484 10.9607 121.349 -1.11766
175.504 10.9384 121.568 -1.11615
175.524 10.9161 121.786 -1.11355
175.544 10.8938 122.004 -1.11141
175.564 10.8716 122.222 -1.11165
175.584 10.8495 122.439 -1.10515
175.604 10.8274 122.656 -1.10471
175.624 10.8054 122.872 -1.10078
175.644 10.7834 123.088 -1.09538
175.664 10.7616 123.303 -1.09011
175.684 10.74 123.518 -1.08047
175.704 10.7185 123.733 -1.07146
175.724 10.6972 123.947 -1.06159
175.744 10.6761 124.161 -1.0504
175.764 10.6553 124.374 -1.03912
175.784 10.6346 124.587 -1.02744
175.804 10.6142 124.799 -1.01805
175.824 10.594 125.011 -1.00497
175.844 10.574 125.223 -0.996291
175.864 10.5542 125.434 -0.982325
175.884 10.5347 125.645 -0.968431
175.904 10.5155 125.855 -0.953081
175.924 10.4967 126.066 -0.939182
175.944 10.478 126.275 -0.925282
175.964 10.4597 126.485 -0.911433
175.984 10.4416 126.694 -0.896992
176.004 10.4239 126.902 -0.880488
176.024 10.4065 127.11 -0.865353
176.044 10.3894 127.318 -0.849187
176.064 10.3725 127.526 -0.834203
176.084 10.356 127.733 -0.819157
176.104 10.3398 127.94 -0.804881
176.124 10.3239 128.147 -0.788953
176.144 10.3083 128.353 -0.771338
176.164 10.2931 128.559 -0.754776
176.184 10.2782 128.765 -0.738329
176.204 10.2636 128.97 -0.723316
176.224 10.2494 129.175 -0.705914
176.244 10.2354 129.38 -0.69111
176.264 10.2218 129.585 -0.676504
176.284 10.2085 129.789 -0.661408
176.304 10.1954 129.993 -0.644043
176.324 10.1827 130.197 -0.629291
176.344 10.1703 130.4 -0.613712
176.364 10.1582 130.603 -0.600599
176.384 10.1464 130.806 -0.584408
176.404 10.1349 131.009 -0.570277
176.424 10.1237 131.212 -0.554941
176.444 10.1127 131.414 -0.540626
176.464 10.1021 131.616 -0.526723
176.484 10.0917 131.818 -0.512653
176.504 10.0816 132.02 -0.500015
176.524 10.0718 132.221 -0.486774
176.544 10.0622 132.423 -0.474099
176.564 10.0528 132.624 -0.463852
176.584 10.0437 132.825 -0.4498
176.604 10.0349 133.026 -0.438146
176.624 10.0263 133.226 -0.425369
176.644 10.0179 133.427 -0.413427
176.664 10.0098 133.627 -0.402447
176.684 10.0019 133.827 -0.391735
176.704 9.99415 134.027 -0.381048
176.724 9.98665 134.227 -0.370163
176.744 9.97935 134.426 -0.359975
176.764 9.97228 134.626 -0.3492
176.784 9.96543 134.825 -0.339249
176.804 9.95876 135.024 -0.329779
176.824 9.9523 135.223 -0.318384
176.844 9.94606 135.422 -0.3078
176.864 9.94001 135.621 -0.296983
176.884 9.93418 135.82 -0.287807
176.904 9.92855 136.019 -0.275976
176.924 9.92312 136.217 -0.26684
176.944 9.9179 136.416 -0.256033
176.964 9.91288 136.614 -0.246228
176.984 9.90807 136.812 -0.236836
177.004 9.90344 137.01 -0.228032
177.024 9.89902 137.208 -0.216908
177.044 9.89479 137.406 -0.207798
177.064 9.89075 137.604 -0.197794
177.084 9.88691 137.802 -0.188372
177.104 9.88326 137.999 -0.178663
177.124 9.8798 138.197 -0.169388
177.144 9.87654 138.395 -0.1591
177.164 9.87346 138.592 -0.150828
177.184 9.87056 138.79 -0.141308
177.204 9.86785 138.987 -0.131121
177.224 9.86532 139.184 -0.122719
177.244 9.86295 139.381 -0.115489
177.264 9.86073 139.579 -0.106244
177.284 9.85867 139.776 -0.100992
177.304 9.85675 139.973 -0.0935273
177.324 9.855 140.17 -0.0830309
177.344 9.85342 140.367 -0.0758436
177.364 9.85201 140.564 -0.0675259
177.384 9.85075 140.761 -0.0595371
177.404 9.84965 140.958 -0.0532282
177.424 9.84868 141.155 -0.0459571
177.444 9.84785 141.352 -0.0383034
177.464 9.84717 141.549 -0.0317963
177.484 9.84664 141.746 -0.0240428
177.504 9.84625 141.943 -0.0167178
177.524 9.84598 142.14 -0.0105439
177.544 9.84582 142.337 -0.00655826
177.564 9.84576 142.534 -7.19431e-05
177.584 9.84584 142.731 0.00636995
177.604 9.84606 142.928 0.0131855
177.624 9.84642 143.125 0.0198876
177.644 9.84688 143.322 0.0251453
177.664 9.84746 143.518 0.0314621
177.684 9.84816 143.715 0.0371169
177.704 9.84897 143.912 0.0430301
177.724 9.84988 144.109 0.0469432
177.744 9.85088 144.306 0.0516411
177.764 9.85197 144.503 0.0568367
177.784 9.85316 144.701 0.0612523
177.804 9.85442 144.898 0.064304
177.824 9.85576 145.095 0.0694605
177.844 9.85721 145.292 0.0754066
177.864 9.85877 145.489 0.08075
177.884 9.86041 145.686 0.083494
177.904 9.86214 145.883 0.0882099
177.924 9.86394 146.081 0.0922846
177.944 9.86582 146.278 0.0949994
177.964 9.86778 146.475 0.0988532
177.984 9.86983 146.673 0.104274
178.004 9.87195 146.87 0.107071
178.024 9.87413 147.068 0.110166
178.044 9.87638 147.265 0.115269
178.064 9.8787 147.463 0.11754
178.084 9.88107 147.66 0.118953
178.104 9.8835 147.858 0.122322
178.124 9.88595 148.056 0.123277
178.144 9.88844 148.253 0.124656
178.164 9.89097 148.451 0.127597
178.184 9.89353 148.649 0.129498
178.204 9.89616 148.847 0.13172
178.224 9.89884 149.045 0.134962
178.244 9.90156 149.243 0.137023
178.264 9.90432 149.441 0.138046
178.284 9.90712 149.639 0.14127
178.304 9.90994 149.837 0.14162
178.324 9.91278 150.035 0.142141
178.344 9.91565 150.234 0.143427
178.364 9.91854 150.432 0.144498
178.384 9.92145 150.63 0.14649
178.404 9.92439 150.829 0.146822
178.424 9.92735 151.027 0.148296
178.444 9.93034 151.226 0.15072
178.464 9.93339 151.425 0.153111
178.484 9.93647 151.623 0.154451
178.504 9.93958 151.822 0.155487
178.524 9.94273 152.021 0.158243
178.544 9.94592 152.22 0.158942
178.564 9.94921 152.419 0.164441
178.584 9.95252 152.618 0.167257
178.604 9.95588 152.817 0.168341
178.624 9.95928 153.016 0.16968
178.644 9.96272 153.215 0.173021
178.664 9.96624 153.415 0.178507
178.684 9.96986 153.614 0.18235
178.704 9.97355 153.813 0.182677
178.724 9.97733 154.013 0.192042
178.744 9.98119 154.213 0.194513
178.764 9.98513 154.412 0.198358
178.784 9.98916 154.612 0.204422
178.804 9.99328 154.812 0.207598
178.824 9.9975 155.012 0.213233
178.844 10.0018 155.212 0.217713
178.864 10.0063 155.412 0.224154
178.884 10.0108 155.612 0.229311
178.904 10.0155 155.812 0.235913
178.924 10.0202 156.013 0.241011
178.944 10.0252 156.213 0.249921
178.964 10.0302 156.414 0.253871
178.984 10.0354 156.614 0.260666
179.004 10.0407 156.815 0.268473
179.024 10.0461 157.016 0.275004
179.044 10.0517 157.217 0.281785
179.064 10.0575 157.418 0.289658
179.084 10.0633 157.619 0.296729
179.104 10.0694 157.821 0.303466
179.124 10.0755 158.022 0.31107
179.144 10.0818 158.224 0.318672
179.164 10.0883 158.425 0.326548
179.184 10.0949 158.627 0.334695
179.204 10.1017 158.829 0.342799
179.224 10.1087 159.031 0.3505
179.244 10.1158 159.234 0.356699
179.264 10.123 159.436 0.363409
179.284 10.1303 159.639 0.371453
179.304 10.1379 159.841 0.378806
179.324 10.1455 160.044 0.386712
179.344 10.1533 160.247 0.394243
179.364 10.1613 160.45 0.400552
179.384 10.1694 160.654 0.40859
179.404 10.1777 160.857 0.416282
179.424 10.1861 161.061 0.423596
179.444 10.1947 161.265 0.431579
179.464 10.2034 161.469 0.442891
179.484 10.2124 161.673 0.449438
179.504 10.2214 161.877 0.456217
179.524 10.2307 162.082 0.463949
179.544 10.24 162.286 0.471896
179.564 10.2496 162.491 0.48144
179.584 10.2593 162.696 0.490741
179.604 10.2692 162.902 0.497377
179.624 10.2793 163.107 0.503783
179.644 10.2894 163.313 0.51102
179.664 10.2998 163.519 0.520043
179.684 10.3102 163.725 0.526439
179.704 10.3209 163.931 0.53395
179.724 10.3317 164.138 0.542684
179.744 10.3426 164.345 0.551464
179.764 10.3537 164.552 0.55773
179.784 10.365 164.759 0.564806
179.804 10.3764 164.966 0.573995
179.824 10.388 165.174 0.582952
179.844 10.3997 165.382 0.591001
179.864 10.4116 165.59 0.598937
179.884 10.4237 165.798 0.605823
179.904 10.4359 166.007 0.613631
179.924 10.4483 166.216 0.621256
179.944 10.4608 166.425 0.629108
179.964 10.4735 166.634 0.637271
179.984 10.4863 166.844 0.64494
180.004 10.4993 167.054 0.652129
180.024 10.5124 167.264 0.658282
180.044 10.5257 167.474 0.666137
180.064 10.5391 167.685 0.67356
180.084 10.5527 167.896 0.682658
180.104 10.5664 168.107 0.689903
180.124 10.5803 168.319 0.696165
180.144 10.5943 168.53 0.704629
180.164 10.6085 168.742 0.713087
180.184 10.6229 168.955 0.720953
180.204 10.6374 169.167 0.727009
180.224 10.652 169.38 0.735527
180.244 10.6668 169.594 0.744296
180.264 10.6818 169.807 0.752723
180.284 10.697 170.021 0.760533
180.304 10.7123 170.235 0.770738
180.324 10.7278 170.449 0.781014
180.344 10.7435 170.664 0.787122
180.364 10.7593 170.879 0.793843
180.384 10.7753 171.095 0.801243
180.404 10.7914 171.31 0.80933
180.424 10.8077 171.526 0.817588
180.444 10.8241 171.743 0.826944
180.464 10.8408 171.959 0.834688
180.484 10.8576 172.176 0.841592
180.504 10.8745 172.394 0.847888
180.524 10.8915 172.611 0.854582
180.544 10.9087 172.83 0.861855
180.564 10.926 173.048 0.86899
180.584 10.9435 173.267 0.876631
180.604 10.9611 173.486 0.883518
180.624 10.9788 173.705 0.888477
180.644 10.9967 173.925 0.895101
180.664 11.0147 174.145 0.90081
180.684 11.0328 174.366 0.907795
180.704 11.051 174.586 0.915006
180.724 11.0694 174.808 0.92157
180.744 11.0879 175.029 0.92797
180.764 11.1065 175.251 0.934069
180.784 11.1253 175.474 0.941008
180.804 11.1442 175.696 0.947607
180.824 11.1632 175.919 0.953615
180.844 11.1824 176.143 0.960223
180.864 11.2017 176.367 0.966936
180.884 11.2211 176.591 0.971635
180.904 11.2405 176.816 0.976442
180.924 11.2601 177.041 0.982566
180.944 11.2799 177.266 0.989469
180.964 11.2997 177.492 0.994357
180.984 11.3197 177.718 0.99954
181.004 11.3397 177.945 1.00296
181.024 11.3598 178.172 1.00748
181.044 11.38 178.399 1.01141
181.064 11.4003 178.627 1.01595
181.084 11.4207 178.856 1.0199
181.104 11.4411 179.084 1.02301
181.124 11.4616 179.313 1.02724
181.144 11.4822 179.543 1.03199
181.164 11.5029 179.773 1.03625
181.184 11.5237 180.003 1.03952
181.204 11.5445 180.234 1.04261
181.224 11.5654 180.465 1.04581
181.244 11.5864 180.696 1.04753
181.264 11.6073 180.928 1.04904
181.284 11.6283 181.161 1.05275
181.304 11.6494 181.394 1.05256
181.324 11.6704 181.627 1.05291
181.344 11.6915 181.86 1.05583
181.364 11.7127 182.095 1.05601
181.384 11.7338 182.329 1.05802
181.404 11.755 182.564 1.06003
181.424 11.7762 182.799 1.05984
181.444 11.7974 183.035 1.06083
181.464 11.8186 183.271 1.06282
181.484 11.8399 183.508 1.06192
181.504 11.8611 183.745 1.06077
181.524 11.8823 183.982 1.06007
181.544 11.9035 184.22 1.05959
181.564 11.9247 184.459 1.05981
181.584 11.9459 184.697 1.05923
181.604 11.967 184.937 1.05659
181.624 11.9881 185.176 1.05511
181.644 12.0092 185.416 1.05284
181.664 12.0302 185.657 1.0505
181.684 12.0512 185.898 1.04766
181.704 12.0721 186.139 1.04594
181.724 12.093 186.381 1.042
181.744 12.1138 186.623 1.03957
181.764 12.1346 186.865 1.0363
181.784 12.1553 187.108 1.03284
181.804 12.1758 187.351 1.02823
181.824 12.1964 187.595 1.02711
181.844 12.2169 187.839 1.02501
181.864 12.2374 188.084 1.02184
181.884 12.2578 188.329 1.01922
181.904 12.2781 188.574 1.01112
181.924 12.2982 188.82 1.00656
181.944 12.3183 189.066 1.0028
181.964 12.3383 189.313 0.99896
181.984 12.3582 189.56 0.99442
182.004 12.3781 189.807 0.992821
182.024 12.3979 190.055 0.988923
182.044 12.4176 190.303 0.98387
182.064 12.4372 190.552 0.981496
182.084 12.4569 190.801 0.978183
182.104 12.4764 191.05 0.976191
182.124 12.4959 191.3 0.971633
182.144 12.5153 191.55 0.969195
182.164 12.5346 191.801 0.966965
182.184 12.5539 192.052 0.964866
182.204 12.5732 192.303 0.96241
182.224 12.5924 192.555 0.959287
182.244 12.6116 192.807 0.958273
182.264 12.6307 193.059 0.956378
182.284 12.6498 193.312 0.953019
182.304 12.6689 193.565 0.956418
182.324 12.688 193.819 0.954126
182.344 12.7071 194.073 0.955289
182.364 12.7263 194.327 0.959939
182.384 12.7454 194.582 0.957337
182.404 12.7646 194.837 0.958757
182.424 12.7838 195.093 0.961227
182.444 12.8032 195.349 0.963905
182.464 12.8225 195.605 0.96372
182.484 12.8418 195.862 0.968934
182.504 12.8612 196.119 0.97041
182.524 12.8806 196.376 0.972388
182.544 12.9 196.634 0.972704
182.564 12.9195 196.892 0.975832
182.584 12.9391 197.151 0.981298
182.604 12.9587 197.41 0.981025
182.624 12.9784 197.669 0.984053
182.644 12.9981 197.929 0.989832
182.664 13.018 198.189 0.997243
182.684 13.0379 198.45 0.998095
182.704 13.0579 198.711 0.999506
182.724 13.0779 198.972 1.003
182.744 13.0981 199.234 1.00777
182.764 13.1183 199.496 1.0117
182.784 13.1386 199.759 1.01488
182.804 13.1589 200.022 1.01795
182.824 13.1793 200.285 1.01888
182.844 13.1997 200.549 1.02212
182.864 13.2201 200.813 1.02498
182.884 13.2407 201.078 1.02952
182.904 13.2613 201.343 1.03062
182.924 13.2819 201.609 1.02888
182.944 13.3025 201.874 1.0282
182.964 13.323 202.141 1.0292
182.984 13.3436 202.407 1.03075
183.004 13.3642 202.675 1.02949
183.024 13.3848 202.942 1.03031
183.044 13.4054 203.21 1.0301
183.064 13.426 203.478 1.02685
183.084 13.4465 203.747 1.02475
183.104 13.467 204.016 1.02402
183.124 13.4875 204.286 1.02326
183.144 13.5079 204.556 1.02002
183.164 13.5283 204.826 1.0164
183.184 13.5485 205.097 1.01246
183.204 13.5687 205.368 1.00773
183.224 13.5888 205.64 1.00258
183.244 13.6089 205.912 0.998929
183.264 13.6288 206.184 0.995005
183.284 13.6486 206.457 0.988915
183.304 13.6683 206.73 0.980839
183.324 13.6879 207.004 0.975752
183.344 13.7073 207.278 0.970023
183.364 13.7267 207.552 0.966102
183.384 13.7459 207.827 0.959912
183.404 13.765 208.102 0.950791
183.424 13.7839 208.378 0.943666
183.444 13.8027 208.654 0.935717
183.464 13.8213 208.93 0.926913
183.484 13.8398 209.207 0.919433
183.504 13.8581 209.484 0.911809
183.524 13.8762 209.761 0.905687
183.544 13.8942 210.039 0.896548
183.564 13.9121 210.317 0.890162
183.584 13.9298 210.595 0.881824
183.604 13.9474 210.874 0.874721
183.624 13.9648 211.153 0.867742
183.644 13.9821 211.433 0.860262
183.664 13.9992 211.713 0.85321
183.684 14.0162 211.993 0.847234
183.704 14.0331 212.273 0.844049
183.724 14.0498 212.554 0.834539
183.744 14.0665 212.835 0.828014
183.764 14.0829 213.117 0.820481
183.784 14.0993 213.399 0.814372
183.804 14.1155 213.681 0.806481
183.824 14.1315 213.963 0.801833
183.844 14.1476 214.246 0.797505
183.864 14.1634 214.529 0.791591
183.884 14.1792 214.813 0.783117
183.904 14.1948 215.097 0.777384
183.924 14.2102 215.381 0.771971
183.944 14.2256 215.665 0.764295
183.964 14.2409 215.95 0.760673
183.984 14.256 216.235 0.756895
184.004 14.2711 216.52 0.751582
184.024 14.2861 216.806 0.745313
184.044 14.3009 217.092 0.739049
184.064 14.3156 217.378 0.733557
184.084 14.3302 217.664 0.728701
184.104 14.3447 217.951 0.724859
184.124 14.3592 218.238 0.719984
184.144 14.3735 218.526 0.716545
184.164 14.3877 218.813 0.708753
184.184 14.4018 219.101 0.701089
184.204 14.4158 219.389 0.69167
184.224 14.4296 219.678 0.691968
184.244 14.4434 219.967 0.685096
184.264 14.457 220.256 0.678311
184.284 14.4705 220.545 0.671668
184.304 14.4838 220.834 0.665179
184.324 14.4971 221.124 0.659765
184.344 14.5102 221.414 0.651867
184.364 14.5231 221.705 0.64485
184.384 14.5359 221.995 0.637664
184.404 14.5486 222.286 0.630167
184.424 14.5611 222.577 0.621946
184.444 14.5734 222.869 0.613896
184.464 14.5856 223.16 0.605423
184.484 14.5976 223.452 0.596449
184.504 14.6094 223.744 0.585938
184.524 14.621 224.037 0.576
184.544 14.6324 224.329 0.565161
184.564 14.6435 224.622 0.552571
184.584 14.6544 224.915 0.540301
184.604 14.6651 225.208 0.529812
184.624 14.6755 225.502 0.516371
184.644 14.6857 225.795 0.506092
184.664 14.6957 226.089 0.493249
184.684 14.7054 226.383 0.480217
184.704 14.7148 226.677 0.465893
184.724 14.724 226.972 0.4528
184.744 14.7329 227.266 0.439282
184.764 14.7415 227.561 0.421584
184.784 14.7498 227.856 0.407686
184.804 14.7577 228.151 0.392395
184.824 14.7654 228.446 0.375125
184.844 14.7727 228.742 0.357909
184.864 14.7796 229.037 0.341232
184.884 14.7862 229.333 0.324196
184.904 14.7925 229.629 0.304967
184.924 14.7984 229.925 0.287305
184.944 14.8039 230.221 0.270192
184.964 14.8091 230.517 0.252123
184.984 14.8139 230.813 0.233003
185.004 14.8183 231.109 0.213066
185.024 14.8224 231.406 0.193533
185.044 14.826 231.702 0.174036
185.064 14.8293 231.999 0.153226
185.084 14.8321 232.295 0.132825
185.104 14.8345 232.592 0.11391
185.124 14.8365 232.889 0.0934733
185.144 14.8382 233.186 0.0742204
185.164 14.8394 233.482 0.0530896
185.184 14.8403 233.779 0.0343541
185.204 14.8408 234.076 0.0165057
185.224 14.8409 234.373 0.000119678
185.244 14.8407 234.67 -0.017624
185.264 14.8401 234.966 -0.0360401
185.284 14.8392 235.263 -0.0551131
185.304 14.8379 235.56 -0.0717243
185.324 14.8362 235.857 -0.0880823
185.344 14.8343 236.153 -0.103563
185.364 14.832 236.45 -0.118834
185.384 14.8295 236.747 -0.132476
185.404 14.8266 237.043 -0.146723
185.424 14.8235 237.34 -0.159809
185.444 14.8202 237.636 -0.171266
185.464 14.8166 237.933 -0.183021
185.484 14.8129 238.229 -0.192415
185.504 14.8089 238.525 -0.203152
185.524 14.8047 238.821 -0.212773
185.544 14.8003 239.117 -0.220826
185.564 14.7958 239.413 -0.227215
185.584 14.7912 239.709 -0.233138
185.604 14.7865 240.005 -0.238006
185.624 14.7817 240.3 -0.242269
185.644 14.7768 240.596 -0.243915
185.664 14.7719 240.892 -0.24404
185.684 14.767 241.187 -0.245194
185.704 14.7621 241.482 -0.244164
185.724 14.7573 241.777 -0.242194
185.744 14.7524 242.072 -0.239476
185.764 14.7477 242.367 -0.236052
185.784 14.7431 242.662 -0.227711
185.804 14.7386 242.957 -0.218963
185.824 14.7343 243.252 -0.213577
185.844 14.7302 243.547 -0.202938
185.864 14.7263 243.841 -0.191869
185.884 14.7226 244.136 -0.179637
185.904 14.7191 244.43 -0.165744
185.924 14.716 244.724 -0.151177
185.944 14.7131 245.019 -0.135738
185.964 14.7106 245.313 -0.120727
185.984 14.7084 245.607 -0.103044
186.004 14.7065 245.901 -0.0843966
186.024 14.7051 246.195 -0.0632031
186.044 14.7041 246.489 -0.0430213
186.064 14.7035 246.783 -0.0194681
186.084 14.7033 247.077 0.000741361
186.104 14.7036 247.372 0.0235676
186.124 14.7044 247.666 0.0474572
186.144 14.7056 247.96 0.0725739
186.164 14.7074 248.254 0.0952095
186.184 14.7096 248.548 0.12258
186.204 14.7123 248.842 0.145533
186.224 14.7156 249.137 0.17258
186.244 14.7194 249.431 0.199398
186.264 14.7237 249.725 0.226042
186.284 14.7285 250.02 0.251968
186.304 14.7339 250.315 0.279252
186.324 14.7398 250.609 0.305747
186.344 14.7462 250.904 0.331847
186.364 14.7531 251.199 0.356083
186.384 14.7605 251.494 0.381486
186.404 14.7684 251.79 0.401272
186.424 14.7768 252.085 0.427623
186.444 14.7856 252.381 0.451218
186.464 14.7948 252.677 0.471595
186.484 14.8045 252.973 0.490969
186.504 14.8146 253.269 0.510906
186.524 14.825 253.565 0.528545
186.544 14.8358 253.862 0.544225
186.564 14.8468 254.159 0.555374
186.584 14.858 254.456 0.566692
186.604 14.8694 254.753 0.574756
186.624 14.881 255.051 0.581903
186.644 14.8927 255.348 0.586215
186.664 14.9045 255.646 0.58807
186.684 14.9162 255.945 0.587498
186.704 14.9279 256.243 0.584825
186.724 14.9396 256.542 0.579129
186.744 14.9511 256.841 0.572169
186.764 14.9624 257.14 0.562015
186.784 14.9735 257.439 0.549689
186.804 14.9843 257.739 0.535906
186.824 14.9948 258.039 0.515614
186.844 15.0049 258.339 0.496261
186.864 15.0145 258.639 0.473471
186.884 15.0237 258.939 0.449067
186.904 15.0324 259.24 0.422555
186.924 15.0405 259.541 0.394279
186.944 15.048 259.841 0.362536
186.964 15.0548 260.142 0.328408
186.984 15.061 260.444 0.293294
187.004 15.0664 260.745 0.255523
187.024 15.071 261.046 0.21445
187.044 15.0748 261.348 0.174121
187.064 15.0778 261.649 0.132116
187.084 15.0799 261.951 0.087993
187.104 15.0812 262.253 0.0445839
187.124 15.0815 262.554 -0.000880127
187.144 15.0809 262.856 -0.0470899
187.164 15.0794 263.157 -0.0931295
187.184 15.077 263.459 -0.141074
187.204 15.0736 263.76 -0.186799
187.224 15.0693 264.062 -0.233637
187.244 15.0641 264.363 -0.279672
187.264 15.058 264.664 -0.326582
187.284 15.0509 264.965 -0.372555
187.304 15.0429 265.266 -0.416869
187.324 15.034 265.567 -0.460214
187.344 15.0243 265.868 -0.504021
187.364 15.0137 266.168 -0.545553
187.384 15.0023 266.468 -0.584464
187.404 14.9902 266.768 -0.621965
187.424 14.9773 267.068 -0.656586
187.444 14.9637 267.367 -0.693048
187.464 14.9495 267.666 -0.726896
187.484 14.9346 267.965 -0.756461
187.504 14.9191 268.264 -0.785961
187.524 14.903 268.562 -0.811671
187.544 14.8864 268.86 -0.841241
187.564 14.8693 269.157 -0.863229
187.584 14.8518 269.454 -0.884084
187.604 14.8339 269.751 -0.902125
187.624 14.8157 270.048 -0.916365
187.644 14.7972 270.344 -0.925291
187.664 14.7786 270.639 -0.934302
187.684 14.7599 270.935 -0.938906
187.704 14.741 271.23 -0.942251
187.724 14.7222 271.524 -0.94347
187.744 14.7034 271.819 -0.939296
187.764 14.6846 272.112 -0.933902
187.784 14.666 272.406 -0.926615
187.804 14.6476 272.699 -0.916256
187.824 14.6295 272.992 -0.897829
187.844 14.6117 273.284 -0.884994
187.864 14.5941 273.576 -0.867983
187.884 14.577 273.868 -0.848393
187.904 14.5603 274.159 -0.825295
187.924 14.5441 274.45 -0.800987
187.944 14.5284 274.741 -0.774158
187.964 14.5133 275.031 -0.745908
187.984 14.4987 275.321 -0.717379
188.004 14.4847 275.611 -0.68628
188.024 14.4713 275.901 -0.653161
188.044 14.4587 276.19 -0.618047
188.064 14.4468 276.479 -0.580129
188.084 14.4356 276.768 -0.544742
188.104 14.4252 277.056 -0.508048
188.124 14.4155 277.345 -0.47172
188.144 14.4064 277.633 -0.436664
188.164 14.3981 277.921 -0.400353
188.184 14.3906 278.209 -0.366057
188.204 14.3837 278.497 -0.327232
188.224 14.3776 278.784 -0.291878
188.244 14.3721 279.072 -0.257735
188.264 14.3674 279.359 -0.223252
188.284 14.3633 279.646 -0.190751
188.304 14.3599 279.934 -0.160698
188.324 14.357 280.221 -0.133024
188.344 14.3547 280.508 -0.105308
188.364 14.3529 280.795 -0.0792835
188.384 14.3516 281.082 -0.0540624
188.404 14.3508 281.369 -0.0343194
188.424 14.3503 281.656 -0.0155454
188.444 14.3502 281.943 0.00212643
188.464 14.3504 282.23 0.0135771
188.484 14.3508 282.517 0.025196
188.504 14.3514 282.804 0.0349365
188.524 14.3522 283.091 0.0435065
188.544 14.3532 283.378 0.0502436
188.564 14.3542 283.665 0.0531688
188.584 14.3553 283.952 0.0549375
188.604 14.3564 284.239 0.0551924
188.624 14.3575 284.527 0.0547346
188.644 14.3586 284.814 0.0514114
188.664 14.3595 285.101 0.0447271
188.684 14.3604 285.388 0.0391448
188.704 14.361 285.675 0.0297833
188.724 14.3615 285.963 0.0212084
188.744 14.3618 286.25 0.0113986
188.764 14.3619 286.537 0.000606087
188.784 14.3618 286.824 -0.00975505
188.804 14.3615 287.111 -0.0185368
188.824 14.361 287.399 -0.02934
188.844 14.3603 287.686 -0.0379742
188.864 14.3594 287.973 -0.0498429
188.884 14.3583 288.26 -0.0605174
188.904 14.357 288.547 -0.0693815
188.924 14.3554 288.835 -0.0809257
188.944 14.3537 289.122 -0.0895278
188.964 14.3518 289.409 -0.0981453
188.984 14.3498 289.696 -0.106186
189.004 14.3475 289.983 -0.113021
189.024 14.3452 290.27 -0.117049
189.044 14.3428 290.556 -0.123315
189.064 14.3403 290.843 -0.128676
189.084 14.3377 291.13 -0.131002
189.104 14.335 291.417 -0.133329
189.124 14.3324 291.703 -0.133901
189.144 14.3297 291.99 -0.134167
189.164 14.327 292.277 -0.131622
189.184 14.3244 292.563 -0.129873
189.204 14.3219 292.85 -0.124541
189.224 14.3195 293.136 -0.1181
189.244 14.3172 293.422 -0.110698
189.264 14.3151 293.709 -0.10193
189.284 14.3132 293.995 -0.0933084
189.304 14.3114 294.281 -0.0839597
189.324 14.3099 294.567 -0.0719248
189.344 14.3086 294.854 -0.0586137
189.364 14.3076 295.14 -0.0454719
189.384 14.3068 295.426 -0.0304768
189.404 14.3064 295.712 -0.016218
189.424 14.3063 295.998 0.000198794
189.444 14.3065 296.284 0.0175035
189.464 14.307 296.57 0.0345128
189.484 14.3079 296.857 0.0528284
189.504 14.3092 297.143 0.0705995
189.524 14.3108 297.429 0.0889821
189.544 14.3128 297.715 0.107801
189.564 14.3152 298.001 0.126171
189.584 14.3179 298.288 0.141854
189.604 14.321 298.574 0.159713
189.624 14.3244 298.861 0.175958
189.644 14.3281 299.147 0.189897
189.664 14.332 299.434 0.203503
189.684 14.3363 299.72 0.215965
189.704 14.3407 300.007 0.226374
189.724 14.3453 300.294 0.233976
189.744 14.3501 300.581 0.239928
189.764 14.3549 300.868 0.243121
189.784 14.3598 301.155 0.243449
189.804 14.3646 301.443 0.241893
189.824 14.3694 301.73 0.236378
189.844 14.374 302.017 0.228974
189.864 14.3785 302.305 0.22036
189.884 14.3827 302.593 0.205337
189.904 14.3867 302.88 0.188184
189.924 14.3902 303.168 0.170529
189.944 14.3934 303.456 0.147353
189.964 14.396 303.744 0.123001
189.984 14.3981 304.032 0.093256
190.004 14.3996 304.32 0.0598589
190.024 14.4004 304.608 0.0245662
190.044 14.4004 304.896 -0.0129664
190.064 14.3997 305.184 -0.0541991
190.084 14.3981 305.472 -0.0980987
190.104 14.3956 305.76 -0.143414
190.124 14.3921 306.047 -0.191527
190.144 14.3877 306.335 -0.241571
190.164 14.3822 306.623 -0.292869
190.184 14.3758 306.91 -0.344145
190.204 14.3682 307.198 -0.3978
190.224 14.3596 307.485 -0.45279
190.244 14.3499 307.772 -0.509957
190.264 14.339 308.059 -0.564722
190.284 14.3271 308.346 -0.620228
190.304 14.314 308.632 -0.677958
190.324 14.2998 308.918 -0.73178
190.344 14.2845 309.204 -0.786869
190.364 14.2681 309.49 -0.840631
190.384 14.2507 309.775 -0.893996
190.404 14.2322 310.06 -0.945021
190.424 14.2126 310.344 -0.995802
190.444 14.1921 310.628 -1.04284
190.464 14.1707 310.912 -1.08965
190.484 14.1484 311.195 -1.13375
190.504 14.1252 311.477 -1.17722
190.524 14.1011 311.76 -1.22003
190.544 14.0762 312.041 -1.25993
190.564 14.0505 312.323 -1.29873
190.584 14.0241 312.603 -1.33501
190.604 13.997 312.883 -1.36889
190.624 13.9692 313.163 -1.39995
190.644 13.9409 313.442 -1.4302
190.664 13.9119 313.72 -1.45964
190.684 13.8824 313.998 -1.4826
190.704 13.8525 314.276 -1.50212
190.724 13.8223 314.552 -1.52132
190.744 13.7916 314.828 -1.53867
190.764 13.7607 315.104 -1.55451
190.784 13.7294 315.379 -1.56868
190.804 13.6979 315.653 -1.58271
190.824 13.6661 315.927 -1.59351
190.844 13.6341 316.199 -1.6006
190.864 13.6019 316.472 -1.61287
190.884 13.5696 316.743 -1.61963
190.904 13.5371 317.014 -1.6283
190.924 13.5045 317.285 -1.63469
190.944 13.4717 317.554 -1.64294
190.964 13.4388 317.823 -1.65129
190.984 13.4057 318.092 -1.65715
191.004 13.3724 318.36 -1.6624
191.024 13.3391 318.627 -1.66922
191.044 13.3056 318.893 -1.67756
191.064 13.272 319.159 -1.68528
191.084 13.2382 319.424 -1.69488
191.104 13.2042 319.688 -1.7033
191.124 13.17 319.952 -1.71301
191.144 13.1356 320.215 -1.7244
191.164 13.101 320.477 -1.73692
191.184 13.0661 320.739 -1.75064
191.204 13.0309 321 -1.76459
191.224 12.9954 321.26 -1.78108
191.244 12.9596 321.519 -1.7967
191.264 12.9235 321.778 -1.81204
191.284 12.8871 322.036 -1.829
191.304 12.8503 322.293 -1.84788
191.324 12.8131 322.55 -1.86655
191.344 12.7755 322.806 -1.88481
191.364 12.7376 323.061 -1.9047
191.384 12.6993 323.315 -1.92475
191.404 12.6605 323.569 -1.94453
191.424 12.6214 323.821 -1.96359
191.444 12.5819 324.073 -1.981
191.464 12.5421 324.324 -1.9988
191.484 12.5019 324.575 -2.01586
191.504 12.4613 324.824 -2.03525
191.524 12.4205 325.073 -2.04837
191.544 12.3793 325.321 -2.06242
191.564 12.3379 325.568 -2.07703
191.584 12.2962 325.814 -2.0894
191.604 12.2543 326.06 -2.10055
191.624 12.2123 326.304 -2.10315
191.644 12.1701 326.548 -2.11074
191.664 12.1279 326.791 -2.11178
191.684 12.0856 327.033 -2.11178
191.704 12.0434 327.274 -2.11359
191.724 12.0011 327.515 -2.11452
191.744 11.9589 327.754 -2.10383
191.764 11.917 327.993 -2.09501
191.784 11.8752 328.231 -2.0845
191.804 11.8337 328.468 -2.06882
191.824 11.7925 328.704 -2.05077
191.844 11.7518 328.939 -2.02805
191.864 11.7115 329.174 -2.00565
191.884 11.6717 329.407 -1.98141
191.904 11.6324 329.64 -1.95276
191.924 11.5937 329.873 -1.92405
191.944 11.5556 330.104 -1.89196
191.964 11.5181 330.335 -1.85777
191.984 11.4814 330.565 -1.82014
192.004 11.4455 330.794 -1.77584
192.024 11.4105 331.022 -1.73236
192.044 11.3764 331.25 -1.68993
192.064 11.3431 331.477 -1.64494
192.084 11.3108 331.704 -1.59665
192.104 11.2795 331.93 -1.54452
192.124 11.2492 332.155 -1.49339
192.144 11.22 332.379 -1.43984
192.164 11.1918 332.603 -1.3852
192.184 11.1648 332.827 -1.33168
192.204 11.1388 333.05 -1.27657
192.224 11.114 333.272 -1.21874
192.244 11.0903 333.494 -1.16056
192.264 11.0678 333.716 -1.10131
192.284 11.0464 333.937 -1.04577
192.304 11.0262 334.158 -0.989859
192.324 11.0071 334.378 -0.932351
192.344 10.9891 334.598 -0.876404
192.364 10.9722 334.818 -0.819546
192.384 10.9565 335.037 -0.763464
192.404 10.9419 335.256 -0.708243
192.424 10.9284 335.474 -0.656813
192.444 10.9158 335.693 -0.606026
192.464 10.9043 335.911 -0.555352
192.484 10.8938 336.129 -0.508501
192.504 10.8842 336.347 -0.46221
192.524 10.8755 336.564 -0.417785
192.544 10.8676 336.782 -0.375208
192.564 10.8607 336.999 -0.33175
192.584 10.8545 337.216 -0.291785
192.604 10.8491 337.433 -0.254213
192.624 10.8445 337.65 -0.218683
192.644 10.8405 337.867 -0.184338
192.664 10.8372 338.084 -0.153269
192.684 10.8345 338.3 -0.124513
192.704 10.8324 338.517 -0.0953433
192.724 10.8308 338.734 -0.0662762
192.744 10.8298 338.95 -0.0412409
192.764 10.8293 339.167 -0.0166512
192.784 10.8292 339.383 0.00602529
192.804 10.8296 339.6 0.0277446
192.824 10.8304 339.817 0.048944
192.844 10.8316 340.033 0.0681858
192.864 10.8332 340.25 0.0872298
192.884 10.8352 340.467 0.104073
192.904 10.8375 340.683 0.12204
192.924 10.8401 340.9 0.139182
192.944 10.8431 341.117 0.15595
192.964 10.8464 341.334 0.173016
192.984 10.8501 341.551 0.189568
193.004 10.8541 341.768 0.204289
193.024 10.8584 341.985 0.221503
193.044 10.863 342.202 0.237625
193.064 10.8679 342.42 0.253966
193.084 10.8732 342.637 0.268524
193.104 10.8788 342.855 0.286382
193.124 10.8847 343.072 0.305323
193.144 10.8911 343.29 0.323843
193.164 10.8978 343.508 0.341176
193.184 10.9048 343.726 0.359723
193.204 10.9122 343.944 0.376157
193.224 10.9199 344.162 0.394566
193.244 10.928 344.381 0.412723
193.264 10.9365 344.6 0.431654
193.284 10.9454 344.818 0.450614
193.304 10.9546 345.037 0.470325
193.324 10.9643 345.257 0.489097
193.344 10.9743 345.476 0.507594
193.364 10.9847 345.696 0.526502
193.384 10.9954 345.915 0.545618
193.404 11.0066 346.135 0.564755
193.424 11.0181 346.356 0.583883
193.444 11.03 346.576 0.601701
193.464 11.0422 346.797 0.621242
193.484 11.0548 347.018 0.636782
193.504 11.0678 347.239 0.652488
193.524 11.081 347.461 0.669177
193.544 11.0946 347.683 0.68475
193.564 11.1085 347.905 0.699618
193.584 11.1226 348.127 0.714654
193.604 11.1371 348.35 0.727361
193.624 11.1518 348.572 0.739018
193.644 11.1667 348.796 0.752047
193.664 11.1818 349.019 0.76047
193.684 11.1971 349.243 0.769155
193.704 11.2126 349.467 0.777092
193.724 11.2282 349.692 0.784811
193.744 11.244 349.916 0.790471
193.764 11.2599 350.141 0.795683
193.784 11.2758 350.367 0.798761
193.804 11.2918 350.593 0.802358
193.824 11.3079 350.819 0.805442
193.844 11.324 351.045 0.806659
193.864 11.3402 351.272 0.806762
193.884 11.3563 351.499 0.807021
193.904 11.3725 351.726 0.806352
193.924 11.3885 351.954 0.802956
193.944 11.4045 352.182 0.798463
193.964 11.4204 352.41 0.793593
193.984 11.4362 352.638 0.786719
194.004 11.4519 352.867 0.781721
194.024 11.4674 353.097 0.774472
194.044 11.4828 353.326 0.766742
194.064 11.4981 353.556 0.757947
194.084 11.5131 353.786 0.750123
194.104 11.5281 354.016 0.741821
194.124 11.5428 354.247 0.732741
194.144 11.5573 354.478 0.721545
194.164 11.5716 354.71 0.71118
194.184 11.5857 354.941 0.701217
194.204 11.5996 355.173 0.68778
194.224 11.6132 355.405 0.677097
194.244 11.6266 355.638 0.664687
194.264 11.6398 355.87 0.652583
194.284 11.6527 356.103 0.640049
194.304 11.6653 356.336 0.628885
194.324 11.6778 356.57 0.617521
194.344 11.69 356.804 0.604433
194.364 11.7019 357.038 0.592861
194.384 11.7137 357.272 0.581235
194.404 11.7251 357.506 0.570049
194.424 11.7364 357.741 0.558091
194.444 11.7474 357.976 0.544687
194.464 11.7582 358.211 0.536743
194.484 11.7688 358.446 0.526281
194.504 11.7792 358.682 0.516176
194.524 11.7894 358.917 0.505819
194.544 11.7994 359.153 0.494876
194.564 11.8092 359.389 0.48658
194.584 11.8188 359.626 0.476266
194.604 11.8283 359.862 0.467013
194.624 11.8375 360.099 0.459212
194.644 11.8466 360.336 0.449201
194.664 11.8555 360.573 0.442624
194.684 11.8643 360.81 0.436488
194.704 11.873 361.047 0.431977
194.724 11.8815 361.285 0.425157
194.744 11.89 361.523 0.419454
194.764 11.8983 361.76 0.414237
194.784 11.9065 361.998 0.410202
194.804 11.9147 362.237 0.405609
194.824 11.9227 362.475 0.402425
194.844 11.9307 362.714 0.399697
194.864 11.9387 362.952 0.397634
194.884 11.9467 363.191 0.397689
194.904 11.9546 363.43 0.395837
194.924 11.9625 363.669 0.395371
194.944 11.9704 363.909 0.394905
194.964 11.9783 364.148 0.397149
194.984 11.9863 364.388 0.397688
195.004 11.9943 364.628 0.400408
195.024 12.0023 364.868 0.400774
195.044 12.0104 365.108 0.404251
195.064 12.0185 365.348 0.407488
195.084 12.0267 365.589 0.412523
195.104 12.035 365.829 0.417628
195.124 12.0434 366.07 0.421816
195.144 12.0519 366.311 0.428362
195.164 12.0606 366.552 0.435416
195.184 12.0694 366.794 0.445137
195.204 12.0784 367.035 0.451336
195.224 12.0875 367.277 0.461079
195.244 12.0968 367.519 0.470906
195.264 12.1064 367.761 0.482086
195.284 12.1161 368.003 0.492107
195.304 12.1261 368.245 0.503176
195.324 12.1363 368.488 0.514186
195.344 12.1468 368.731 0.528345
195.364 12.1575 368.974 0.540676
195.384 12.1685 369.217 0.553565
195.404 12.1797 369.461 0.566993
195.424 12.1912 369.704 0.580568
195.444 12.203 369.948 0.595279
195.464 12.2151 370.193 0.609248
195.484 12.2275 370.437 0.624027
195.504 12.2401 370.682 0.639099
195.524 12.2531 370.927 0.654259
195.544 12.2664 371.172 0.670987
195.564 12.28 371.417 0.6876
195.584 12.294 371.663 0.704573
195.604 12.3083 371.909 0.721573
195.624 12.3229 372.156 0.738325
195.644 12.3379 372.402 0.755572
195.664 12.3532 372.649 0.772702
195.684 12.3689 372.896 0.791799
195.704 12.3849 373.144 0.807263
195.724 12.4014 373.392 0.829115
195.744 12.4181 373.64 0.842424
195.764 12.4351 373.889 0.860982
195.784 12.4526 374.138 0.878183
195.804 12.4703 374.387 0.895333
195.824 12.4885 374.636 0.913701
195.844 12.5069 374.886 0.92939
195.864 12.5257 375.137 0.947041
195.884 12.5449 375.388 0.96483
195.904 12.5644 375.639 0.981333
195.924 12.5842 375.89 1.00042
195.944 12.6044 376.142 1.01831
195.964 12.625 376.394 1.03577
195.984 12.6459 376.647 1.05356
196.004 12.6672 376.9 1.06934
196.024 12.6888 377.154 1.08691
196.044 12.7107 377.408 1.10432
196.064 12.733 377.662 1.12096
196.084 12.7556 377.917 1.13808
196.104 12.7786 378.173 1.15402
196.124 12.8019 378.429 1.16992
196.144 12.8255 378.685 1.18568
196.164 12.8494 378.942 1.20134
196.184 12.8736 379.199 1.21665
196.204 12.8981 379.457 1.23134
196.224 12.9229 379.715 1.24706
196.244 12.948 379.974 1.26179
196.264 12.9734 380.233 1.27673
196.284 12.9991 380.493 1.29091
196.304 13.0251 380.753 1.30359
196.324 13.0514 381.014 1.3167
196.344 13.0779 381.275 1.32977
196.364 13.1046 381.537 1.3418
196.384 13.1315 381.8 1.34965
196.404 13.1587 382.063 1.36216
196.424 13.1861 382.326 1.3702
196.444 13.2136 382.59 1.37618
196.464 13.2412 382.855 1.38706
196.484 13.269 383.12 1.39258
196.504 13.2969 383.386 1.39654
196.524 13.3249 383.652 1.40034
196.544 13.3529 383.919 1.40186
196.564 13.381 384.186 1.40357
196.584 13.409 384.454 1.40302
196.604 13.4371 384.723 1.40246
196.624 13.4651 384.992 1.39976
196.644 13.4931 385.261 1.3964
196.664 13.521 385.532 1.39216
196.684 13.5487 385.802 1.38745
196.704 13.5764 386.074 1.37801
196.724 13.6038 386.345 1.36878
196.744 13.6311 386.618 1.35866
196.764 13.6581 386.891 1.34356
196.784 13.6848 387.164 1.3309
196.804 13.7112 387.438 1.31542
196.824 13.7373 387.713 1.29714
196.844 13.763 387.988 1.2763
196.864 13.7883 388.263 1.25424
196.884 13.813 388.539 1.22694
196.904 13.8373 388.816 1.20268
196.924 13.861 389.093 1.17168
196.944 13.8841 389.371 1.1423
196.964 13.9065 389.649 1.10758
196.984 13.9282 389.927 1.07373
197.004 13.9493 390.206 1.03621
197.024 13.9695 390.485 0.997682
197.044 13.9889 390.765 0.954153
197.064 14.0075 391.045 0.911345
197.084 14.0251 391.325 0.859428
197.104 14.0418 391.606 0.810078
197.124 14.0574 391.887 0.758341
197.144 14.0719 392.168 0.703606
197.164 14.0852 392.45 0.645437
197.184 14.0974 392.731 0.585484
197.204 14.1084 393.014 0.522522
197.224 14.118 393.296 0.455489
197.244 14.1263 393.578 0.389472
197.264 14.1333 393.861 0.319948
197.284 14.1388 394.144 0.249057
197.304 14.1429 394.426 0.174742
197.324 14.1455 394.709 0.0979886
197.344 14.1465 394.992 0.0190465
197.364 14.1459 395.275 -0.0626786
197.384 14.1437 395.558 -0.143795
197.404 14.1397 395.841 -0.233292
197.424 14.1341 396.124 -0.318532
197.444 14.1267 396.406 -0.40783
197.464 14.1174 396.689 -0.495721
197.484 14.1064 396.971 -0.590732
197.504 14.0935 397.253 -0.682645
197.524 14.0788 397.535 -0.773452
197.544 14.0622 397.816 -0.86871
197.564 14.0436 398.097 -0.966181
197.584 14.0232 398.378 -1.06291
197.604 14.0007 398.658 -1.16042
197.624 13.9764 398.938 -1.2563
197.644 13.9501 399.217 -1.35229
197.664 13.9219 399.495 -1.44652
197.684 13.8919 399.773 -1.54123
197.704 13.8599 400.051 -1.63579
197.724 13.8261 400.328 -1.7291
197.744 13.7904 400.604 -1.82097
197.764 13.7528 400.879 -1.91709
197.784 13.7135 401.154 -2.00073
197.804 13.6724 401.428 -2.08663
197.824 13.6297 401.701 -2.16896
197.844 13.5854 401.973 -2.24236
197.864 13.5397 402.244 -2.31704
197.884 13.4924 402.514 -2.38939
197.904 13.4439 402.783 -2.45604
197.924 13.394 403.052 -2.52112
197.944 13.3428 403.319 -2.58112
197.964 13.2905 403.585 -2.64117
197.984 13.2371 403.85 -2.68998
198.004 13.1827 404.114 -2.73405
198.024 13.1276 404.377 -2.77443
198.044 13.0717 404.639 -2.80957
198.064 13.0151 404.9 -2.8425
198.084 12.9579 405.16 -2.86897
198.104 12.9002 405.418 -2.8912
198.124 12.8422 405.675 -2.91099
198.144 12.7838 405.931 -2.92559
198.164 12.7251 406.186 -2.93493
198.184 12.6664 406.44 -2.93889
198.204 12.6076 406.693 -2.93955
198.224 12.5489 406.944 -2.93587
198.244 12.4902 407.195 -2.9299
198.264 12.4318 407.444 -2.91919
198.284 12.3735 407.692 -2.90578
198.304 12.3156 407.938 -2.88933
198.324 12.2581 408.184 -2.86742
198.344 12.201 408.428 -2.84563
198.364 12.1444 408.672 -2.82014
198.384 12.0883 408.914 -2.79275
198.404 12.0328 409.155 -2.76349
198.424 11.9779 409.395 -2.7324
198.444 11.9236 409.634 -2.70072
198.464 11.8701 409.872 -2.66504
198.484 11.8172 410.109 -2.62738
198.504 11.7651 410.344 -2.59248
198.524 11.7137 410.579 -2.55528
198.544 11.663 410.813 -2.5198
198.564 11.613 411.045 -2.48249
198.584 11.5638 411.277 -2.44644
198.604 11.5153 411.508 -2.40978
198.624 11.4676 411.737 -2.37344
198.644 11.4205 411.966 -2.33881
198.664 11.3742 412.194 -2.30378
198.684 11.3285 412.421 -2.26979
198.704 11.2835 412.647 -2.2377
198.724 11.2391 412.872 -2.20648
198.744 11.1954 413.096 -2.17655
198.764 11.1522 413.32 -2.14853
198.784 11.1095 413.542 -2.12221
198.804 11.0674 413.764 -2.09802
198.824 11.0257 413.985 -2.07529
198.844 10.9845 414.205 -2.05207
198.864 10.9437 414.424 -2.02957
198.884 10.9033 414.642 -2.00918
198.904 10.8634 414.86 -1.99028
198.924 10.8238 415.077 -1.97373
198.944 10.7845 415.293 -1.9542
198.964 10.7457 415.508 -1.93789
198.984 10.7071 415.723 -1.92104
199.004 10.6688 415.936 -1.90787
199.024 10.6308 416.149 -1.89415
199.044 10.5931 416.361 -1.88111
199.064 10.5556 416.573 -1.86802
199.084 10.5184 416.783 -1.85503
199.104 10.4815 416.993 -1.84218
199.124 10.4448 417.202 -1.82839
199.144 10.4084 417.411 -1.8149
199.164 10.3723 417.619 -1.80054
199.184 10.3364 417.826 -1.78426
199.204 10.3009 418.032 -1.77254
199.224 10.2657 418.238 -1.75539
199.244 10.2308 418.442 -1.73696
199.264 10.1963 418.647 -1.71875
199.284 10.1621 418.85 -1.70198
199.304 10.1283 419.053 -1.68319
199.324 10.0949 419.255 -1.6634
199.344 10.0618 419.457 -1.6434
199.364 10.0292 419.658 -1.62391
199.384 9.99703 419.858 -1.59851
199.404 9.96537 420.057 -1.57258
199.424 9.93422 420.256 -1.54657
199.444 9.9036 420.455 -1.52079
199.464 9.87349 420.652 -1.49426
199.484 9.84394 420.849 -1.46657
199.504 9.81495 421.046 -1.43811
199.524 9.78653 421.242 -1.40899
199.544 9.75872 421.437 -1.37807
199.564 9.73155 421.632 -1.34552
199.584 9.70503 421.826 -1.31233
199.604 9.67918 422.02 -1.2797
199.624 9.65398 422.213 -1.24499
199.644 9.62947 422.406 -1.2129
199.664 9.60564 422.599 -1.1763
199.684 9.58253 422.79 -1.14096
199.704 9.56016 422.982 -1.10369
199.724 9.5385 423.173 -1.0679
199.744 9.51755 423.363 -1.03284
199.764 9.49736 423.553 -0.99319
199.784 9.47792 423.743 -0.957773
199.804 9.45923 423.932 -0.920162
199.824 9.44129 424.121 -0.882224
199.844 9.42408 424.31 -0.84528
199.864 9.4076 424.498 -0.809401
199.884 9.39184 424.686 -0.774055
199.904 9.37677 424.874 -0.739254
199.924 9.3624 425.061 -0.704807
199.944 9.34872 425.248 -0.670606
199.964 9.33569 425.435 -0.638936
199.984 9.32331 425.622 -0.606011
200.004 9.31157 425.808 -0.574564
200.024 9.30046 425.994 -0.543465
200.044 9.28996 426.18 -0.51274
200.064 9.28004 426.366 -0.483939
200.084 9.27069 426.551 -0.4571
200.104 9.26189 426.736 -0.429044
200.124 9.25363 426.922 -0.402578
200.144 9.24587 427.107 -0.378818
200.164 9.23855 427.291 -0.357269
200.184 9.23163 427.476 -0.33596
200.204 9.22516 427.661 -0.315443
200.224 9.21906 427.845 -0.298015
200.244 9.21335 428.029 -0.2783
200.264 9.20797 428.214 -0.262914
200.284 9.2029 428.398 -0.246809
200.304 9.19811 428.582 -0.234292
200.324 9.19358 428.766 -0.220701
200.344 9.18933 428.949 -0.207077
200.364 9.18534 429.133 -0.195297
200.384 9.18155 429.317 -0.185436
200.404 9.17793 429.5 -0.178418
200.424 9.17445 429.684 -0.170252
200.444 9.17114 429.867 -0.163108
200.464 9.16796 430.051 -0.156264
200.484 9.1649 430.234 -0.150795
200.504 9.16194 430.417 -0.146926
200.524 9.15904 430.601 -0.143216
200.544 9.15621 430.784 -0.141627
200.564 9.15339 430.967 -0.140165
200.584 9.1506 431.15 -0.139804
200.604 9.14784 431.333 -0.138556
200.624 9.14507 431.516 -0.138879
200.644 9.14228 431.699 -0.140088
200.664 9.13947 431.881 -0.140797
200.684 9.13664 432.064 -0.142548
200.704 9.13377 432.247 -0.144537
200.724 9.13084 432.43 -0.147663
200.744 9.12787 432.612 -0.149577
200.764 9.12482 432.795 -0.154369
200.784 9.12169 432.977 -0.157342
200.804 9.11849 433.159 -0.161085
200.824 9.11522 433.342 -0.164818
200.844 9.11188 433.524 -0.168036
200.864 9.10848 433.706 -0.171972
200.884 9.10499 433.888 -0.176022
200.904 9.10138 434.07 -0.182575
200.924 9.09769 434.252 -0.186205
200.944 9.09389 434.434 -0.192264
200.964 9.08999 434.616 -0.19731
200.984 9.08598 434.798 -0.202525
201.004 9.08185 434.98 -0.208348
201.024 9.07758 435.161 -0.215728
201.044 9.0732 435.343 -0.22095
201.064 9.06871 435.524 -0.228069
201.084 9.06406 435.705 -0.235977
201.104 9.05922 435.887 -0.245397
201.124 9.05423 436.068 -0.252077
201.144 9.04907 436.249 -0.261438
201.164 9.04374 436.43 -0.270223
201.184 9.03822 436.611 -0.280362
201.204 9.03255 436.791 -0.285446
201.224 9.02671 436.972 -0.295586
201.244 9.02069 437.152 -0.304319
201.264 9.0145 437.333 -0.314459
201.284 9.0081 437.513 -0.323647
201.304 9.00153 437.693 -0.333223
201.324 8.99476 437.873 -0.341348
201.344 8.98781 438.053 -0.351925
201.364 8.98064 438.232 -0.362062
201.384 8.97328 438.412 -0.372986
201.404 8.96568 438.591 -0.384191
201.424 8.95788 438.77 -0.393935
201.444 8.94986 438.95 -0.405422
201.464 8.94165 439.128 -0.413856
201.484 8.93325 439.307 -0.423146
201.504 8.92466 439.486 -0.433631
201.524 8.91587 439.664 -0.444152
201.544 8.90689 439.842 -0.45233
201.564 8.89768 440.02 -0.462436
201.584 8.88832 440.198 -0.471028
201.604 8.87881 440.376 -0.478775
201.624 8.86912 440.553 -0.486942
201.644 8.85928 440.731 -0.494861
201.664 8.84928 440.908 -0.502591
201.684 8.83912 441.084 -0.51092
201.704 8.82881 441.261 -0.517101
201.724 8.81838 441.438 -0.523768
201.744 8.80789 441.614 -0.526535
201.764 8.79729 441.79 -0.532311
201.784 8.78661 441.966 -0.535896
201.804 8.77586 442.141 -0.538658
201.824 8.76504 442.317 -0.543039
201.844 8.75417 442.492 -0.543761
201.864 8.74332 442.667 -0.542232
201.884 8.73248 442.842 -0.540861
201.904 8.72163 443.016 -0.543464
201.924 8.71079 443.19 -0.539737
201.944 8.7 443.364 -0.540948
201.964 8.68922 443.538 -0.537281
201.984 8.67857 443.712 -0.530936
202.004 8.66801 443.885 -0.525903
202.024 8.65752 444.059 -0.522982
202.044 8.64713 444.232 -0.517734
202.064 8.63685 444.404 -0.51088
202.084 8.62673 444.577 -0.50387
202.104 8.61677 444.75 -0.49292
202.124 8.60703 444.922 -0.483675
202.144 8.59747 445.094 -0.4747
202.164 8.58806 445.266 -0.467629
202.184 8.57883 445.437 -0.456606
202.204 8.56984 445.609 -0.445196
202.224 8.56108 445.78 -0.433694
202.244 8.55251 445.951 -0.423766
202.264 8.54417 446.122 -0.4139
202.284 8.53608 446.293 -0.399037
202.304 8.52825 446.463 -0.386349
202.324 8.52069 446.634 -0.372382
202.344 8.51341 446.804 -0.358314
202.364 8.50646 446.974 -0.340961
202.384 8.49982 447.145 -0.325874
202.404 8.49347 447.314 -0.31261
202.424 8.4874 447.484 -0.29702
202.444 8.48165 447.654 -0.281993
202.464 8.47623 447.823 -0.264508
202.484 8.47112 447.993 -0.248429
202.504 8.46635 448.162 -0.232313
202.524 8.4619 448.332 -0.215144
202.544 8.45779 448.501 -0.199222
202.564 8.45403 448.67 -0.181225
202.584 8.45061 448.839 -0.164028
202.604 8.44753 449.008 -0.146787
202.624 8.44479 449.177 -0.129248
202.644 8.44242 449.346 -0.111382
202.664 8.44038 449.514 -0.0954936
202.684 8.43867 449.683 -0.0788755
202.704 8.43731 449.852 -0.0598164
202.724 8.43633 450.021 -0.0415958
202.744 8.4357 450.189 -0.0251906
202.764 8.43541 450.358 -0.00731148
202.784 8.43545 450.527 0.00966379
202.804 8.43588 450.696 0.0299972
202.824 8.4367 450.864 0.0489696
202.844 8.43789 451.033 0.0667897
202.864 8.43946 451.202 0.0866509
202.884 8.44143 451.371 0.106264
202.904 8.44382 451.54 0.126773
202.924 8.44656 451.708 0.143934
202.944 8.44962 451.877 0.158864
202.964 8.45302 452.046 0.177332
202.984 8.4568 452.216 0.19662
203.004 8.46096 452.385 0.214958
203.024 8.46548 452.554 0.233162
203.044 8.47035 452.723 0.251278
203.064 8.47564 452.893 0.271982
203.084 8.48131 453.062 0.291888
203.104 8.48734 453.232 0.30811
203.124 8.49375 453.402 0.328571
203.144 8.50055 453.572 0.348003
203.164 8.50773 453.742 0.36612
203.184 8.51527 453.912 0.38382
203.204 8.52312 454.083 0.399119
203.224 8.53132 454.253 0.416401
203.244 8.53986 454.424 0.433776
203.264 8.54872 454.595 0.449348
203.284 8.55788 454.766 0.465165
203.304 8.56733 454.937 0.478863
203.324 8.57712 455.109 0.495719
203.344 8.58725 455.28 0.513252
203.364 8.59771 455.452 0.528493
203.384 8.60845 455.624 0.542424
203.404 8.6195 455.797 0.558034
203.424 8.6308 455.969 0.569177
203.444 8.6423 456.142 0.579152
203.464 8.65398 456.315 0.5875
203.484 8.66588 456.488 0.600185
203.504 8.67801 456.662 0.610548
203.524 8.69033 456.835 0.61934
203.544 8.70281 457.009 0.626562
203.564 8.71542 457.183 0.632698
203.584 8.72814 457.358 0.638592
203.604 8.74096 457.533 0.642432
203.624 8.75387 457.708 0.64758
203.644 8.7669 457.883 0.653655
203.664 8.77998 458.058 0.654503
203.684 8.7931 458.234 0.655526
203.704 8.8062 458.41 0.654828
203.724 8.8193 458.586 0.655476
203.744 8.83239 458.763 0.653903
203.764 8.84543 458.94 0.651676
203.784 8.85839 459.117 0.646425
203.804 8.87128 459.294 0.642169
203.824 8.88406 459.472 0.6365
203.844 8.89671 459.649 0.629785
203.864 8.90921 459.828 0.622308
203.884 8.92157 460.006 0.615372
203.904 8.93376 460.184 0.60594
203.924 8.94575 460.363 0.594865
203.944 8.95752 460.542 0.58466
203.964 8.96908 460.722 0.573531
203.984 8.98042 460.901 0.562511
204.004 8.99151 461.081 0.548977
204.024 9.00234 461.261 0.535124
204.044 9.01289 461.441 0.521851
204.064 9.02315 461.621 0.50788
204.084 9.03314 461.802 0.494038
204.104 9.04282 461.983 0.477673
204.124 9.0522 462.164 0.462458
204.144 9.06127 462.345 0.447759
204.164 9.07004 462.526 0.432278
204.184 9.07846 462.708 0.413146
204.204 9.08652 462.889 0.396389
204.224 9.09424 463.071 0.378969
204.244 9.10164 463.253 0.3636
204.264 9.10871 463.435 0.345534
204.284 9.11542 463.618 0.329409
204.304 9.1218 463.8 0.312344
204.324 9.12786 463.982 0.298482
204.344 9.13365 464.165 0.282753
204.364 9.13912 464.348 0.266125
204.384 9.14426 464.531 0.250535
204.404 9.14908 464.714 0.235601
204.424 9.15361 464.897 0.220862
204.444 9.15788 465.08 0.208682
204.464 9.16191 465.263 0.196949
204.484 9.1657 465.446 0.184626
204.504 9.16926 465.63 0.174443
204.524 9.17261 465.813 0.163694
204.544 9.17573 465.997 0.149758
204.564 9.17858 466.18 0.137038
204.584 9.18126 466.364 0.130893
204.604 9.18378 466.547 0.123526
204.624 9.18616 466.731 0.116092
204.644 9.18838 466.915 0.108627
204.664 9.19049 467.099 0.104707
204.684 9.19254 467.282 0.101494
204.704 9.19456 467.466 0.10025
204.724 9.19657 467.65 0.100904
204.744 9.19858 467.834 0.100324
204.764 9.2006 468.018 0.101647
204.784 9.20266 468.202 0.105219
204.804 9.20481 468.386 0.108427
204.824 9.20699 468.57 0.110492
204.844 9.20927 468.755 0.115402
204.864 9.21165 468.939 0.121624
204.884 9.21415 469.123 0.127405
204.904 9.21677 469.307 0.133656
204.924 9.21949 469.492 0.138851
204.944 9.22236 469.676 0.146867
204.964 9.2254 469.861 0.154472
204.984 9.22858 470.045 0.161807
205.004 9.2319 470.23 0.16925
205.024 9.23537 470.414 0.176061
205.044 9.23897 470.599 0.183291
205.064 9.24275 470.784 0.192471
205.084 9.2467 470.969 0.199362
205.104 9.2508 471.154 0.207364
205.124 9.25501 471.339 0.212891
205.144 9.25935 471.524 0.219493
205.164 9.26381 471.709 0.225864
205.184 9.26841 471.895 0.232245
205.204 9.27312 472.08 0.238044
205.224 9.27792 472.266 0.241489
205.244 9.28281 472.451 0.246237
205.264 9.28776 472.637 0.248558
205.284 9.29279 472.823 0.252515
205.304 9.29785 473.009 0.253946
205.324 9.30296 473.195 0.255827
205.344 9.30811 473.381 0.258707
205.364 9.31329 473.567 0.259872
205.384 9.31852 473.753 0.261789
205.404 9.32376 473.94 0.26161
205.424 9.329 474.126 0.26207
205.444 9.33425 474.313 0.262782
205.464 9.33949 474.5 0.261569
205.484 9.34471 474.687 0.261254
205.504 9.34991 474.874 0.25876
205.524 9.35509 475.061 0.258649
205.544 9.36025 475.248 0.259313
205.564 9.36539 475.435 0.255435
205.584 9.37045 475.622 0.252075
205.604 9.37545 475.81 0.248905
205.624 9.38039 475.998 0.245694
205.644 9.38528 476.185 0.244025
205.664 9.39012 476.373 0.240893
205.684 9.3949 476.561 0.238013
205.704 9.39963 476.749 0.234907
205.724 9.40429 476.937 0.231087
205.744 9.40885 477.125 0.226436
205.764 9.41332 477.313 0.221476
205.784 9.41767 477.501 0.215452
205.804 9.42194 477.69 0.21039
205.824 9.42607 477.878 0.203248
205.844 9.43005 478.067 0.19646
205.864 9.4339 478.256 0.189672
205.884 9.43762 478.444 0.182238
205.904 9.44118 478.633 0.175967
205.924 9.44462 478.822 0.168001
205.944 9.44796 479.011 0.163607
205.964 9.45113 479.2 0.155947
205.984 9.45416 479.389 0.147947
206.004 9.45702 479.578 0.14093
206.024 9.45973 479.767 0.132165
206.044 9.46227 479.956 0.123497
206.064 9.46463 480.146 0.114825
206.084 9.4668 480.335 0.104866
206.104 9.46881 480.524 0.0961684
206.124 9.47064 480.714 0.0880903
206.144 9.47231 480.903 0.0801673
206.164 9.47384 481.093 0.0724595
206.184 9.47517 481.282 0.0625985
206.204 9.47626 481.472 0.0498144
206.224 9.47715 481.661 0.0402989
206.244 9.47784 481.851 0.029893
206.264 9.47832 482.04 0.019981
206.284 9.4786 482.23 0.00974073
206.304 9.47863 482.42 -0.00364008
206.324 9.47844 482.609 -0.0144146
206.344 9.47803 482.799 -0.0245298
206.364 9.47739 482.988 -0.0364947
206.384 9.4765 483.178 -0.0493914
206.404 9.47535 483.367 -0.0624803
206.424 9.47394 483.557 -0.0745431
206.444 9.47229 483.746 -0.0876836
206.464 9.47039 483.936 -0.099872
206.484 9.46822 484.125 -0.114281
206.504 9.46575 484.314 -0.129377
206.524 9.46297 484.504 -0.146207
206.544 9.45986 484.693 -0.16128
206.564 9.45643 484.882 -0.177215
206.584 9.45271 485.071 -0.19249
206.604 9.44867 485.26 -0.208214
206.624 9.44431 485.449 -0.224429
206.644 9.43962 485.638 -0.240882
206.664 9.43458 485.827 -0.259025
206.684 9.42919 486.015 -0.276824
206.704 9.42346 486.204 -0.293006
206.724 9.41743 486.392 -0.307211
206.744 9.4111 486.58 -0.323022
206.764 9.40442 486.769 -0.342226
206.784 9.39736 486.957 -0.359158
206.804 9.39 487.144 -0.374608
206.824 9.38232 487.332 -0.390871
206.844 9.37431 487.52 -0.4066
206.864 9.36599 487.707 -0.422221
206.884 9.35737 487.894 -0.435978
206.904 9.34845 488.081 -0.45177
206.924 9.33924 488.268 -0.466366
206.944 9.32973 488.455 -0.481753
206.964 9.31992 488.641 -0.495549
206.984 9.30983 488.828 -0.509417
207.004 9.29949 489.014 -0.522583
207.024 9.28889 489.2 -0.534699
207.044 9.27804 489.385 -0.547955
207.064 9.26695 489.571 -0.559134
207.084 9.25562 489.756 -0.572132
207.104 9.24404 489.941 -0.583583
207.124 9.23224 490.126 -0.594762
207.144 9.22023 490.31 -0.603582
207.164 9.20801 490.494 -0.615318
207.184 9.19558 490.678 -0.625792
207.204 9.18294 490.862 -0.635428
207.224 9.17014 491.046 -0.643638
207.244 9.15715 491.229 -0.652898
207.264 9.14403 491.412 -0.658936
207.284 9.13078 491.595 -0.664892
207.304 9.11743 491.777 -0.669137
207.324 9.10397 491.959 -0.676397
207.344 9.09036 492.141 -0.683949
207.364 9.07662 492.323 -0.690196
207.384 9.06274 492.504 -0.695714
207.404 9.04878 492.685 -0.70021
207.424 9.03473 492.866 -0.704659
207.444 9.02058 493.047 -0.709285
207.464 9.00634 493.227 -0.71361
207.484 8.99201 493.407 -0.717212
207.504 8.97765 493.586 -0.717737
207.524 8.96324 493.766 -0.721502
207.544 8.94878 493.945 -0.724219
207.564 8.93429 494.124 -0.725519
207.584 8.91976 494.302 -0.726936
207.604 8.90522 494.48 -0.727169
207.624 8.89068 494.658 -0.727376
207.644 8.87613 494.836 -0.727641
207.664 8.86161 495.013 -0.726554
207.684 8.84709 495.19 -0.725347
207.704 8.83259 495.367 -0.724946
207.724 8.8181 495.544 -0.723654
207.744 8.80364 495.72 -0.721915
207.764 8.78922 495.896 -0.71978
207.784 8.77487 496.071 -0.715953
207.804 8.76059 496.247 -0.712681
207.824 8.74637 496.422 -0.710512
207.844 8.73222 496.596 -0.705542
207.864 8.71815 496.771 -0.701344
207.884 8.70416 496.945 -0.697886
207.904 8.69027 497.119 -0.692768
207.924 8.67648 497.293 -0.687529
207.944 8.66278 497.466 -0.682917
207.964 8.64916 497.639 -0.679912
207.984 8.63563 497.812 -0.67286
208.004 8.62222 497.984 -0.670518
208.024 8.60891 498.157 -0.662456
208.044 8.59575 498.329 -0.654288
208.064 8.58276 498.501 -0.645729
208.084 8.5699 498.672 -0.640018
208.104 8.55718 498.843 -0.632831
208.124 8.54459 499.014 -0.626309
208.144 8.53214 499.185 -0.620561
208.164 8.51987 499.356 -0.609598
208.184 8.50776 499.526 -0.602523
208.204 8.49581 499.696 -0.595115
208.224 8.48396 499.866 -0.590934
208.244 8.47221 500.035 -0.584719
208.264 8.46067 500.204 -0.572915
208.284 8.44928 500.373 -0.566068
208.304 8.43806 500.542 -0.557605
208.324 8.42701 500.711 -0.550393
208.344 8.41609 500.879 -0.543525
208.364 8.4053 501.048 -0.536442
208.384 8.39464 501.216 -0.531401
208.404 8.38416 501.383 -0.518537
208.424 8.37391 501.551 -0.506823
208.444 8.36385 501.718 -0.499088
208.464 8.35406 501.885 -0.485483
208.484 8.34434 502.052 -0.484671
208.504 8.33473 502.219 -0.479128
208.524 8.32521 502.386 -0.474226
208.544 8.31579 502.552 -0.465915
208.564 8.30655 502.718 -0.457787
208.584 8.29749 502.884 -0.448677
208.604 8.28864 503.05 -0.438367
208.624 8.27996 503.216 -0.430769
208.644 8.27142 503.381 -0.423241
208.664 8.26303 503.547 -0.416297
208.684 8.25475 503.712 -0.412279
208.704 8.2466 503.877 -0.403879
208.724 8.2386 504.042 -0.396015
208.744 8.23076 504.206 -0.387175
208.764 8.22314 504.371 -0.378059
208.784 8.21567 504.535 -0.370786
208.804 8.20835 504.699 -0.362381
208.824 8.20121 504.864 -0.353415
208.844 8.19425 505.027 -0.344081
208.864 8.1875 505.191 -0.33432
208.884 8.18094 505.355 -0.323329
208.904 8.17462 505.518 -0.31242
208.924 8.16847 505.682 -0.30427
208.944 8.16252 505.845 -0.29384
208.964 8.15677 506.008 -0.28235
208.984 8.15126 506.171 -0.271102
209.004 8.14601 506.334 -0.258368
209.024 8.14097 506.497 -0.247956
209.044 8.13614 506.66 -0.236794
209.064 8.13153 506.823 -0.226552
209.084 8.12713 506.985 -0.216304
209.104 8.12296 507.148 -0.203879
209.124 8.11903 507.31 -0.191643
209.144 8.11534 507.473 -0.179258
209.164 8.11191 507.635 -0.167134
