# t frame_uz frame_z ub_dans_repere
160.001 3.87892e-05 3.99477e-08 0.0376643
160.019 0.0122673 0.000128492 0.735989
160.051 0.0403199 0.00105067 0.963628
160.092 0.0869079 0.00384789 1.22228
160.14 0.15232 0.00974484 1.50123
160.19 0.23685 0.0199471 1.78327
160.243 0.339327 0.0356261 2.04808
160.297 0.458095 0.0577151 2.2999
160.352 0.592296 0.0872517 2.52886
160.407 0.737685 0.124535 2.72856
160.463 0.89704 0.17113 2.92381
160.519 1.06656 0.226994 3.09504
160.575 1.24494 0.29265 3.24259
160.631 1.43155 0.36857 3.38746
160.687 1.6252 0.455176 3.50571
160.743 1.825 0.552834 3.60583
160.798 2.02933 0.661833 3.6815
160.854 2.23747 0.782402 3.74022
160.91 2.44844 0.914719 3.7877
160.966 2.66169 1.05893 3.81992
161.022 2.87626 1.21535 3.83094
161.079 3.09148 1.38419 3.82999
161.135 3.30656 1.56512 3.82606
161.191 3.52077 1.75811 3.80333
161.247 3.73359 1.96309 3.77686
161.303 3.94433 2.17995 3.73493
161.36 4.15307 2.40859 3.70278
161.416 4.35999 2.64889 3.66985
161.472 4.56487 2.90075 3.63021
161.528 4.76732 3.16404 3.58626
161.584 4.96745 3.43862 3.54517
161.64 5.16494 3.72436 3.4963
161.697 5.36001 4.02111 3.45627
161.753 5.55274 4.32874 3.41301
161.809 5.7431 4.64712 3.36914
161.865 5.93083 4.97611 3.32199
161.921 6.11587 5.31555 3.27454
161.978 6.29834 5.6653 3.23241
162.034 6.47822 6.02521 3.18471
162.09 6.65526 6.39514 3.12635
162.146 6.82896 6.7749 3.06809
162.202 6.99887 7.1643 2.99875
162.258 7.16484 7.56311 2.92363
162.315 7.32673 7.9711 2.85414
162.371 7.48496 8.38806 2.79204
162.427 7.63941 8.81379 2.71837
162.483 7.78969 9.24805 2.64614
162.539 7.93592 9.69062 2.57527
162.596 8.07816 10.1413 2.50301
162.652 8.21636 10.5998 2.4336
162.708 8.35094 11.0659 2.36897
162.764 8.48184 11.5395 2.30374
162.82 8.60915 12.0203 2.24089
162.876 8.73293 12.5082 2.17639
162.933 8.85314 13.0029 2.11562
162.989 8.97054 13.5042 2.07525
163.045 9.08509 14.012 2.02136
163.101 9.19639 14.5262 1.96803
163.157 9.3049 15.0465 1.91122
163.213 9.41073 15.5728 1.86504
163.27 9.51385 16.105 1.81532
163.326 9.61455 16.6429 1.77274
163.382 9.71247 17.1864 1.72274
163.438 9.80767 17.7352 1.67507
163.494 9.90012 18.2894 1.62678
163.551 9.99011 18.8486 1.58657
163.607 10.0781 19.4128 1.5495
163.663 10.164 19.9819 1.51467
163.719 10.2477 20.5557 1.47496
163.775 10.3293 21.1342 1.43441
163.831 10.4085 21.7172 1.39601
163.888 10.4856 22.3045 1.35982
163.944 10.5609 22.8962 1.3278
164 10.6342 23.492 1.29031
164.056 10.7052 24.0918 1.24471
164.112 10.7738 24.6955 1.20562
164.169 10.8403 25.303 1.17101
164.225 10.9052 25.9142 1.14465
164.281 10.9688 26.529 1.12272
164.337 11.0316 27.1474 1.11573
164.393 11.0936 27.7692 1.09893
164.449 11.1552 28.3945 1.09493
164.506 11.2159 29.0233 1.07166
164.562 11.2753 29.6554 1.04239
164.618 11.3332 30.2908 1.01959
164.674 11.39 30.9294 1.00563
164.73 11.4461 31.5712 0.995699
164.787 11.5015 32.2161 0.980127
164.843 11.5563 32.8641 0.972327
164.899 11.6105 33.5152 0.958104
164.955 11.6637 34.1693 0.937113
165.011 11.7157 34.8263 0.919505
165.067 11.7668 35.4862 0.902339
165.124 11.8172 36.1489 0.89296
165.18 11.8671 36.8145 0.885909
165.236 11.9168 37.4829 0.882687
165.292 11.9662 38.154 0.875528
165.348 12.0155 38.828 0.880024
165.404 12.0646 39.5046 0.872184
165.461 12.1133 40.1841 0.862879
165.517 12.1614 40.8662 0.852253
165.573 12.2088 41.551 0.834333
165.629 12.2552 42.2385 0.820938
165.685 12.3009 42.9285 0.809061
165.742 12.3459 43.6211 0.797236
165.798 12.3906 44.3162 0.792029
165.854 12.4349 45.0138 0.788001
165.91 12.4789 45.7139 0.779789
165.966 12.5226 46.4164 0.775789
166.022 12.566 47.1214 0.76863
166.079 12.6089 47.8288 0.761397
166.135 12.6514 48.5386 0.753666
166.191 12.6936 49.2508 0.749949
166.247 12.7356 49.9653 0.746279
166.303 12.7773 50.6822 0.739315
166.36 12.8187 51.4014 0.735319
166.416 12.8597 52.123 0.727666
166.472 12.9004 52.8468 0.718672
166.528 12.9403 53.5729 0.706441
166.584 12.9794 54.3012 0.6927
166.64 13.0177 55.0317 0.677163
166.697 13.0551 55.7643 0.662076
166.753 13.0917 56.4989 0.648997
166.809 13.1277 57.2356 0.637277
166.865 13.163 57.9743 0.623298
166.921 13.1974 58.715 0.603872
166.978 13.2307 59.4575 0.58463
167.034 13.2628 60.2019 0.564671
167.09 13.2939 60.9481 0.546778
167.146 13.3241 61.696 0.529395
167.202 13.3533 62.4455 0.515527
167.258 13.3817 63.1966 0.499767
167.315 13.4094 63.9493 0.485905
167.371 13.4362 64.7036 0.471964
167.427 13.462 65.4593 0.454046
167.483 13.487 66.2164 0.43713
167.539 13.5111 66.975 0.422927
167.596 13.5341 67.7348 0.403972
167.652 13.5565 68.4959 0.39165
167.708 13.5783 69.2582 0.387405
167.764 13.5995 70.0218 0.371935
167.82 13.6198 70.7865 0.354463
167.876 13.6392 71.5523 0.339166
167.933 13.6575 72.3192 0.319075
167.989 13.6748 73.087 0.298627
168.045 13.6909 73.8558 0.277931
168.101 13.7058 74.6255 0.256932
168.157 13.7196 75.3959 0.234946
168.213 13.7321 76.1671 0.214364
168.27 13.7432 76.939 0.188043
168.326 13.7529 77.7114 0.162288
168.382 13.7613 78.4843 0.142223
168.438 13.7685 79.2577 0.115965
168.494 13.774 80.0314 0.0836911
168.551 13.778 80.8053 0.0599904
168.607 13.7806 81.5795 0.0395224
168.663 13.782 82.3537 0.0160995
168.719 13.7823 83.128 -0.00265936
168.775 13.7816 83.9023 -0.018571
168.831 13.7802 84.6765 -0.0306978
168.888 13.7782 85.4506 -0.0392521
168.944 13.7755 86.2246 -0.0528566
169 13.772 86.9983 -0.0725854
169.056 13.7674 87.7719 -0.0876026
169.112 13.7619 88.5452 -0.10369
169.169 13.7559 89.3181 -0.111377
169.225 13.7493 90.0907 -0.120049
169.281 13.7422 90.8629 -0.129502
169.337 13.7348 91.6347 -0.132355
169.393 13.7273 92.406 -0.134914
169.449 13.7195 93.177 -0.142735
169.506 13.7113 93.9475 -0.147429
169.562 13.7031 94.7175 -0.14638
169.618 13.6947 95.487 -0.148967
169.674 13.6864 96.2561 -0.149158
169.73 13.678 97.0247 -0.149458
169.787 13.6695 97.7929 -0.153228
169.843 13.6607 98.5605 -0.161237
169.899 13.6516 99.3277 -0.16166
169.955 13.6422 100.094 -0.170036
170.011 13.6327 100.86 -0.168738
170.067 13.6235 101.626 -0.159449
170.124 13.6148 102.391 -0.150923
170.18 13.6067 103.156 -0.141768
170.236 13.5989 103.92 -0.137866
170.292 13.5911 104.684 -0.137798
170.348 13.5834 105.447 -0.136991
170.404 13.5761 106.21 -0.12465
170.461 13.5694 106.972 -0.1142
170.517 13.5633 107.734 -0.104407
170.573 13.5578 108.496 -0.0950846
170.629 13.5526 109.258 -0.0893231
170.685 13.5479 110.019 -0.0821676
170.742 13.5435 110.78 -0.0783485
170.798 13.5391 111.54 -0.0761482
170.854 13.5349 112.301 -0.0760686
170.91 13.5313 113.061 -0.0573127
170.966 13.5283 113.821 -0.0472328
171.022 13.5261 114.581 -0.0362514
171.079 13.5244 115.341 -0.0271379
171.135 13.5229 116.101 -0.0218344
171.191 13.5219 116.86 -0.0168095
171.247 13.5211 117.62 -0.0120323
171.303 13.5204 118.38 -0.0139511
171.36 13.5197 119.139 -0.0115059
171.416 13.5192 119.899 -0.00566082
171.472 13.519 120.658 -0.00278226
171.528 13.519 121.418 0.000709952
171.584 13.5192 122.177 0.00597731
171.64 13.5195 122.937 0.00323639
171.697 13.5196 123.696 0.000208787
171.753 13.5197 124.456 0.00244516
171.809 13.5197 125.215 -0.00124967
171.865 13.5196 125.975 -0.00450069
171.921 13.5195 126.734 -0.00175531
171.978 13.5192 127.494 -0.00589692
172.034 13.5188 128.253 -0.00898146
172.09 13.5184 129.013 -0.00621878
172.146 13.5178 129.772 -0.0110116
172.202 13.517 130.532 -0.0184985
172.258 13.516 131.291 -0.0146518
172.315 13.515 132.05 -0.0177084
172.371 13.514 132.81 -0.0205399
172.427 13.5127 133.569 -0.0244374
172.483 13.5111 134.328 -0.0308924
172.539 13.5093 135.087 -0.0343739
172.596 13.5072 135.846 -0.0409324
172.652 13.5046 136.605 -0.05144
172.708 13.5016 137.363 -0.0559867
172.764 13.4983 138.122 -0.058992
172.82 13.4948 138.88 -0.0648493
172.876 13.4911 139.638 -0.0662865
172.933 13.4874 140.396 -0.0668383
172.989 13.4835 141.153 -0.069486
173.045 13.4797 141.91 -0.065902
173.101 13.4761 142.668 -0.0638691
173.157 13.4724 143.425 -0.0677087
173.213 13.4685 144.181 -0.0711214
173.27 13.4645 144.938 -0.0698956
173.326 13.4606 145.694 -0.0708085
173.382 13.4567 146.45 -0.0691633
173.438 13.4529 147.206 -0.0648061
173.494 13.4491 147.962 -0.0692862
173.551 13.4454 148.717 -0.0647528
173.607 13.4419 149.472 -0.0608966
173.663 13.4384 150.228 -0.0643055
173.719 13.4347 150.982 -0.0663022
173.775 13.431 151.737 -0.0620355
173.831 13.4275 152.491 -0.0634916
173.888 13.4239 153.246 -0.063235
173.944 13.4205 154 -0.0591661
174 13.4171 154.754 -0.0621252
174.056 13.4136 155.507 -0.0626477
174.112 13.4103 156.261 -0.0532479
174.169 13.4075 157.014 -0.0496987
174.225 13.4048 157.767 -0.0486731
174.281 13.4021 158.52 -0.0465398
174.337 13.3996 159.273 -0.0418739
174.393 13.3978 160.026 -0.0264072
174.449 13.3969 160.778 -0.00883619
174.506 13.3968 161.531 0.00163151
174.562 13.3971 162.284 0.00719488
174.618 13.3979 163.036 0.0203471
174.674 13.3994 163.789 0.034917
174.73 13.4021 164.542 0.0532413
174.787 13.4055 165.295 0.0666891
174.843 13.4096 166.048 0.0756709
174.899 13.4143 166.802 0.0902406
174.955 13.4201 167.555 0.111627
175.011 13.4269 168.31 0.127243
175.067 13.4346 169.064 0.141709
175.124 13.4432 169.819 0.15941
175.18 13.4526 170.575 0.174394
175.236 13.4629 171.331 0.189097
175.292 13.4742 172.088 0.209138
175.348 13.4864 172.845 0.223743
175.404 13.4996 173.603 0.241565
175.461 13.5138 174.362 0.258285
175.517 13.5287 175.122 0.26926
175.573 13.5443 175.882 0.284306
175.629 13.5609 176.644 0.302834
175.685 13.5783 177.406 0.314868
175.742 13.5963 178.17 0.323155
175.798 13.6152 178.934 0.342116
175.854 13.6349 179.7 0.356388
175.91 13.6553 180.466 0.364061
175.966 13.6759 181.234 0.365922
176.022 13.6965 182.003 0.365955
176.079 13.7173 182.773 0.374271
176.135 13.7387 183.545 0.386752
176.191 13.7608 184.317 0.398305
176.247 13.7834 185.091 0.405811
176.303 13.8063 185.866 0.406468
176.36 13.829 186.643 0.403717
176.416 13.8516 187.42 0.401273
176.472 13.8741 188.199 0.399798
176.528 13.8967 188.979 0.402198
176.584 13.9193 189.761 0.401556
176.64 13.9417 190.544 0.400134
176.697 13.964 191.328 0.395085
176.753 13.9859 192.113 0.385341
176.809 14.0071 192.899 0.370929
176.865 14.0272 193.687 0.347789
176.921 14.0462 194.476 0.329384
176.978 14.0643 195.265 0.316557
177.034 14.0813 196.056 0.294935
177.09 14.0972 196.848 0.276312
177.146 14.1121 197.64 0.257401
177.202 14.1258 198.433 0.236814
177.258 14.1384 199.227 0.215725
177.315 14.15 200.022 0.199386
177.371 14.1606 200.817 0.179985
177.427 14.17 201.613 0.159703
177.483 14.1782 202.41 0.136825
177.539 14.1849 203.206 0.108443
177.596 14.1898 204.003 0.0747071
177.652 14.1932 204.801 0.0505227
177.708 14.1951 205.598 0.0215175
177.764 14.1955 206.396 -0.0031013
177.82 14.1946 207.193 -0.0245846
177.876 14.1923 207.991 -0.0476831
177.933 14.1892 208.788 -0.0632161
177.989 14.1849 209.585 -0.0828946
178.045 14.1795 210.381 -0.108106
178.101 14.1727 211.178 -0.12981
178.157 14.1648 211.974 -0.145671
178.213 14.156 212.769 -0.163832
178.27 14.1463 213.564 -0.179633
178.326 14.1359 214.359 -0.187682
178.382 14.125 215.152 -0.198367
178.438 14.1138 215.946 -0.199568
178.494 14.1024 216.738 -0.201799
178.551 14.091 217.53 -0.204335
178.607 14.0796 218.321 -0.203996
178.663 14.0679 219.112 -0.208206
178.719 14.0562 219.902 -0.206207
178.775 14.0448 220.691 -0.202111
178.831 14.0335 221.48 -0.200686
178.888 14.0224 222.268 -0.195488
178.944 14.0118 223.055 -0.18717
179 14.0015 223.842 -0.178912
179.056 13.9917 224.628 -0.168459
179.112 13.9826 225.414 -0.16145
179.169 13.9737 226.199 -0.153713
179.225 13.9654 226.984 -0.142741
179.281 13.9576 227.768 -0.137398
179.337 13.9504 228.552 -0.121228
179.393 13.9439 229.336 -0.110128
179.449 13.9384 230.119 -0.0896021
179.506 13.9342 230.902 -0.0666534
179.562 13.9307 231.684 -0.0588682
179.618 13.9276 232.467 -0.0499708
179.674 13.9253 233.249 -0.0369362
179.73 13.9237 234.032 -0.0211598
179.787 13.9231 234.814 -0.00564922
179.843 13.9233 235.596 0.0117349
179.899 13.9245 236.378 0.0291655
179.955 13.9267 237.161 0.0443056
180.011 13.9299 237.943 0.0638781
180.067 13.9339 238.726 0.0765467
180.124 13.9387 239.509 0.0893105
180.18 13.9442 240.292 0.103921
180.236 13.9505 241.076 0.120384
180.292 13.9577 241.86 0.132852
180.348 13.9657 242.644 0.14863
180.404 13.9743 243.429 0.157488
180.461 13.9835 244.214 0.168035
180.517 13.9932 245 0.175135
180.573 14.0032 245.787 0.182794
180.629 14.0137 246.574 0.190401
180.685 14.0247 247.361 0.198836
180.742 14.0361 248.15 0.206252
180.798 14.048 248.939 0.215205
180.854 14.0605 249.728 0.226311
180.91 14.0733 250.519 0.230239
180.966 14.0866 251.31 0.236225
181.022 14.1002 252.102 0.245282
181.079 14.114 252.894 0.24789
181.135 14.1281 253.688 0.251649
181.191 14.1425 254.482 0.257294
181.247 14.1569 255.277 0.256101
181.303 14.1714 256.073 0.256657
181.36 14.1858 256.869 0.257431
181.416 14.2 257.667 0.251012
181.472 14.2137 258.465 0.239875
181.528 14.2269 259.264 0.229387
181.584 14.2394 260.063 0.219463
181.64 14.2513 260.864 0.203518
181.697 14.2621 261.665 0.186487
181.753 14.2719 262.466 0.166912
181.809 14.2808 263.269 0.148995
181.865 14.2886 264.071 0.132557
181.921 14.2954 264.874 0.114295
181.978 14.3008 265.677 0.0839281
182.034 14.3046 266.481 0.0564757
182.09 14.3067 267.285 0.0248853
182.146 14.3072 268.088 -0.00416933
182.202 14.3059 268.892 -0.0331436
182.258 14.3031 269.696 -0.059658
182.315 14.299 270.499 -0.0859354
182.371 14.2933 271.302 -0.112796
182.427 14.2857 272.105 -0.148673
182.483 14.2764 272.907 -0.175009
182.539 14.2654 273.709 -0.209004
182.596 14.2527 274.51 -0.23685
182.652 14.2384 275.31 -0.266497
182.708 14.2225 276.11 -0.293894
182.764 14.205 276.908 -0.322826
182.82 14.1857 277.705 -0.356667
182.876 14.1646 278.502 -0.388266
182.933 14.1416 279.297 -0.421103
182.989 14.1171 280.09 -0.449182
183.045 14.0908 280.883 -0.48011
183.101 14.0626 281.673 -0.515392
183.157 14.0328 282.462 -0.542392
183.213 14.0017 283.25 -0.562413
183.27 13.9692 284.035 -0.590082
183.326 13.9354 284.819 -0.609147
183.382 13.9009 285.6 -0.614591
183.438 13.866 286.38 -0.625442
183.494 13.8304 287.158 -0.635532
183.551 13.7949 287.934 -0.630843
183.607 13.7593 288.708 -0.632902
183.663 13.724 289.479 -0.629317
183.719 13.6889 290.249 -0.619707
183.775 13.6544 291.017 -0.608202
183.831 13.6207 291.783 -0.595924
183.888 13.5878 292.547 -0.577118
183.944 13.556 293.309 -0.560156
184 13.5251 294.07 -0.54122
184.056 13.4957 294.829 -0.507608
184.112 13.4682 295.586 -0.480939
184.169 13.4423 296.342 -0.447625
184.225 13.4186 297.096 -0.405328
184.281 13.397 297.849 -0.372603
184.337 13.3772 298.601 -0.339938
184.393 13.3594 299.352 -0.299459
184.449 13.3441 300.102 -0.256258
184.506 13.331 300.851 -0.218567
184.562 13.3202 301.6 -0.16885
184.618 13.3122 302.348 -0.128536
184.674 13.3064 303.096 -0.0871992
184.73 13.303 303.843 -0.0448524
184.787 13.302 304.59 0.00572661
184.843 13.3038 305.338 0.0439758
184.899 13.3079 306.085 0.0967609
184.955 13.3149 306.833 0.140656
185.011 13.3244 307.582 0.187357
185.067 13.3363 308.33 0.229172
185.124 13.3504 309.08 0.266822
185.18 13.3668 309.831 0.307839
185.236 13.3851 310.582 0.340512
185.292 13.4053 311.335 0.374044
185.348 13.4273 312.089 0.402279
185.404 13.4508 312.844 0.426461
185.461 13.4756 313.6 0.452811
185.517 13.5016 314.358 0.470916
185.573 13.5287 315.118 0.488092
185.629 13.5566 315.879 0.501329
185.685 13.5852 316.641 0.513241
185.742 13.6143 317.405 0.52096
185.798 13.6436 318.171 0.523752
185.854 13.6732 318.939 0.528933
185.91 13.7032 319.708 0.53851
185.966 13.7336 320.479 0.539582
186.022 13.7635 321.251 0.528864
186.079 13.7928 322.026 0.516129
186.135 13.821 322.801 0.493606
186.191 13.848 323.579 0.472376
186.247 13.874 324.358 0.458038
186.303 13.8991 325.138 0.439552
186.36 13.9231 325.92 0.419659
186.416 13.9461 326.703 0.399998
186.472 13.9676 327.487 0.37144
186.528 13.9875 328.272 0.340531
186.584 14.0055 329.059 0.309213
186.64 14.0216 329.846 0.273556
186.697 14.0359 330.634 0.239865
186.753 14.0483 331.423 0.207805
186.809 14.0589 332.213 0.175325
186.865 14.0676 333.003 0.140541
186.921 14.0745 333.793 0.109917
186.978 14.0795 334.584 0.0770658
187.034 14.0826 335.375 0.0409978
187.09 14.0841 336.167 0.0134067
187.146 14.0836 336.958 -0.0229764
187.202 14.0815 337.749 -0.0456091
187.258 14.0783 338.54 -0.0646766
187.315 14.0737 339.331 -0.0925196
187.371 14.0678 340.121 -0.113197
187.427 14.0611 340.911 -0.123081
187.483 14.0536 341.701 -0.136833
187.539 14.0454 342.49 -0.152956
187.596 14.0362 343.279 -0.170977
187.652 14.0258 344.067 -0.192895
187.708 14.0144 344.855 -0.210081
187.764 14.0022 345.642 -0.220656
187.82 13.9894 346.428 -0.231911
187.876 13.976 347.213 -0.2418
187.933 13.9621 347.998 -0.250432
187.989 13.9476 348.782 -0.263713
188.045 13.9323 349.565 -0.276168
188.101 13.9166 350.347 -0.282081
188.157 13.9005 351.129 -0.288569
188.213 13.8841 351.909 -0.294575
188.27 13.8675 352.688 -0.298917
188.326 13.8506 353.467 -0.299835
188.382 13.8337 354.244 -0.303367
188.438 13.8166 355.021 -0.301782
188.494 13.7997 355.797 -0.302595
188.551 13.7827 356.571 -0.30239
188.607 13.7659 357.345 -0.297849
188.663 13.7493 358.118 -0.293637
188.719 13.7331 358.89 -0.284458
188.775 13.7175 359.661 -0.274541
188.831 13.7024 360.431 -0.261439
188.888 13.6881 361.2 -0.253231
188.944 13.6744 361.969 -0.238105
189 13.6612 362.737 -0.228014
189.056 13.6487 363.504 -0.222749
189.112 13.6365 364.27 -0.213194
189.169 13.6249 365.036 -0.201541
189.225 13.6142 365.801 -0.185141
189.281 13.6043 366.565 -0.17109
189.337 13.595 367.329 -0.160799
189.393 13.5864 368.093 -0.15223
189.449 13.5783 368.856 -0.137003
189.506 13.571 369.618 -0.124992
189.562 13.5646 370.381 -0.108829
189.618 13.5591 371.142 -0.0873534
189.674 13.5551 371.904 -0.0612967
189.73 13.5522 372.665 -0.0470518
189.787 13.5501 373.427 -0.032144
189.843 13.5488 374.188 -0.0150369
189.899 13.5483 374.949 -0.00574555
189.955 13.5486 375.71 0.0128218
190.011 13.5499 376.471 0.0313599
190.067 13.5524 377.233 0.050165
190.124 13.556 377.994 0.0732389
190.18 13.561 378.756 0.100797
190.236 13.5674 379.518 0.120814
190.292 13.5749 380.28 0.140561
190.348 13.5832 381.043 0.154244
190.404 13.5922 381.807 0.165536
190.461 13.602 382.571 0.18165
190.517 13.6125 383.335 0.189327
190.573 13.6239 384.1 0.206321
190.629 13.6359 384.866 0.222415
190.685 13.6488 385.633 0.234221
190.742 13.6623 386.4 0.245201
190.798 13.6766 387.168 0.261639
190.854 13.6917 387.937 0.275051
190.91 13.7076 388.706 0.286689
190.966 13.724 389.477 0.294712
191.022 13.7406 390.249 0.298326
191.079 13.7576 391.021 0.305162
191.135 13.775 391.795 0.310102
191.191 13.7927 392.569 0.317958
191.247 13.8108 393.345 0.322529
191.303 13.8288 394.121 0.323771
191.36 13.8469 394.899 0.322729
191.416 13.8649 395.677 0.318615
191.472 13.8825 396.457 0.315353
191.528 13.9 397.237 0.310316
191.584 13.9173 398.019 0.307183
191.64 13.9344 398.801 0.303011
191.697 13.9512 399.585 0.296411
191.753 13.9676 400.369 0.288208
191.809 13.9835 401.154 0.280043
191.865 13.9988 401.94 0.266943
191.921 14.0134 402.727 0.256508
191.978 14.0276 403.515 0.251394
192.034 14.0413 404.303 0.240465
192.09 14.0545 405.093 0.230478
192.146 14.0672 405.883 0.221375
192.202 14.0792 406.673 0.209427
192.258 14.0905 407.465 0.193196
192.315 14.1008 408.257 0.179556
192.371 14.1103 409.049 0.161884
192.427 14.1188 409.842 0.145095
192.483 14.1266 410.636 0.1324
192.539 14.1332 411.43 0.111182
192.596 14.1387 412.224 0.0883292
192.652 14.1431 413.018 0.0700649
192.708 14.1462 413.813 0.0464324
192.764 14.1483 414.608 0.0297217
192.82 14.1495 415.403 0.0151039
192.876 14.1497 416.197 -0.000905484
192.933 14.1488 416.992 -0.0243575
192.989 14.1467 417.787 -0.046576
193.045 14.1432 418.582 -0.0725192
193.101 14.1384 419.376 -0.0933094
193.157 14.1327 420.17 -0.105527
193.213 14.1263 420.964 -0.118023
193.27 14.119 421.757 -0.139428
193.326 14.1105 422.55 -0.161339
193.382 14.1007 423.343 -0.182149
193.438 14.0901 424.135 -0.192398
193.494 14.079 424.926 -0.201476
193.551 14.067 425.716 -0.220175
193.607 14.0542 426.506 -0.232684
193.663 14.0411 427.295 -0.234228
193.719 14.0276 428.084 -0.243661
193.775 14.0135 428.871 -0.256852
193.831 13.9988 429.658 -0.263937
193.888 13.9839 430.444 -0.265724
193.944 13.969 431.229 -0.264439
194 13.9543 432.013 -0.258651
194.056 13.9401 432.797 -0.248923
194.112 13.9265 433.58 -0.238535
194.169 13.9133 434.362 -0.232521
194.225 13.9004 435.143 -0.226036
194.281 13.888 435.923 -0.214573
194.337 13.8768 436.703 -0.192374
194.393 13.8666 437.482 -0.174248
194.449 13.8576 438.261 -0.148569
194.506 13.8503 439.039 -0.118669
194.562 13.8445 439.817 -0.0934009
194.618 13.8399 440.595 -0.0734015
194.674 13.8366 441.372 -0.048938
194.73 13.8347 442.149 -0.0227315
194.787 13.8346 442.927 0.0100616
194.843 13.836 443.704 0.0376964
194.899 13.8392 444.481 0.0683964
194.955 13.844 445.259 0.0943947
195.011 13.8504 446.037 0.126338
195.067 13.8583 446.815 0.154162
195.124 13.868 447.594 0.179727
195.18 13.879 448.374 0.207585
195.236 13.8914 449.154 0.227405
195.292 13.9046 449.935 0.242649
195.348 13.9188 450.716 0.259781
195.404 13.934 451.499 0.279349
195.461 13.9505 452.282 0.297549
195.517 13.9675 453.066 0.307
195.573 13.9851 453.852 0.318081
195.629 14.0033 454.638 0.327674
195.685 14.022 455.425 0.336157
195.742 14.041 456.214 0.341243
195.798 14.0604 457.003 0.349301
195.854 14.0803 457.794 0.357536
195.91 14.1004 458.585 0.35841
195.966 14.1207 459.378 0.362907
196.022 14.1413 460.172 0.36911
196.079 14.1619 460.967 0.364514
196.135 14.1823 461.764 0.362708
196.191 14.2025 462.561 0.357191
196.247 14.2223 463.36 0.351145
196.303 14.242 464.159 0.349095
196.36 14.2614 464.96 0.342392
196.416 14.2804 465.762 0.336363
196.472 14.299 466.565 0.328387
196.528 14.3172 467.369 0.322773
196.584 14.335 468.174 0.313065
196.64 14.3523 468.98 0.303944
196.697 14.369 469.787 0.294953
196.753 14.3851 470.594 0.2825
196.809 14.4007 471.403 0.270535
196.865 14.4155 472.213 0.259886
196.921 14.4294 473.023 0.240223
196.978 14.4423 473.834 0.219034
197.034 14.4542 474.646 0.208521
197.09 14.4653 475.458 0.192443
197.146 14.4756 476.271 0.175523
197.202 14.485 477.085 0.159902
197.258 14.4933 477.899 0.141603
197.315 14.5007 478.713 0.123768
197.371 14.5073 479.528 0.110881
197.427 14.5129 480.343 0.090758
197.483 14.5174 481.159 0.0707581
197.539 14.5207 481.975 0.0492579
197.596 14.5228 482.79 0.0299794
197.652 14.5239 483.606 0.011845
197.708 14.524 484.422 -0.00341916
197.764 14.5229 485.238 -0.0276622
197.82 14.5205 486.054 -0.0527197
197.876 14.517 486.87 -0.0701676
197.933 14.5124 487.685 -0.0896675
197.989 14.5068 488.5 -0.105541
198.045 14.5005 489.315 -0.115745
198.101 14.4935 490.129 -0.131483
198.157 14.4857 490.943 -0.146519
198.213 14.4768 491.757 -0.16283
198.27 14.4672 492.57 -0.177778
198.326 14.4569 493.382 -0.190337
198.382 14.4459 494.194 -0.199609
198.438 14.4341 495.005 -0.215195
198.494 14.4215 495.816 -0.228675
198.551 14.4084 496.626 -0.233009
198.607 14.3949 497.435 -0.245199
198.663 14.3808 498.243 -0.256069
198.719 14.3663 499.05 -0.25727
198.775 14.3516 499.857 -0.261913
198.831 14.337 500.663 -0.261626
198.888 14.3221 501.468 -0.264909
198.944 14.3072 502.272 -0.263165
199 14.2925 503.075 -0.264277
199.056 14.2777 503.877 -0.263915
199.112 14.2626 504.679 -0.269279
199.169 14.2474 505.48 -0.272797
199.225 14.232 506.28 -0.275226
199.281 14.2163 507.079 -0.279313
199.337 14.2009 507.877 -0.272509
199.393 14.1857 508.674 -0.268914
199.449 14.171 509.471 -0.257428
199.506 14.1568 510.266 -0.252686
199.562 14.1427 511.061 -0.247729
199.618 14.1288 511.855 -0.247021
199.674 14.115 512.648 -0.245286
199.73 14.1013 513.441 -0.24309
199.787 14.0876 514.233 -0.244673
199.843 14.0738 515.024 -0.243847
199.899 14.0605 515.814 -0.232737
199.955 14.0479 516.603 -0.220355
200.011 14.036 517.392 -0.207516
200.067 14.0248 518.18 -0.193661
200.124 14.0142 518.968 -0.185049
200.18 14.0041 519.755 -0.177875
200.236 13.9945 520.541 -0.167163
200.292 13.9853 521.327 -0.159484
200.348 13.9767 522.113 -0.147755
200.404 13.9691 522.897 -0.127579
200.461 13.9624 523.682 -0.112276
200.517 13.9568 524.466 -0.0942782
200.573 13.952 525.25 -0.075983
200.629 13.9482 526.034 -0.0623953
200.685 13.9452 526.817 -0.0483881
200.742 13.9429 527.601 -0.0344985
200.798 13.9415 528.384 -0.0222323
200.854 13.9406 529.167 -0.011356
200.91 13.9404 529.95 0.00130757
200.966 13.9407 530.734 0.00874001
201.022 13.9415 531.517 0.0176829
201.079 13.9429 532.3 0.0303355
201.135 13.9449 533.083 0.04167
201.191 13.9476 533.867 0.0519542
201.247 13.951 534.651 0.0658325
201.303 13.955 535.434 0.0753516
201.36 13.9596 536.219 0.0844046
201.416 13.9647 537.003 0.0978716
201.472 13.9705 537.788 0.10506
201.528 13.9766 538.573 0.108649
201.584 13.9829 539.358 0.116496
201.64 13.9896 540.144 0.120252
201.697 13.9966 540.93 0.12602
201.753 14.0038 541.717 0.130195
201.809 14.011 542.504 0.125367
201.865 14.0179 543.291 0.121801
201.921 14.0248 544.079 0.12145
201.978 14.0314 544.867 0.118848
202.034 14.0381 545.655 0.118046
202.09 14.0447 546.444 0.117588
202.146 14.051 547.234 0.107602
202.202 14.0567 548.023 0.0979149
202.258 14.062 548.813 0.0943688
202.315 14.067 549.603 0.0870171
202.371 14.0717 550.394 0.0813471
202.427 14.0761 551.184 0.0770358
202.483 14.0801 551.975 0.0653686
202.539 14.0832 552.766 0.0463415
202.596 14.0855 553.558 0.0388838
202.652 14.0873 554.349 0.0301121
202.708 14.0891 555.141 0.0328996
202.764 14.0908 555.932 0.0247261
202.82 14.0915 556.724 0.00837149
202.876 14.0917 557.515 -0.00150199
202.933 14.0913 558.307 -0.00906542
202.989 14.0907 559.099 -0.0104406
203.045 14.0899 559.89 -0.013463
203.101 14.0892 560.682 -0.0116735
203.157 14.0881 561.473 -0.0252871
203.213 14.0864 562.265 -0.0351013
203.27 14.0841 563.056 -0.0446047
203.326 14.0814 563.847 -0.0467807
203.382 14.0788 564.638 -0.0484759
203.438 14.0761 565.429 -0.0466027
203.494 14.0734 566.22 -0.0505536
203.551 14.0705 567.01 -0.0536355
203.607 14.0674 567.801 -0.0546974
203.663 14.0642 568.591 -0.0585456
203.719 14.0608 569.381 -0.061865
203.775 14.0574 570.171 -0.0593406
203.831 14.0539 570.96 -0.0644075
203.888 14.0503 571.75 -0.0665581
203.944 14.0467 572.539 -0.0628689
204 14.0432 573.328 -0.0620495
204.056 14.0399 574.117 -0.0569269
204.112 14.037 574.905 -0.049019
204.169 14.0339 575.694 -0.0559175
204.225 14.0307 576.482 -0.0575454
204.281 14.0274 577.27 -0.0600924
204.337 14.024 578.058 -0.0557676
204.393 14.0213 578.846 -0.0462396
204.449 14.0189 579.634 -0.0391768
204.506 14.0165 580.421 -0.0452254
204.562 14.0138 581.209 -0.0504216
204.618 14.0108 581.996 -0.0544125
204.674 14.008 582.783 -0.0478883
204.73 14.0052 583.57 -0.053771
204.787 14.0022 584.356 -0.0542936
204.843 13.9989 585.143 -0.0568747
204.899 13.9958 585.929 -0.0566135
204.955 13.9927 586.715 -0.0527082
205.011 13.9897 587.501 -0.0537906
205.067 13.9865 588.287 -0.0595081
205.124 13.983 589.073 -0.0655276
205.18 13.979 589.858 -0.0730599
205.236 13.9749 590.644 -0.0746465
205.292 13.971 591.429 -0.0640705
205.348 13.9675 592.213 -0.0597667
205.404 13.9643 592.998 -0.0587116
205.461 13.9608 593.782 -0.0630975
205.517 13.9574 594.566 -0.0579876
205.573 13.9542 595.351 -0.0571551
205.629 13.9512 596.134 -0.0491669
205.685 13.9488 596.918 -0.0382617
205.742 13.9469 597.702 -0.0350885
205.798 13.9452 598.485 -0.0267341
205.854 13.9438 599.268 -0.0237784
205.91 13.9425 600.052 -0.0229084
205.966 13.9414 600.835 -0.0170389
206.022 13.9406 601.618 -0.00988415
206.079 13.9402 602.401 -0.00593613
206.135 13.9399 603.185 -0.0056384
206.191 13.9397 603.968 -0.0023593
206.247 13.9396 604.751 -0.00244963
206.303 13.9393 605.534 -0.00736438
206.36 13.9386 606.317 -0.0157184
206.416 13.9375 607.1 -0.0225968
206.472 13.9361 607.883 -0.0278559
206.528 13.9341 608.666 -0.0385423
206.584 13.9317 609.449 -0.0470858
206.64 13.9288 610.231 -0.0530642
206.697 13.9255 611.014 -0.0630647
206.753 13.9218 611.796 -0.0691364
206.809 13.9177 612.578 -0.0730529
206.865 13.9133 613.36 -0.0805084
206.921 13.9086 614.141 -0.0866089
206.978 13.9035 614.922 -0.0939748
207.034 13.8978 615.703 -0.107454
207.09 13.8914 616.484 -0.117552
207.146 13.8846 617.264 -0.125515
207.202 13.877 618.044 -0.140293
207.258 13.8686 618.823 -0.155625
207.315 13.8594 619.602 -0.169235
207.371 13.8492 620.38 -0.18796
207.427 13.8381 621.158 -0.204948
207.483 13.826 621.935 -0.223076
207.539 13.8127 622.711 -0.24363
207.596 13.7986 623.487 -0.256711
207.652 13.7836 624.261 -0.274343
207.708 13.7675 625.035 -0.292992
207.764 13.7502 625.808 -0.31844
207.82 13.7316 626.58 -0.339523
207.876 13.7117 627.351 -0.36354
207.933 13.6906 628.12 -0.384267
207.989 13.6686 628.889 -0.396623
208.045 13.6456 629.656 -0.415208
208.101 13.6217 630.422 -0.432206
208.157 13.5972 631.186 -0.441037
208.213 13.5718 631.949 -0.455701
208.27 13.5458 632.711 -0.467978
208.326 13.5193 633.471 -0.472324
208.382 13.4927 634.229 -0.474557
208.438 13.4661 634.987 -0.473067
208.494 13.4396 635.742 -0.471671
208.551 13.413 636.496 -0.473868
208.607 13.3864 637.249 -0.474396
208.663 13.3596 638 -0.478793
208.719 13.3326 638.75 -0.482357
208.775 13.3055 639.498 -0.481441
208.831 13.2787 640.244 -0.474042
208.888 13.2522 640.99 -0.469146
208.944 13.226 641.733 -0.463843
209 13.2002 642.475 -0.453909
209.056 13.175 643.216 -0.445444
209.112 13.1503 643.955 -0.438053
209.169 13.126 644.693 -0.426802
209.225 13.1023 645.43 -0.418804
209.281 13.0791 646.165 -0.408992
209.337 13.0566 646.899 -0.393963
209.393 13.0349 647.632 -0.381338
209.449 13.0138 648.364 -0.372431
209.506 12.9935 649.094 -0.354768
209.562 12.9738 649.823 -0.345504
209.618 12.9548 650.552 -0.334651
209.674 12.9366 651.279 -0.317151
209.73 12.9193 652.005 -0.300573
209.787 12.903 652.73 -0.282068
209.843 12.8879 653.455 -0.261551
209.899 12.8738 654.178 -0.245207
209.955 12.8606 654.901 -0.229955
210.011 12.8481 655.623 -0.217489
210.067 12.8364 656.344 -0.202891
210.124 12.8258 657.065 -0.184436
210.18 12.816 657.785 -0.164176
210.236 12.8071 658.505 -0.153734
210.292 12.7989 659.224 -0.139864
210.348 12.7915 659.943 -0.128478
210.404 12.7845 660.661 -0.120063
210.461 12.7782 661.379 -0.109746
210.517 12.7727 662.097 -0.0952422
210.573 12.7676 662.815 -0.0853028
210.629 12.763 663.532 -0.0842846
210.685 12.7585 664.249 -0.076172
210.742 12.7545 664.965 -0.0657356
210.798 12.7511 665.682 -0.0555107
210.854 12.7485 666.398 -0.0433509
210.91 12.7463 667.114 -0.0346544
210.966 12.7444 667.83 -0.0314706
211.022 12.7428 668.546 -0.0268974
211.079 12.7413 669.262 -0.0263195
211.135 12.74 669.978 -0.024136
211.191 12.7387 670.693 -0.020643
211.247 12.7376 671.409 -0.0189203
211.303 12.7367 672.124 -0.014254
211.36 12.736 672.84 -0.00815527
211.416 12.7358 673.555 -0.0027064
211.472 12.7359 674.271 0.00603429
211.528 12.7365 674.986 0.0137934
211.584 12.7374 675.702 0.0192948
211.64 12.7387 676.418 0.0251363
211.697 12.7404 677.133 0.0326027
211.753 12.7421 677.849 0.0306065
211.809 12.7439 678.565 0.0293309
211.865 12.7455 679.281 0.0265129
211.921 12.7468 679.997 0.0198397
211.978 12.7476 680.713 0.0117637
212.034 12.7482 681.43 0.011051
212.09 12.7485 682.146 0.00170779
212.146 12.7484 682.862 -0.00492395
212.202 12.7482 683.578 -0.00632045
212.258 12.7474 684.294 -0.0170942
212.315 12.7462 685.01 -0.027912
212.371 12.7445 685.726 -0.0319392
212.427 12.7424 686.442 -0.038144
212.483 12.7402 687.158 -0.0416732
212.539 12.7378 687.874 -0.0459905
212.596 12.7351 688.589 -0.0487924
212.652 12.7323 689.305 -0.0497989
212.708 12.7295 690.02 -0.0511384
212.764 12.7264 690.735 -0.0570437
212.82 12.723 691.45 -0.0662334
212.876 12.719 692.164 -0.0734154
212.933 12.7148 692.879 -0.0755662
212.989 12.7103 693.593 -0.0814809
213.045 12.7058 694.307 -0.0810367
213.101 12.7013 695.021 -0.0795478
213.157 12.6968 695.734 -0.0796245
213.213 12.6925 696.447 -0.0731469
213.27 12.6884 697.16 -0.0740034
213.326 12.6844 697.873 -0.0689639
213.382 12.6808 698.585 -0.0610038
213.438 12.6773 699.297 -0.0617306
213.494 12.6739 700.01 -0.0627836
213.551 12.6705 700.721 -0.055908
213.607 12.6675 701.433 -0.0522021
213.663 12.6649 702.145 -0.0419973
213.719 12.6626 702.856 -0.0395802
213.775 12.6605 703.568 -0.0357319
213.831 12.6587 704.279 -0.0289168
213.888 12.6573 704.99 -0.0190345
213.944 12.6566 705.701 -0.00720747
214 12.6564 706.412 -0.00224048
214.056 12.6567 707.123 0.0112476
214.112 12.6577 707.834 0.0229876
214.169 12.6594 708.545 0.0331621
214.225 12.6617 709.256 0.0452473
214.281 12.6643 709.968 0.0448214
214.337 12.6671 710.679 0.0521574
214.393 12.6704 711.391 0.0624411
214.449 12.6739 712.103 0.0650079
214.506 12.678 712.815 0.07561
214.562 12.6826 713.528 0.0863736
214.618 12.6877 714.24 0.0974687
214.674 12.6936 714.953 0.106451
214.73 12.6998 715.667 0.11321
214.787 12.7065 716.38 0.123395
214.843 12.7137 717.094 0.129708
214.899 12.7213 717.809 0.140128
214.955 12.7293 718.524 0.147346
215.011 12.7379 719.239 0.156075
215.067 12.7469 719.955 0.161711
215.124 12.7561 720.672 0.166546
215.18 12.7656 721.389 0.167307
215.236 12.7752 722.106 0.173632
215.292 12.7848 722.824 0.170064
215.348 12.7945 723.543 0.176082
215.404 12.8048 724.262 0.186143
215.461 12.8154 724.982 0.188831
215.517 12.8262 725.702 0.192345
215.573 12.837 726.423 0.192878
215.629 12.848 727.144 0.194574
215.685 12.8587 727.867 0.187088
215.742 12.8691 728.589 0.185701
215.798 12.8793 729.313 0.179963
215.854 12.8895 730.037 0.180922
215.91 12.8998 730.761 0.18168
215.966 12.9099 731.486 0.179099
216.022 12.9197 732.212 0.171562
216.079 12.9292 732.938 0.167716
216.135 12.9384 733.665 0.163306
216.191 12.9474 734.392 0.157084
216.247 12.9563 735.119 0.15603
216.303 12.9649 735.848 0.1517
216.36 12.9732 736.576 0.144053
216.416 12.9811 737.305 0.138078
216.472 12.9886 738.035 0.12998
216.528 12.9954 738.765 0.117565
216.584 13.0015 739.495 0.102172
216.64 13.0068 740.226 0.0891078
216.697 13.0115 740.957 0.0768902
216.753 13.0156 741.688 0.070971
216.809 13.0192 742.419 0.0592497
216.865 13.0223 743.151 0.0478746
216.921 13.0247 743.882 0.0388418
216.978 13.0264 744.614 0.0259098
217.034 13.0274 745.346 0.0124376
217.09 13.0277 746.078 -0.00109195
217.146 13.0272 746.81 -0.0109759
217.202 13.0262 747.541 -0.0236577
217.258 13.0246 748.273 -0.0338269
217.315 13.0222 749.005 -0.0479596
217.371 13.019 749.736 -0.0632505
217.427 13.015 750.468 -0.076291
217.483 13.0101 751.199 -0.0926877
217.539 13.0044 751.929 -0.10812
217.596 12.998 752.66 -0.118729
217.652 12.9909 753.39 -0.130037
217.708 12.9832 754.119 -0.146036
217.764 12.9745 754.848 -0.162119
217.82 12.9649 755.577 -0.17562
217.876 12.9545 756.305 -0.194265
217.933 12.9433 757.032 -0.203903
217.989 12.9312 757.759 -0.219444
218.045 12.9185 758.485 -0.23317
218.101 12.905 759.21 -0.243846
218.157 12.8911 759.935 -0.251386
218.213 12.8766 760.659 -0.264506
218.27 12.8613 761.382 -0.277832
218.326 12.8451 762.104 -0.29464
218.382 12.8282 762.825 -0.306845
218.438 12.8106 763.545 -0.314987
218.494 12.7928 764.264 -0.319462
218.551 12.7748 764.982 -0.321286
218.607 12.7564 765.699 -0.329581
218.663 12.7375 766.415 -0.342259
218.719 12.718 767.13 -0.350223
218.775 12.6981 767.844 -0.354177
218.831 12.678 768.557 -0.358064
218.888 12.6577 769.268 -0.364305
218.944 12.6371 769.978 -0.369905
219 12.616 770.688 -0.375957
219.056 12.595 771.396 -0.372753
219.112 12.5742 772.103 -0.369232
219.169 12.5535 772.808 -0.368281
219.225 12.5327 773.513 -0.372301
219.281 12.5117 774.216 -0.374874
219.337 12.4905 774.918 -0.375137
219.393 12.4696 775.62 -0.372936
219.449 12.4488 776.319 -0.366551
219.506 12.4282 777.018 -0.365556
219.562 12.4078 777.716 -0.361252
219.618 12.3876 778.412 -0.358143
219.674 12.3675 779.107 -0.356022
219.73 12.3478 779.801 -0.348891
219.787 12.3284 780.494 -0.343953
219.843 12.309 781.186 -0.346952
219.899 12.2897 781.877 -0.343311
219.955 12.2706 782.567 -0.339077
220.011 12.2515 783.256 -0.341298
220.067 12.2322 783.943 -0.345615
220.124 12.2128 784.63 -0.343878
220.18 12.1937 785.315 -0.335514
220.236 12.175 786 -0.330982
220.292 12.1568 786.683 -0.319698
220.348 12.1392 787.365 -0.311179
220.404 12.1218 788.047 -0.311062
220.461 12.1043 788.727 -0.309412
220.517 12.087 789.407 -0.306418
220.573 12.0699 790.085 -0.30145
220.629 12.0531 790.763 -0.297201
220.685 12.0365 791.439 -0.294125
220.742 12.02 792.115 -0.293914
220.798 12.0037 792.79 -0.290223
220.854 11.9873 793.463 -0.293298
220.91 11.9708 794.136 -0.291086
220.966 11.9545 794.808 -0.288613
221.022 11.9382 795.479 -0.293244
221.079 11.9219 796.15 -0.289221
221.135 11.9058 796.819 -0.284083
221.191 11.89 797.487 -0.279012
221.247 11.8744 798.155 -0.278155
221.303 11.8584 798.821 -0.287419
221.36 11.8421 799.487 -0.290702
221.416 11.8256 800.151 -0.294344
221.472 11.8089 800.815 -0.298741
221.528 11.792 801.478 -0.303017
221.584 11.7749 802.14 -0.30654
221.64 11.7575 802.801 -0.313671
221.697 11.74 803.461 -0.311793
221.753 11.7227 804.12 -0.303367
221.809 11.7058 804.778 -0.303041
221.865 11.689 805.435 -0.29676
221.921 11.6723 806.091 -0.297462
221.978 11.6556 806.746 -0.294521
222.034 11.6392 807.4 -0.29001
222.09 11.6232 808.054 -0.284213
222.146 11.6074 808.706 -0.277088
222.202 11.5923 809.358 -0.265995
222.258 11.5779 810.009 -0.255041
222.315 11.5639 810.659 -0.244228
222.371 11.5503 811.308 -0.237831
222.427 11.5373 811.956 -0.22512
222.483 11.5248 812.604 -0.219163
222.539 11.5127 813.251 -0.210263
222.596 11.5012 813.897 -0.198532
222.652 11.4905 814.543 -0.186662
222.708 11.4803 815.188 -0.176825
222.764 11.4707 815.833 -0.167721
222.82 11.4616 816.477 -0.160767
222.876 11.4527 817.121 -0.153996
222.933 11.4445 817.764 -0.142287
222.989 11.4369 818.407 -0.129571
223.045 11.4302 819.049 -0.113719
223.101 11.4241 819.691 -0.104702
223.157 11.4187 820.332 -0.0908694
223.213 11.4141 820.974 -0.0764954
223.27 11.4101 821.615 -0.0680993
223.326 11.4067 822.256 -0.0596804
223.382 11.4038 822.896 -0.0458889
223.438 11.4014 823.537 -0.0401093
223.494 11.3997 824.178 -0.0245391
223.551 11.3986 824.818 -0.0119995
223.607 11.398 825.458 -0.00946198
223.663 11.3979 826.099 0.00440734
223.719 11.3984 826.739 0.011581
223.775 11.3994 827.379 0.0201755
223.831 11.4011 828.02 0.0351701
223.888 11.4034 828.66 0.043946
223.944 11.4061 829.301 0.0492271
224 11.4092 829.942 0.0598171
224.056 11.4127 830.583 0.0631942
224.112 11.4163 831.224 0.0661006
224.169 11.4201 831.866 0.069284
224.225 11.424 832.508 0.071851
224.281 11.4283 833.15 0.0757739
224.337 11.4328 833.792 0.0862963
224.393 11.438 834.434 0.0960964
224.449 11.4439 835.077 0.108398
224.506 11.4504 835.72 0.122917
224.562 11.4575 836.364 0.130883
224.618 11.4651 837.008 0.137151
224.674 11.4732 837.652 0.148446
224.73 11.4818 838.297 0.157064
224.787 11.4907 838.942 0.157319
224.843 11.4995 839.588 0.158806
224.899 11.5085 840.234 0.15887
224.955 11.5175 840.881 0.160772
225.011 11.5267 841.529 0.164575
225.067 11.5361 842.176 0.167965
225.124 11.5454 842.825 0.166448
225.18 11.5549 843.474 0.17026
225.236 11.5645 844.123 0.174884
225.292 11.5744 844.773 0.17428
225.348 11.5843 845.424 0.176182
225.404 11.5944 846.075 0.182568
225.461 11.6046 846.727 0.181104
225.517 11.6147 847.379 0.180948
225.573 11.6249 848.032 0.181202
225.629 11.635 848.685 0.179471
225.685 11.6451 849.339 0.178522
225.742 11.6553 849.994 0.184623
225.798 11.6656 850.649 0.184719
225.854 11.6761 851.305 0.18789
225.91 11.6869 851.961 0.194805
225.966 11.6979 852.618 0.196898
226.022 11.709 853.275 0.200223
226.079 11.7205 853.934 0.207352
226.135 11.7322 854.593 0.21176
226.191 11.7442 855.252 0.214251
226.247 11.7563 855.912 0.217325
226.303 11.7686 856.573 0.217227
226.36 11.7809 857.235 0.222671
226.416 11.7933 857.897 0.220821
226.472 11.8056 858.56 0.217143
226.528 11.818 859.224 0.221696
226.584 11.8304 859.888 0.222325
226.64 11.8431 860.553 0.225196
226.697 11.8559 861.219 0.228864
226.753 11.8688 861.885 0.229574
226.809 11.8819 862.552 0.234575
226.865 11.895 863.22 0.234339
226.921 11.9082 863.889 0.2346
226.978 11.9215 864.559 0.237086
227.034 11.9349 865.229 0.241146
227.09 11.9483 865.9 0.23619
227.146 11.9617 866.571 0.235833
227.202 11.9751 867.244 0.238353
227.258 11.9881 867.917 0.233996
227.315 12.0012 868.591 0.230837
227.371 12.0141 869.266 0.228724
227.427 12.0266 869.941 0.220476
227.483 12.0387 870.617 0.211568
227.539 12.0504 871.294 0.205202
227.596 12.0617 871.971 0.200332
227.652 12.0729 872.649 0.197185
227.708 12.0839 873.328 0.19409
227.764 12.0946 874.007 0.189273
227.82 12.105 874.687 0.182894
227.876 12.115 875.367 0.173064
227.933 12.1245 876.048 0.166689
227.989 12.1336 876.73 0.157712
228.045 12.142 877.412 0.142785
228.101 12.1496 878.094 0.131199
228.157 12.1566 878.777 0.123519
228.213 12.163 879.46 0.110838
228.27 12.1687 880.144 0.0969217
228.326 12.1736 880.827 0.0828575
228.382 12.1779 881.511 0.0738345
228.438 12.1817 882.196 0.0655125
228.494 12.1851 882.88 0.0553133
228.551 12.1879 883.565 0.0448955
228.607 12.1899 884.25 0.0320801
228.663 12.1913 884.934 0.0185967
228.719 12.192 885.619 0.00844561
228.775 12.192 886.304 -0.00438822
228.831 12.1917 886.989 -0.00879962
228.888 12.1911 887.674 -0.0111602
228.944 12.1902 888.359 -0.0197845
229 12.1887 889.044 -0.0305166
229.056 12.1869 889.729 -0.0363577
229.112 12.1847 890.413 -0.0420438
229.169 12.1819 891.098 -0.0553768
229.225 12.1785 891.782 -0.0634943
229.281 12.1746 892.466 -0.0754578
229.337 12.1699 893.15 -0.0891332
229.393 12.1645 893.833 -0.0994582
229.449 12.1586 894.516 -0.108927
229.506 12.1522 895.199 -0.119993
229.562 12.1452 895.882 -0.125571
229.618 12.1378 896.564 -0.134067
229.674 12.1301 897.245 -0.140801
229.73 12.1221 897.927 -0.142803
229.787 12.1138 898.607 -0.149632
229.843 12.1053 899.288 -0.153066
229.899 12.0968 899.967 -0.150622
229.955 12.0882 900.647 -0.150215
230.011 12.0798 901.326 -0.152291
230.067 12.0714 902.004 -0.144566
230.124 12.0635 902.682 -0.13508
230.18 12.0563 903.359 -0.124582
230.236 12.0497 904.036 -0.112675
230.292 12.0436 904.713 -0.104769
230.348 12.0382 905.39 -0.0913046
230.404 12.0336 906.066 -0.0784719
230.461 12.0295 906.742 -0.0666564
230.517 12.0261 907.417 -0.0582481
230.573 12.0232 908.093 -0.0464337
230.629 12.0208 908.768 -0.0394673
230.685 12.0188 909.444 -0.0329886
230.742 12.0172 910.119 -0.0250541
230.798 12.0159 910.794 -0.0201943
230.854 12.0152 911.469 -0.0066865
230.91 12.0154 912.144 0.00825619
230.966 12.0163 912.819 0.023308
231.022 12.0176 913.494 0.0243853
231.079 12.0193 914.169 0.0353822
231.135 12.0212 914.844 0.0351708
231.191 12.0232 915.52 0.0334534
231.247 12.0253 916.195 0.0405279
231.303 12.0274 916.871 0.0384629
231.36 12.0295 917.547 0.0341161
231.416 12.0317 918.223 0.0400522
231.472 12.0338 918.899 0.0395863
231.528 12.0363 919.575 0.0451798
231.584 12.0391 920.251 0.0542878
231.64 12.0423 920.928 0.0562577
231.697 12.0457 921.604 0.0627764
231.753 12.0495 922.281 0.0693331
231.809 12.0533 922.958 0.0687274
231.865 12.0572 923.635 0.0673709
231.921 12.0609 924.313 0.0640656
231.978 12.0642 924.991 0.0576581
232.034 12.0674 925.669 0.0551327
232.09 12.0704 926.347 0.0500267
232.146 12.0731 927.025 0.0478664
232.202 12.0757 927.703 0.0459426
232.258 12.0784 928.382 0.0481737
232.315 12.0811 929.06 0.0490152
232.371 12.0838 929.739 0.0470845
232.427 12.0863 930.418 0.0427993
232.483 12.0884 931.097 0.0366499
232.539 12.0903 931.776 0.031654
232.596 12.0923 932.456 0.0360812
232.652 12.0941 933.135 0.0291695
232.708 12.0959 933.814 0.032504
232.764 12.0977 934.494 0.0303897
232.82 12.0995 935.174 0.0323779
232.876 12.101 935.854 0.023196
232.933 12.102 936.533 0.0157161
232.989 12.1026 937.213 0.00568908
233.045 12.1028 937.893 0.00204124
233.101 12.1026 938.573 -0.00481558
233.157 12.1022 939.253 -0.00647014
233.213 12.1019 939.933 -0.0047432
233.27 12.1015 940.613 -0.00828181
233.326 12.1008 941.293 -0.0141441
233.382 12.0999 941.973 -0.0189105
233.438 12.0987 942.652 -0.0250304
233.494 12.0967 943.332 -0.0381157
233.551 12.0944 944.011 -0.0442745
233.607 12.0918 944.691 -0.0455901
233.663 12.0891 945.37 -0.0509545
233.719 12.0863 946.049 -0.0521804
233.775 12.0832 946.728 -0.0576434
233.831 12.0797 947.407 -0.0637041
233.888 12.0759 948.085 -0.0704866
233.944 12.0718 948.763 -0.0736381
234 12.0675 949.442 -0.0808
234.056 12.0628 950.119 -0.0835474
234.112 12.0581 950.797 -0.0836463
234.169 12.0533 951.474 -0.0843984
234.225 12.0484 952.151 -0.0889148
234.281 12.0436 952.828 -0.0829321
234.337 12.0388 953.504 -0.0844022
234.393 12.0338 954.18 -0.092152
234.449 12.0286 954.856 -0.0931152
234.506 12.0231 955.532 -0.0998687
234.562 12.0175 956.207 -0.100774
234.618 12.0119 956.882 -0.0980809
234.674 12.0064 957.557 -0.0958451
234.73 12.0008 958.231 -0.100115
234.787 11.9953 958.905 -0.0961638
234.843 11.9897 959.579 -0.0968638
234.899 11.9843 960.252 -0.0936179
234.955 11.9792 960.925 -0.0904132
235.011 11.9743 961.598 -0.0833373
235.067 11.9696 962.271 -0.0816073
235.124 11.9651 962.943 -0.0794958
235.18 11.9605 963.615 -0.0839052
235.236 11.956 964.287 -0.076726
235.292 11.9518 964.958 -0.07626
235.348 11.9477 965.63 -0.0707453
235.404 11.944 966.301 -0.0623576
235.461 11.9409 966.972 -0.0519861
235.517 11.938 967.642 -0.050939
235.573 11.9355 968.313 -0.0418606
235.629 11.9334 968.983 -0.0348893
235.685 11.9316 969.654 -0.0302191
235.742 11.93 970.324 -0.028929
235.798 11.9287 970.994 -0.0179766
235.854 11.9279 971.664 -0.0119945
235.91 11.9277 972.334 -0.000800994
235.966 11.928 973.005 0.00726993
236.022 11.9285 973.675 0.0108923
236.079 11.9293 974.345 0.0162848
236.135 11.9305 975.015 0.0229146
236.191 11.9321 975.685 0.0304541
236.247 11.9339 976.356 0.0301933
236.303 11.936 977.026 0.039385
236.36 11.9383 977.697 0.0429356
236.416 11.9408 978.368 0.0438775
236.472 11.9433 979.039 0.0445927
236.528 11.9456 979.71 0.0408309
236.584 11.9478 980.381 0.0406298
236.64 11.95 981.052 0.0367801
236.697 11.952 981.724 0.0346953
236.753 11.9539 982.395 0.0328191
236.809 11.9558 983.067 0.035856
236.865 11.9577 983.738 0.0314309
236.921 11.9593 984.41 0.0254008
236.978 11.9606 985.082 0.0210892
237.034 11.9614 985.754 0.0135527
237.09 11.962 986.426 0.00720123
237.146 11.9624 987.098 0.00547447
237.202 11.9624 987.77 9.44598e-05
237.258 11.9623 988.442 -0.00625521
237.315 11.9618 989.114 -0.00870557
237.371 11.961 989.786 -0.0171877
237.427 11.9597 990.458 -0.0290926
237.483 11.9578 991.13 -0.0383432
237.539 11.9551 991.802 -0.0541567
237.596 11.9515 992.473 -0.0689392
237.652 11.9473 993.145 -0.0788817
237.708 11.9423 993.816 -0.0946649
237.764 11.9365 994.486 -0.109351
237.82 11.93 995.157 -0.119755
237.876 11.9228 995.827 -0.134386
237.933 11.9147 996.496 -0.15356
237.989 11.9054 997.165 -0.173759
238.045 11.8949 997.834 -0.19384
238.101 11.8833 998.502 -0.216857
238.157 11.8703 999.169 -0.239337
238.213 11.8562 999.835 -0.257467
238.27 11.8413 1000.5 -0.271281
238.326 11.8253 1001.17 -0.290897
238.382 11.8082 1001.83 -0.312304
238.438 11.7901 1002.49 -0.331818
238.494 11.771 1003.15 -0.346596
238.551 11.7508 1003.81 -0.367394
238.607 11.7297 1004.47 -0.382563
238.663 11.7076 1005.13 -0.399301
238.719 11.6845 1005.79 -0.420126
238.775 11.6604 1006.44 -0.433777
238.831 11.6359 1007.1 -0.436492
238.888 11.611 1007.75 -0.444618
238.944 11.5858 1008.4 -0.452658
239 11.5602 1009.05 -0.456839
239.056 11.5341 1009.7 -0.468872
239.112 11.5076 1010.35 -0.474713
239.169 11.4808 1010.99 -0.478939
239.225 11.4539 1011.64 -0.47799
239.281 11.4271 1012.28 -0.474947
239.337 11.4005 1012.92 -0.476012
239.393 11.3738 1013.56 -0.475452
239.449 11.3471 1014.2 -0.477705
239.506 11.3204 1014.84 -0.473911
239.562 11.2937 1015.47 -0.472562
239.618 11.2673 1016.11 -0.47081
239.674 11.2411 1016.74 -0.462978
239.73 11.2154 1017.37 -0.453315
239.787 11.19 1018 -0.449009
239.843 11.1654 1018.62 -0.431986
239.899 11.1414 1019.25 -0.423346
239.955 11.1178 1019.88 -0.419014
240.011 11.0944 1020.5 -0.414142
240.067 11.0715 1021.12 -0.403083
240.124 11.0492 1021.74 -0.394177
240.18 11.0275 1022.36 -0.380711
240.236 11.0064 1022.98 -0.369799
240.292 10.9864 1023.6 -0.35047
240.348 10.9672 1024.22 -0.335645
240.404 10.9486 1024.83 -0.327226
240.461 10.9305 1025.45 -0.318254
240.517 10.9133 1026.06 -0.300854
240.573 10.8968 1026.67 -0.286645
240.629 10.8812 1027.28 -0.27195
240.685 10.8664 1027.9 -0.257031
240.742 10.8526 1028.51 -0.238196
240.798 10.8398 1029.11 -0.220943
240.854 10.8277 1029.72 -0.209999
240.91 10.8165 1030.33 -0.19359
240.966 10.8061 1030.94 -0.179498
241.022 10.7966 1031.55 -0.163133
241.079 10.7878 1032.15 -0.149814
241.135 10.78 1032.76 -0.134624
241.191 10.7729 1033.36 -0.117997
241.247 10.7667 1033.97 -0.10501
241.303 10.7613 1034.57 -0.0903969
241.36 10.7568 1035.18 -0.0733731
241.416 10.753 1035.78 -0.063377
241.472 10.7499 1036.39 -0.0488445
241.528 10.7476 1036.99 -0.0358167
241.584 10.7459 1037.59 -0.0239266
241.64 10.7449 1038.2 -0.0137743
241.697 10.7445 1038.8 1.38451e-05
241.753 10.7449 1039.4 0.0108328
241.809 10.7458 1040.01 0.020069
241.865 10.7474 1040.61 0.0330461
241.921 10.7496 1041.21 0.0452172
241.978 10.7526 1041.82 0.0567802
242.034 10.7564 1042.42 0.0741929
242.09 10.7609 1043.03 0.0851005
242.146 10.7661 1043.63 0.0977251
242.202 10.7722 1044.24 0.112756
242.258 10.7788 1044.84 0.124489
242.315 10.7862 1045.45 0.134406
242.371 10.7942 1046.05 0.147724
242.427 10.8027 1046.66 0.156975
242.483 10.812 1047.27 0.171104
242.539 10.8222 1047.88 0.186346
242.596 10.833 1048.48 0.197317
242.652 10.8445 1049.09 0.206762
242.708 10.8564 1049.7 0.213492
242.764 10.8688 1050.31 0.223394
242.82 10.8816 1050.92 0.230828
242.876 10.895 1051.54 0.241196
242.933 10.909 1052.15 0.252461
242.989 10.9233 1052.76 0.260889
243.045 10.9382 1053.38 0.264477
243.101 10.9534 1053.99 0.271206
243.157 10.9688 1054.61 0.275661
243.213 10.9838 1055.22 0.263281
243.27 10.9985 1055.84 0.25858
243.326 11.0129 1056.46 0.25982
243.382 11.0276 1057.08 0.265994
243.438 11.0427 1057.7 0.269882
243.494 11.058 1058.32 0.273984
243.551 11.0737 1058.94 0.283962
243.607 11.09 1059.56 0.293924
243.663 11.1068 1060.19 0.301924
243.719 11.124 1060.81 0.308321
243.775 11.1415 1061.44 0.312478
243.831 11.1592 1062.06 0.314011
243.888 11.1766 1062.69 0.310354
243.944 11.1941 1063.32 0.31093
244 11.2116 1063.95 0.313965
244.056 11.2292 1064.58 0.312482
244.112 11.2467 1065.21 0.311279
244.169 11.2642 1065.84 0.312661
244.225 11.2817 1066.48 0.311752
244.281 11.2992 1067.11 0.311921
244.337 11.3169 1067.75 0.315621
244.393 11.3344 1068.38 0.310814
244.449 11.3518 1069.02 0.305963
244.506 11.3689 1069.66 0.30233
244.562 11.3857 1070.3 0.297872
244.618 11.4022 1070.94 0.293986
244.674 11.4184 1071.58 0.287103
244.73 11.4344 1072.22 0.284762
244.787 11.4503 1072.87 0.284068
244.843 11.4662 1073.51 0.282353
244.899 11.4822 1074.15 0.285726
244.955 11.498 1074.8 0.28334
245.011 11.5139 1075.45 0.280739
245.067 11.5296 1076.09 0.279516
245.124 11.5452 1076.74 0.275267
245.18 11.5605 1077.39 0.270406
245.236 11.5756 1078.04 0.26783
245.292 11.5904 1078.69 0.261184
245.348 11.6051 1079.34 0.258372
245.404 11.6192 1080 0.249401
245.461 11.633 1080.65 0.242682
245.517 11.6463 1081.3 0.230014
245.573 11.6591 1081.96 0.227803
245.629 11.6716 1082.61 0.219148
245.685 11.6837 1083.27 0.213128
245.742 11.6957 1083.93 0.212224
245.798 11.7075 1084.58 0.210902
245.854 11.7192 1085.24 0.203778
245.91 11.7307 1085.9 0.206544
245.966 11.7421 1086.56 0.201127
246.022 11.7534 1087.22 0.200993
246.079 11.7647 1087.88 0.204988
246.135 11.7762 1088.54 0.207976
246.191 11.7879 1089.2 0.206663
246.247 11.7995 1089.87 0.20506
246.303 11.811 1090.53 0.203109
246.36 11.8222 1091.19 0.195803
246.416 11.8331 1091.86 0.191784
246.472 11.8436 1092.52 0.184319
246.528 11.8536 1093.19 0.175775
246.584 11.8633 1093.86 0.167565
246.64 11.8723 1094.52 0.156897
246.697 11.8808 1095.19 0.145321
246.753 11.8888 1095.86 0.140907
246.809 11.8966 1096.53 0.138499
246.865 11.9039 1097.19 0.126266
246.921 11.9108 1097.86 0.118595
246.978 11.9172 1098.53 0.110383
247.034 11.9233 1099.2 0.106556
247.09 11.9292 1099.87 0.105986
247.146 11.935 1100.54 0.0995094
247.202 11.9402 1101.21 0.0888405
247.258 11.9449 1101.88 0.0797219
247.315 11.9491 1102.56 0.0743595
247.371 11.953 1103.23 0.0637464
247.427 11.9563 1103.9 0.0561188
247.483 11.9591 1104.57 0.0459042
247.539 11.9613 1105.24 0.036988
247.596 11.9632 1105.91 0.0339271
247.652 11.9646 1106.59 0.0186398
247.708 11.9651 1107.26 0.000894061
247.764 11.9647 1107.93 -0.011146
247.82 11.9635 1108.6 -0.0272246
247.876 11.9615 1109.27 -0.0434746
247.933 11.9586 1109.95 -0.0564118
247.989 11.9549 1110.62 -0.0687523
248.045 11.9504 1111.29 -0.0876274
248.101 11.945 1111.96 -0.102104
248.157 11.9386 1112.63 -0.119818
248.213 11.9312 1113.3 -0.141515
248.27 11.9226 1113.97 -0.15983
248.326 11.9131 1114.64 -0.172081
248.382 11.9029 1115.31 -0.19171
248.438 11.8919 1115.98 -0.19744
248.494 11.8802 1116.65 -0.210112
248.551 11.8679 1117.31 -0.224756
248.607 11.8549 1117.98 -0.23733
248.663 11.8411 1118.65 -0.25036
248.719 11.8266 1119.31 -0.26336
248.775 11.8115 1119.97 -0.271995
248.831 11.796 1120.64 -0.27672
248.888 11.7804 1121.3 -0.276727
248.944 11.765 1121.96 -0.273857
249 11.7494 1122.62 -0.279463
249.056 11.7335 1123.28 -0.286715
249.112 11.7173 1123.94 -0.290707
249.169 11.7007 1124.6 -0.295649
249.225 11.6841 1125.25 -0.297282
249.281 11.6674 1125.91 -0.297489
249.337 11.6504 1126.56 -0.303763
249.393 11.633 1127.22 -0.311062
249.449 11.6154 1127.87 -0.314814
249.506 11.5974 1128.52 -0.323641
249.562 11.5787 1129.17 -0.336845
249.618 11.5596 1129.82 -0.343512
249.674 11.5398 1130.47 -0.355426
249.73 11.5197 1131.12 -0.360382
249.787 11.4993 1131.77 -0.365633
249.843 11.4784 1132.41 -0.376312
249.899 11.457 1133.06 -0.383192
249.955 11.435 1133.7 -0.395072
250.011 11.4123 1134.34 -0.410055
250.067 11.3889 1134.98 -0.424633
250.124 11.3645 1135.62 -0.43842
250.18 11.3394 1136.26 -0.451388
250.236 11.3135 1136.89 -0.467292
250.292 11.2868 1137.53 -0.476795
250.348 11.2596 1138.16 -0.488637
250.404 11.232 1138.79 -0.494726
250.461 11.204 1139.42 -0.498178
250.517 11.1757 1140.05 -0.508934
250.573 11.1469 1140.68 -0.518647
250.629 11.1179 1141.3 -0.514648
250.685 11.0891 1141.93 -0.513162
250.742 11.0603 1142.55 -0.513678
250.798 11.0316 1143.17 -0.505631
250.854 11.0033 1143.79 -0.499762
250.91 10.9755 1144.41 -0.49453
250.966 10.9478 1145.02 -0.491046
251.022 10.9203 1145.64 -0.487617
251.079 10.8932 1146.25 -0.479085
251.135 10.8666 1146.86 -0.470834
251.191 10.8404 1147.47 -0.46173
251.247 10.815 1148.08 -0.446641
251.303 10.7903 1148.68 -0.435128
251.36 10.766 1149.29 -0.428622
251.416 10.7422 1149.89 -0.422008
251.472 10.7189 1150.5 -0.409928
251.528 10.6962 1151.1 -0.400624
251.584 10.6742 1151.7 -0.387669
251.64 10.6529 1152.3 -0.371562
251.697 10.6325 1152.89 -0.356546
251.753 10.6129 1153.49 -0.34524
251.809 10.594 1154.09 -0.328827
251.865 10.5759 1154.68 -0.316363
251.921 10.5588 1155.28 -0.298729
251.978 10.5427 1155.87 -0.278553
252.034 10.5274 1156.46 -0.263763
252.09 10.5131 1157.05 -0.245958
252.146 10.5 1157.64 -0.221962
252.202 10.4882 1158.23 -0.202304
252.258 10.4774 1158.82 -0.187069
252.315 10.4677 1159.41 -0.16138
252.371 10.4592 1160 -0.145137
252.427 10.4516 1160.58 -0.127915
252.483 10.445 1161.17 -0.112604
252.539 10.4392 1161.76 -0.0953087
252.596 10.4345 1162.34 -0.0763437
252.652 10.4308 1162.93 -0.0591218
252.708 10.4281 1163.51 -0.0415716
252.764 10.4265 1164.1 -0.0189267
252.82 10.4262 1164.69 0.00368372
252.876 10.4272 1165.27 0.0289922
252.933 10.4294 1165.86 0.0445293
252.989 10.4323 1166.44 0.0572288
253.045 10.4359 1167.03 0.0700657
253.101 10.4404 1167.62 0.0876607
253.157 10.4459 1168.2 0.102574
253.213 10.4519 1168.79 0.112152
253.27 10.4586 1169.38 0.12326
253.326 10.466 1169.97 0.137357
253.382 10.4742 1170.55 0.151681
253.438 10.4833 1171.14 0.167363
253.494 10.4932 1171.73 0.182615
253.551 10.504 1172.32 0.196813
253.607 10.5155 1172.91 0.210054
253.663 10.5278 1173.5 0.224381
253.719 10.5406 1174.09 0.233241
253.775 10.5541 1174.69 0.242443
253.831 10.568 1175.28 0.24882
253.888 10.5822 1175.88 0.258865
253.944 10.5968 1176.47 0.260567
254 10.612 1177.07 0.273161
254.056 10.6276 1177.66 0.282046
254.112 10.6434 1178.26 0.284824
254.169 10.6597 1178.86 0.290709
254.225 10.6762 1179.46 0.298174
254.281 10.6926 1180.06 0.290378
254.337 10.7088 1180.66 0.288262
254.393 10.7248 1181.26 0.284208
254.449 10.7406 1181.86 0.280671
254.506 10.7565 1182.47 0.287069
254.562 10.7725 1183.07 0.285031
254.618 10.789 1183.68 0.295506
254.674 10.8058 1184.29 0.30317
254.73 10.823 1184.89 0.30783
254.787 10.8404 1185.5 0.312895
254.843 10.8584 1186.11 0.324235
254.899 10.8766 1186.72 0.326754
254.955 10.8953 1187.33 0.33463
255.011 10.9145 1187.95 0.345896
255.067 10.9341 1188.56 0.351844
255.124 10.9539 1189.18 0.351229
255.18 10.9736 1189.79 0.348797
255.236 10.9931 1190.41 0.34653
255.292 11.0125 1191.03 0.346225
255.348 11.0322 1191.65 0.353634
255.404 11.0521 1192.27 0.355204
255.461 11.0721 1192.89 0.356468
255.517 11.0922 1193.51 0.360931
255.573 11.1126 1194.14 0.369951
255.629 11.1334 1194.76 0.372996
255.685 11.1544 1195.39 0.372838
255.742 11.1754 1196.01 0.37222
255.798 11.1962 1196.64 0.369554
255.854 11.2168 1197.27 0.364074
255.91 11.2371 1197.9 0.358364
255.966 11.2572 1198.53 0.357271
256.022 11.2773 1199.17 0.355941
256.079 11.2972 1199.8 0.35312
256.135 11.317 1200.44 0.352883
256.191 11.3368 1201.07 0.352749
256.247 11.3564 1201.71 0.344855
256.303 11.3756 1202.35 0.338802
256.36 11.3943 1202.99 0.330041
256.416 11.4124 1203.63 0.319119
256.472 11.4302 1204.27 0.315286
256.528 11.4478 1204.92 0.311422
256.584 11.4651 1205.56 0.303038
256.64 11.4819 1206.2 0.297135
256.697 11.4985 1206.85 0.293454
256.753 11.5146 1207.5 0.281809
256.809 11.5299 1208.14 0.265313
256.865 11.5443 1208.79 0.253798
256.921 11.5581 1209.44 0.239471
256.978 11.5713 1210.09 0.229962
257.034 11.584 1210.74 0.224513
257.09 11.5963 1211.39 0.217357
257.146 11.6081 1212.04 0.201433
257.202 11.6189 1212.7 0.187686
257.258 11.6289 1213.35 0.173369
257.315 11.6382 1214 0.161237
257.371 11.6469 1214.66 0.149741
257.427 11.6549 1215.31 0.136073
257.483 11.6623 1215.97 0.12771
257.539 11.6693 1216.62 0.120316
257.596 11.6755 1217.28 0.105519
257.652 11.6811 1217.93 0.0941541
257.708 11.6861 1218.59 0.087078
257.764 11.6907 1219.25 0.0765983
257.82 11.6946 1219.9 0.0682757
257.876 11.6982 1220.56 0.0602413
257.933 11.701 1221.22 0.0455272
257.989 11.7032 1221.88 0.0344328
258.045 11.7049 1222.53 0.0255362
258.101 11.706 1223.19 0.0190751
258.157 11.707 1223.85 0.0153696
258.213 11.7077 1224.51 0.0106675
258.27 11.708 1225.16 0.00344899
258.326 11.7079 1225.82 -0.00550629
258.382 11.7074 1226.48 -0.0121007
258.438 11.7064 1227.14 -0.0215593
258.494 11.705 1227.79 -0.0290272
258.551 11.7033 1228.45 -0.0297952
258.607 11.7014 1229.11 -0.0324912
258.663 11.6998 1229.77 -0.0295503
258.719 11.6982 1230.42 -0.0279625
258.775 11.696 1231.08 -0.0429709
258.831 11.6932 1231.74 -0.0553706
258.888 11.6897 1232.4 -0.0659844
258.944 11.6855 1233.05 -0.0810043
259 11.6804 1233.71 -0.097074
259.056 11.6745 1234.36 -0.111496
259.112 11.6678 1235.02 -0.124373
259.169 11.6605 1235.68 -0.136161
259.225 11.6525 1236.33 -0.149762
259.281 11.6432 1236.98 -0.175193
259.337 11.6328 1237.64 -0.192787
259.393 11.6215 1238.29 -0.205395
259.449 11.6094 1238.94 -0.222817
259.506 11.5963 1239.6 -0.240617
259.562 11.582 1240.25 -0.262011
259.618 11.5665 1240.9 -0.285449
259.674 11.5498 1241.55 -0.306235
259.73 11.5319 1242.19 -0.323243
259.787 11.5133 1242.84 -0.335678
259.843 11.4939 1243.49 -0.353113
259.899 11.4736 1244.13 -0.367333
259.955 11.4524 1244.78 -0.38459
260.011 11.4302 1245.42 -0.403066
260.067 11.4071 1246.06 -0.415191
260.124 11.3833 1246.7 -0.429343
260.18 11.3589 1247.34 -0.436654
260.236 11.3342 1247.98 -0.441953
260.292 11.3091 1248.61 -0.448971
260.348 11.2837 1249.25 -0.456341
260.404 11.2578 1249.88 -0.460877
260.461 11.2318 1250.51 -0.464694
260.517 11.2057 1251.14 -0.463054
260.573 11.1798 1251.77 -0.460014
260.629 11.1538 1252.4 -0.464784
260.685 11.1278 1253.02 -0.45826
260.742 11.1025 1253.65 -0.448061
260.798 11.0775 1254.27 -0.442294
260.854 11.0528 1254.89 -0.439514
260.91 11.0284 1255.51 -0.4332
260.966 11.0042 1256.13 -0.425141
261.022 10.9806 1256.75 -0.418358
261.079 10.9573 1257.36 -0.411268
261.135 10.9345 1257.98 -0.403782
261.191 10.912 1258.59 -0.398679
261.247 10.8899 1259.2 -0.389665
261.303 10.868 1259.82 -0.389953
261.36 10.846 1260.43 -0.389718
261.416 10.8243 1261.03 -0.384878
261.472 10.8028 1261.64 -0.378762
261.528 10.782 1262.25 -0.365907
261.584 10.7618 1262.85 -0.35133
261.64 10.7424 1263.46 -0.344656
261.697 10.7234 1264.06 -0.33399
261.753 10.7049 1264.66 -0.32456
261.809 10.687 1265.26 -0.316025
261.865 10.6694 1265.86 -0.311563
261.921 10.6524 1266.46 -0.296904
261.978 10.6362 1267.06 -0.281943
262.034 10.6209 1267.66 -0.267302
262.09 10.6062 1268.25 -0.255406
262.146 10.5922 1268.85 -0.243558
262.202 10.579 1269.44 -0.228354
262.258 10.5667 1270.04 -0.212253
262.315 10.5552 1270.63 -0.198496
262.371 10.5447 1271.22 -0.181453
262.427 10.5353 1271.81 -0.155374
262.483 10.5271 1272.41 -0.138293
262.539 10.5198 1273 -0.125845
262.596 10.5135 1273.59 -0.107336
262.652 10.5077 1274.18 -0.0991869
262.708 10.5024 1274.77 -0.0911318
262.764 10.4975 1275.36 -0.0858529
262.82 10.4929 1275.95 -0.0774801
262.876 10.4892 1276.54 -0.0575548
262.933 10.4868 1277.13 -0.0356777
262.989 10.4852 1277.72 -0.0230774
263.045 10.4845 1278.3 -0.00612123
263.101 10.4846 1278.89 0.00653441
263.157 10.4855 1279.48 0.0238803
263.213 10.4871 1280.07 0.0318332
263.27 10.4895 1280.66 0.0483206
263.326 10.4925 1281.25 0.0613491
263.382 10.4963 1281.84 0.0699772
263.438 10.5008 1282.43 0.082329
263.494 10.5055 1283.02 0.0844979
263.551 10.5106 1283.61 0.0922506
263.607 10.5164 1284.2 0.108355
263.663 10.5227 1284.79 0.11473
263.719 10.5295 1285.38 0.12332
263.775 10.5368 1285.97 0.134266
263.831 10.5445 1286.57 0.138921
263.888 10.5524 1287.16 0.142197
263.944 10.5606 1287.75 0.148575
264 10.569 1288.35 0.1515
264.056 10.5776 1288.94 0.154305
264.112 10.5865 1289.54 0.158512
264.169 10.5953 1290.13 0.157794
264.225 10.6041 1290.73 0.156996
264.281 10.613 1291.32 0.158609
264.337 10.6219 1291.92 0.159267
264.393 10.6308 1292.52 0.158503
264.449 10.6397 1293.11 0.159717
264.506 10.6487 1293.71 0.16234
264.562 10.6576 1294.31 0.157946
264.618 10.6667 1294.91 0.162567
264.674 10.6758 1295.51 0.163739
264.73 10.6852 1296.11 0.167738
264.787 10.6947 1296.71 0.169369
264.843 10.7044 1297.31 0.172124
264.899 10.7143 1297.91 0.178261
264.955 10.7246 1298.51 0.185202
265.011 10.7353 1299.12 0.190766
265.067 10.746 1299.72 0.191954
265.124 10.7569 1300.32 0.196351
265.18 10.7679 1300.93 0.197598
265.236 10.779 1301.53 0.196434
265.292 10.7903 1302.14 0.203381
265.348 10.8017 1302.75 0.203488
265.404 10.8133 1303.35 0.208002
265.461 10.8252 1303.96 0.213882
265.517 10.8371 1304.57 0.211916
265.573 10.849 1305.18 0.211766
265.629 10.8612 1305.79 0.22139
265.685 10.8738 1306.4 0.224531
265.742 10.8865 1307.01 0.224062
265.798 10.8991 1307.62 0.227628
265.854 10.9119 1308.24 0.225603
265.91 10.9245 1308.85 0.222823
265.966 10.9369 1309.46 0.219315
266.022 10.9491 1310.08 0.216147
266.079 10.9614 1310.69 0.220383
266.135 10.9739 1311.31 0.224647
266.191 10.9864 1311.93 0.219376
266.247 10.9985 1312.54 0.214886
266.303 11.0106 1313.16 0.216225
266.36 11.0227 1313.78 0.216275
266.416 11.0348 1314.4 0.215654
266.472 11.047 1315.02 0.218655
266.528 11.0593 1315.64 0.219348
266.584 11.0716 1316.27 0.21614
266.64 11.0836 1316.89 0.212326
266.697 11.0945 1317.51 0.182676
266.753 11.1046 1318.13 0.173572
266.809 11.1139 1318.76 0.164207
266.865 11.1229 1319.38 0.157942
266.921 11.1319 1320.01 0.159739
266.978 11.1409 1320.63 0.161445
267.034 11.1496 1321.26 0.15077
267.09 11.1578 1321.89 0.140062
267.146 11.1653 1322.51 0.128146
267.202 11.1718 1323.14 0.111884
267.258 11.1778 1323.77 0.103064
267.315 11.1835 1324.4 0.100582
267.371 11.189 1325.03 0.0952233
267.427 11.194 1325.65 0.0849797
267.483 11.1984 1326.28 0.072914
267.539 11.2018 1326.91 0.0543714
267.596 11.2047 1327.54 0.0482364
267.652 11.2071 1328.17 0.0418926
267.708 11.2094 1328.8 0.04059
267.764 11.2116 1329.43 0.0340072
267.82 11.2133 1330.06 0.0291892
267.876 11.2147 1330.69 0.0218285
267.933 11.2157 1331.32 0.014681
267.989 11.2164 1331.95 0.0139728
268.045 11.2168 1332.58 0.00344688
268.101 11.217 1333.21 0.00360465
268.157 11.2173 1333.84 0.00883583
268.213 11.2177 1334.47 0.00806927
268.27 11.2184 1335.1 0.0130152
268.326 11.2195 1335.73 0.0250518
268.382 11.221 1336.36 0.0303008
268.438 11.223 1336.99 0.0359473
268.494 11.225 1337.62 0.0345103
268.551 11.227 1338.25 0.0387241
268.607 11.2294 1338.89 0.0442838
268.663 11.2322 1339.52 0.0533894
268.719 11.2353 1340.15 0.0556775
268.775 11.2386 1340.78 0.0580807
268.831 11.2422 1341.41 0.0695072
268.888 11.2463 1342.04 0.0778358
268.944 11.2509 1342.67 0.081923
269 11.2558 1343.31 0.0919074
269.056 11.2611 1343.94 0.0965453
269.112 11.2666 1344.57 0.10002
269.169 11.2724 1345.2 0.105524
269.225 11.2786 1345.84 0.114336
269.281 11.2853 1346.47 0.121504
269.337 11.2922 1347.11 0.122371
269.393 11.2989 1347.74 0.114952
269.449 11.3053 1348.38 0.11445
269.506 11.3117 1349.01 0.113895
269.562 11.3181 1349.65 0.112663
269.618 11.3243 1350.28 0.106884
269.674 11.3298 1350.92 0.0945285
269.73 11.3347 1351.56 0.0818987
269.787 11.3391 1352.19 0.0768632
269.843 11.3435 1352.83 0.0758282
269.899 11.3474 1353.47 0.0632886
269.955 11.3503 1354.11 0.0421971
270.011 11.352 1354.74 0.0248798
270.067 11.3528 1355.38 0.00869648
270.124 11.3528 1356.02 -0.00747131
270.18 11.3519 1356.66 -0.019601
270.236 11.3499 1357.29 -0.0450672
270.292 11.3466 1357.93 -0.0704622
270.348 11.3418 1358.57 -0.0938513
270.404 11.3359 1359.21 -0.112313
270.461 11.329 1359.84 -0.129852
270.517 11.3211 1360.48 -0.147014
270.573 11.3121 1361.11 -0.170582
270.629 11.3017 1361.75 -0.195523
270.685 11.29 1362.38 -0.21643
270.742 11.2771 1363.02 -0.237192
270.798 11.2631 1363.65 -0.259582
270.854 11.2477 1364.28 -0.282231
270.91 11.2311 1364.91 -0.30421
270.966 11.2133 1365.54 -0.325123
271.022 11.1944 1366.17 -0.34449
271.079 11.1745 1366.8 -0.36075
271.135 11.1536 1367.43 -0.379847
271.191 11.1319 1368.06 -0.391997
271.247 11.1091 1368.68 -0.412066
271.303 11.0853 1369.3 -0.432763
271.36 11.0605 1369.93 -0.446397
271.416 11.035 1370.55 -0.457531
271.472 11.0091 1371.16 -0.464295
271.528 10.9829 1371.78 -0.46845
271.584 10.9563 1372.4 -0.47494
271.64 10.9295 1373.01 -0.480452
271.697 10.9024 1373.63 -0.48299
271.753 10.875 1374.24 -0.489776
271.809 10.8476 1374.85 -0.488886
271.865 10.8202 1375.46 -0.485157
271.921 10.793 1376.06 -0.481603
271.978 10.7662 1376.67 -0.475297
272.034 10.7397 1377.27 -0.466834
272.09 10.7136 1377.88 -0.463537
272.146 10.6877 1378.48 -0.459554
272.202 10.6621 1379.08 -0.451169
272.258 10.6371 1379.67 -0.437387
272.315 10.6132 1380.27 -0.420101
272.371 10.5902 1380.87 -0.401304
272.427 10.5683 1381.46 -0.384464
272.483 10.5478 1382.05 -0.354062
272.539 10.5286 1382.65 -0.333412
272.596 10.5106 1383.24 -0.312044
272.652 10.4936 1383.83 -0.296469
272.708 10.4778 1384.42 -0.271894
272.764 10.4633 1385 -0.248388
272.82 10.4498 1385.59 -0.233355
272.876 10.4376 1386.18 -0.206431
272.933 10.4267 1386.76 -0.184582
272.989 10.4169 1387.35 -0.166078
273.045 10.4086 1387.93 -0.135192
273.101 10.4019 1388.52 -0.10694
273.157 10.3966 1389.1 -0.0887861
273.213 10.3923 1389.69 -0.0674076
273.27 10.3892 1390.27 -0.045562
273.326 10.3875 1390.85 -0.020963
273.382 10.3872 1391.44 0.00730812
273.438 10.3881 1392.02 0.0204163
273.494 10.3899 1392.6 0.0375487
273.551 10.3928 1393.19 0.0607333
273.607 10.3967 1393.77 0.0788621
273.663 10.4017 1394.36 0.0971125
273.719 10.4079 1394.94 0.117891
273.775 10.4151 1395.53 0.13266
273.831 10.4231 1396.11 0.147557
273.888 10.432 1396.7 0.164393
273.944 10.4414 1397.28 0.170455
274 10.4513 1397.87 0.17971
274.056 10.4619 1398.46 0.194911
274.112 10.4732 1399.05 0.206879
274.169 10.4848 1399.64 0.202307
274.225 10.4961 1400.22 0.202556
274.281 10.5076 1400.81 0.204302
274.337 10.5192 1401.41 0.208355
274.393 10.5314 1402 0.219822
274.449 10.5436 1402.59 0.21339
274.506 10.5552 1403.18 0.202384
274.562 10.5665 1403.77 0.198811
274.618 10.5774 1404.37 0.193616
274.674 10.5883 1404.96 0.19046
274.73 10.5988 1405.56 0.185298
274.787 10.6089 1406.15 0.175916
274.843 10.6183 1406.75 0.15947
274.899 10.6269 1407.35 0.146472
274.955 10.6346 1407.94 0.13195
275.011 10.6414 1408.54 0.111052
275.067 10.6471 1409.14 0.0990474
275.124 10.6525 1409.74 0.0923239
275.18 10.6573 1410.34 0.0785664
275.236 10.6614 1410.94 0.0701823
275.292 10.665 1411.54 0.059651
275.348 10.6677 1412.13 0.0391197
275.404 10.6695 1412.73 0.0252291
275.461 10.6703 1413.33 0.00929654
275.517 10.6704 1413.93 -0.0036073
275.573 10.67 1414.53 -0.00963288
275.629 10.6691 1415.13 -0.0199933
275.685 10.6676 1415.73 -0.0307748
275.742 10.6655 1416.33 -0.0421758
275.798 10.6627 1416.93 -0.0550773
275.854 10.6592 1417.53 -0.069034
275.91 10.655 1418.13 -0.077606
275.966 10.6503 1418.73 -0.0866066
276.022 10.6451 1419.32 -0.098151
276.079 10.6393 1419.92 -0.107647
276.135 10.633 1420.52 -0.114636
276.191 10.6263 1421.12 -0.121008
276.247 10.6192 1421.71 -0.130339
276.303 10.6118 1422.31 -0.134307
276.36 10.6041 1422.91 -0.138257
276.416 10.5961 1423.5 -0.144869
276.472 10.5878 1424.1 -0.150575
276.528 10.5791 1424.69 -0.155979
276.584 10.5698 1425.28 -0.169605
276.64 10.5597 1425.88 -0.184665
276.697 10.5489 1426.47 -0.197662
276.753 10.5375 1427.06 -0.208592
276.809 10.5254 1427.65 -0.218668
276.865 10.5127 1428.25 -0.23104
276.921 10.4994 1428.84 -0.242043
276.978 10.4852 1429.42 -0.257454
277.034 10.4705 1430.01 -0.265164
277.09 10.4556 1430.6 -0.267275
277.146 10.4403 1431.19 -0.27695
277.202 10.4245 1431.77 -0.284903
277.258 10.4084 1432.36 -0.289697
277.315 10.3918 1432.94 -0.302018
277.371 10.375 1433.53 -0.297673
277.427 10.3579 1434.11 -0.304884
277.483 10.3405 1434.69 -0.310598
277.539 10.3232 1435.27 -0.306554
277.596 10.3057 1435.85 -0.31331
277.652 10.2878 1436.43 -0.323953
277.708 10.2694 1437.01 -0.330186
277.764 10.2503 1437.58 -0.344657
277.82 10.2312 1438.16 -0.342555
277.876 10.2121 1438.73 -0.339719
277.933 10.193 1439.3 -0.339383
277.989 10.1738 1439.88 -0.347389
278.045 10.1542 1440.45 -0.347536
278.101 10.1343 1441.02 -0.353403
278.157 10.1149 1441.59 -0.342675
278.213 10.0958 1442.15 -0.339143
278.27 10.0768 1442.72 -0.335089
278.326 10.0581 1443.29 -0.333794
278.382 10.0396 1443.85 -0.324522
278.438 10.0218 1444.41 -0.309411
278.494 10.0049 1444.98 -0.296741
278.551 9.98864 1445.54 -0.284316
278.607 9.97268 1446.1 -0.277881
278.663 9.95756 1446.66 -0.262449
278.719 9.94383 1447.22 -0.232647
278.775 9.93145 1447.77 -0.212399
278.831 9.92 1448.33 -0.199041
278.888 9.90938 1448.89 -0.181315
278.944 9.89994 1449.45 -0.157688
279 9.89195 1450 -0.132302
279.056 9.88555 1450.56 -0.103845
279.112 9.88049 1451.11 -0.0788349
279.169 9.87674 1451.67 -0.0595525
279.225 9.87411 1452.22 -0.0375607
279.281 9.87283 1452.78 -0.0125866
279.337 9.87319 1453.33 0.0185524
279.393 9.87499 1453.89 0.0398691
279.449 9.87815 1454.44 0.0675422
279.506 9.88266 1455 0.0892439
279.562 9.88846 1455.55 0.112329
279.618 9.89566 1456.11 0.140897
279.674 9.90433 1456.66 0.162486
279.73 9.91401 1457.22 0.178783
279.787 9.92477 1457.78 0.201397
279.843 9.93692 1458.34 0.228415
279.899 9.95054 1458.89 0.253318
279.955 9.96558 1459.45 0.277155
