# t frame_uz frame_z ub_dans_repere
160.006 0.0149464 5.44915e-05 3.09997
160.03 0.0933384 0.00156354 3.27149
160.067 0.217215 0.00767533 3.46673
160.111 0.375224 0.0213893 3.66237
160.159 0.559484 0.0450081 3.85973
160.211 0.764624 0.080142 4.06001
160.264 0.986976 0.127996 4.246
160.319 1.22317 0.189399 4.40009
160.374 1.46927 0.264678 4.53009
160.429 1.72334 0.354422 4.63123
160.485 1.9845 0.459639 4.69416
160.541 2.2489 0.579591 4.74184
160.597 2.5151 0.714413 4.75961
160.653 2.78179 0.864153 4.76716
160.709 3.04852 1.02883 4.7555
160.765 3.31371 1.20838 4.725
160.821 3.57692 1.40272 4.68775
160.877 3.838 1.61172 4.64947
160.933 4.09685 1.83526 4.60509
160.989 4.35331 2.0732 4.56505
161.045 4.60798 2.32619 4.51483
161.101 4.85974 2.59356 4.46426
161.157 5.10791 2.87496 4.3896
161.213 5.35254 3.17018 4.33012
161.27 5.59387 3.47904 4.27297
161.326 5.83202 3.80134 4.21463
161.382 6.0662 4.1369 4.13544
161.438 6.2962 4.48547 4.06331
161.494 6.52189 4.84682 3.98354
161.551 6.74264 5.22068 3.89053
161.607 6.95752 5.60675 3.78462
161.663 7.16586 6.00468 3.65609
161.719 7.36698 6.41406 3.53331
161.775 7.5612 6.83452 3.4053
161.831 7.74725 7.26561 3.24624
161.888 7.92435 7.70686 3.08525
161.944 8.09212 8.15775 2.91745
162 8.25013 8.61773 2.74293
162.056 8.39838 9.08627 2.56624
162.112 8.53563 9.56277 2.36275
162.169 8.66203 10.0466 2.17624
162.225 8.77755 10.5372 1.97332
162.281 8.88143 11.0339 1.76699
162.337 8.97398 11.536 1.56486
162.393 9.05522 12.0429 1.36191
162.449 9.12449 12.554 1.15172
162.506 9.182 13.0686 0.936449
162.562 9.2279 13.5861 0.73344
162.618 9.26209 14.1057 0.531811
162.674 9.285 14.6269 0.327435
162.73 9.29681 15.149 0.135453
162.785 9.29812 15.6577 -0.0444581
162.839 9.29026 16.1571 -0.21604
162.893 9.27358 16.6559 -0.387541
162.946 9.24912 17.1535 -0.51327
163 9.21691 17.6495 -0.648367
163.056 9.17609 18.1659 -0.772018
163.112 9.12902 18.6799 -0.878236
163.169 9.07695 19.191 -0.957907
163.225 9.02082 19.6991 -1.02112
163.281 8.96183 20.2039 -1.05962
163.337 8.90151 20.7053 -1.08118
163.393 8.84031 21.2034 -1.08754
163.449 8.77968 21.698 -1.0725
163.506 8.72038 22.1892 -1.04642
163.562 8.66308 22.6772 -0.999715
163.618 8.60853 23.162 -0.951053
163.674 8.55747 23.6439 -0.881903
163.73 8.51024 24.123 -0.806295
163.787 8.46746 24.5997 -0.733784
163.843 8.42877 25.074 -0.656437
163.899 8.39456 25.5464 -0.576507
163.955 8.36517 26.017 -0.487658
164.011 8.34097 26.4861 -0.397357
164.067 8.32166 26.954 -0.309076
164.124 8.30709 27.421 -0.227532
164.18 8.29715 27.8874 -0.144529
164.236 8.29207 28.3533 -0.0561987
164.292 8.29186 28.8191 0.0319663
164.348 8.29663 29.2851 0.120399
164.404 8.30648 29.7515 0.212141
164.461 8.32132 30.2186 0.300656
164.517 8.3415 30.6868 0.397508
164.573 8.36698 31.1562 0.485423
164.629 8.39823 31.6273 0.596942
164.685 8.43496 32.1003 0.694561
164.742 8.47735 32.5756 0.793536
164.798 8.5248 33.0535 0.883596
164.854 8.57756 33.5341 0.975251
164.91 8.63538 34.0179 1.06424
164.966 8.69766 34.5052 1.14254
165.022 8.76369 34.996 1.19825
165.079 8.83246 35.4906 1.24187
165.135 8.90341 35.9892 1.27275
165.191 8.97576 36.4919 1.29291
165.247 9.04878 36.9986 1.30247
165.303 9.12187 37.5094 1.29714
165.36 9.19443 38.0243 1.28322
165.416 9.26554 38.5433 1.25691
165.472 9.33524 39.0662 1.22888
165.528 9.40334 39.5929 1.20076
165.584 9.46989 40.1234 1.17422
165.64 9.53511 40.6577 1.15481
165.697 9.59943 41.1955 1.13712
165.753 9.66276 41.7369 1.12219
165.809 9.7259 42.2819 1.12336
165.865 9.78891 42.8304 1.11837
165.921 9.85174 43.3825 1.11954
165.978 9.91492 43.9381 1.12978
166.034 9.9789 44.4973 1.14401
166.09 10.0438 45.0601 1.16598
166.146 10.1099 45.6265 1.18722
166.202 10.1774 46.1968 1.20753
166.258 10.2459 46.7709 1.2258
166.315 10.3152 47.3488 1.23965
166.371 10.3854 47.9307 1.25343
166.427 10.456 48.5165 1.26027
166.483 10.5267 49.1063 1.2568
166.539 10.5969 49.7001 1.23981
166.596 10.6653 50.2977 1.20637
166.652 10.7314 50.8991 1.15456
166.708 10.794 51.5041 1.08365
166.764 10.8517 52.1125 0.987373
166.82 10.9033 52.7239 0.868624
166.876 10.9483 53.338 0.752881
166.933 10.9856 53.9544 0.606896
166.989 11.0147 54.5726 0.456945
167.045 11.0351 55.1921 0.29835
167.101 11.0463 55.8125 0.135832
167.157 11.0483 56.4332 -0.0315241
167.213 11.0407 57.0537 -0.209636
167.27 11.023 57.6734 -0.387281
167.326 10.9949 58.2917 -0.575899
167.382 10.9561 58.9082 -0.761986
167.438 10.9073 59.5221 -0.937164
167.494 10.849 60.1329 -1.10662
167.551 10.7816 60.7402 -1.25452
167.607 10.7069 61.3434 -1.37974
167.663 10.6256 61.9422 -1.48783
167.719 10.5396 62.5363 -1.55286
167.775 10.4512 63.1254 -1.57985
167.831 10.3628 63.7096 -1.56717
167.888 10.2769 64.2888 -1.4979
167.944 10.1964 64.8634 -1.37844
168 10.1244 65.4338 -1.20738
168.056 10.0642 66.0005 -0.977012
168.112 10.0181 66.5643 -0.712297
168.169 9.98744 67.126 -0.433987
168.225 9.97315 67.6865 -0.134016
168.281 9.97611 68.2468 0.177349
168.337 9.99652 68.8079 0.486117
168.393 10.0334 69.3707 0.759078
168.449 10.0837 69.936 0.983162
168.506 10.1459 70.5045 1.18546
168.562 10.2176 71.0769 1.32992
168.618 10.2955 71.6535 1.41074
168.674 10.3756 72.2346 1.42708
168.73 10.4546 72.8202 1.38584
168.787 10.53 73.4101 1.30833
168.843 10.5989 74.004 1.16692
168.899 10.6586 74.6015 0.990609
168.955 10.7072 75.202 0.774781
169.011 10.7422 75.8048 0.521997
169.067 10.7626 76.4091 0.24297
169.124 10.7673 77.0139 -0.0320921
169.18 10.7557 77.6185 -0.320652
169.236 10.7279 78.2219 -0.612586
169.292 10.6838 78.8232 -0.899369
169.348 10.6241 79.4215 -1.16859
169.404 10.5501 80.0159 -1.41309
169.461 10.4635 80.6057 -1.62188
169.517 10.3659 81.1903 -1.80601
169.573 10.2594 81.7691 -1.95211
169.629 10.1466 82.3417 -2.04626
169.685 10.0295 82.9078 -2.09908
169.742 9.91116 83.4673 -2.10697
169.798 9.79305 84.0201 -2.09424
169.854 9.67695 84.5663 -2.04434
169.91 9.56451 85.1062 -1.97
169.966 9.45625 85.6398 -1.89882
170.022 9.35162 86.1675 -1.83975
170.079 9.25008 86.6895 -1.79097
170.135 9.15038 87.2058 -1.7658
170.191 9.05129 87.7165 -1.76307
170.247 8.95182 88.2217 -1.77998
170.303 8.85069 88.7212 -1.82561
170.36 8.74587 89.2149 -1.893
170.416 8.63668 89.7026 -1.97909
170.472 8.52222 90.184 -2.07761
170.528 8.40184 90.6587 -2.18453
170.584 8.27582 91.1265 -2.28381
170.64 8.14426 91.587 -2.3805
170.697 8.00692 92.0399 -2.47868
170.753 7.86428 92.485 -2.58061
170.809 7.71649 92.9218 -2.65843
170.865 7.56472 93.3503 -2.73163
170.921 7.40908 93.77 -2.79692
170.978 7.25066 94.1809 -2.83818
171.034 7.08968 94.5828 -2.883
171.09 6.92626 94.9756 -2.92245
171.146 6.76089 95.3592 -2.96009
171.202 6.59369 95.7334 -2.98327
171.258 6.42557 96.0982 -3.00387
171.315 6.25559 96.4534 -3.03326
171.371 6.08491 96.7991 -3.04358
171.427 5.91381 97.1352 -3.04905
171.483 5.74207 97.4616 -3.06117
171.539 5.56976 97.7784 -3.0711
171.596 5.39669 98.0855 -3.08527
171.652 5.22299 98.3828 -3.09337
171.708 5.0488 98.6704 -3.10592
171.764 4.8738 98.9481 -3.12088
171.82 4.69833 99.216 -3.13249
171.876 4.52137 99.474 -3.15634
171.933 4.34332 99.722 -3.17843
171.989 4.1646 99.96 -3.18336
172.045 3.98538 100.188 -3.19024
172.101 3.80671 100.406 -3.16942
172.157 3.62948 100.614 -3.14603
172.213 3.45382 100.812 -3.111
172.27 3.28057 101 -3.06605
172.326 3.11051 101.178 -2.99791
172.382 2.94423 101.348 -2.93079
172.438 2.78268 101.507 -2.83764
172.494 2.62672 101.659 -2.73089
172.551 2.4769 101.801 -2.62155
172.607 2.33379 101.935 -2.49574
172.663 2.19816 102.062 -2.35804
172.719 2.07039 102.181 -2.21755
172.775 1.95084 102.293 -2.06876
172.831 1.83962 102.399 -1.91749
172.888 1.73731 102.499 -1.7563
172.944 1.64412 102.593 -1.59632
173 1.56006 102.683 -1.42939
173.056 1.48498 102.768 -1.27293
173.112 1.41866 102.849 -1.11949
173.169 1.36123 102.927 -0.958371
173.225 1.31233 103.002 -0.811011
173.281 1.27195 103.074 -0.65932
173.337 1.23979 103.144 -0.513463
173.393 1.21597 103.213 -0.368093
173.449 1.20001 103.281 -0.227561
173.506 1.1921 103.348 -0.0879684
173.562 1.19201 103.415 0.0544801
173.618 1.19982 103.482 0.195361
173.674 1.21488 103.55 0.317342
173.73 1.23691 103.619 0.438504
173.787 1.26616 103.689 0.571228
173.843 1.30248 103.762 0.702838
173.899 1.3468 103.836 0.848396
173.955 1.3992 103.914 0.988314
174.011 1.45996 103.994 1.14594
174.067 1.52947 104.079 1.30014
174.124 1.60791 104.167 1.45885
174.18 1.69521 104.26 1.61729
174.236 1.79108 104.359 1.76119
174.292 1.89415 104.463 1.88249
174.348 2.00315 104.573 1.97718
174.404 2.11622 104.689 2.0352
174.461 2.23155 104.812 2.06005
174.517 2.34687 104.941 2.04022
174.573 2.45928 105.077 1.9705
174.629 2.56718 105.219 1.88511
174.685 2.66916 105.366 1.76586
174.742 2.76373 105.52 1.62708
174.798 2.84968 105.678 1.46389
174.854 2.92647 105.841 1.30621
174.91 2.99492 106.007 1.15767
174.966 3.0546 106.178 0.998899
175.022 3.10547 106.351 0.845291
175.079 3.14783 106.527 0.690168
175.135 3.18195 106.705 0.554852
175.191 3.20919 106.885 0.440347
175.247 3.2304 107.066 0.334591
175.303 3.2457 107.248 0.235496
175.36 3.25624 107.43 0.159537
175.416 3.26316 107.614 0.103935
175.472 3.26787 107.797 0.0730062
175.528 3.27175 107.981 0.0697165
175.584 3.27614 108.165 0.08586
175.64 3.28195 108.349 0.118198
175.697 3.28993 108.534 0.162642
175.753 3.30048 108.719 0.204958
175.809 3.3138 108.905 0.261222
175.865 3.33062 109.091 0.32468
175.921 3.35099 109.279 0.387052
175.978 3.37469 109.468 0.442419
176.034 3.40151 109.659 0.500328
176.09 3.43126 109.851 0.548146
176.146 3.46349 110.045 0.591725
176.202 3.49831 110.24 0.638036
176.258 3.53558 110.438 0.680251
176.315 3.57532 110.638 0.728508
176.371 3.61799 110.84 0.779252
176.427 3.66356 111.045 0.834238
176.483 3.71265 111.253 0.897348
176.539 3.76526 111.463 0.967252
176.596 3.82208 111.676 1.0428
176.652 3.88418 111.893 1.14332
176.708 3.95114 112.114 1.22932
176.764 4.02343 112.338 1.33133
176.82 4.10083 112.567 1.41588
176.876 4.18278 112.8 1.48894
176.933 4.26924 113.038 1.57332
176.989 4.36051 113.28 1.65845
177.045 4.45651 113.529 1.741
177.101 4.55684 113.782 1.81603
177.157 4.661 114.042 1.87517
177.213 4.7682 114.307 1.92721
177.27 4.87781 114.579 1.96375
177.326 4.98887 114.857 1.98429
177.382 5.10088 115.141 1.99846
177.438 5.21296 115.431 1.99259
177.494 5.32454 115.728 1.9786
177.551 5.43493 116.031 1.95406
177.607 5.54338 116.34 1.91461
177.663 5.64933 116.655 1.86604
177.719 5.75253 116.975 1.81291
177.775 5.85248 117.302 1.75074
177.831 5.94872 117.634 1.68254
177.888 6.04097 117.971 1.61339
177.944 6.12928 118.314 1.54592
178 6.21343 118.661 1.46553
178.056 6.29319 119.013 1.39104
178.112 6.3695 119.369 1.33802
178.169 6.44303 119.729 1.28947
178.225 6.51405 120.094 1.25044
178.281 6.58332 120.462 1.22603
178.337 6.65145 120.834 1.20416
178.393 6.71839 121.21 1.1838
178.449 6.78401 121.59 1.15704
178.506 6.84786 121.973 1.1212
178.562 6.90968 122.36 1.08576
178.618 6.96937 122.75 1.04445
178.674 7.02634 123.143 0.98931
178.73 7.07963 123.54 0.919476
178.787 7.12846 123.939 0.836177
178.843 7.17263 124.341 0.752806
178.899 7.21195 124.746 0.662624
178.955 7.24551 125.152 0.55173
179.011 7.27265 125.56 0.439251
179.067 7.29342 125.969 0.323557
179.124 7.30736 126.379 0.201821
179.18 7.31466 126.79 0.0844654
179.236 7.31564 127.201 -0.0291732
179.292 7.31019 127.612 -0.139672
179.348 7.29918 128.022 -0.2334
179.404 7.28287 128.432 -0.326206
179.461 7.26166 128.84 -0.411317
179.517 7.23635 129.248 -0.473212
179.573 7.20764 129.653 -0.531796
179.629 7.17629 130.057 -0.574676
179.685 7.1431 130.459 -0.599486
179.742 7.10889 130.859 -0.616002
179.798 7.07382 131.257 -0.626099
179.854 7.03871 131.654 -0.621501
179.91 7.00411 132.048 -0.611284
179.966 6.97032 132.44 -0.594534
180.022 6.93765 132.831 -0.572015
180.079 6.90692 133.219 -0.530923
180.135 6.87812 133.607 -0.499905
180.191 6.85148 133.992 -0.456484
180.247 6.82736 134.376 -0.411883
180.303 6.8058 134.759 -0.364774
180.36 6.78729 135.141 -0.306792
180.416 6.77211 135.521 -0.245272
180.472 6.7604 135.901 -0.182054
180.528 6.75254 136.281 -0.111092
180.584 6.74903 136.66 -0.0300948
180.64 6.75005 137.039 0.0551693
180.697 6.75617 137.419 0.145195
180.753 6.76786 137.799 0.251955
180.809 6.78556 138.179 0.354154
180.865 6.80927 138.561 0.472594
180.921 6.84035 138.945 0.608457
180.978 6.87938 139.331 0.751074
181.034 6.92617 139.719 0.890524
181.09 6.98139 140.11 1.04975
181.146 7.04563 140.504 1.20509
181.202 7.11904 140.902 1.37342
181.258 7.20184 141.305 1.53771
181.315 7.29345 141.712 1.6956
181.371 7.39403 142.126 1.85027
181.427 7.50277 142.545 1.99633
181.483 7.61951 142.97 2.13319
181.539 7.74403 143.402 2.27055
181.596 7.87548 143.842 2.38831
181.652 8.01452 144.289 2.52472
181.708 8.16003 144.744 2.63466
181.764 8.31174 145.207 2.73884
181.82 8.46824 145.68 2.81565
181.876 8.62887 146.161 2.88404
181.933 8.79307 146.651 2.94856
181.989 8.9604 147.151 2.99451
182.045 9.12961 147.66 3.01959
182.101 9.29987 148.178 3.03393
182.157 9.47062 148.707 3.0403
182.213 9.64109 149.244 3.0294
182.27 9.81047 149.792 3.00335
182.326 9.9775 150.349 2.95199
182.382 10.1415 150.915 2.89792
182.438 10.3024 151.49 2.84036
182.494 10.4594 152.074 2.7622
182.551 10.6119 152.667 2.67934
182.607 10.7594 153.268 2.58346
182.663 10.9008 153.877 2.47449
182.719 11.0361 154.494 2.36037
182.775 11.1652 155.119 2.25587
182.831 11.2882 155.75 2.14067
182.888 11.4056 156.388 2.05192
182.944 11.518 157.033 1.96779
183 11.6262 157.683 1.90078
183.056 11.7311 158.34 1.84401
183.112 11.8334 159.003 1.80837
183.169 11.9344 159.671 1.78336
183.225 12.0351 160.345 1.79388
183.281 12.1366 161.024 1.8156
183.337 12.2392 161.71 1.83527
183.393 12.3429 162.401 1.85352
183.449 12.4474 163.098 1.86826
183.506 12.552 163.8 1.85491
183.562 12.6555 164.509 1.82396
183.618 12.756 165.223 1.76546
183.674 12.8524 165.943 1.68232
183.73 12.9431 166.668 1.56558
183.787 13.0269 167.398 1.44037
183.843 13.1033 168.133 1.31014
183.899 13.173 168.871 1.19425
183.955 13.2362 169.614 1.0825
184.011 13.2941 170.359 0.993187
184.067 13.347 171.108 0.913227
184.124 13.3961 171.859 0.852542
184.18 13.4421 172.614 0.798211
184.236 13.4854 173.37 0.748427
184.292 13.5257 174.129 0.688661
184.348 13.5619 174.89 0.613676
184.404 13.5938 175.653 0.541126
184.461 13.622 176.418 0.478513
184.517 13.6468 177.184 0.419192
184.573 13.6691 177.951 0.380005
184.629 13.6899 178.72 0.362536
184.685 13.7099 179.49 0.361318
184.742 13.7297 180.261 0.355001
184.798 13.7503 181.033 0.365897
184.854 13.7715 181.806 0.386617
184.91 13.7938 182.58 0.404663
184.966 13.8177 183.356 0.437331
185.022 13.8434 184.133 0.47074
185.079 13.8709 184.912 0.499258
185.135 13.8995 185.692 0.520171
185.191 13.9298 186.474 0.551221
185.247 13.962 187.258 0.584441
185.303 13.9949 188.043 0.587579
185.36 14.0282 188.831 0.595154
185.416 14.0614 189.62 0.58496
185.472 14.0931 190.411 0.549737
185.528 14.122 191.204 0.484997
185.584 14.146 191.998 0.382411
185.64 14.1631 192.793 0.245903
185.697 14.171 193.589 0.0620402
185.753 14.1673 194.385 -0.155258
185.809 14.1505 195.181 -0.402227
185.865 14.1182 195.974 -0.692331
185.921 14.0688 196.766 -1.0109
185.978 14.0003 197.554 -1.35902
186.034 13.9116 198.338 -1.72844
186.09 13.8016 199.116 -2.10804
186.146 13.6707 199.887 -2.47838
186.202 13.5192 200.65 -2.83931
186.258 13.3482 201.404 -3.18027
186.315 13.1587 202.147 -3.49788
186.371 12.9521 202.88 -3.79284
186.427 12.7294 203.6 -4.07178
186.483 12.4922 204.307 -4.31938
186.539 12.2417 205 -4.5466
186.596 11.9785 205.679 -4.77046
186.652 11.7034 206.343 -4.98043
186.708 11.4168 206.991 -5.17787
186.764 11.1198 207.622 -5.35659
186.82 10.8132 208.237 -5.52322
186.876 10.4975 208.834 -5.68239
186.933 10.1731 209.413 -5.83357
186.989 9.84054 209.973 -5.9744
187.045 9.50085 210.514 -6.09211
187.101 9.15573 211.036 -6.17943
187.157 8.80602 211.539 -6.24896
187.213 8.4535 212.022 -6.28434
187.27 8.10035 212.485 -6.28089
187.326 7.7481 212.928 -6.25946
187.382 7.39828 213.352 -6.20784
187.438 7.05359 213.756 -6.08526
187.494 6.7164 214.14 -5.9413
187.551 6.38822 214.507 -5.77201
187.607 6.07013 214.855 -5.58044
187.663 5.76416 215.185 -5.35139
187.719 5.4717 215.499 -5.10841
187.775 5.19326 215.797 -4.84726
187.831 4.93049 216.08 -4.56136
187.885 4.6941 216.338 -4.27742
187.937 4.47951 216.576 -4.00318
187.99 4.27983 216.803 -3.71292
188.044 4.08663 217.031 -3.39215
188.1 3.90892 217.252 -3.06658
188.156 3.74824 217.466 -2.73893
188.212 3.60481 217.672 -2.42531
188.269 3.47905 217.87 -2.10957
188.325 3.37079 218.062 -1.80492
188.381 3.27895 218.249 -1.51983
188.437 3.20254 218.431 -1.2514
188.494 3.14055 218.609 -1.00597
188.55 3.0915 218.784 -0.785501
188.606 3.05403 218.956 -0.590173
188.662 3.02709 219.127 -0.410807
188.719 3.00951 219.297 -0.241808
188.775 3.00007 219.466 -0.113956
188.831 2.99766 219.635 0.0035482
188.887 3.00147 219.803 0.106388
188.944 3.01044 219.973 0.191078
189 3.02395 220.142 0.270432
189.056 3.04122 220.313 0.330846
189.112 3.06183 220.484 0.390617
189.169 3.08547 220.657 0.444628
189.225 3.11169 220.831 0.483947
189.281 3.14029 221.007 0.527377
189.337 3.17145 221.185 0.572554
189.393 3.20503 221.364 0.614203
189.449 3.24086 221.545 0.653732
189.506 3.27897 221.729 0.694834
189.562 3.31941 221.914 0.734514
189.618 3.36147 222.102 0.757078
189.674 3.40467 222.292 0.778461
189.73 3.44888 222.485 0.792037
189.787 3.49334 222.68 0.787839
189.843 3.53712 222.878 0.772373
189.899 3.57957 223.078 0.741048
189.955 3.61987 223.281 0.699729
190.011 3.65736 223.485 0.643862
190.067 3.69098 223.692 0.566012
190.124 3.71986 223.9 0.478657
190.18 3.74365 224.11 0.387671
190.236 3.76232 224.321 0.294291
190.292 3.77549 224.533 0.193478
190.348 3.78309 224.745 0.0958708
190.404 3.78515 224.958 -0.00253064
190.461 3.78187 225.17 -0.0946572
190.517 3.77366 225.383 -0.180564
190.573 3.76066 225.594 -0.264608
190.629 3.74282 225.805 -0.351777
190.685 3.72032 226.015 -0.433491
190.742 3.69352 226.223 -0.505472
190.798 3.66293 226.429 -0.56902
190.854 3.62904 226.634 -0.624994
190.91 3.59229 226.836 -0.674038
190.966 3.5536 227.037 -0.697447
191.022 3.51395 227.235 -0.71219
191.079 3.47381 227.431 -0.71534
191.135 3.43384 227.625 -0.702862
191.191 3.39542 227.817 -0.667476
191.247 3.35929 228.006 -0.624988
191.303 3.32603 228.194 -0.567711
191.36 3.29648 228.38 -0.496076
191.416 3.27112 228.564 -0.418984
191.472 3.25051 228.747 -0.333266
191.528 3.23471 228.929 -0.245277
191.584 3.22414 229.11 -0.149177
191.64 3.21905 229.291 -0.0541679
191.697 3.21919 229.472 0.0413684
191.753 3.22458 229.653 0.132023
191.809 3.23511 229.835 0.220036
191.865 3.25024 230.017 0.301513
191.921 3.26984 230.2 0.379266
191.978 3.29327 230.385 0.438683
192.034 3.31961 230.571 0.489265
192.09 3.34861 230.758 0.533977
192.146 3.37988 230.947 0.569848
192.202 3.41312 231.138 0.604738
192.258 3.44814 231.331 0.631877
192.315 3.48409 231.526 0.644135
192.371 3.5212 231.723 0.672737
192.427 3.55943 231.922 0.689983
192.483 3.59891 232.123 0.706604
192.539 3.63927 232.327 0.731122
192.596 3.68086 232.533 0.746942
192.652 3.72343 232.741 0.761426
192.708 3.7667 232.952 0.778388
192.764 3.81088 233.165 0.793421
192.82 3.85619 233.38 0.81404
192.876 3.90248 233.599 0.828567
192.933 3.94951 233.819 0.846297
192.989 3.99779 234.043 0.86844
193.045 4.04659 234.269 0.86684
193.101 4.09537 234.498 0.869202
193.157 4.14408 234.73 0.866793
193.213 4.19268 234.964 0.863688
193.27 4.24075 235.201 0.850866
193.326 4.28802 235.441 0.830431
193.382 4.33396 235.684 0.809953
193.438 4.37889 235.929 0.793687
193.494 4.42269 236.176 0.771649
193.551 4.46512 236.426 0.746077
193.607 4.50632 236.678 0.726363
193.663 4.54644 236.933 0.710217
193.719 4.5857 237.19 0.691747
193.775 4.62381 237.449 0.670978
193.831 4.66083 237.71 0.650807
193.888 4.69682 237.973 0.635983
193.944 4.73194 238.238 0.618787
194 4.76651 238.505 0.611576
194.056 4.80061 238.774 0.605855
194.112 4.83458 239.044 0.60647
194.169 4.86868 239.317 0.604324
194.225 4.90314 239.592 0.617068
194.281 4.93793 239.869 0.624265
194.337 4.97358 240.147 0.642577
194.393 5.01043 240.428 0.663454
194.449 5.04869 240.711 0.694203
194.506 5.08874 240.996 0.723453
194.562 5.13069 241.283 0.761807
194.618 5.17503 241.573 0.80854
194.674 5.22222 241.865 0.86193
194.73 5.27256 242.16 0.919644
194.787 5.32625 242.458 0.979917
194.843 5.38332 242.759 1.04055
194.899 5.44366 243.064 1.09775
194.955 5.5075 243.371 1.16208
195.011 5.5751 243.683 1.22753
195.067 5.6468 243.999 1.3074
195.124 5.72288 244.319 1.38542
195.18 5.80336 244.643 1.46621
195.236 5.88868 244.972 1.55681
195.292 5.97952 245.305 1.65514
195.348 6.07564 245.645 1.7464
195.404 6.17718 245.989 1.84684
195.461 6.28415 246.34 1.93947
195.517 6.39644 246.697 2.03667
195.573 6.51388 247.06 2.12721
195.629 6.63627 247.43 2.21366
195.685 6.76341 247.807 2.29539
195.742 6.89568 248.192 2.39093
195.798 7.0329 248.584 2.47826
195.854 7.17482 248.983 2.56374
195.91 7.32187 249.391 2.65686
195.966 7.4742 249.808 2.74932
196.022 7.63162 250.233 2.83491
196.079 7.79361 250.667 2.91345
196.135 7.9601 251.111 3.00053
196.191 8.13087 251.564 3.07107
196.247 8.30546 252.026 3.13473
196.303 8.48389 252.499 3.20446
196.36 8.66649 252.982 3.28444
196.416 8.8537 253.475 3.35865
196.472 9.04434 253.979 3.42017
196.528 9.23913 254.493 3.49319
196.584 9.43737 255.019 3.55056
196.64 9.63894 255.556 3.61223
196.697 9.84398 256.104 3.67315
196.753 10.0522 256.664 3.72535
196.809 10.2632 257.236 3.77807
196.865 10.4769 257.82 3.82096
196.921 10.6926 258.416 3.85019
196.978 10.9107 259.024 3.89998
197.034 11.1313 259.644 3.94132
197.09 11.3537 260.277 3.96293
197.146 11.5768 260.923 3.9772
197.202 11.8001 261.58 3.97146
197.258 12.0229 262.251 3.96111
197.315 12.2443 262.934 3.92208
197.371 12.463 263.629 3.87152
197.427 12.6785 264.337 3.80681
197.483 12.8891 265.056 3.71188
197.539 13.0938 265.787 3.59257
197.596 13.2907 266.529 3.442
197.652 13.4784 267.282 3.27375
197.708 13.6567 268.046 3.10707
197.764 13.8253 268.819 2.92762
197.82 13.9834 269.601 2.73827
197.876 14.1309 270.391 2.55298
197.933 14.2678 271.19 2.36043
197.989 14.3941 271.996 2.17636
198.045 14.5104 272.808 2.00064
198.101 14.6175 273.627 1.84298
198.157 14.7158 274.452 1.69137
198.213 14.806 275.281 1.55088
198.27 14.8893 276.116 1.43832
198.326 14.9665 276.955 1.32965
198.382 15.0381 277.798 1.24019
198.438 15.1053 278.646 1.17119
198.494 15.1691 279.496 1.11133
198.551 15.2297 280.351 1.05917
198.607 15.2874 281.208 1.01394
198.663 15.3431 282.069 0.978295
198.719 15.3971 282.933 0.947224
198.775 15.4492 283.799 0.914579
198.831 15.4987 284.669 0.863704
198.888 15.5457 285.541 0.817696
198.944 15.5898 286.416 0.760357
199 15.6304 287.293 0.692307
199.056 15.6659 288.173 0.593549
199.112 15.6954 289.054 0.481459
199.169 15.7182 289.936 0.357524
199.225 15.7343 290.82 0.234629
199.281 15.7434 291.704 0.115667
199.337 15.7461 292.589 0.00605024
199.393 15.7434 293.473 -0.0804041
199.449 15.7366 294.358 -0.140074
199.506 15.7273 295.242 -0.181021
199.562 15.717 296.125 -0.182456
199.618 15.7074 297.007 -0.160811
199.674 15.7001 297.89 -0.103515
199.73 15.6964 298.771 -0.0341726
199.787 15.6978 299.653 0.0679058
199.843 15.7053 300.535 0.186616
199.899 15.7206 301.418 0.326882
199.955 15.7434 302.302 0.464024
200.011 15.7748 303.188 0.620107
200.067 15.8143 304.075 0.753918
200.124 15.8608 304.965 0.8708
200.18 15.9126 305.858 0.956814
200.236 15.9682 306.754 1.0065
200.292 16.0248 307.653 1.0061
200.348 16.0796 308.555 0.945516
200.404 16.1292 309.46 0.834062
200.461 16.1711 310.367 0.675956
200.517 16.2022 311.277 0.469825
200.573 16.2207 312.188 0.23627
200.629 16.2266 313.1 0.0108535
200.685 16.2192 314.011 -0.223063
200.742 16.1994 314.922 -0.43406
200.798 16.1685 315.831 -0.616343
200.854 16.1289 316.738 -0.754665
200.91 16.0828 317.642 -0.85855
200.966 16.0321 318.544 -0.922348
201.022 15.9783 319.443 -0.972767
201.079 15.9226 320.339 -1.00988
201.135 15.8648 321.231 -1.0393
201.191 15.8054 322.121 -1.07013
201.247 15.7438 323.006 -1.10771
201.303 15.6799 323.889 -1.15753
201.36 15.6129 324.767 -1.21916
201.416 15.5431 325.642 -1.26617
201.472 15.4691 326.513 -1.35544
201.528 15.3898 327.379 -1.46257
201.584 15.3022 328.241 -1.63179
201.64 15.2031 329.097 -1.85967
201.697 15.0894 329.948 -2.13528
201.753 14.9591 330.791 -2.45087
201.809 14.8097 331.627 -2.79714
201.865 14.6405 332.453 -3.15398
201.921 14.4516 333.269 -3.50554
201.978 14.2427 334.074 -3.85519
202.034 14.015 334.867 -4.18395
202.09 13.7694 335.646 -4.49672
202.146 13.5071 336.411 -4.777
202.202 13.23 337.16 -5.0285
202.258 12.9394 337.894 -5.2641
202.315 12.6366 338.611 -5.4731
202.371 12.3217 339.31 -5.69592
202.427 11.994 339.991 -5.92444
202.483 11.6538 340.654 -6.14491
202.539 11.301 341.296 -6.36309
202.596 10.9369 341.919 -6.55727
202.652 10.5627 342.521 -6.72298
202.708 10.1806 343.102 -6.84908
202.764 9.79362 343.66 -6.90769
202.82 9.40412 344.198 -6.94421
202.876 9.01383 344.713 -6.94846
202.933 8.62547 345.206 -6.88321
202.989 8.24193 345.678 -6.78687
203.045 7.86379 346.128 -6.69132
203.101 7.49155 346.557 -6.57241
203.157 7.12764 346.966 -6.4126
203.213 6.77328 347.354 -6.2339
203.27 6.42967 347.723 -6.0325
203.326 6.09834 348.073 -5.80257
203.382 5.78017 348.405 -5.56469
203.438 5.47589 348.719 -5.31488
203.494 5.18641 349.017 -5.04291
203.551 4.91265 349.299 -4.7531
203.607 4.65437 349.566 -4.49059
203.663 4.41138 349.82 -4.21422
203.719 4.18371 350.06 -3.94273
203.775 3.97078 350.287 -3.68358
203.831 3.77268 350.504 -3.42385
203.888 3.5888 350.709 -3.17214
203.944 3.41899 350.905 -2.9257
204 3.26283 351.092 -2.68534
204.056 3.11991 351.27 -2.44888
204.112 2.9902 351.441 -2.21596
204.169 2.87328 351.605 -1.99224
204.225 2.76876 351.763 -1.7732
204.281 2.67631 351.915 -1.56135
204.337 2.59555 352.063 -1.35599
204.393 2.52604 352.206 -1.15952
204.449 2.46727 352.346 -0.972267
204.506 2.41865 352.483 -0.795677
204.562 2.37979 352.618 -0.622678
204.618 2.35063 352.75 -0.451343
204.674 2.33087 352.882 -0.287749
204.73 2.31996 353.012 -0.131625
204.787 2.31761 353.143 0.0153164
204.843 2.32318 353.273 0.151052
204.899 2.33595 353.404 0.277972
204.955 2.35533 353.536 0.385982
205.011 2.38023 353.669 0.481032
205.067 2.40996 353.804 0.559744
205.124 2.44377 353.94 0.629033
205.18 2.48107 354.079 0.686193
205.236 2.52111 354.219 0.728906
205.292 2.56301 354.362 0.755288
205.348 2.60611 354.508 0.775774
205.404 2.65009 354.656 0.78832
205.461 2.69506 354.806 0.807372
205.517 2.74083 354.959 0.819864
205.573 2.7875 355.115 0.838665
205.629 2.83513 355.273 0.853134
205.685 2.88364 355.434 0.870406
205.742 2.93319 355.597 0.889484
205.798 2.98369 355.764 0.904618
205.854 3.03497 355.933 0.919012
205.91 3.08705 356.105 0.931464
205.966 3.13958 356.281 0.937334
206.022 3.19274 356.459 0.951416
206.079 3.24642 356.64 0.957818
206.135 3.30035 356.824 0.961613
206.191 3.35423 357.011 0.957245
206.247 3.40727 357.202 0.937669
206.303 3.4593 357.395 0.916763
206.36 3.50988 357.591 0.892724
206.416 3.55943 357.79 0.873313
206.472 3.60764 357.991 0.845273
206.528 3.65427 358.196 0.81969
206.584 3.69913 358.402 0.79358
206.64 3.74276 358.612 0.76465
206.697 3.7847 358.823 0.733773
206.753 3.82476 359.037 0.69472
206.809 3.86338 359.254 0.681085
206.865 3.90076 359.472 0.657432
206.921 3.93707 359.692 0.642677
206.978 3.97305 359.915 0.638194
207.034 4.00879 360.139 0.634888
207.09 4.04422 360.365 0.628028
207.146 4.07913 360.594 0.614628
207.202 4.11302 360.824 0.594727
207.258 4.14582 361.056 0.574366
207.315 4.17725 361.29 0.549307
207.371 4.20703 361.526 0.516287
207.427 4.23493 361.763 0.482726
207.483 4.26081 362.002 0.44569
207.539 4.28445 362.242 0.402573
207.596 4.3056 362.484 0.358964
207.652 4.32405 362.726 0.307129
207.708 4.33939 362.97 0.248279
207.764 4.35127 363.214 0.187386
207.82 4.35993 363.459 0.134611
207.876 4.36612 363.704 0.0964678
207.933 4.37038 363.949 0.0601992
207.989 4.3723 364.195 0.015469
208.045 4.37145 364.44 -0.033363
208.101 4.36801 364.686 -0.0792849
208.157 4.3625 364.931 -0.106168
208.213 4.35575 365.176 -0.127213
208.27 4.34776 365.42 -0.15212
208.326 4.33849 365.664 -0.172025
208.382 4.32802 365.908 -0.187599
208.438 4.31664 366.151 -0.21262
208.494 4.30406 366.393 -0.226995
208.551 4.29101 366.634 -0.238322
208.607 4.27714 366.875 -0.251565
208.663 4.26248 367.114 -0.269244
208.719 4.24647 367.353 -0.29314
208.775 4.22915 367.591 -0.314457
208.831 4.21075 367.828 -0.336908
208.888 4.19094 368.064 -0.368102
208.944 4.16922 368.299 -0.4038
209 4.14525 368.532 -0.442088
209.056 4.11934 368.764 -0.472014
209.112 4.09178 368.995 -0.501416
209.169 4.06277 369.224 -0.525613
209.225 4.03287 369.451 -0.540934
209.281 4.00244 369.677 -0.539397
209.337 3.97251 369.9 -0.525347
209.393 3.94378 370.123 -0.501617
209.449 3.91676 370.343 -0.463296
209.506 3.89234 370.562 -0.412056
209.562 3.87131 370.78 -0.347897
209.618 3.85453 370.997 -0.263573
209.674 3.84288 371.213 -0.168292
209.73 3.83681 371.429 -0.068202
209.787 3.83714 371.645 0.0544456
209.843 3.84434 371.86 0.175364
209.899 3.85827 372.077 0.298913
209.955 3.87919 372.294 0.422873
210.011 3.90727 372.513 0.547223
210.067 3.94169 372.734 0.65851
210.124 3.98295 372.957 0.782255
210.18 4.03033 373.182 0.879417
210.236 4.08266 373.41 0.963012
210.292 4.13871 373.641 1.01742
210.348 4.19752 373.876 1.06243
210.404 4.25775 374.114 1.0753
210.461 4.31762 374.355 1.05638
210.517 4.3762 374.599 1.03207
210.573 4.43252 374.847 0.977348
210.629 4.48548 375.098 0.917089
210.685 4.53422 375.352 0.831995
210.742 4.57804 375.608 0.745556
210.798 4.61699 375.866 0.65705
210.854 4.65043 376.127 0.549186
210.91 4.67762 376.389 0.434208
210.966 4.6974 376.653 0.303021
211.022 4.70974 376.917 0.158112
211.079 4.71304 377.182 -0.00368051
211.135 4.70713 377.446 -0.178824
211.191 4.6906 377.71 -0.372271
211.247 4.66325 377.973 -0.566339
211.303 4.62398 378.234 -0.790768
211.36 4.57167 378.492 -1.03
211.416 4.50558 378.746 -1.27386
211.472 4.42476 378.997 -1.54707
211.528 4.32838 379.242 -1.8295
211.584 4.21618 379.482 -2.10872
211.64 4.08839 379.714 -2.38398
211.697 3.94511 379.939 -2.66319
211.753 3.78624 380.156 -2.93332
211.809 3.61296 380.363 -3.18326
211.865 3.42593 380.559 -3.41978
211.921 3.22662 380.745 -3.62868
211.978 3.0165 380.919 -3.81191
212.034 2.79728 381.081 -3.95798
212.09 2.57106 381.231 -4.07074
212.146 2.33946 381.368 -4.15254
212.202 2.10449 381.491 -4.1977
212.258 1.86805 381.601 -4.20977
212.315 1.63183 381.698 -4.19772
212.371 1.39731 381.782 -4.1561
212.427 1.1657 381.853 -4.0979
212.483 0.938199 381.911 -4.01633
212.539 0.715776 381.956 -3.92138
212.596 0.498737 381.989 -3.82026
212.652 0.287784 382.01 -3.70858
212.708 0.0832148 382.019 -3.59389
212.764 -0.114662 382.017 -3.47616
212.82 -0.306012 382.004 -3.35905
212.876 -0.490793 381.98 -3.24258
212.933 -0.668918 381.947 -3.12164
212.989 -0.840129 381.903 -2.99968
213.045 -1.00464 381.851 -2.87907
213.101 -1.16223 381.789 -2.7569
213.157 -1.31255 381.718 -2.61847
213.213 -1.45491 381.64 -2.47777
213.27 -1.58914 381.554 -2.32756
213.326 -1.71478 381.46 -2.17208
213.382 -1.8313 381.36 -1.99947
213.438 -1.93767 381.253 -1.8207
213.494 -2.03375 381.141 -1.63458
213.551 -2.1192 381.024 -1.44886
213.607 -2.19422 380.902 -1.25906
213.663 -2.25862 380.777 -1.07137
213.719 -2.31281 380.648 -0.895022
213.775 -2.35687 380.517 -0.711219
213.831 -2.39119 380.383 -0.543651
213.888 -2.4167 380.248 -0.395289
213.944 -2.43417 380.111 -0.254752
214 -2.44397 379.974 -0.118341
214.056 -2.44677 379.837 -0.00672439
214.112 -2.44391 379.699 0.0946069
214.169 -2.43503 379.562 0.193708
214.225 -2.42152 379.426 0.273589
214.281 -2.40288 379.291 0.364335
214.337 -2.37997 379.156 0.439609
214.393 -2.35245 379.024 0.521142
214.449 -2.32066 378.892 0.594543
214.506 -2.28449 378.763 0.675223
214.562 -2.24399 378.636 0.752373
214.618 -2.1991 378.512 0.832478
214.674 -2.14909 378.39 0.927178
214.73 -2.09415 378.271 1.00844
214.787 -2.03443 378.155 1.10049
214.843 -1.96973 378.043 1.18252
214.899 -1.90057 377.935 1.26362
214.955 -1.82704 377.83 1.33822
215.011 -1.74962 377.73 1.40156
215.067 -1.66835 377.635 1.47685
215.124 -1.58317 377.544 1.53841
215.18 -1.49491 377.458 1.59281
215.236 -1.40381 377.377 1.63772
215.292 -1.31102 377.301 1.65607
215.348 -1.2169 377.231 1.68182
215.404 -1.12224 377.166 1.68623
215.461 -1.02736 377.106 1.68776
215.517 -0.932827 377.051 1.6809
215.573 -0.838522 377.002 1.67592
215.629 -0.744583 376.958 1.66643
215.685 -0.651766 376.919 1.64076
215.742 -0.56018 376.886 1.6223
215.798 -0.469671 376.857 1.60675
215.854 -0.379774 376.834 1.59701
215.91 -0.28992 376.816 1.6006
215.966 -0.199997 376.803 1.60525
216.022 -0.109784 376.794 1.60702
216.079 -0.0191215 376.791 1.61939
216.135 0.0722868 376.793 1.63435
216.191 0.165025 376.8 1.66259
216.247 0.259172 376.813 1.68308
216.303 0.354355 376.831 1.70566
216.36 0.450846 376.854 1.72548
216.416 0.549007 376.882 1.76387
216.472 0.649547 376.917 1.80865
216.528 0.752767 376.957 1.85362
216.584 0.858449 377.002 1.89798
216.64 0.966558 377.054 1.94372
216.697 1.07743 377.112 1.99295
216.753 1.19116 377.177 2.04586
216.809 1.30774 377.247 2.09606
216.865 1.42709 377.325 2.14378
216.921 1.54921 377.409 2.19565
216.978 1.67472 377.501 2.26035
217.034 1.80391 377.599 2.32818
217.09 1.93702 377.705 2.39561
217.146 2.07406 377.818 2.46887
217.202 2.21528 377.939 2.54436
217.258 2.36084 378.069 2.62192
217.315 2.51093 378.206 2.70543
217.371 2.66568 378.353 2.78846
217.427 2.82539 378.508 2.87779
217.483 2.99008 378.672 2.96366
217.539 3.15929 378.846 3.04625
217.596 3.33337 379.029 3.13322
217.652 3.51234 379.222 3.22066
217.708 3.69618 379.426 3.30318
217.764 3.88434 379.64 3.37677
217.82 4.07645 379.865 3.44914
217.876 4.27279 380.1 3.52171
217.933 4.47297 380.347 3.58414
217.989 4.67594 380.605 3.63494
218.045 4.88142 380.875 3.6757
218.101 5.0894 381.156 3.72008
218.157 5.29964 381.449 3.75548
218.213 5.51102 381.754 3.76605
218.27 5.72263 382.07 3.76631
218.326 5.9336 382.399 3.74861
218.382 6.14382 382.739 3.73735
218.438 6.35256 383.092 3.69598
218.494 6.55836 383.456 3.63899
218.551 6.76051 383.831 3.57242
218.607 6.95879 384.217 3.49385
218.663 7.15156 384.615 3.38809
218.719 7.33814 385.023 3.27754
218.775 7.5184 385.441 3.15984
218.831 7.69127 385.869 3.01799
218.888 7.85567 386.307 2.86552
218.944 8.01107 386.754 2.70085
219 8.1576 387.209 2.54537
219.056 8.29493 387.672 2.3752
219.112 8.42246 388.142 2.19729
219.169 8.54008 388.619 2.02456
219.225 8.64798 389.103 1.85406
219.281 8.7464 389.592 1.68566
219.337 8.8353 390.086 1.51668
219.393 8.91465 390.585 1.34344
219.449 8.98458 391.089 1.17898
219.506 9.04534 391.596 1.01783
219.562 9.09686 392.105 0.851017
219.618 9.13958 392.618 0.700192
219.674 9.1743 393.133 0.564556
219.73 9.20155 393.649 0.435026
219.787 9.22174 394.167 0.310459
219.843 9.23538 394.685 0.19943
219.899 9.24304 395.204 0.098263
219.955 9.24532 395.724 0.00107757
220.011 9.24187 396.243 -0.0995205
220.067 9.23299 396.762 -0.196273
220.124 9.21905 397.28 -0.2814
220.18 9.20051 397.798 -0.360143
220.236 9.17795 398.314 -0.427316
220.292 9.15168 398.828 -0.494567
220.348 9.12181 399.342 -0.556292
220.404 9.08867 399.853 -0.611983
220.461 9.05269 400.362 -0.6559
220.517 9.01479 400.87 -0.686829
220.573 8.97569 401.375 -0.69783
220.629 8.9367 401.878 -0.691628
220.685 8.89835 402.378 -0.671045
220.742 8.86214 402.877 -0.62622
220.798 8.82926 403.374 -0.557508
220.854 8.80074 403.869 -0.485955
220.91 8.7777 404.363 -0.3617
220.966 8.76172 404.855 -0.232226
221.022 8.75347 405.347 -0.0857731
221.079 8.75401 405.839 0.0745186
221.135 8.76348 406.331 0.231356
221.191 8.78189 406.824 0.391794
221.247 8.80905 407.318 0.547709
221.303 8.84443 407.814 0.68313
221.36 8.88685 408.312 0.803428
221.416 8.93549 408.813 0.90163
221.472 8.98833 409.317 0.957632
221.528 9.04377 409.824 1.00736
221.584 9.10054 410.334 1.00472
221.64 9.15583 410.847 0.966648
221.697 9.20804 411.363 0.901872
221.753 9.25559 411.882 0.806
221.809 9.29686 412.403 0.684852
221.865 9.33112 412.927 0.559234
221.921 9.35798 413.452 0.427072
221.978 9.37705 413.978 0.276556
222.034 9.38789 414.506 0.14145
222.09 9.39192 415.033 0.0266055
222.146 9.38968 415.561 -0.0821612
222.202 9.38221 416.088 -0.163608
222.258 9.37068 416.615 -0.228098
222.315 9.35647 417.141 -0.269034
222.371 9.34065 417.666 -0.28711
222.427 9.32522 418.19 -0.257649
222.483 9.31225 418.714 -0.214497
222.539 9.30236 419.236 -0.14521
222.596 9.2969 419.759 -0.0648185
222.652 9.29619 420.281 0.020337
222.708 9.29958 420.803 0.0909273
222.764 9.30728 421.326 0.165953
222.82 9.3188 421.849 0.227966
222.876 9.33306 422.373 0.268989
222.933 9.34867 422.898 0.283628
222.989 9.36443 423.424 0.274196
223.045 9.37935 423.951 0.259708
223.101 9.39292 424.478 0.224828
223.157 9.40416 425.006 0.183275
223.213 9.41268 425.535 0.131273
223.27 9.41798 426.064 0.0695141
223.326 9.41954 426.593 0.000505214
223.382 9.4173 427.122 -0.0680965
223.438 9.41085 427.651 -0.149809
223.494 9.39995 428.179 -0.228609
223.551 9.38441 428.707 -0.311266
223.607 9.36343 429.233 -0.412381
223.663 9.33745 429.758 -0.491683
223.719 9.30713 430.282 -0.574222
223.775 9.27242 430.804 -0.643072
223.831 9.2345 431.323 -0.694628
223.888 9.19441 431.841 -0.723696
223.944 9.15334 432.356 -0.733449
224 9.11286 432.869 -0.709744
224.056 9.07361 433.379 -0.691402
224.112 9.03612 433.888 -0.644925
224.169 9.00195 434.394 -0.583207
224.225 8.97175 434.899 -0.504428
224.281 8.94598 435.402 -0.429487
224.337 8.92561 435.904 -0.31489
224.393 8.91215 436.405 -0.183038
224.449 8.90609 436.906 -0.0565451
224.506 8.90737 437.406 0.078189
224.562 8.91686 437.907 0.231586
224.618 8.93493 438.408 0.382557
224.674 8.9615 438.911 0.531694
224.73 8.99607 439.416 0.671337
224.787 9.03858 439.922 0.813165
224.843 9.08889 440.432 0.949904
224.899 9.14641 440.944 1.07196
224.955 9.2104 441.46 1.18119
225.011 9.28024 441.98 1.28172
225.067 9.35543 442.504 1.3784
225.124 9.43554 443.032 1.45532
225.18 9.51976 443.565 1.52856
225.236 9.60804 444.103 1.59861
225.292 9.69982 444.646 1.6577
225.348 9.79428 445.194 1.69712
225.404 9.89052 445.747 1.72456
225.461 9.98821 446.306 1.74431
225.517 10.086 446.871 1.7381
225.573 10.1832 447.441 1.7237
225.629 10.2791 448.016 1.69437
225.685 10.3732 448.597 1.65955
225.742 10.4647 449.182 1.60812
225.798 10.5532 449.773 1.55045
225.854 10.6379 450.369 1.4749
225.91 10.7176 450.969 1.37681
225.966 10.7912 451.574 1.26557
226.022 10.8583 452.183 1.14722
226.079 10.9182 452.795 1.01119
226.135 10.9703 453.41 0.867336
226.191 11.0137 454.028 0.711464
226.247 11.0486 454.648 0.560367
226.303 11.0747 455.269 0.404291
226.36 11.0925 455.892 0.259887
226.416 11.1026 456.516 0.125283
226.472 11.1055 457.139 0.00285424
226.528 11.1026 457.763 -0.0865386
226.584 11.0952 458.387 -0.158209
226.64 11.0845 459.01 -0.206419
226.697 11.0724 459.632 -0.218315
226.753 11.0607 460.254 -0.196599
226.809 11.0511 460.875 -0.152551
226.865 11.0448 461.495 -0.083115
226.921 11.043 462.116 0.00360814
226.978 11.0462 462.736 0.0930913
227.034 11.0546 463.357 0.188223
227.09 11.0683 463.979 0.279217
227.146 11.0864 464.601 0.35177
227.202 11.1083 465.225 0.411992
227.258 11.1333 465.849 0.463681
227.315 11.1604 466.476 0.492343
227.371 11.1888 467.104 0.512954
227.427 11.218 467.733 0.52445
227.483 11.2473 468.365 0.517378
227.539 11.2759 468.997 0.503463
227.596 11.3037 469.632 0.484739
227.652 11.3299 470.268 0.453211
227.708 11.354 470.905 0.412229
227.764 11.3755 471.544 0.360035
227.82 11.3934 472.183 0.290285
227.876 11.4072 472.824 0.215076
227.933 11.4167 473.465 0.141614
227.989 11.4218 474.107 0.0577514
228.045 11.4217 474.748 -0.0392626
228.101 11.4165 475.39 -0.125971
228.157 11.4062 476.031 -0.225324
228.213 11.3903 476.671 -0.316382
228.27 11.3697 477.31 -0.394591
228.326 11.3452 477.948 -0.459557
228.382 11.3177 478.585 -0.506178
228.438 11.2883 479.22 -0.536017
228.494 11.2574 479.853 -0.552965
228.551 11.2265 480.484 -0.544461
228.607 11.1968 481.114 -0.51345
228.663 11.1691 481.742 -0.478632
228.719 11.1432 482.369 -0.451714
228.775 11.1185 482.994 -0.429386
228.831 11.0944 483.618 -0.428213
228.888 11.0702 484.24 -0.434294
228.944 11.0449 484.861 -0.464728
229 11.017 485.481 -0.520257
229.056 10.9857 486.099 -0.586906
229.112 10.9506 486.715 -0.64909
229.169 10.9119 487.329 -0.714424
229.225 10.8695 487.94 -0.783928
229.281 10.8236 488.549 -0.838892
229.337 10.7745 489.156 -0.890583
229.393 10.7237 489.759 -0.914815
229.449 10.6721 490.36 -0.914564
229.506 10.6213 490.958 -0.897221
229.562 10.5718 491.553 -0.868725
229.618 10.5246 492.145 -0.817182
229.674 10.4806 492.735 -0.754827
229.73 10.4405 493.322 -0.689972
229.787 10.4038 493.908 -0.629092
229.843 10.3703 494.491 -0.573601
229.899 10.3396 495.073 -0.53361
229.955 10.3109 495.653 -0.496901
230.011 10.2839 496.231 -0.471651
230.067 10.2576 496.808 -0.467821
230.124 10.2311 497.383 -0.475555
230.18 10.2039 497.957 -0.496133
230.236 10.1746 498.529 -0.53822
230.292 10.1423 499.1 -0.602363
230.348 10.1061 499.668 -0.670968
230.404 10.0661 500.235 -0.740988
230.461 10.0223 500.799 -0.80632
230.517 9.97517 501.36 -0.856682
230.573 9.92549 501.919 -0.903672
230.629 9.87295 502.475 -0.955372
230.685 9.8181 503.028 -0.983108
230.742 9.7629 503.577 -0.97745
230.798 9.70877 504.124 -0.952686
230.854 9.65694 504.668 -0.896892
230.91 9.60839 505.209 -0.842644
230.966 9.56351 505.747 -0.770245
231.022 9.52279 506.283 -0.69201
231.079 9.48682 506.817 -0.607089
231.135 9.45548 507.348 -0.527211
231.191 9.42852 507.879 -0.445362
231.247 9.40651 508.408 -0.355175
231.303 9.3893 508.936 -0.275251
231.36 9.37643 509.463 -0.196219
231.416 9.36774 509.989 -0.124782
231.472 9.36298 510.515 -0.0591367
231.528 9.36176 511.041 0.00273142
231.584 9.36351 511.567 0.0494688
231.64 9.36775 512.093 0.0938117
231.697 9.37475 512.62 0.145048
231.753 9.38435 513.147 0.188328
231.809 9.39665 513.674 0.234731
231.865 9.41095 514.203 0.268932
231.921 9.42768 514.732 0.317316
231.978 9.44682 515.262 0.351852
232.034 9.46723 515.794 0.373327
232.09 9.48867 516.326 0.386573
232.146 9.51051 516.86 0.390452
232.202 9.53264 517.395 0.39573
232.258 9.55433 517.931 0.378133
232.315 9.57458 518.469 0.351746
232.371 9.59268 519.007 0.30909
232.427 9.60849 519.547 0.260594
232.483 9.62107 520.087 0.201234
232.539 9.63025 520.628 0.137454
232.596 9.63593 521.169 0.0756333
232.652 9.63848 521.711 0.0251468
232.708 9.63796 522.252 -0.0298171
232.764 9.63468 522.793 -0.0742143
232.82 9.62926 523.334 -0.109291
232.876 9.62194 523.875 -0.142038
232.933 9.61317 524.415 -0.164681
232.989 9.60319 524.955 -0.188682
233.045 9.59149 525.494 -0.221519
233.101 9.57766 526.033 -0.265825
233.157 9.56074 526.57 -0.326666
233.213 9.53988 527.107 -0.402851
233.27 9.51446 527.642 -0.489128
233.326 9.48376 528.175 -0.58336
233.382 9.44758 528.707 -0.684555
233.438 9.406 529.236 -0.776916
233.494 9.35963 529.763 -0.855796
233.551 9.30882 530.287 -0.935961
233.607 9.25452 530.808 -0.986936
233.663 9.1978 531.326 -1.02234
233.719 9.13977 531.841 -1.03672
233.775 9.08158 532.353 -1.03457
233.831 9.0246 532.861 -1.00185
233.888 8.96987 533.366 -0.952048
233.944 8.91879 533.868 -0.879473
234 8.87256 534.368 -0.783495
234.056 8.83189 534.865 -0.680113
234.112 8.7977 535.36 -0.558964
234.169 8.77048 535.853 -0.433604
234.225 8.75063 536.345 -0.301493
234.281 8.73843 536.836 -0.161866
234.337 8.73383 537.327 -0.0272139
234.393 8.73649 537.818 0.0971451
234.449 8.74576 538.309 0.208624
234.506 8.76061 538.801 0.296609
234.562 8.78011 539.294 0.384519
234.618 8.80336 539.788 0.42858
234.674 8.82859 540.283 0.458884
234.73 8.85454 540.78 0.464388
234.787 8.88005 541.278 0.442526
234.843 8.90396 541.778 0.414046
234.899 8.92521 542.279 0.353971
234.955 8.94305 542.781 0.288245
235.011 8.95675 543.284 0.210382
235.067 8.96617 543.787 0.13475
235.124 8.9706 544.291 0.0384421
235.18 8.96976 544.795 -0.0464005
235.236 8.96401 545.299 -0.14446
235.292 8.95356 545.802 -0.209418
235.348 8.93915 546.305 -0.292108
235.404 8.91992 546.806 -0.367946
235.461 8.897 547.307 -0.441361
235.517 8.86985 547.806 -0.513105
235.573 8.83949 548.303 -0.564672
235.629 8.80528 548.798 -0.63469
235.685 8.76732 549.292 -0.70282
235.742 8.72494 549.783 -0.789759
235.798 8.67748 550.271 -0.882016
235.854 8.62498 550.757 -0.971113
235.91 8.56683 551.24 -1.07468
235.966 8.50326 551.719 -1.1755
236.022 8.43365 552.194 -1.28562
236.079 8.35824 552.666 -1.38543
236.135 8.27669 553.132 -1.49313
236.191 8.18965 553.595 -1.59159
236.247 8.09731 554.052 -1.67501
236.303 8.00095 554.503 -1.73659
236.36 7.9012 554.949 -1.80044
236.416 7.79811 555.39 -1.84965
236.472 7.69271 555.824 -1.88462
236.528 7.587 556.253 -1.88105
236.584 7.48196 556.676 -1.85576
236.64 7.3794 557.093 -1.80922
236.697 7.28082 557.504 -1.71214
236.753 7.18886 557.91 -1.58545
236.809 7.10507 558.311 -1.42743
236.865 7.03163 558.707 -1.23125
236.921 6.96999 559.1 -1.00976
236.978 6.92153 559.49 -0.761382
237.034 6.88786 559.878 -0.492254
237.09 6.86937 560.264 -0.219581
237.146 6.86587 560.65 0.0414867
237.202 6.87662 561.036 0.293058
237.258 6.90107 561.423 0.528224
237.315 6.93876 561.812 0.757014
237.371 6.98716 562.203 0.941504
237.427 7.04625 562.598 1.11523
237.483 7.114 562.996 1.2643
237.539 7.18882 563.398 1.37531
237.596 7.26928 563.804 1.47253
237.652 7.35518 564.216 1.56754
237.708 7.44559 564.632 1.63426
237.764 7.53842 565.053 1.66682
237.82 7.6325 565.48 1.6719
237.876 7.72594 565.912 1.65223
237.933 7.81687 566.349 1.6011
237.989 7.90414 566.791 1.51398
238.045 7.98568 567.238 1.40659
238.101 8.06019 567.689 1.27629
238.157 8.12691 568.144 1.12154
238.213 8.18449 568.603 0.95532
238.27 8.232 569.064 0.769093
238.326 8.2681 569.528 0.556532
238.382 8.29234 569.993 0.352506
238.438 8.30441 570.46 0.122528
238.494 8.30396 570.926 -0.0963154
238.551 8.29202 571.393 -0.288965
238.607 8.26965 571.858 -0.474398
238.663 8.23776 572.321 -0.62074
238.719 8.19874 572.783 -0.73701
238.775 8.15408 573.242 -0.832517
238.831 8.10494 573.698 -0.899044
238.888 8.05326 574.152 -0.936071
238.944 7.99896 574.603 -0.982512
239 7.94243 575.05 -1.02124
239.056 7.88429 575.494 -1.04712
239.112 7.82438 575.935 -1.07599
239.169 7.76263 576.373 -1.10961
239.225 7.69893 576.807 -1.14989
239.281 7.63275 577.237 -1.18836
239.337 7.56484 577.663 -1.227
239.393 7.49457 578.086 -1.2647
239.449 7.42255 578.505 -1.29879
239.506 7.34913 578.919 -1.32058
239.562 7.27377 579.33 -1.35272
239.618 7.19574 579.736 -1.40911
239.674 7.11463 580.137 -1.47617
239.73 7.02975 580.534 -1.5278
239.787 6.94104 580.926 -1.61582
239.843 6.84687 581.313 -1.71652
239.899 6.74698 581.694 -1.81983
239.955 6.64059 582.07 -1.93599
240.011 6.52821 582.439 -2.05078
240.067 6.40986 582.802 -2.13841
240.124 6.28699 583.158 -2.22027
240.18 6.15945 583.507 -2.29768
240.236 6.02855 583.848 -2.34853
240.292 5.89627 584.182 -2.34967
240.348 5.76493 584.509 -2.32655
240.404 5.63639 584.829 -2.25846
240.461 5.51258 585.141 -2.1626
240.517 5.39461 585.447 -2.05239
240.573 5.28378 585.746 -1.91975
240.629 5.18046 586.04 -1.78578
240.685 5.08491 586.327 -1.64188
240.742 4.99758 586.61 -1.49712
240.798 4.9179 586.888 -1.3673
240.854 4.84556 587.162 -1.2333
240.91 4.78014 587.432 -1.12158
240.966 4.72027 587.698 -1.03018
241.022 4.66644 587.962 -0.91416
241.079 4.61878 588.222 -0.802874
241.135 4.57713 588.48 -0.698496
241.191 4.54163 588.736 -0.585117
241.247 4.51251 588.99 -0.467809
241.303 4.49028 589.243 -0.349545
241.36 4.47469 589.495 -0.231191
241.416 4.46538 589.746 -0.125005
241.472 4.46168 589.997 -0.0271456
241.528 4.46342 590.247 0.0657101
241.584 4.47019 590.498 0.158362
241.64 4.48219 590.75 0.246974
241.697 4.49858 591.002 0.323532
241.753 4.51977 591.255 0.413483
241.809 4.54561 591.51 0.492256
241.865 4.57583 591.767 0.569483
241.921 4.61028 592.025 0.640528
241.978 4.64789 592.285 0.692621
242.034 4.68868 592.548 0.748775
242.09 4.73243 592.812 0.801434
242.146 4.77927 593.08 0.857461
242.202 4.82893 593.35 0.897799
242.258 4.8806 593.623 0.939002
242.315 4.93416 593.899 0.96472
242.371 4.98903 594.178 0.984388
242.427 5.04492 594.46 1.00118
242.483 5.10146 594.746 1.0107
242.539 5.15851 595.034 1.01674
242.596 5.21606 595.326 1.02308
242.652 5.27383 595.621 1.03389
242.708 5.33202 595.919 1.03632
242.764 5.39051 596.221 1.04315
242.82 5.44908 596.525 1.04164
242.876 5.50763 596.833 1.04204
242.933 5.5661 597.145 1.04011
242.989 5.62428 597.46 1.03383
243.045 5.68207 597.777 1.02388
243.101 5.73901 598.099 1.00594
243.157 5.79504 598.423 0.992178
243.213 5.85024 598.75 0.974791
243.27 5.90439 599.081 0.956863
243.326 5.95749 599.414 0.937675
243.382 6.00957 599.751 0.921994
243.438 6.06091 600.09 0.908517
243.494 6.11128 600.432 0.892631
243.551 6.16125 600.777 0.884977
243.607 6.21111 601.125 0.890675
243.663 6.26126 601.476 0.894706
243.719 6.312 601.829 0.912113
243.775 6.36339 602.186 0.919738
243.831 6.41561 602.545 0.93613
243.888 6.46869 602.907 0.947921
243.944 6.5222 603.272 0.956977
244 6.57626 603.64 0.967772
244.056 6.63089 604.012 0.974353
244.112 6.68593 604.386 0.985719
244.169 6.74143 604.764 0.990488
244.225 6.79733 605.144 0.99824
244.281 6.85364 605.528 1.0044
244.337 6.91033 605.915 1.0112
244.393 6.96723 606.305 1.01627
244.449 7.02478 606.698 1.03053
244.506 7.0831 607.095 1.04153
244.562 7.14222 607.495 1.05882
244.618 7.20245 607.898 1.08175
244.674 7.26441 608.305 1.12122
244.73 7.32894 608.715 1.16691
244.787 7.39638 609.129 1.22619
244.843 7.46752 609.547 1.29125
244.899 7.54287 609.969 1.37137
244.955 7.62294 610.396 1.46071
245.011 7.70762 610.827 1.53785
245.067 7.79698 611.263 1.6238
245.124 7.89074 611.704 1.69911
245.18 7.98808 612.15 1.75201
245.236 8.088 612.603 1.79769
245.292 8.18997 613.06 1.82445
245.348 8.29335 613.524 1.84617
245.404 8.3968 613.993 1.83502
245.461 8.49897 614.469 1.80589
245.517 8.59845 614.949 1.74218
245.573 8.69325 615.436 1.64743
245.629 8.78217 615.927 1.53352
245.685 8.86404 616.423 1.39897
245.742 8.93757 616.924 1.24543
245.798 9.00194 617.428 1.07924
245.854 9.05667 617.936 0.901106
245.91 9.10147 618.446 0.722086
245.966 9.13576 618.959 0.537094
246.022 9.15984 619.473 0.362809
246.079 9.17519 619.988 0.217735
246.135 9.18281 620.504 0.0805982
246.191 9.18345 621.02 -0.0289117
246.247 9.17901 621.535 -0.107334
246.303 9.17129 622.051 -0.150966
246.36 9.16201 622.566 -0.168846
246.416 9.15243 623.08 -0.165233
246.472 9.14435 623.594 -0.129565
246.528 9.13842 624.108 -0.0907057
246.584 9.13567 624.621 -0.0245474
246.64 9.13652 625.134 0.0415497
246.697 9.1414 625.647 0.121561
246.753 9.15102 626.161 0.196919
246.809 9.16473 626.676 0.273388
246.865 9.1815 627.191 0.310123
246.921 9.2005 627.708 0.357499
246.978 9.22117 628.225 0.371651
247.034 9.242 628.744 0.366974
247.09 9.26213 629.264 0.348003
247.146 9.28026 629.785 0.306122
247.202 9.29497 630.307 0.23013
247.258 9.30508 630.829 0.139547
247.315 9.30884 631.352 0.0179932
247.371 9.30545 631.875 -0.113415
247.427 9.29455 632.398 -0.249654
247.483 9.27564 632.919 -0.393829
247.539 9.2487 633.439 -0.53275
247.596 9.21471 633.958 -0.654097
247.652 9.17412 634.474 -0.76316
247.708 9.12824 634.988 -0.848681
247.764 9.07799 635.499 -0.926857
247.82 9.02395 636.007 -0.987338
247.876 8.96619 636.512 -1.05339
247.933 8.90515 637.014 -1.10815
247.989 8.84095 637.512 -1.16766
248.045 8.77308 638.007 -1.22959
248.101 8.70165 638.497 -1.30068
248.157 8.6264 638.984 -1.36398
248.213 8.54782 639.466 -1.42002
248.27 8.46684 639.943 -1.45297
248.326 8.38488 640.416 -1.45847
248.382 8.30361 640.884 -1.43407
248.438 8.22468 641.348 -1.37362
248.494 8.15118 641.808 -1.26079
248.551 8.0849 642.263 -1.12226
248.607 8.02733 642.715 -0.954366
248.663 7.98074 643.165 -0.743589
248.719 7.94628 643.612 -0.521717
248.775 7.92534 644.058 -0.274475
248.831 7.91827 644.503 -0.0325467
248.888 7.92497 644.948 0.216279
248.944 7.94562 645.393 0.464844
249 7.97937 645.841 0.692408
249.056 8.02552 646.291 0.906738
249.112 8.08345 646.743 1.11065
249.169 8.15162 647.2 1.27952
249.225 8.229 647.66 1.43993
249.281 8.31413 648.126 1.56297
249.337 8.40568 648.596 1.66818
249.393 8.50268 649.071 1.76469
249.449 8.60451 649.552 1.84343
249.506 8.71027 650.039 1.90555
249.562 8.81934 650.532 1.96464
249.618 8.93125 651.031 2.00863
249.674 9.04489 651.537 2.03022
249.73 9.15949 652.049 2.04772
249.787 9.27521 652.567 2.06302
249.843 9.39128 653.092 2.066
249.899 9.5071 653.624 2.05617
249.955 9.62208 654.162 2.03664
250.011 9.73521 654.706 1.98791
250.067 9.84471 655.257 1.92278
250.124 9.95025 655.814 1.84749
250.18 10.0511 656.376 1.75807
250.236 10.1461 656.944 1.64327
250.292 10.2339 657.517 1.50668
250.348 10.3134 658.095 1.34916
250.404 10.3829 658.676 1.16144
250.461 10.4415 659.262 0.962476
250.517 10.4886 659.85 0.751514
250.573 10.523 660.44 0.516354
250.629 10.544 661.032 0.277037
250.685 10.5513 661.625 0.0284564
250.742 10.5442 662.218 -0.229026
250.798 10.5227 662.809 -0.488085
250.854 10.4862 663.399 -0.756084
250.91 10.4348 663.987 -1.02106
250.966 10.3689 664.571 -1.27563
251.022 10.2888 665.151 -1.52544
251.079 10.195 665.726 -1.76244
251.135 10.0886 666.295 -1.98067
251.191 9.9707 666.858 -2.17196
251.247 9.84258 667.414 -2.35391
251.303 9.70526 667.962 -2.49785
251.36 9.56087 668.502 -2.61921
251.416 9.41053 669.034 -2.71074
251.472 9.25597 669.558 -2.77857
251.528 9.09735 670.073 -2.84748
251.584 8.93568 670.578 -2.89712
251.64 8.77157 671.075 -2.94219
251.697 8.6047 671.562 -2.98679
251.753 8.43509 672.04 -3.0405
251.809 8.2625 672.508 -3.09533
251.865 8.08738 672.966 -3.13106
251.921 7.9103 673.414 -3.16514
251.978 7.73184 673.853 -3.18874
252.034 7.55239 674.281 -3.2001
252.09 7.37224 674.699 -3.20569
252.146 7.19278 675.107 -3.19017
252.202 7.01485 675.506 -3.14908
252.258 6.83952 675.894 -3.09603
252.315 6.66764 676.272 -3.02944
252.371 6.5003 676.641 -2.94754
252.427 6.33726 677.001 -2.86479
252.483 6.17936 677.351 -2.77816
252.539 6.02652 677.693 -2.67825
252.596 5.87948 678.027 -2.58044
252.652 5.73897 678.353 -2.45311
252.708 5.60486 678.67 -2.33849
252.764 5.47764 678.981 -2.21916
252.82 5.35743 679.285 -2.08603
252.876 5.24454 679.582 -1.95653
252.933 5.13875 679.873 -1.83143
252.989 5.04028 680.158 -1.69811
253.045 4.94921 680.438 -1.57341
253.101 4.86492 680.713 -1.45225
253.157 4.78713 680.984 -1.34186
253.213 4.71513 681.25 -1.24422
253.27 4.64817 681.513 -1.15723
253.326 4.58609 681.772 -1.07491
253.382 4.52807 682.028 -1.00545
253.438 4.47367 682.28 -0.94325
253.494 4.42281 682.53 -0.879227
253.551 4.37543 682.777 -0.820154
253.607 4.33149 683.021 -0.755533
253.663 4.29092 683.263 -0.703152
253.719 4.25343 683.503 -0.644869
253.775 4.21928 683.741 -0.583499
253.831 4.18847 683.977 -0.525363
253.888 4.16104 684.211 -0.46215
253.944 4.13739 684.444 -0.391523
254 4.11783 684.676 -0.320068
254.056 4.10244 684.907 -0.242617
254.112 4.09197 685.137 -0.149557
254.169 4.08642 685.366 -0.0639048
254.225 4.08613 685.596 0.0350976
254.281 4.09112 685.826 0.124055
254.337 4.10147 686.056 0.225602
254.393 4.11739 686.287 0.32446
254.449 4.13864 686.519 0.416245
254.506 4.1652 686.752 0.507549
254.562 4.19657 686.987 0.590474
254.618 4.23225 687.224 0.664579
254.674 4.27136 687.463 0.719221
254.73 4.31343 687.704 0.765687
254.787 4.35795 687.948 0.805134
254.843 4.40411 688.195 0.830438
254.899 4.4505 688.444 0.826668
254.955 4.49709 688.695 0.829778
255.011 4.54334 688.949 0.815702
255.067 4.58854 689.206 0.796475
255.124 4.63273 689.465 0.780666
255.18 4.67548 689.727 0.743766
255.236 4.71597 689.991 0.706208
255.292 4.75461 690.257 0.675182
255.348 4.79143 690.526 0.64162
255.404 4.82648 690.796 0.611617
255.461 4.86039 691.069 0.594645
255.517 4.89327 691.343 0.576692
255.573 4.92498 691.619 0.556381
255.629 4.95595 691.896 0.5504
255.685 4.98661 692.176 0.546176
255.742 5.01734 692.457 0.550869
255.798 5.04874 692.74 0.5645
255.854 5.08094 693.025 0.57812
255.91 5.11421 693.311 0.602579
255.966 5.1491 693.6 0.63614
256.022 5.18615 693.89 0.674048
256.079 5.22526 694.183 0.709359
256.135 5.26623 694.478 0.742876
256.191 5.3097 694.775 0.795127
256.247 5.35617 695.075 0.84701
256.303 5.40549 695.378 0.897265
256.36 5.45756 695.683 0.945011
256.416 5.51218 695.991 0.989562
256.472 5.56929 696.303 1.03516
256.528 5.62889 696.618 1.07489
256.584 5.69047 696.936 1.10996
256.64 5.75411 697.258 1.14944
256.697 5.81977 697.583 1.18128
256.753 5.88735 697.913 1.21966
256.809 5.95711 698.246 1.25721
256.865 6.02864 698.583 1.28442
256.921 6.10173 698.924 1.31056
256.978 6.17599 699.269 1.33481
257.034 6.25179 699.619 1.35884
257.09 6.32911 699.973 1.38625
257.146 6.40799 700.331 1.41602
257.202 6.48836 700.694 1.44103
257.258 6.57027 701.061 1.46958
257.315 6.65388 701.433 1.50229
257.371 6.73956 701.809 1.54135
257.427 6.82766 702.191 1.58579
257.483 6.918 702.578 1.62253
257.539 7.01046 702.969 1.665
257.596 7.10555 703.366 1.70972
257.652 7.20297 703.769 1.75015
257.708 7.30294 704.177 1.79895
257.764 7.40552 704.591 1.84262
257.82 7.51051 705.01 1.88361
257.876 7.61762 705.436 1.9246
257.933 7.72716 705.867 1.968
257.989 7.83907 706.305 2.01095
258.045 7.95381 706.749 2.06798
258.101 8.07063 707.2 2.08983
258.157 8.189 707.658 2.11837
258.213 8.30886 708.122 2.1515
258.27 8.43029 708.593 2.17379
258.326 8.55345 709.07 2.20634
258.382 8.67783 709.555 2.21935
258.438 8.80319 710.047 2.23789
258.494 8.92888 710.546 2.23782
258.551 9.0548 711.052 2.24167
258.607 9.18051 711.564 2.23327
258.663 9.30566 712.084 2.22979
258.719 9.43006 712.611 2.20277
258.775 9.55292 713.145 2.1772
258.831 9.67417 713.686 2.14455
258.888 9.79329 714.234 2.10199
258.944 9.9098 714.788 2.05694
259 10.0236 715.348 2.00225
259.056 10.1344 715.915 1.95078
259.112 10.2424 716.488 1.90007
259.169 10.3473 717.067 1.84354
259.225 10.449 717.652 1.7898
259.281 10.5475 718.242 1.73217
259.337 10.6429 718.838 1.67269
259.393 10.7351 719.439 1.62339
259.449 10.8244 720.045 1.56996
259.506 10.9116 720.656 1.53914
259.562 10.997 721.272 1.51251
259.618 11.0817 721.893 1.50297
259.674 11.1664 722.518 1.51174
259.73 11.2519 723.148 1.52818
259.787 11.3386 723.784 1.55679
259.843 11.4272 724.423 1.58665
259.899 11.5174 725.068 1.62537
259.955 11.6105 725.719 1.67496
260.011 11.7062 726.374 1.72622
260.067 11.8049 727.035 1.77435
260.124 11.907 727.702 1.8437
260.18 12.0128 728.374 1.90613
260.236 12.1222 729.053 1.97741
260.292 12.2359 729.738 2.04932
260.348 12.353 730.429 2.11072
260.404 12.4737 731.127 2.17163
260.461 12.5979 731.832 2.23971
260.517 12.7256 732.544 2.29841
260.573 12.8571 733.263 2.36614
260.629 12.9922 733.99 2.43642
260.685 13.1314 734.725 2.50626
260.742 13.2743 735.467 2.56535
260.798 13.4204 736.218 2.63029
260.854 13.5694 736.977 2.66803
260.91 13.7209 737.744 2.71962
260.966 13.8752 738.52 2.76322
261.022 14.0322 739.305 2.8113
261.079 14.191 740.099 2.83903
261.135 14.3509 740.901 2.84922
261.191 14.5111 741.713 2.85235
261.247 14.671 742.534 2.8465
261.303 14.8309 743.363 2.84518
261.36 14.9907 744.202 2.83932
261.416 15.1496 745.049 2.81897
261.472 15.3074 745.906 2.80277
261.528 15.4643 746.771 2.78521
261.584 15.62 747.645 2.75958
261.64 15.7736 748.528 2.7208
261.697 15.9249 749.419 2.67616
261.753 16.0728 750.319 2.59722
261.809 16.2155 751.227 2.49929
261.865 16.3516 752.142 2.36996
261.921 16.4786 753.065 2.17935
261.978 16.594 753.995 1.96778
262.034 16.696 754.931 1.70959
262.09 16.7822 755.872 1.40705
262.146 16.85 756.817 1.06356
262.202 16.8966 757.765 0.672456
262.258 16.92 758.715 0.239577
262.315 16.9178 759.666 -0.228246
262.371 16.888 760.615 -0.737058
262.427 16.8281 761.562 -1.2907
262.483 16.7363 762.505 -1.86711
262.539 16.6114 763.441 -2.46707
262.596 16.4522 764.369 -3.08705
262.652 16.258 765.287 -3.71239
262.708 16.0292 766.193 -4.31712
262.764 15.7654 767.084 -4.93875
262.82 15.4671 767.96 -5.55912
262.876 15.1338 768.818 -6.17994
262.933 14.7659 769.656 -6.80458
262.989 14.3627 770.472 -7.42447
263.045 13.924 771.264 -8.06226
263.101 13.4497 772.031 -8.69416
263.157 12.9407 772.769 -9.30607
263.213 12.397 773.478 -9.91834
263.27 11.821 774.155 -10.4696
263.326 11.2165 774.799 -10.9382
263.382 10.5895 775.408 -11.296
263.438 9.9466 775.982 -11.5299
263.494 9.29392 776.518 -11.6582
263.551 8.63824 777.019 -11.671
263.607 7.98496 777.482 -11.589
263.663 7.33885 777.909 -11.4355
263.719 6.70335 778.299 -11.2087
263.775 6.0821 778.655 -10.9492
263.831 5.47944 778.976 -10.5725
263.888 4.89886 779.264 -10.177
263.944 4.34291 779.521 -9.71346
264 3.8129 779.747 -9.23904
264.056 3.31079 779.944 -8.72895
264.112 2.83882 780.114 -8.17862
264.169 2.39879 780.258 -7.59767
264.225 1.99346 780.379 -6.94996
264.281 1.62593 780.479 -6.26272
264.337 1.29845 780.559 -5.54059
264.393 1.01101 780.622 -4.84027
264.449 0.761051 780.67 -4.2002
264.506 0.544518 780.705 -3.63035
264.562 0.358517 780.73 -3.10911
264.618 0.199827 780.744 -2.64111
264.674 0.0660321 780.751 -2.21271
264.73 -0.0446185 780.751 -1.8132
264.787 -0.134103 780.745 -1.45167
264.843 -0.204851 780.735 -1.13016
264.899 -0.25776 780.722 -0.820463
264.955 -0.294251 780.706 -0.534232
265.011 -0.315376 780.689 -0.273571
265.067 -0.322862 780.671 -0.0408099
265.124 -0.318472 780.653 0.157147
265.18 -0.303599 780.635 0.335129
265.236 -0.278999 780.619 0.506126
265.292 -0.2453 780.604 0.658289
265.348 -0.2039 780.592 0.787092
265.404 -0.156268 780.582 0.886155
265.461 -0.103552 780.575 0.969508
265.517 -0.0470672 780.571 1.02532
265.573 0.011544 780.57 1.05354
265.629 0.070916 780.573 1.05601
265.685 0.129582 780.579 1.03459
265.742 0.186309 780.588 0.989734
265.798 0.239782 780.601 0.923684
265.854 0.288884 780.616 0.84054
265.91 0.33327 780.633 0.757863
265.966 0.373077 780.654 0.674902
266.022 0.408293 780.676 0.600437
266.079 0.43949 780.7 0.530938
266.135 0.467552 780.725 0.481167
266.191 0.493529 780.753 0.448811
266.247 0.518151 780.781 0.432838
266.303 0.542366 780.811 0.433966
266.36 0.567323 780.842 0.453114
266.416 0.593863 780.875 0.490249
266.472 0.622771 780.909 0.531304
266.528 0.654276 780.945 0.578916
266.584 0.688437 780.983 0.627329
266.64 0.725031 781.023 0.668931
266.697 0.764416 781.065 0.718447
266.753 0.806394 781.11 0.768679
266.809 0.85136 781.156 0.821695
266.865 0.898595 781.206 0.852469
266.921 0.947527 781.258 0.882124
266.978 0.998133 781.313 0.909878
267.034 1.04972 781.371 0.924114
267.09 1.10193 781.431 0.931593
267.146 1.1549 781.495 0.948403
267.202 1.20834 781.562 0.950613
267.258 1.26152 781.632 0.945711
267.315 1.31467 781.704 0.94323
267.371 1.36774 781.78 0.943709
267.427 1.42091 781.858 0.947431
267.483 1.47424 781.94 0.951573
267.539 1.52822 782.025 0.968919
267.596 1.58341 782.112 0.993991
267.652 1.64035 782.203 1.0268
267.708 1.69912 782.297 1.05776
267.764 1.75971 782.395 1.09231
267.82 1.82244 782.496 1.13495
267.876 1.8877 782.6 1.17924
267.933 1.95549 782.709 1.22673
267.989 2.02584 782.821 1.26892
268.045 2.09865 782.937 1.31285
268.101 2.17406 783.058 1.36255
268.157 2.25226 783.182 1.41056
268.213 2.3328 783.312 1.44966
268.27 2.41564 783.446 1.49302
268.326 2.50125 783.584 1.54223
268.382 2.58986 783.728 1.60015
268.438 2.68097 783.876 1.64109
268.494 2.77475 784.03 1.68703
268.551 2.87111 784.189 1.7348
268.607 2.97029 784.354 1.78683
268.663 3.07261 784.524 1.84336
268.719 3.17821 784.7 1.90455
268.775 3.28736 784.882 1.96839
268.831 3.40015 785.071 2.03418
268.888 3.51652 785.266 2.09676
268.944 3.63654 785.467 2.16327
269 3.76042 785.676 2.23027
269.056 3.88762 785.891 2.28665
269.112 4.0183 786.114 2.3545
269.169 4.1521 786.344 2.40565
269.225 4.28938 786.582 2.46848
269.281 4.43029 786.828 2.53037
269.337 4.57436 787.082 2.58404
269.393 4.72134 787.344 2.63769
269.449 4.87071 787.614 2.66976
269.506 5.02183 787.893 2.70017
269.562 5.17439 788.18 2.72293
269.618 5.32736 788.476 2.7227
269.674 5.48026 788.78 2.72042
269.73 5.6327 789.093 2.70766
269.787 5.78399 789.415 2.68147
269.843 5.93319 789.745 2.63207
269.899 6.07905 790.083 2.56994
269.955 6.22079 790.429 2.48931
270.011 6.35745 790.783 2.39045
270.067 6.48774 791.145 2.26957
270.124 6.61058 791.514 2.12836
270.18 6.72509 791.889 1.97851
270.236 6.83116 792.27 1.82697
270.292 6.92846 792.657 1.66584
270.348 7.01627 793.05 1.49025
270.404 7.09337 793.446 1.29214
270.461 7.15896 793.847 1.08097
270.517 7.21249 794.251 0.869975
270.573 7.25424 794.658 0.660422
270.629 7.28455 795.067 0.459683
270.685 7.30332 795.477 0.250296
270.742 7.3104 795.887 0.0498361
270.798 7.3063 796.298 -0.152598
270.854 7.29092 796.708 -0.353307
270.91 7.26467 797.116 -0.544886
270.966 7.22756 797.523 -0.739913
271.022 7.17974 797.928 -0.92684
271.079 7.12097 798.329 -1.11658
271.135 7.05215 798.727 -1.29709
271.191 6.97328 799.121 -1.47845
271.247 6.88462 799.509 -1.64277
271.303 6.78728 799.893 -1.79106
271.36 6.68155 800.271 -1.93977
271.416 6.56737 800.642 -2.09105
271.472 6.4453 801.007 -2.22411
271.528 6.31643 801.365 -2.33563
271.584 6.18169 801.715 -2.43467
271.64 6.04161 802.058 -2.51864
271.697 5.89778 802.392 -2.58077
271.753 5.75167 802.719 -2.60908
271.809 5.60501 803.037 -2.6081
271.865 5.4597 803.347 -2.57064
271.921 5.31727 803.649 -2.50669
271.978 5.17962 803.943 -2.40898
272.034 5.04799 804.23 -2.29431
272.09 4.92371 804.509 -2.15419
272.146 4.80797 804.782 -1.99679
272.202 4.70157 805.048 -1.82481
272.258 4.60507 805.309 -1.64452
272.315 4.51922 805.565 -1.44942
272.371 4.44436 805.816 -1.25489
272.427 4.38028 806.063 -1.068
272.483 4.3264 806.308 -0.887059
272.539 4.28286 806.549 -0.699667
272.596 4.24976 806.789 -0.515771
272.652 4.22664 807.027 -0.342901
272.708 4.2131 807.264 -0.176537
272.764 4.2082 807.5 -0.0267337
272.82 4.21145 807.737 0.112591
272.876 4.22219 807.973 0.240441
272.933 4.23958 808.211 0.355588
272.989 4.26319 808.45 0.464209
273.045 4.29267 808.691 0.561454
273.101 4.32711 808.933 0.645481
273.157 4.36585 809.177 0.716449
273.213 4.40826 809.424 0.780071
273.27 4.45385 809.673 0.83256
273.326 4.50245 809.925 0.886029
273.382 4.55293 810.18 0.906906
273.438 4.60471 810.437 0.926875
273.494 4.65671 810.698 0.925837
273.551 4.70868 810.961 0.921032
273.607 4.75986 811.227 0.905473
273.663 4.80971 811.496 0.87189
273.719 4.85745 811.768 0.835931
273.775 4.90287 812.043 0.791953
273.831 4.94529 812.32 0.72982
273.888 4.98399 812.599 0.660364
273.944 5.01872 812.88 0.589935
274 5.04894 813.163 0.503585
274.056 5.07446 813.447 0.423151
274.112 5.09564 813.733 0.347001
274.169 5.11253 814.02 0.273737
274.225 5.1257 814.308 0.209425
274.281 5.13519 814.596 0.146292
274.337 5.1415 814.885 0.0909483
274.393 5.14496 815.174 0.0419784
274.449 5.146 815.463 0.00196089
274.506 5.14505 815.752 -0.0276517
274.562 5.14249 816.041 -0.0506227
274.618 5.13918 816.33 -0.0649186
274.674 5.13494 816.618 -0.0808375
274.73 5.13007 816.907 -0.0904269
274.787 5.12522 817.195 -0.083361
274.843 5.12097 817.482 -0.071554
274.899 5.11708 817.77 -0.0722928
274.955 5.1144 818.057 -0.0381867
275.011 5.11291 818.345 -0.0166405
275.067 5.11259 818.632 0.00613656
275.124 5.11425 818.919 0.0426768
275.18 5.1178 819.207 0.0787487
275.236 5.12376 819.494 0.125786
275.292 5.13292 819.782 0.189053
275.348 5.14557 820.071 0.252397
275.404 5.1622 820.361 0.325197
275.461 5.18329 820.651 0.408525
275.517 5.20909 820.944 0.496904
275.573 5.24018 821.237 0.591045
275.629 5.27666 821.533 0.693032
275.685 5.31892 821.831 0.791256
275.742 5.36687 822.131 0.892421
275.798 5.42063 822.434 1.00025
275.854 5.47979 822.741 1.0916
275.91 5.54476 823.051 1.19703
275.966 5.61523 823.365 1.29649
276.022 5.69155 823.683 1.39711
276.079 5.77336 824.005 1.49532
276.135 5.86042 824.332 1.58571
276.191 5.95287 824.665 1.68471
276.247 6.05065 825.002 1.77635
276.303 6.15282 825.346 1.84604
276.36 6.25936 825.695 1.92878
276.416 6.37021 826.05 2.0003
276.472 6.48479 826.412 2.06705
276.528 6.60308 826.78 2.12884
276.584 6.72425 827.155 2.17416
276.64 6.84758 827.537 2.20634
276.697 6.97169 827.926 2.20797
276.753 7.09518 828.322 2.18992
276.809 7.21727 828.725 2.15897
276.865 7.33699 829.134 2.1112
276.921 7.4533 829.55 2.03841
276.978 7.56514 829.973 1.95474
277.034 7.67134 830.402 1.83858
277.09 7.77043 830.836 1.7113
277.146 7.86203 831.276 1.57744
277.202 7.94494 831.72 1.40348
277.258 8.0173 832.169 1.20778
277.315 8.07773 832.621 0.989798
277.371 8.12541 833.077 0.751623
277.427 8.15946 833.535 0.503859
277.483 8.17912 833.994 0.247932
277.539 8.18374 834.453 -0.0315204
277.596 8.17253 834.913 -0.312652
277.652 8.14607 835.371 -0.576336
277.708 8.10511 835.828 -0.834274
277.764 8.04952 836.281 -1.09251
277.82 7.98013 836.731 -1.33236
277.876 7.89786 837.177 -1.54893
277.933 7.80346 837.617 -1.76548
277.989 7.69815 838.052 -1.94257
278.045 7.58321 838.481 -2.11174
278.101 7.45954 838.903 -2.26274
278.157 7.32849 839.317 -2.37644
278.213 7.19081 839.724 -2.49794
278.27 7.04747 840.124 -2.58694
278.326 6.89916 840.515 -2.6761
278.382 6.74636 840.897 -2.75122
278.438 6.58954 841.271 -2.81879
278.494 6.43016 841.636 -2.85225
278.551 6.26868 841.991 -2.87825
278.607 6.10632 842.338 -2.89216
278.663 5.94452 842.676 -2.86627
278.719 5.78477 843.004 -2.82893
278.775 5.62842 843.324 -2.74881
278.831 5.47766 843.635 -2.63842
278.888 5.33457 843.938 -2.485
278.944 5.20066 844.233 -2.31377
279 5.07757 844.521 -2.10651
279.056 4.96681 844.803 -1.8786
279.112 4.87038 845.078 -1.60897
279.169 4.78897 845.349 -1.34348
279.225 4.72338 845.616 -1.04636
279.281 4.67483 845.879 -0.745792
279.337 4.64322 846.141 -0.437697
279.393 4.62938 846.401 -0.118592
279.449 4.63318 846.661 0.18971
279.506 4.65376 846.922 0.483802
279.562 4.69041 847.185 0.760833
279.618 4.74187 847.45 1.01376
279.674 4.80663 847.719 1.24169
279.73 4.88376 847.991 1.4553
279.787 4.97174 848.268 1.63391
279.843 5.0685 848.551 1.77603
279.899 5.17207 848.839 1.88639
279.955 5.2809 849.133 1.96743
280.011 5.39264 849.434 1.99605
280.067 5.50483 849.741 1.99251
280.124 5.61506 850.054 1.93298
280.18 5.72082 850.373 1.84382
280.236 5.82032 850.697 1.71907
280.292 5.91175 851.028 1.55747
280.348 5.99281 851.362 1.36345
280.404 6.06231 851.701 1.15699
280.461 6.11983 852.044 0.934033
280.517 6.16445 852.389 0.697259
280.573 6.19501 852.737 0.440646
280.629 6.21078 853.085 0.17171
280.685 6.21152 853.435 -0.0951381
280.742 6.19701 853.783 -0.367134
280.798 6.16712 854.13 -0.642116
280.854 6.12227 854.475 -0.905301
280.91 6.06265 854.817 -1.16311
280.966 5.98868 855.155 -1.41805
281.022 5.90096 855.489 -1.65574
281.079 5.80113 855.817 -1.85226
281.135 5.69062 856.139 -2.03846
281.191 5.57091 856.455 -2.18387
281.247 5.44393 856.764 -2.30303
281.303 5.31167 857.065 -2.38371
281.36 5.17563 857.359 -2.4427
281.416 5.03723 857.645 -2.46997
281.472 4.89823 857.923 -2.47464
281.528 4.75999 858.194 -2.44457
281.584 4.62441 858.457 -2.39106
281.64 4.49222 858.712 -2.32857
281.697 4.36412 858.96 -2.24196
281.753 4.2416 859.201 -2.14251
281.809 4.12492 859.436 -2.03114
281.865 4.01445 859.664 -1.9212
281.921 3.91077 859.886 -1.79136
281.978 3.81523 860.102 -1.64139
282.034 3.72786 860.313 -1.49656
282.09 3.64886 860.52 -1.34282
282.146 3.57878 860.723 -1.18483
282.202 3.51778 860.922 -1.02
282.258 3.46618 861.117 -0.853134
282.315 3.42333 861.311 -0.699397
282.371 3.38958 861.502 -0.53635
282.427 3.36506 861.691 -0.367991
282.483 3.35022 861.88 -0.194518
282.539 3.34491 862.068 -0.030077
282.596 3.34832 862.256 0.121013
282.652 3.36045 862.444 0.279539
282.708 3.38146 862.634 0.436957
282.764 3.4113 862.825 0.594019
282.82 3.44971 863.018 0.742481
282.876 3.49623 863.213 0.88398
282.933 3.55047 863.411 1.01807
282.989 3.61187 863.613 1.13989
283.045 3.67984 863.818 1.25407
283.101 3.75409 864.027 1.36344
283.157 3.83394 864.241 1.45805
283.213 3.91891 864.459 1.54727
283.27 4.00826 864.682 1.61864
283.326 4.10134 864.91 1.67929
283.382 4.19791 865.144 1.74263
283.438 4.29803 865.383 1.80621
283.494 4.40097 865.628 1.84903
283.551 4.50614 865.879 1.88698
283.607 4.6135 866.136 1.9271
283.663 4.72288 866.399 1.96091
283.719 4.8341 866.668 1.99051
283.775 4.94713 866.943 2.02658
283.831 5.062 867.225 2.05605
283.888 5.1784 867.513 2.07926
283.944 5.29616 867.808 2.10823
284 5.41588 868.11 2.1459
284.056 5.53709 868.418 2.16759
284.112 5.6601 868.733 2.20444
284.169 5.78526 869.055 2.24315
284.225 5.91252 869.385 2.2819
284.281 6.04207 869.721 2.32361
284.337 6.17444 870.065 2.37758
284.393 6.31027 870.416 2.44531
284.449 6.44983 870.776 2.50935
284.506 6.5936 871.143 2.59162
284.562 6.74152 871.518 2.6589
284.618 6.89312 871.902 2.72302
284.674 7.04832 872.295 2.78893
284.73 7.20729 872.696 2.85724
284.787 7.36955 873.106 2.90719
284.843 7.53479 873.526 2.96164
284.899 7.70246 873.955 3.00211
284.955 7.87216 874.393 3.03256
285.011 8.04421 874.841 3.07324
285.067 8.21747 875.299 3.08879
285.124 8.39051 875.766 3.07399
285.18 8.56242 876.244 3.05159
285.236 8.73276 876.73 3.01944
285.292 8.901 877.227 2.9728
285.348 9.06625 877.732 2.91984
285.404 9.22771 878.247 2.83849
285.461 9.38376 878.771 2.7402
285.517 9.53432 879.303 2.63984
285.573 9.67932 879.844 2.54043
285.629 9.81805 880.392 2.41878
285.685 9.94989 880.948 2.29019
285.742 10.0744 881.511 2.15927
285.798 10.1904 882.081 2.001
285.854 10.2971 882.657 1.82804
285.91 10.3936 883.239 1.64483
285.966 10.4803 883.826 1.47772
286.022 10.5576 884.418 1.313
286.079 10.6269 885.013 1.17684
286.135 10.6892 885.612 1.06929
286.191 10.7461 886.215 0.978401
286.247 10.7992 886.82 0.930324
286.303 10.8506 887.429 0.91633
286.36 10.9031 888.04 0.946986
286.416 10.9585 888.654 1.01895
286.472 11.0197 889.272 1.13666
286.528 11.0885 889.893 1.29584
286.584 11.1679 890.519 1.48827
286.64 11.2582 891.149 1.69109
286.697 11.3598 891.785 1.88474
286.753 11.4714 892.427 2.04661
286.809 11.5909 893.076 2.18369
286.865 11.718 893.731 2.31285
286.921 11.8508 894.394 2.39476
286.978 11.9867 895.064 2.41523
287.034 12.1209 895.742 2.36226
287.09 12.2493 896.427 2.22234
287.146 12.3667 897.12 1.99073
287.202 12.4683 897.818 1.68064
287.258 12.5512 898.521 1.34016
287.315 12.6141 899.229 0.972985
287.371 12.6562 899.939 0.599029
287.427 12.6779 900.651 0.24614
287.483 12.6803 901.363 -0.0974391
287.539 12.6633 902.075 -0.435368
287.596 12.6283 902.785 -0.750834
287.652 12.5752 903.493 -1.07215
287.708 12.5048 904.197 -1.37609
287.764 12.4173 904.897 -1.67564
287.82 12.3125 905.591 -1.99484
287.876 12.1895 906.279 -2.31978
287.933 12.0482 906.959 -2.64271
287.989 11.8891 907.63 -2.96121
288.045 11.7124 908.292 -3.25987
288.101 11.52 908.944 -3.53481
288.157 11.3133 909.584 -3.7754
288.213 11.0936 910.212 -3.99523
288.27 10.8623 910.828 -4.19602
288.326 10.6212 911.43 -4.34775
288.382 10.3726 912.018 -4.46848
288.438 10.1189 912.593 -4.54488
288.494 9.86224 913.152 -4.57881
288.551 9.60473 913.698 -4.57959
288.607 9.34904 914.229 -4.52426
288.663 9.09771 914.745 -4.43205
288.719 8.85304 915.248 -4.29862
288.775 8.61707 915.738 -4.12771
288.831 8.39166 916.214 -3.93137
288.888 8.17817 916.678 -3.70965
288.944 7.97745 917.131 -3.48101
289 7.78969 917.573 -3.23787
289.056 7.61584 918.004 -2.99897
289.112 7.45552 918.427 -2.75596
289.169 7.30969 918.841 -2.48504
289.225 7.17938 919.247 -2.21477
289.281 7.06461 919.646 -1.93446
289.337 6.96483 920.04 -1.67299
289.393 6.88003 920.428 -1.40067
289.449 6.81061 920.812 -1.12492
289.506 6.75721 921.193 -0.821257
289.562 6.72017 921.571 -0.547482
289.618 6.69927 921.948 -0.255025
289.674 6.69382 922.324 0.00275131
289.73 6.70284 922.7 0.258601
289.787 6.72564 923.078 0.503949
289.843 6.76186 923.457 0.740776
289.899 6.81072 923.838 0.95034
289.955 6.87022 924.223 1.12926
290.011 6.93868 924.611 1.26852
290.067 7.01424 925.003 1.38932
290.124 7.09513 925.4 1.47227
290.18 7.17944 925.801 1.51593
290.236 7.2646 926.208 1.52031
290.292 7.34963 926.619 1.51532
290.348 7.43303 927.034 1.45975
290.404 7.51415 927.455 1.42238
290.461 7.59217 927.88 1.3646
290.517 7.66649 928.309 1.293
290.573 7.73713 928.742 1.22839
290.629 7.80383 929.179 1.15991
290.685 7.86716 929.619 1.10548
290.742 7.92695 930.063 1.03632
290.798 7.98282 930.51 0.966053
290.854 8.03467 930.961 0.886117
290.91 8.08289 931.414 0.834062
290.966 8.12796 931.869 0.78159
291.022 8.17052 932.327 0.740466
291.079 8.21083 932.788 0.705958
291.135 8.24962 933.25 0.679212
291.191 8.28703 933.715 0.661179
291.247 8.32345 934.182 0.637955
291.303 8.36005 934.651 0.653884
291.36 8.39706 935.122 0.67151
291.416 8.43539 935.595 0.691438
291.472 8.47508 936.07 0.718729
291.528 8.51693 936.547 0.762239
291.584 8.56119 937.027 0.808568
291.64 8.60892 937.51 0.876054
291.697 8.66041 937.995 0.944576
291.753 8.71604 938.484 1.0206
291.809 8.7766 938.975 1.10901
291.865 8.84221 939.471 1.20585
291.921 8.91325 939.97 1.30295
291.978 8.99037 940.473 1.41652
292.034 9.07366 940.981 1.52542
292.09 9.1632 941.494 1.64313
292.146 9.25919 942.012 1.75656
292.202 9.36159 942.535 1.86773
292.258 9.47049 943.065 1.98262
292.315 9.58555 943.601 2.09157
292.371 9.70665 944.143 2.20191
292.427 9.83429 944.693 2.3179
292.483 9.96842 945.25 2.43356
292.539 10.1087 945.815 2.52972
292.596 10.2549 946.387 2.6432
292.652 10.4063 946.969 2.71856
292.708 10.5628 947.559 2.82555
292.764 10.7248 948.157 2.91744
292.82 10.8915 948.765 2.99704
292.876 11.0627 949.383 3.0784
292.933 11.2377 950.011 3.13783
292.989 11.416 950.648 3.19547
293.045 11.5972 951.295 3.23983
293.101 11.7801 951.953 3.26356
293.157 11.9638 952.621 3.2729
293.213 12.1476 953.299 3.27009
293.27 12.3311 953.988 3.26161
293.326 12.5137 954.687 3.24104
293.382 12.6947 955.396 3.20637
293.438 12.8732 956.115 3.16347
293.494 13.0492 956.844 3.11217
293.551 13.2224 957.583 3.06242
293.607 13.3923 958.332 3.0005
293.663 13.5582 959.09 2.92099
293.719 13.7191 959.857 2.83133
293.775 13.8749 960.633 2.73652
293.831 14.0257 961.418 2.64716
293.888 14.1712 962.21 2.55164
293.944 14.3112 963.011 2.44965
294 14.4458 963.82 2.35513
294.056 14.575 964.636 2.26456
294.112 14.6991 965.459 2.16873
294.169 14.8179 966.289 2.07917
294.225 14.9315 967.125 1.98576
294.281 15.04 967.968 1.89253
294.337 15.1432 968.816 1.8029
294.393 15.2414 969.67 1.71084
294.449 15.3337 970.529 1.5968
294.506 15.4202 971.394 1.49852
294.562 15.5005 972.263 1.38261
294.618 15.5736 973.136 1.25173
294.674 15.6398 974.013 1.12501
294.73 15.6983 974.894 0.982271
294.787 15.7483 975.778 0.826704
294.843 15.7891 976.664 0.659486
294.899 15.8202 977.552 0.482977
294.955 15.8416 978.442 0.310814
295.011 15.8526 979.332 0.125205
295.067 15.8536 980.223 -0.0524528
295.124 15.8441 981.113 -0.246888
295.18 15.8243 982.002 -0.423636
295.236 15.7944 982.891 -0.602673
295.292 15.7548 983.777 -0.776034
295.348 15.7058 984.66 -0.935899
295.404 15.6484 985.54 -1.074
295.461 15.584 986.417 -1.19572
295.517 15.5129 987.291 -1.30816
295.573 15.4358 988.16 -1.41226
295.629 15.3535 989.024 -1.49029
295.685 15.2675 989.884 -1.56072
295.742 15.1779 990.738 -1.61638
295.798 15.0857 991.588 -1.65384
295.854 14.9916 992.432 -1.68002
295.91 14.8963 993.271 -1.7099
295.966 14.7991 994.105 -1.74156
296.022 14.7005 994.933 -1.76395
296.079 14.6003 995.756 -1.79452
296.135 14.4972 996.572 -1.85794
296.191 14.3905 997.383 -1.92985
296.247 14.2792 998.188 -2.01801
296.303 14.1625 998.986 -2.11985
296.36 14.0396 999.778 -2.22979
296.416 13.9108 1000.56 -2.33685
296.472 13.7758 1001.34 -2.44033
296.528 13.635 1002.11 -2.54915
296.584 13.488 1002.87 -2.65585
296.64 13.3354 1003.62 -2.75266
296.697 13.1782 1004.37 -2.8258
296.753 13.0171 1005.1 -2.89351
296.809 12.853 1005.83 -2.93586
296.865 12.6873 1006.54 -2.95212
296.921 12.521 1007.25 -2.96097
296.978 12.355 1007.95 -2.94665
297.034 12.1905 1008.64 -2.91351
297.09 12.0283 1009.32 -2.86451
297.146 11.87 1009.99 -2.78773
297.202 11.7163 1010.65 -2.69487
297.258 11.5685 1011.3 -2.5868
297.315 11.4269 1011.95 -2.47184
297.371 11.2919 1012.58 -2.35349
297.427 11.164 1013.21 -2.22875
297.483 11.0429 1013.84 -2.1048
297.539 10.929 1014.45 -1.97773
297.596 10.8222 1015.06 -1.85156
297.652 10.7221 1015.67 -1.73451
297.708 10.6286 1016.27 -1.62008
297.764 10.5411 1016.86 -1.51785
297.82 10.4592 1017.45 -1.41709
297.876 10.3827 1018.04 -1.32449
297.933 10.3113 1018.62 -1.23938
297.989 10.2443 1019.19 -1.15925
298.045 10.1818 1019.77 -1.08063
298.101 10.1235 1020.34 -1.01261
298.157 10.0692 1020.9 -0.939058
298.213 10.0191 1021.47 -0.858861
298.27 9.9732 1022.03 -0.783199
298.326 9.93174 1022.59 -0.706598
298.382 9.89495 1023.15 -0.619033
298.438 9.86316 1023.7 -0.526403
298.494 9.83656 1024.25 -0.435891
298.551 9.81555 1024.81 -0.332836
298.607 9.80032 1025.36 -0.226693
298.663 9.79098 1025.91 -0.128482
298.719 9.78764 1026.46 -0.0152549
298.775 9.79028 1027.01 0.091118
298.831 9.79885 1027.56 0.193847
298.888 9.81329 1028.11 0.299192
298.944 9.83335 1028.66 0.392702
299 9.85815 1029.21 0.470001
299.056 9.88694 1029.77 0.537763
299.112 9.91896 1030.32 0.591074
299.169 9.95381 1030.88 0.634816
299.225 9.9905 1031.44 0.665578
299.281 10.0285 1032.01 0.686237
299.337 10.0676 1032.57 0.698838
299.393 10.1072 1033.14 0.711191
299.449 10.1474 1033.71 0.716105
299.506 10.1879 1034.28 0.722307
299.562 10.2289 1034.85 0.724928
299.618 10.2712 1035.43 0.760798
299.674 10.3149 1036.01 0.791717
299.73 10.3601 1036.59 0.812819
299.787 10.4067 1037.17 0.842605
299.843 10.4552 1037.76 0.875255
299.899 10.5054 1038.35 0.903259
299.955 10.5569 1038.94 0.925273
300.011 10.6097 1039.53 0.947429
300.067 10.6634 1040.13 0.956657
300.124 10.717 1040.73 0.953843
300.18 10.771 1041.34 0.968225
300.236 10.8262 1041.94 0.995919
300.292 10.8833 1042.55 1.03038
300.348 10.9424 1043.17 1.06266
300.404 11.0035 1043.78 1.10927
300.461 11.0676 1044.4 1.16272
300.517 11.1346 1045.03 1.20594
300.573 11.2036 1045.65 1.24171
300.629 11.2739 1046.29 1.25638
300.685 11.3447 1046.92 1.25992
300.742 11.4152 1047.56 1.24764
300.798 11.4841 1048.21 1.21131
300.854 11.5507 1048.85 1.16471
300.91 11.6138 1049.5 1.09582
300.966 11.6723 1050.16 1.00039
301.022 11.725 1050.82 0.894902
301.079 11.7714 1051.48 0.777675
301.135 11.8107 1052.14 0.650259
301.191 11.8433 1052.8 0.533988
301.247 11.8696 1053.47 0.42588
301.303 11.8894 1054.14 0.30381
301.36 11.9028 1054.81 0.198352
301.416 11.9113 1055.47 0.122011
301.472 11.9158 1056.14 0.0538072
301.528 11.917 1056.81 -0.00358442
301.584 11.9148 1057.48 -0.056946
301.64 11.9102 1058.15 -0.0965535
301.697 11.9041 1058.82 -0.115278
301.753 11.8976 1059.49 -0.110929
301.809 11.8921 1060.16 -0.0817732
301.865 11.8894 1060.83 -0.0229841
301.921 11.891 1061.49 0.0678667
301.978 11.8986 1062.16 0.18592
302.034 11.9141 1062.83 0.341156
302.09 11.9393 1063.5 0.521956
302.146 11.976 1064.17 0.741652
302.202 12.0243 1064.85 0.944762
302.258 12.0843 1065.53 1.14846
302.315 12.1549 1066.21 1.32321
302.371 12.2344 1066.89 1.4731
302.427 12.3211 1067.58 1.58464
302.483 12.4122 1068.28 1.6373
302.539 12.5047 1068.98 1.64892
302.596 12.5969 1069.68 1.63448
302.652 12.6867 1070.39 1.56971
302.708 12.7718 1071.11 1.47445
302.764 12.851 1071.83 1.37515
302.82 12.9249 1072.55 1.27227
302.876 12.9928 1073.28 1.1657
302.933 13.0547 1074.01 1.06188
302.989 13.1108 1074.75 0.960477
303.045 13.1614 1075.49 0.866398
303.101 13.2071 1076.23 0.782436
303.157 13.2482 1076.97 0.702444
303.213 13.2856 1077.72 0.641934
303.27 13.3195 1078.47 0.577872
303.326 13.3493 1079.22 0.501297
303.382 13.375 1079.97 0.418968
303.438 13.3953 1080.72 0.325371
303.494 13.4101 1081.47 0.221289
303.551 13.4189 1082.22 0.107081
303.607 13.4208 1082.98 -0.0207703
303.663 13.4144 1083.73 -0.175738
303.719 13.3991 1084.49 -0.343504
303.775 13.3738 1085.24 -0.521535
303.831 13.3381 1085.99 -0.713979
303.888 13.2911 1086.74 -0.920692
303.944 13.2328 1087.48 -1.1179
304 13.1628 1088.22 -1.33042
304.056 13.0809 1088.96 -1.54255
304.112 12.9873 1089.69 -1.74826
304.169 12.8826 1090.42 -1.93833
304.225 12.7675 1091.14 -2.12145
304.281 12.6426 1091.85 -2.28768
304.337 12.5089 1092.56 -2.4412
304.393 12.3671 1093.25 -2.57762
304.449 12.2178 1093.94 -2.70364
304.506 12.0621 1094.62 -2.81355
304.562 11.9012 1095.3 -2.89244
304.618 11.7369 1095.96 -2.94003
304.674 11.5705 1096.61 -2.97344
304.73 11.4031 1097.26 -2.98127
304.787 11.2361 1097.89 -2.96304
304.843 11.0707 1098.52 -2.92906
304.899 10.908 1099.13 -2.87421
304.955 10.7486 1099.74 -2.8094
305.011 10.593 1100.34 -2.74189
305.067 10.4418 1100.93 -2.6684
305.124 10.2942 1101.51 -2.5997
305.18 10.1502 1102.09 -2.54098
305.236 10.0093 1102.65 -2.4827
305.292 9.87187 1103.21 -2.42776
305.348 9.73717 1103.76 -2.37907
305.404 9.60477 1104.3 -2.34288
305.461 9.47433 1104.84 -2.31089
305.517 9.3461 1105.36 -2.2619
305.573 9.22038 1105.89 -2.22094
305.629 9.09678 1106.4 -2.18069
305.685 8.97599 1106.91 -2.12786
305.742 8.85839 1107.41 -2.06751
305.798 8.74401 1107.9 -2.01195
305.854 8.63371 1108.39 -1.92828
305.91 8.52912 1108.87 -1.8173
305.966 8.43103 1109.35 -1.69663
306.022 8.34017 1109.82 -1.561
306.079 8.2578 1110.28 -1.40676
306.135 8.18472 1110.74 -1.23197
306.191 8.12093 1111.2 -1.06881
306.247 8.0669 1111.65 -0.889158
306.303 8.02288 1112.11 -0.714544
306.36 7.98841 1112.56 -0.546097
306.416 7.96331 1113 -0.380261
306.472 7.94728 1113.45 -0.224524
306.528 7.93987 1113.9 -0.0726079
306.584 7.94042 1114.34 0.0636255
306.64 7.94845 1114.79 0.192757
306.697 7.96313 1115.24 0.303182
306.753 7.98364 1115.68 0.401646
306.809 8.00935 1116.13 0.495804
306.865 8.04037 1116.58 0.587902
306.921 8.07563 1117.04 0.657949
306.978 8.11525 1117.49 0.737056
307.034 8.15924 1117.95 0.812174
307.09 8.20727 1118.41 0.883264
307.146 8.25967 1118.87 0.968517
307.202 8.31678 1119.34 1.04857
307.258 8.37843 1119.81 1.12931
307.315 8.44431 1120.28 1.1994
307.371 8.51318 1120.76 1.24812
307.427 8.58543 1121.24 1.30705
307.483 8.66077 1121.72 1.36357
307.539 8.73837 1122.21 1.39677
307.596 8.8177 1122.71 1.42028
307.652 8.89801 1123.2 1.43325
307.708 8.97851 1123.71 1.43399
307.764 9.05881 1124.21 1.426
307.82 9.13852 1124.73 1.40633
307.876 9.21622 1125.24 1.36735
307.933 9.2919 1125.76 1.33219
307.989 9.36536 1126.29 1.28689
308.045 9.43594 1126.81 1.238
308.101 9.50377 1127.35 1.18725
308.157 9.5688 1127.88 1.13546
308.213 9.6305 1128.42 1.07517
308.27 9.68902 1128.97 1.01907
308.326 9.74453 1129.51 0.965631
308.382 9.79679 1130.06 0.910101
308.438 9.84587 1130.61 0.845834
308.494 9.89131 1131.17 0.78697
308.551 9.9337 1131.73 0.730454
308.607 9.97264 1132.28 0.665545
308.663 10.0076 1132.85 0.593174
308.719 10.0384 1133.41 0.521015
308.775 10.0656 1133.97 0.456021
308.831 10.0882 1134.54 0.374618
308.888 10.1074 1135.11 0.311725
308.944 10.1234 1135.68 0.257685
309 10.1359 1136.25 0.195226
309.056 10.1455 1136.82 0.144015
309.112 10.1517 1137.39 0.0915774
309.169 10.1553 1137.96 0.0473023
309.225 10.1565 1138.53 0.00430961
309.281 10.1557 1139.1 -0.0287952
309.337 10.153 1139.67 -0.0569121
309.393 10.1487 1140.24 -0.0842938
309.449 10.1437 1140.81 -0.0892193
309.506 10.1382 1141.38 -0.100297
309.562 10.1326 1141.95 -0.100212
309.618 10.1267 1142.52 -0.107847
309.674 10.1203 1143.08 -0.115573
309.73 10.1132 1143.65 -0.137655
309.787 10.1042 1144.22 -0.172628
309.843 10.093 1144.79 -0.226044
309.899 10.0776 1145.35 -0.302119
309.955 10.0577 1145.92 -0.395667
