# t frame_uz frame_z ub_dans_repere
160.009 0.0420115 0.000238184 5.01983
160.037 0.179523 0.0036409 5.04536
160.075 0.373675 0.0150035 5.0662
160.12 0.602964 0.0380973 5.08304
160.17 0.85478 0.0753157 5.11146
160.222 1.12137 0.128003 5.14474
160.275 1.39753 0.197029 5.14753
160.33 1.67693 0.282505 5.08523
160.385 1.95198 0.383736 4.94508
160.44 2.22009 0.50118 4.74028
160.496 2.47711 0.634151 4.48189
160.552 2.71833 0.780981 4.19435
160.608 2.94271 0.940757 3.88215
160.664 3.15025 1.11252 3.5907
160.72 3.34233 1.29537 3.33831
160.776 3.5224 1.48856 3.13443
160.832 3.69165 1.69145 2.95512
160.888 3.85232 1.90353 2.81691
160.944 4.00668 2.12437 2.71862
161 4.15558 2.35367 2.62099
161.056 4.29947 2.59201 2.52222
161.112 4.43713 2.83822 2.39349
161.169 4.56601 3.09189 2.2232
161.225 4.68488 3.35246 2.04215
161.281 4.79374 3.61937 1.86443
161.337 4.89229 3.89205 1.68106
161.393 4.98087 4.16993 1.50876
161.449 5.06047 4.45247 1.3581
161.506 5.13202 4.73921 1.21926
161.562 5.19657 5.02973 1.1045
161.618 5.25525 5.32368 1.00722
161.674 5.3088 5.62074 0.922099
161.73 5.35816 5.92067 0.852724
161.787 5.40423 6.22326 0.798594
161.843 5.44794 6.52835 0.766744
161.899 5.49038 6.83584 0.751462
161.955 5.53283 7.14572 0.76194
162.011 5.57729 7.45804 0.816364
162.067 5.62524 7.77297 0.884414
162.124 5.67763 8.09074 0.966374
162.18 5.73504 8.41162 1.05992
162.236 5.79779 8.7359 1.15557
162.292 5.86564 9.06388 1.24208
162.348 5.93822 9.39584 1.31966
162.404 6.01454 9.73201 1.38353
162.461 6.09372 10.0726 1.42484
162.517 6.17462 10.4176 1.44585
162.573 6.25523 10.7672 1.42436
162.629 6.33454 11.1213 1.39932
162.685 6.41189 11.4798 1.35723
162.742 6.48598 11.8426 1.29385
162.798 6.55696 12.2094 1.23371
162.854 6.62389 12.58 1.16586
162.91 6.68709 12.9543 1.09839
162.966 6.74676 13.332 1.03773
163.022 6.80338 13.7129 0.989688
163.079 6.85778 14.097 0.959163
163.135 6.91094 14.484 0.938512
163.191 6.96305 14.8741 0.920891
163.247 7.01436 15.267 0.907913
163.303 7.06487 15.6627 0.892099
163.36 7.11467 16.0613 0.88578
163.416 7.16462 16.4627 0.892355
163.472 7.21488 16.8669 0.89746
163.528 7.26583 17.274 0.909608
163.584 7.31728 17.6839 0.917324
163.64 7.36862 18.0967 0.911177
163.697 7.42001 18.5124 0.916511
163.753 7.47138 18.931 0.916346
163.809 7.5225 19.3524 0.902961
163.865 7.57309 19.7768 0.8915
163.921 7.62284 20.2039 0.879785
163.978 7.67169 20.6338 0.85814
164.034 7.7196 21.0664 0.847201
164.09 7.76654 21.5017 0.827118
164.146 7.81198 21.9396 0.802126
164.202 7.85614 22.3799 0.781486
164.258 7.8999 22.8228 0.783228
164.315 7.94416 23.2681 0.794675
164.371 7.98941 23.7159 0.815693
164.427 8.03621 24.1663 0.845478
164.483 8.0852 24.6194 0.893596
164.539 8.13756 25.0754 0.957093
164.596 8.19355 25.5344 1.02407
164.652 8.25412 25.9967 1.11701
164.708 8.31985 26.4626 1.21382
164.764 8.39192 26.9325 1.32219
164.82 8.47077 27.4065 1.45143
164.876 8.55638 27.8853 1.57286
164.933 8.64896 28.3691 1.69922
164.989 8.74908 28.8583 1.83482
165.045 8.85637 29.3534 1.95607
165.101 8.9698 29.8548 2.05788
165.157 9.08877 30.3627 2.15631
165.213 9.21263 30.8774 2.23269
165.27 9.33984 31.3993 2.28216
165.326 9.46878 31.9283 2.29668
165.382 9.59727 32.4646 2.2804
165.438 9.72428 33.0081 2.24258
165.494 9.84841 33.5586 2.18667
165.551 9.96883 34.1159 2.11119
165.607 10.0845 34.6799 2.02091
165.663 10.1945 35.2502 1.91697
165.719 10.2984 35.8264 1.81002
165.775 10.3965 36.4083 1.70512
165.831 10.4888 36.9955 1.60279
165.888 10.5757 37.5877 1.50976
165.944 10.6575 38.1847 1.42247
166 10.7348 38.786 1.34151
166.056 10.8088 39.3916 1.30459
166.112 10.8807 40.0013 1.26256
166.169 10.9501 40.6149 1.21826
166.225 11.0173 41.2324 1.17128
166.281 11.0811 41.8535 1.10577
166.337 11.1403 42.478 1.01314
166.393 11.1934 43.1057 0.898779
166.449 11.2388 43.7361 0.743548
166.506 11.2751 44.3688 0.572292
166.562 11.3007 45.0031 0.374399
166.618 11.3144 45.6385 0.156495
166.674 11.3152 46.2742 -0.0802598
166.73 11.3026 46.9096 -0.311694
166.787 11.2767 47.5437 -0.554071
166.843 11.2386 48.176 -0.769043
166.899 11.1881 48.8058 -0.98663
166.955 11.1267 49.4323 -1.17108
167.011 11.0551 50.055 -1.3351
167.067 10.975 50.6734 -1.48395
167.124 10.8874 51.2871 -1.60542
167.18 10.795 51.8956 -1.66686
167.236 10.6992 52.4989 -1.7251
167.292 10.6021 53.0967 -1.73363
167.348 10.5045 53.689 -1.73696
167.404 10.4077 54.2759 -1.7097
167.461 10.3135 54.8574 -1.64814
167.517 10.2225 55.4337 -1.59566
167.573 10.1351 56.0051 -1.53003
167.629 10.0505 56.5716 -1.48985
167.685 9.96851 57.1334 -1.43465
167.742 9.88936 57.6908 -1.39658
167.798 9.81246 58.2438 -1.3526
167.854 9.73746 58.7925 -1.32316
167.91 9.66477 59.3371 -1.27598
167.966 9.59501 59.8777 -1.21427
168.022 9.52961 60.4145 -1.13024
168.079 9.47 60.9478 -1.00856
168.135 9.4184 61.4781 -0.854494
168.191 9.37642 62.0057 -0.670021
168.247 9.34672 62.5314 -0.427131
168.303 9.3318 63.056 -0.150237
168.36 9.33448 63.5802 0.190539
168.416 9.35861 64.1053 0.591795
168.472 9.40617 64.6326 1.0243
168.526 9.47768 65.1476 1.50776
168.579 9.57161 65.6491 1.97198
168.632 9.69048 66.1564 2.44954
168.686 9.83811 66.6834 2.93312
168.74 10.0116 67.2223 3.36792
168.794 10.2075 67.7713 3.77049
168.848 10.4229 68.3317 4.09762
168.902 10.6525 68.9042 4.31187
168.957 10.8911 69.4894 4.44729
169.011 11.1361 70.0922 4.49898
169.067 11.3879 70.7263 4.46873
169.124 11.636 71.3744 4.36798
169.18 11.8755 72.0363 4.18491
169.236 12.1034 72.7112 3.95543
169.292 12.3137 73.3983 3.58694
169.348 12.4998 74.0965 3.11829
169.404 12.6571 74.8042 2.58365
169.461 12.7838 75.5197 2.0361
169.517 12.8805 76.2412 1.51742
169.573 12.9513 76.9674 1.09116
169.629 12.9997 77.6967 0.728019
169.685 13.0313 78.4281 0.46654
169.742 13.0503 79.1609 0.256634
169.798 13.0589 79.8944 0.0899891
169.854 13.059 80.6281 -0.0616753
169.91 13.0509 81.3615 -0.206123
169.966 13.0337 82.0942 -0.37893
170.022 13.0051 82.8255 -0.599072
170.079 12.9636 83.5548 -0.837674
170.135 12.9078 84.2813 -1.09899
170.191 12.8368 85.0041 -1.37708
170.247 12.7504 85.7224 -1.64653
170.303 12.6495 86.4354 -1.8957
170.36 12.5347 87.1422 -2.14586
170.416 12.4068 87.8422 -2.35924
170.472 12.2677 88.5345 -2.55174
170.528 12.1184 89.2188 -2.72493
170.584 11.9599 89.8943 -2.88317
170.64 11.7928 90.5606 -3.03388
170.697 11.6175 91.2172 -3.17428
170.753 11.4347 91.8638 -3.30653
170.809 11.2451 92.4998 -3.41649
170.865 11.049 93.125 -3.54116
170.921 10.8462 93.7389 -3.65377
170.978 10.6375 94.3412 -3.75456
171.034 10.4246 94.9317 -3.80866
171.09 10.2094 95.5101 -3.83692
171.146 9.99346 96.0763 -3.84651
171.202 9.77833 96.6305 -3.81224
171.258 9.5657 97.1727 -3.76077
171.315 9.35666 97.703 -3.68996
171.371 9.15219 98.2217 -3.59256
171.427 8.95422 98.7292 -3.47705
171.483 8.76322 99.2258 -3.3471
171.539 8.57964 99.7119 -3.2121
171.594 8.4079 100.179 -3.0474
171.648 8.2497 100.625 -2.88563
171.703 8.09663 101.073 -2.71306
171.758 7.95335 101.514 -2.53364
171.813 7.81999 101.947 -2.35335
171.868 7.6974 102.373 -2.14815
171.923 7.58634 102.792 -1.93043
171.978 7.48796 103.206 -1.6858
172.034 7.40326 103.62 -1.40707
172.09 7.33466 104.034 -1.09544
172.146 7.28459 104.444 -0.751789
172.199 7.25541 104.827 -0.420679
172.251 7.24414 105.206 -0.081493
172.305 7.25172 105.596 0.2877
172.36 7.27994 105.993 0.668894
172.415 7.3293 106.397 1.04216
172.47 7.39914 106.803 1.41027
172.525 7.4887 107.215 1.75237
172.58 7.59634 107.632 2.06593
172.636 7.72039 108.055 2.36058
172.691 7.8596 108.486 2.6232
172.746 8.01186 108.925 2.83951
172.801 8.17506 109.373 3.02787
172.856 8.34718 109.83 3.17392
172.912 8.52613 110.297 3.28308
172.967 8.71101 110.773 3.38642
173.022 8.9017 111.264 3.45297
173.079 9.097 111.771 3.48625
173.135 9.29301 112.289 3.48721
173.191 9.48793 112.817 3.45271
173.247 9.67972 113.357 3.37906
173.303 9.86642 113.907 3.27817
173.36 10.0455 114.467 3.12413
173.416 10.2149 115.037 2.93996
173.472 10.3725 115.617 2.70391
173.528 10.5149 116.204 2.41498
173.584 10.6394 116.799 2.07733
173.64 10.7433 117.4 1.69436
173.697 10.8251 118.007 1.29333
173.753 10.8835 118.617 0.872761
173.809 10.9182 119.23 0.442653
173.865 10.9281 119.844 -0.000172716
173.921 10.9132 120.457 -0.439396
173.978 10.8741 121.069 -0.863499
174.034 10.8117 121.678 -1.27736
174.09 10.7266 122.283 -1.6737
174.146 10.6194 122.882 -2.0629
174.202 10.4915 123.474 -2.41672
174.258 10.3443 124.059 -2.75946
174.315 10.178 124.634 -3.08597
174.371 9.99429 125.2 -3.3939
174.427 9.79454 125.755 -3.66179
174.482 9.58364 126.289 -3.90896
174.535 9.37034 126.789 -4.12883
174.589 9.14131 127.286 -4.32954
174.643 8.9019 127.773 -4.49799
174.697 8.6542 128.246 -4.63049
174.751 8.40039 128.706 -4.73389
174.805 8.1413 129.152 -4.82234
174.859 7.8797 129.584 -4.8465
174.913 7.61704 130.002 -4.8581
174.968 7.35502 130.405 -4.8304
175.022 7.09124 130.8 -4.77951
175.079 6.82521 131.19 -4.70263
175.135 6.56438 131.564 -4.59306
175.191 6.31131 131.925 -4.4429
175.247 6.06736 132.271 -4.27367
175.303 5.83341 132.604 -4.08131
175.36 5.61101 132.924 -3.87379
175.416 5.40072 133.232 -3.65468
175.472 5.20294 133.529 -3.43275
175.528 5.01772 133.815 -3.21143
175.584 4.84458 134.091 -2.99431
175.64 4.68325 134.358 -2.79277
175.697 4.53268 134.615 -2.61252
175.753 4.39089 134.865 -2.47178
175.809 4.25647 135.107 -2.34014
175.865 4.12864 135.342 -2.23678
175.921 4.00602 135.57 -2.14828
175.978 3.88692 135.791 -2.09775
176.034 3.77072 136.005 -2.05167
176.09 3.6575 136.213 -1.99336
176.146 3.54683 136.415 -1.95041
176.202 3.43854 136.611 -1.90664
176.258 3.33354 136.8 -1.84784
176.315 3.23168 136.984 -1.78392
176.371 3.13399 137.163 -1.70831
176.427 3.04109 137.335 -1.61676
176.483 2.95303 137.503 -1.53415
176.539 2.86999 137.666 -1.4403
176.596 2.79271 137.825 -1.32792
176.652 2.7216 137.979 -1.22787
176.708 2.65632 138.13 -1.11504
176.764 2.59739 138.277 -1.0075
176.82 2.54462 138.421 -0.896305
176.876 2.49738 138.563 -0.806161
176.933 2.45498 138.702 -0.72438
176.989 2.41699 138.838 -0.643333
177.045 2.38289 138.973 -0.576367
177.101 2.35312 139.106 -0.501491
177.157 2.32697 139.237 -0.44374
177.213 2.30444 139.367 -0.378376
177.27 2.28548 139.496 -0.308888
177.326 2.27048 139.624 -0.236794
177.382 2.25953 139.751 -0.168447
177.438 2.25236 139.878 -0.0980293
177.494 2.24947 140.004 -0.0198811
177.551 2.25141 140.13 0.0735166
177.607 2.25943 140.257 0.189429
177.663 2.27406 140.384 0.311863
177.719 2.29544 140.513 0.427799
177.775 2.3239 140.643 0.561077
177.831 2.36046 140.775 0.712453
177.888 2.40484 140.909 0.846459
177.944 2.45736 141.045 0.994984
178 2.51787 141.186 1.13648
178.056 2.58711 141.329 1.29336
178.112 2.66486 141.477 1.44463
178.169 2.75116 141.63 1.5924
178.225 2.84542 141.787 1.73523
178.281 2.94764 141.951 1.87499
178.337 3.05785 142.12 2.01933
178.393 3.176 142.296 2.15704
178.449 3.30196 142.478 2.29798
178.506 3.43574 142.668 2.43614
178.562 3.57703 142.866 2.56992
178.618 3.72568 143.072 2.69586
178.674 3.88086 143.287 2.79949
178.73 4.04048 143.51 2.86411
178.787 4.20296 143.742 2.89999
178.843 4.36492 143.984 2.8673
178.899 4.52356 144.235 2.78567
178.955 4.67537 144.494 2.64207
179.011 4.8174 144.761 2.44836
179.067 4.94675 145.036 2.19919
179.124 5.06094 145.318 1.91782
179.18 5.15787 145.606 1.59039
179.236 5.23386 145.898 1.18277
179.292 5.28501 146.194 0.713232
179.348 5.30536 146.492 0.11401
179.404 5.28793 146.79 -0.603314
179.449 5.2442 147.025 -1.24218
179.496 5.16615 147.268 -1.96504
179.538 5.06773 147.481 -2.63759
179.582 4.93119 147.702 -3.38094
179.626 4.76048 147.917 -4.14883
179.674 4.53873 148.138 -4.978
179.724 4.26203 148.358 -5.83263
179.777 3.93158 148.571 -6.62702
179.83 3.55539 148.768 -7.3638
179.883 3.14348 148.944 -7.98567
179.936 2.70179 149.097 -8.5145
179.989 2.23555 149.226 -8.9323
180.045 1.72827 149.333 -9.22821
180.101 1.20391 149.413 -9.37524
180.157 0.677304 149.463 -9.33783
180.213 0.160486 149.483 -9.07222
180.27 -0.333736 149.475 -8.5941
180.326 -0.794263 149.441 -7.9145
180.382 -1.21342 149.382 -7.1687
180.438 -1.5873 149.301 -6.3214
180.494 -1.9135 149.201 -5.45642
180.551 -2.18961 149.084 -4.54801
180.607 -2.41317 148.953 -3.58974
180.663 -2.58057 148.811 -2.56717
180.719 -2.68893 148.662 -1.4995
180.775 -2.73813 148.51 -0.473296
180.831 -2.73565 148.356 0.349935
180.888 -2.69701 148.203 0.872626
180.944 -2.63815 148.053 1.13617
181 -2.57007 147.908 1.24485
181.056 -2.49943 147.766 1.25685
181.112 -2.42985 147.627 1.22078
181.169 -2.36324 147.493 1.15821
181.225 -2.30034 147.363 1.08885
181.281 -2.24253 147.235 0.98785
181.337 -2.19114 147.111 0.864599
181.393 -2.14743 146.99 0.720499
181.449 -2.11299 146.87 0.544743
181.506 -2.08858 146.752 0.360797
181.562 -2.07442 146.635 0.181974
181.618 -2.0698 146.519 0.0179999
181.674 -2.0733 146.403 -0.110233
181.73 -2.08262 146.286 -0.194762
181.787 -2.0952 146.169 -0.236433
181.843 -2.1093 146.05 -0.257178
181.899 -2.12379 145.931 -0.250351
181.955 -2.13741 145.812 -0.232401
182.011 -2.14941 145.691 -0.198457
182.067 -2.15917 145.57 -0.153103
182.124 -2.16541 145.448 -0.0839555
182.18 -2.16786 145.327 -0.0152101
182.236 -2.1653 145.205 0.0915517
182.292 -2.15599 145.084 0.222125
182.348 -2.13886 144.963 0.361457
182.404 -2.11323 144.844 0.528113
182.461 -2.07762 144.726 0.706902
182.517 -2.03145 144.611 0.899194
182.573 -1.97464 144.499 1.08439
182.629 -1.90776 144.39 1.26061
182.685 -1.83143 144.285 1.42265
182.742 -1.74694 144.185 1.5538
182.798 -1.65539 144.09 1.67944
182.854 -1.55799 144 1.77033
182.91 -1.45576 143.916 1.84903
182.966 -1.34958 143.838 1.91635
183.022 -1.24031 143.766 1.96176
183.079 -1.12833 143.7 2.01039
183.135 -1.01448 143.64 2.0356
183.191 -0.899498 143.587 2.05394
183.247 -0.784263 143.541 2.0479
183.303 -0.669968 143.5 2.02278
183.36 -0.558132 143.467 1.96678
183.416 -0.450074 143.439 1.89286
183.472 -0.346567 143.417 1.80841
183.528 -0.248756 143.401 1.69519
183.584 -0.157854 143.39 1.56596
183.64 -0.074046 143.384 1.43659
183.697 0.00224016 143.383 1.30071
183.753 0.071008 143.385 1.17711
183.809 0.132829 143.391 1.05189
183.865 0.187809 143.4 0.933465
183.921 0.236446 143.413 0.820154
183.978 0.279431 143.427 0.72606
184.034 0.317019 143.444 0.631003
184.09 0.3494 143.463 0.544438
184.146 0.377351 143.484 0.466818
184.202 0.400997 143.506 0.387739
184.258 0.419916 143.529 0.303982
184.315 0.434353 143.553 0.225176
184.371 0.444218 143.578 0.1432
184.427 0.449431 143.603 0.058037
184.483 0.449855 143.628 -0.0260627
184.539 0.445513 143.654 -0.112274
184.596 0.436264 143.678 -0.201766
184.652 0.421937 143.702 -0.294001
184.708 0.402705 143.725 -0.382445
184.764 0.377827 143.747 -0.479628
184.82 0.347993 143.768 -0.564492
184.876 0.313475 143.786 -0.648885
184.933 0.274255 143.802 -0.729882
184.989 0.23072 143.816 -0.804991
185.045 0.182992 143.828 -0.877346
185.101 0.131322 143.836 -0.943487
185.157 0.0761877 143.842 -1.0087
185.213 0.0176078 143.844 -1.06518
185.27 -0.0438847 143.843 -1.11231
185.326 -0.107751 143.838 -1.15145
185.382 -0.173485 143.83 -1.17711
185.438 -0.240363 143.818 -1.19807
185.494 -0.308094 143.802 -1.20952
185.551 -0.376386 143.783 -1.21817
185.607 -0.444798 143.759 -1.2159
185.663 -0.512658 143.732 -1.20156
185.719 -0.579326 143.701 -1.17723
185.775 -0.644163 143.666 -1.13947
185.831 -0.706672 143.628 -1.09283
185.888 -0.76617 143.586 -1.03603
185.944 -0.822204 143.541 -0.970481
186 -0.874724 143.493 -0.909916
186.056 -0.923408 143.442 -0.837415
186.112 -0.967865 143.389 -0.758736
186.169 -1.0076 143.333 -0.669268
186.225 -1.04197 143.275 -0.574728
186.281 -1.07112 143.216 -0.482719
186.337 -1.09521 143.155 -0.393675
186.393 -1.11452 143.093 -0.310213
186.449 -1.12883 143.03 -0.216653
186.506 -1.13791 142.966 -0.125349
186.562 -1.1421 142.902 -0.0386269
186.618 -1.14163 142.838 0.0414352
186.674 -1.13682 142.774 0.115907
186.73 -1.12763 142.71 0.193137
186.787 -1.11409 142.647 0.272174
186.843 -1.09641 142.585 0.341759
186.899 -1.07448 142.524 0.420941
186.955 -1.04812 142.465 0.500749
187.011 -1.01766 142.407 0.568249
187.067 -0.983095 142.351 0.65003
187.124 -0.944398 142.297 0.714734
187.18 -0.902084 142.245 0.778062
187.236 -0.856242 142.196 0.838628
187.292 -0.807314 142.15 0.895212
187.348 -0.755606 142.106 0.934759
187.404 -0.701771 142.065 0.975729
187.461 -0.645772 142.028 1.01681
187.517 -0.587633 141.993 1.0478
187.573 -0.52766 141.962 1.07731
187.629 -0.466282 141.935 1.10554
187.685 -0.402874 141.911 1.13996
187.742 -0.337789 141.89 1.16864
187.798 -0.270286 141.874 1.2251
187.854 -0.199991 141.861 1.27584
187.91 -0.126741 141.852 1.32319
187.966 -0.0507024 141.847 1.37371
188.022 0.0280637 141.847 1.42481
188.079 0.110277 141.852 1.48997
188.135 0.196066 141.861 1.55575
188.191 0.285865 141.875 1.62585
188.247 0.379504 141.894 1.69502
188.303 0.47634 141.918 1.74482
188.36 0.575712 141.949 1.78048
188.416 0.677585 141.984 1.82964
188.472 0.78128 142.026 1.8597
188.528 0.886447 142.073 1.87579
188.584 0.991962 142.127 1.87849
188.64 1.09747 142.186 1.8735
188.697 1.20213 142.251 1.85171
188.753 1.30494 142.322 1.8204
188.809 1.40584 142.399 1.77194
188.865 1.50333 142.481 1.71098
188.921 1.59709 142.569 1.63644
188.978 1.68572 142.662 1.53946
189.034 1.76863 142.759 1.42938
189.09 1.84487 142.861 1.30862
189.146 1.91395 142.967 1.17339
189.202 1.97466 143.077 1.01984
189.258 2.02594 143.189 0.843394
189.315 2.06719 143.305 0.660476
189.371 2.09747 143.422 0.457894
189.427 2.11603 143.54 0.248486
189.483 2.12294 143.659 0.0321102
189.539 2.117 143.779 -0.198676
189.596 2.09802 143.897 -0.429929
189.652 2.0659 144.014 -0.66022
189.708 2.02074 144.128 -0.904584
189.764 1.96176 144.24 -1.14348
189.82 1.88965 144.348 -1.38141
189.876 1.8036 144.451 -1.62691
189.933 1.70402 144.549 -1.86881
189.989 1.59074 144.641 -2.11306
190.045 1.46435 144.726 -2.34309
190.101 1.3251 144.804 -2.56732
190.157 1.17354 144.873 -2.77896
190.213 1.01063 144.934 -2.97995
190.27 0.836927 144.985 -3.16556
190.326 0.653225 145.026 -3.32913
190.382 0.460871 145.056 -3.48252
190.438 0.260831 145.075 -3.6118
190.494 0.0544111 145.083 -3.71442
190.551 -0.157452 145.079 -3.80487
190.607 -0.373053 145.063 -3.85651
190.663 -0.590608 145.034 -3.88487
190.719 -0.809156 144.994 -3.88693
190.775 -1.02643 144.941 -3.847
190.831 -1.24082 144.876 -3.79199
190.888 -1.45125 144.799 -3.71333
190.944 -1.65642 144.711 -3.60771
191 -1.85527 144.611 -3.49134
191.056 -2.04641 144.5 -3.34157
191.112 -2.22892 144.379 -3.1826
191.169 -2.40191 144.248 -3.00972
191.225 -2.56487 144.108 -2.82796
191.281 -2.71745 143.958 -2.64317
191.337 -2.85988 143.801 -2.46398
191.393 -2.99194 143.636 -2.27675
191.449 -3.11381 143.463 -2.09938
191.506 -3.22572 143.285 -1.91811
191.562 -3.32733 143.1 -1.73708
191.618 -3.41894 142.91 -1.56032
191.674 -3.50094 142.715 -1.39269
191.73 -3.57382 142.516 -1.23044
191.787 -3.63766 142.313 -1.07391
191.843 -3.69291 142.107 -0.927685
191.899 -3.74 141.898 -0.778322
191.955 -3.77925 141.686 -0.647511
192.011 -3.81102 141.473 -0.518726
192.067 -3.83592 141.258 -0.396617
192.124 -3.85377 141.042 -0.267388
192.18 -3.86485 140.825 -0.149083
192.236 -3.86951 140.607 -0.0367481
192.292 -3.86771 140.39 0.0719302
192.348 -3.85949 140.173 0.18616
192.404 -3.84464 139.957 0.30501
192.461 -3.82299 139.741 0.4334
192.517 -3.79491 139.527 0.539707
192.573 -3.76093 139.315 0.65218
192.629 -3.72089 139.105 0.749314
192.685 -3.67509 138.898 0.856164
192.742 -3.62357 138.693 0.957868
192.798 -3.56633 138.491 1.06259
192.854 -3.50334 138.293 1.16219
192.91 -3.43441 138.099 1.26794
192.966 -3.35987 137.908 1.36677
193.022 -3.27984 137.722 1.4645
193.079 -3.19414 137.541 1.56698
193.135 -3.10297 137.364 1.6593
193.191 -3.00669 137.193 1.75158
193.247 -2.90527 137.028 1.84109
193.303 -2.79926 136.868 1.917
193.36 -2.68919 136.714 1.98652
193.416 -2.57515 136.567 2.05546
193.472 -2.45762 136.426 2.11554
193.528 -2.33688 136.292 2.16972
193.584 -2.21348 136.165 2.21464
193.64 -2.08783 136.045 2.25171
193.697 -1.96041 135.932 2.2781
193.753 -1.83173 135.826 2.2963
193.809 -1.70223 135.728 2.29647
193.865 -1.57253 135.637 2.30238
193.921 -1.44371 135.553 2.28848
193.978 -1.31535 135.476 2.27833
194.034 -1.18857 135.406 2.23589
194.09 -1.06477 135.344 2.17797
194.146 -0.945069 135.288 2.09969
194.202 -0.829585 135.239 2.02457
194.258 -0.719071 135.196 1.92838
194.315 -0.614015 135.159 1.83102
194.371 -0.514332 135.128 1.73341
194.427 -0.420007 135.102 1.64732
194.483 -0.330937 135.082 1.54752
194.539 -0.246807 135.066 1.46232
194.596 -0.167166 135.055 1.38943
194.652 -0.0916814 135.048 1.31397
194.708 -0.0196324 135.045 1.2663
194.764 0.0499206 135.046 1.22004
194.82 0.116875 135.052 1.17114
194.876 0.181416 135.06 1.13641
194.933 0.244375 135.073 1.11245
194.989 0.306186 135.088 1.09891
195.045 0.367931 135.108 1.0981
195.101 0.429163 135.13 1.08203
195.157 0.489897 135.157 1.07874
195.213 0.550801 135.186 1.08678
195.27 0.611849 135.219 1.08401
195.326 0.672996 135.256 1.09231
195.382 0.734533 135.295 1.09618
195.438 0.796023 135.339 1.0927
195.494 0.85815 135.386 1.10994
195.551 0.920508 135.436 1.10908
195.607 0.982493 135.49 1.0936
195.663 1.04417 135.547 1.09767
195.719 1.10555 135.608 1.08961
195.775 1.16646 135.672 1.08528
195.831 1.22727 135.739 1.08106
195.888 1.28838 135.81 1.09356
195.944 1.35039 135.885 1.11218
196 1.41415 135.963 1.15213
196.056 1.4804 136.045 1.197
196.112 1.54961 136.13 1.25953
196.169 1.62283 136.22 1.33283
196.225 1.70044 136.313 1.41587
196.281 1.78301 136.412 1.50633
196.337 1.87089 136.515 1.60356
196.393 1.96394 136.623 1.69055
196.449 2.0619 136.737 1.77805
196.506 2.16463 136.856 1.86002
196.562 2.2714 136.981 1.9246
196.618 2.38103 137.112 1.9656
196.674 2.49234 137.25 1.98888
196.73 2.60412 137.394 1.98221
196.787 2.71426 137.544 1.94059
196.843 2.82085 137.7 1.86533
196.899 2.92261 137.862 1.77186
196.955 3.01887 138.029 1.67165
197.011 3.10882 138.202 1.55348
197.067 3.19207 138.379 1.43509
197.124 3.26906 138.561 1.32656
197.18 3.33981 138.747 1.21596
197.236 3.40452 138.937 1.11413
197.292 3.4639 139.13 1.02289
197.348 3.51931 139.327 0.964355
197.404 3.57157 139.526 0.907966
197.461 3.62138 139.729 0.872584
197.517 3.66997 139.934 0.862529
197.573 3.71854 140.142 0.866866
197.629 3.76799 140.352 0.890718
197.685 3.81917 140.566 0.924933
197.742 3.87253 140.782 0.968969
197.798 3.92897 141.001 1.02841
197.854 3.9893 141.224 1.10352
197.91 4.05395 141.45 1.18679
197.966 4.12384 141.681 1.28347
198.022 4.19942 141.915 1.38833
198.079 4.28124 142.153 1.50323
198.135 4.36948 142.397 1.61836
198.191 4.46423 142.646 1.73258
198.247 4.56544 142.9 1.84784
198.303 4.67293 143.16 1.95318
198.36 4.78613 143.426 2.0538
198.416 4.90432 143.699 2.13333
198.472 5.02658 143.979 2.20269
198.528 5.15218 144.265 2.25503
198.584 5.28033 144.559 2.29492
198.64 5.41023 144.86 2.32416
198.697 5.54195 145.168 2.35601
198.753 5.67536 145.484 2.3866
198.809 5.81053 145.808 2.42139
198.865 5.94801 146.139 2.47059
198.921 6.08904 146.478 2.53944
198.978 6.23425 146.824 2.61591
199.034 6.38468 147.18 2.72067
199.09 6.54153 147.544 2.84295
199.146 6.70603 147.917 2.98687
199.202 6.87957 148.299 3.16237
199.258 7.06417 148.692 3.37364
199.315 7.26119 149.095 3.5992
199.371 7.47169 149.51 3.84849
199.427 7.69738 149.938 4.13614
199.483 7.93929 150.378 4.42292
199.539 8.19701 150.833 4.69916
199.596 8.47003 151.302 4.96978
199.652 8.75805 151.788 5.22817
199.708 9.05922 152.29 5.43552
199.764 9.37015 152.809 5.59552
199.82 9.68855 153.347 5.70649
199.876 10.012 153.902 5.77374
199.933 10.3363 154.475 5.76339
199.989 10.6582 155.067 5.69756
200.045 10.9742 155.676 5.56993
200.101 11.281 156.303 5.37953
200.157 11.5754 156.947 5.14223
200.213 11.8548 157.607 4.86035
200.27 12.1179 158.282 4.56156
200.326 12.3631 158.971 4.23181
200.382 12.5885 159.673 3.85242
200.438 12.7933 160.387 3.4961
200.494 12.9763 161.112 3.08942
200.551 13.136 161.847 2.67128
200.607 13.2716 162.589 2.22995
200.663 13.3801 163.334 1.76055
200.717 13.4607 164.065 1.28214
200.771 13.5133 164.799 0.75921
200.826 13.5358 165.536 0.179799
200.88 13.5261 166.272 -0.421945
200.935 13.4819 167.007 -1.06611
200.989 13.4026 167.738 -1.72196
201.045 13.2836 168.483 -2.41184
201.101 13.1244 169.224 -3.12168
201.157 12.926 169.955 -3.80126
201.213 12.6898 170.673 -4.46694
201.27 12.4178 171.377 -5.08433
201.326 12.1121 172.064 -5.67886
201.382 11.7744 172.734 -6.22577
201.438 11.4092 173.383 -6.68335
201.494 11.0182 174.011 -7.13692
201.551 10.6055 174.616 -7.49155
201.607 10.1735 175.197 -7.82134
201.663 9.72503 175.754 -8.08507
201.719 9.26376 176.285 -8.28859
201.775 8.79185 176.789 -8.45647
201.831 8.31222 177.267 -8.59264
201.888 7.82693 177.718 -8.67281
201.944 7.33816 178.141 -8.71445
202 6.84796 178.537 -8.71789
202.056 6.35927 178.905 -8.68813
202.112 5.87332 179.246 -8.60805
202.169 5.3936 179.56 -8.48451
202.225 4.92157 179.847 -8.34814
202.281 4.4584 180.107 -8.16327
202.337 4.00723 180.343 -7.938
202.393 3.57027 180.553 -7.6695
202.449 3.14917 180.739 -7.3703
202.506 2.74686 180.903 -7.01736
202.562 2.3652 181.044 -6.64202
202.618 2.00533 181.165 -6.2429
202.674 1.6683 181.266 -5.84089
202.73 1.35348 181.349 -5.44535
202.787 1.06065 181.415 -5.06573
202.843 0.788385 181.465 -4.70012
202.899 0.535451 181.501 -4.37716
202.955 0.299925 181.523 -4.07093
203.011 0.0806779 181.532 -3.79294
203.067 -0.124108 181.53 -3.54419
203.124 -0.31561 181.516 -3.32198
203.18 -0.495708 181.493 -3.12887
203.236 -0.665659 181.459 -2.9569
203.292 -0.826552 181.416 -2.80697
203.348 -0.979556 181.364 -2.6741
203.404 -1.12517 181.304 -2.54741
203.461 -1.26391 181.237 -2.41953
203.517 -1.39607 181.161 -2.30325
203.573 -1.52118 181.078 -2.17477
203.629 -1.63921 180.989 -2.04583
203.685 -1.7496 180.893 -1.9074
203.742 -1.85196 180.791 -1.76519
203.798 -1.94645 180.684 -1.62208
203.854 -2.03252 180.572 -1.46918
203.91 -2.10971 180.455 -1.30877
203.966 -2.17781 180.334 -1.14737
204.022 -2.23664 180.21 -0.971447
204.079 -2.28644 180.082 -0.821857
204.135 -2.32668 179.952 -0.6473
204.191 -2.35735 179.821 -0.476694
204.247 -2.37799 179.687 -0.29353
204.303 -2.38836 179.553 -0.109917
204.36 -2.38786 179.419 0.0887153
204.416 -2.37629 179.285 0.283619
204.472 -2.35323 179.153 0.499631
204.528 -2.31841 179.022 0.700964
204.584 -2.27225 178.893 0.89937
204.64 -2.21503 178.767 1.097
204.697 -2.14729 178.645 1.2767
204.753 -2.06988 178.527 1.44332
204.809 -1.98378 178.413 1.58813
204.865 -1.89042 178.305 1.70582
204.921 -1.7911 178.202 1.80919
204.978 -1.68713 178.105 1.87784
205.034 -1.57959 178.014 1.93785
205.09 -1.46954 177.929 1.96927
205.146 -1.35828 177.85 1.98715
205.202 -1.24645 177.777 1.9888
205.258 -1.13514 177.711 1.97434
205.315 -1.02504 177.651 1.94195
205.371 -0.916597 177.597 1.91532
205.427 -0.810415 177.549 1.87517
205.483 -0.706539 177.507 1.82499
205.539 -0.605616 177.471 1.77214
205.596 -0.507732 177.44 1.71708
205.652 -0.413435 177.415 1.6528
205.708 -0.322974 177.395 1.58465
205.764 -0.236595 177.38 1.50144
205.82 -0.155086 177.369 1.41817
205.876 -0.0787056 177.363 1.32525
205.933 -0.00748518 177.361 1.23156
205.989 0.0580627 177.363 1.12569
206.045 0.117475 177.368 1.00673
206.101 0.170208 177.377 0.893941
206.157 0.216516 177.388 0.780583
206.213 0.256119 177.401 0.656376
206.27 0.289111 177.417 0.539008
206.326 0.315266 177.434 0.414736
206.382 0.335011 177.452 0.310301
206.438 0.348462 177.472 0.195099
206.494 0.355728 177.491 0.0873222
206.551 0.356904 177.511 -0.0275174
206.607 0.351531 177.531 -0.136001
206.663 0.340241 177.551 -0.244698
206.719 0.322647 177.569 -0.352175
206.775 0.298979 177.587 -0.466798
206.831 0.269194 177.602 -0.573788
206.888 0.233453 177.616 -0.673632
206.944 0.191643 177.628 -0.783725
207 0.144087 177.637 -0.884781
207.056 0.0910066 177.644 -0.987873
207.112 0.0327564 177.647 -1.07608
207.169 -0.0299224 177.647 -1.14124
207.225 -0.0964785 177.643 -1.20896
207.281 -0.166366 177.635 -1.26956
207.337 -0.239609 177.623 -1.32187
207.393 -0.315839 177.607 -1.37837
207.449 -0.395082 177.587 -1.43018
207.506 -0.476949 177.562 -1.47402
207.562 -0.5611 177.532 -1.5118
207.618 -0.646947 177.498 -1.5342
207.674 -0.733254 177.458 -1.53626
207.73 -0.818915 177.414 -1.51734
207.787 -0.902372 177.366 -1.4651
207.843 -0.982064 177.312 -1.37992
207.899 -1.05576 177.254 -1.26278
207.955 -1.12198 177.193 -1.12365
208.011 -1.17979 177.128 -0.961153
208.067 -1.22736 177.06 -0.772454
208.124 -1.26416 176.99 -0.570346
208.18 -1.28962 176.918 -0.37303
208.236 -1.30384 176.845 -0.173872
208.292 -1.30665 176.771 0.0282058
208.348 -1.29915 176.698 0.205881
208.404 -1.28155 176.626 0.37473
208.461 -1.25507 176.555 0.539579
208.517 -1.21943 176.485 0.703748
208.573 -1.17554 176.418 0.841029
208.629 -1.12341 176.354 0.986331
208.685 -1.06309 176.293 1.13589
208.742 -0.994514 176.235 1.27668
208.798 -0.917858 176.182 1.42326
208.854 -0.832674 176.133 1.58524
208.91 -0.738027 176.09 1.75589
208.966 -0.633926 176.052 1.91557
209.022 -0.521059 176.02 2.06814
209.079 -0.399612 175.995 2.22276
209.135 -0.269635 175.976 2.37242
209.191 -0.132161 175.966 2.50013
209.247 0.0122681 175.963 2.61661
209.303 0.162833 175.969 2.72074
209.36 0.318314 175.983 2.79666
209.416 0.477814 176.007 2.86615
209.472 0.640445 176.039 2.9116
209.528 0.805061 176.081 2.94086
209.584 0.9702 176.131 2.93834
209.64 1.13474 176.191 2.92423
209.697 1.29785 176.261 2.89154
209.753 1.45814 176.339 2.83445
209.809 1.61441 176.426 2.7397
209.865 1.76561 176.522 2.66095
209.921 1.91143 176.626 2.54621
209.978 2.05011 176.738 2.41402
210.034 2.18103 176.858 2.27119
210.09 2.30438 176.985 2.13986
210.146 2.41979 177.118 1.99507
210.202 2.52673 177.258 1.83601
210.258 2.62564 177.403 1.70098
210.315 2.7157 177.553 1.53804
210.371 2.79663 177.709 1.37934
210.427 2.86846 177.868 1.21698
210.483 2.93144 178.032 1.05529
210.539 2.98541 178.198 0.900352
210.596 3.03086 178.367 0.751795
210.652 3.06846 178.539 0.616109
210.708 3.0986 178.713 0.484493
210.764 3.1214 178.887 0.356232
210.82 3.13734 179.063 0.233068
210.876 3.14595 179.24 0.0997297
210.933 3.14696 179.417 -0.0372273
210.989 3.14054 179.593 -0.170133
211.045 3.12656 179.769 -0.297392
211.101 3.10587 179.944 -0.410879
211.157 3.07931 180.118 -0.511509
211.213 3.04738 180.29 -0.603957
211.27 3.0103 180.46 -0.694747
211.326 2.96898 180.628 -0.75782
211.382 2.92472 180.793 -0.804008
211.438 2.87839 180.956 -0.837208
211.494 2.83085 181.116 -0.850949
211.551 2.78299 181.273 -0.850246
211.607 2.7358 181.428 -0.829326
211.663 2.6902 181.58 -0.797191
211.719 2.64679 181.73 -0.755206
211.775 2.60591 181.877 -0.709403
211.831 2.568 182.022 -0.653243
211.888 2.53347 182.165 -0.587711
211.944 2.50318 182.307 -0.505978
212 2.47749 182.446 -0.425067
212.056 2.45641 182.585 -0.340828
212.112 2.4407 182.722 -0.239629
212.169 2.43049 182.859 -0.141209
212.225 2.42609 182.995 -0.0367526
212.281 2.42746 183.132 0.0699621
212.337 2.43494 183.268 0.175858
212.393 2.44832 183.405 0.281392
212.449 2.46762 183.544 0.38597
212.506 2.49281 183.683 0.489121
212.562 2.52376 183.824 0.593855
212.618 2.56035 183.967 0.689595
212.674 2.6021 184.112 0.775245
212.73 2.64828 184.26 0.853671
212.787 2.69862 184.41 0.921547
212.843 2.75207 184.564 0.97014
212.899 2.80801 184.72 1.00869
212.955 2.86509 184.88 1.0213
213.011 2.92267 185.043 1.02932
213.067 2.9804 185.209 1.0195
213.124 3.03689 185.378 0.992634
213.18 3.09215 185.551 0.971362
213.236 3.14519 185.726 0.92879
213.292 3.19564 185.905 0.87758
213.348 3.24258 186.086 0.81072
213.404 3.28612 186.27 0.750552
213.461 3.32598 186.456 0.681477
213.517 3.36135 186.644 0.595584
213.573 3.39201 186.834 0.507042
213.629 3.41758 187.025 0.420455
213.685 3.43803 187.218 0.321915
213.742 3.45257 187.411 0.218611
213.798 3.46096 187.606 0.107424
213.854 3.46326 187.8 -0.00234879
213.91 3.45954 187.995 -0.109098
213.966 3.44988 188.189 -0.214303
214.022 3.43412 188.382 -0.321407
214.079 3.41259 188.574 -0.426219
214.135 3.38495 188.765 -0.533925
214.191 3.3515 188.954 -0.63546
214.247 3.31218 189.141 -0.740526
214.303 3.26706 189.326 -0.843372
214.36 3.21616 189.508 -0.947689
214.416 3.15938 189.686 -1.05432
214.472 3.09694 189.862 -1.14863
214.528 3.02974 190.034 -1.22531
214.584 2.9584 190.201 -1.30123
214.64 2.88363 190.365 -1.35448
214.697 2.80608 190.524 -1.40035
214.753 2.72605 190.679 -1.44594
214.809 2.64422 190.83 -1.46315
214.865 2.56104 190.976 -1.48374
214.921 2.47741 191.117 -1.48947
214.978 2.39377 191.253 -1.49237
215.034 2.3109 191.385 -1.47383
215.09 2.22886 191.512 -1.44739
215.146 2.14789 191.634 -1.42786
215.202 2.06899 191.752 -1.38831
215.258 1.99235 191.866 -1.34262
215.315 1.91831 191.975 -1.2995
215.371 1.84709 192.081 -1.24586
215.427 1.77871 192.182 -1.19616
215.483 1.71256 192.28 -1.16223
215.539 1.64825 192.374 -1.12942
215.596 1.58557 192.464 -1.09943
215.652 1.52454 192.551 -1.07694
215.708 1.46471 192.635 -1.05775
215.764 1.40567 192.715 -1.046
215.82 1.34702 192.792 -1.04394
215.876 1.28832 192.866 -1.04878
215.933 1.22921 192.936 -1.05791
215.989 1.16922 193.003 -1.07737
216.045 1.10767 193.067 -1.10953
216.101 1.04421 193.127 -1.14353
216.157 0.97873 193.184 -1.18585
216.213 0.91113 193.236 -1.22211
216.27 0.841091 193.285 -1.26552
216.326 0.768477 193.33 -1.31144
216.382 0.69305 193.371 -1.36453
216.438 0.614486 193.407 -1.42217
216.494 0.532806 193.439 -1.47471
216.551 0.448589 193.466 -1.5158
216.607 0.362178 193.488 -1.55225
216.663 0.273747 193.505 -1.59053
216.719 0.183156 193.518 -1.62729
216.775 0.0909314 193.525 -1.65164
216.831 -0.00312895 193.527 -1.6923
216.888 -0.0986229 193.523 -1.70718
216.944 -0.195366 193.515 -1.73037
217 -0.293509 193.5 -1.75446
217.056 -0.392544 193.481 -1.76767
217.112 -0.492018 193.455 -1.77312
217.169 -0.591442 193.424 -1.76286
217.225 -0.689626 193.388 -1.73072
217.281 -0.785973 193.346 -1.7009
217.337 -0.880255 193.298 -1.66778
217.393 -0.973155 193.246 -1.63673
217.449 -1.06385 193.188 -1.591
217.506 -1.15128 193.125 -1.53257
217.562 -1.23545 193.058 -1.47057
217.618 -1.31546 192.986 -1.39581
217.674 -1.39145 192.909 -1.32253
217.73 -1.46301 192.828 -1.24204
217.787 -1.52973 192.744 -1.14923
217.843 -1.59112 192.656 -1.05475
217.899 -1.64688 192.565 -0.954223
217.955 -1.69747 192.47 -0.863027
218.011 -1.74248 192.374 -0.759756
218.067 -1.7817 192.274 -0.658256
218.124 -1.81537 192.173 -0.559588
218.18 -1.8433 192.07 -0.456868
218.236 -1.86557 191.966 -0.356133
218.292 -1.88231 191.86 -0.25969
218.348 -1.89375 191.754 -0.166342
218.404 -1.89971 191.648 -0.0654662
218.461 -1.90014 191.541 0.0318899
218.517 -1.89518 191.434 0.124461
218.573 -1.88526 191.328 0.209284
218.629 -1.87061 191.223 0.293145
218.685 -1.85135 191.118 0.376705
218.742 -1.8275 191.015 0.461599
218.798 -1.79903 190.913 0.536818
218.854 -1.76617 190.813 0.62414
218.91 -1.72823 190.715 0.71125
218.966 -1.68583 190.62 0.783413
219.022 -1.63925 190.526 0.863795
219.079 -1.58808 190.436 0.946302
219.135 -1.53203 190.349 1.02996
219.191 -1.47132 190.265 1.11422
219.247 -1.40562 190.184 1.20827
219.303 -1.3343 190.108 1.30869
219.36 -1.25762 190.035 1.40342
219.416 -1.17503 189.967 1.51674
219.472 -1.08685 189.904 1.61174
219.528 -0.992405 189.846 1.72198
219.584 -0.89174 189.794 1.83744
219.64 -0.784794 189.747 1.9504
219.697 -0.671361 189.707 2.06594
219.753 -0.551687 189.673 2.17367
219.809 -0.426058 189.647 2.2756
219.865 -0.295148 189.627 2.3666
219.921 -0.159569 189.615 2.4425
219.978 -0.0202072 189.611 2.50425
220.034 0.122562 189.614 2.56191
220.09 0.267664 189.626 2.59693
220.146 0.41409 189.646 2.6138
220.202 0.56132 189.674 2.63484
220.258 0.707678 189.711 2.58629
220.315 0.851089 189.755 2.52751
220.371 0.990389 189.808 2.44959
220.427 1.1255 189.868 2.37267
220.483 1.25566 189.936 2.27816
220.539 1.38019 190.011 2.17624
220.596 1.49832 190.092 2.04948
220.652 1.60862 190.18 1.90356
220.708 1.71048 190.274 1.74742
220.764 1.80301 190.373 1.57792
220.82 1.88567 190.477 1.39927
220.876 1.95819 190.586 1.21697
220.933 2.01989 190.698 1.01592
220.989 2.07008 190.813 0.810695
221.045 2.10867 190.931 0.604224
221.101 2.13653 191.05 0.417303
221.157 2.15305 191.171 0.217928
221.213 2.15905 191.292 0.0340531
221.27 2.15513 191.413 -0.136334
221.326 2.14215 191.534 -0.290536
221.382 2.12091 191.654 -0.438433
221.438 2.09224 191.772 -0.561932
221.494 2.05711 191.888 -0.66564
221.551 2.01663 192.002 -0.7562
221.607 1.97184 192.114 -0.819201
221.663 1.92349 192.223 -0.887366
221.719 1.8723 192.33 -0.925074
221.775 1.81946 192.433 -0.951777
221.831 1.76485 192.534 -0.979644
221.888 1.70903 192.631 -1.00577
221.944 1.65211 192.725 -1.02051
222 1.59451 192.816 -1.02674
222.056 1.53654 192.903 -1.03705
222.112 1.47783 192.988 -1.0454
222.169 1.41915 193.069 -1.04563
222.225 1.36016 193.147 -1.04632
222.281 1.30166 193.221 -1.04055
222.337 1.24377 193.292 -1.025
222.393 1.18687 193.36 -1.00418
222.449 1.13153 193.425 -0.971178
222.506 1.07789 193.487 -0.939625
222.562 1.02691 193.545 -0.887595
222.618 0.97874 193.602 -0.830401
222.674 0.934506 193.655 -0.759407
222.73 0.894479 193.706 -0.680584
222.787 0.859231 193.755 -0.592534
222.843 0.829123 193.802 -0.497607
222.899 0.804767 193.848 -0.392127
222.955 0.786265 193.893 -0.28296
223.011 0.774324 193.936 -0.162133
223.067 0.769649 193.98 -0.0258845
223.124 0.772727 194.023 0.10177
223.18 0.78271 194.067 0.232578
223.236 0.800498 194.111 0.373715
223.292 0.825863 194.157 0.508459
223.348 0.859314 194.205 0.644411
223.404 0.90062 194.254 0.791478
223.461 0.949794 194.306 0.930468
223.517 1.00658 194.362 1.06923
223.573 1.07109 194.42 1.20305
223.629 1.14297 194.483 1.32839
223.685 1.22155 194.55 1.44498
223.742 1.30616 194.621 1.54814
223.798 1.39631 194.698 1.64106
223.854 1.49119 194.779 1.71846
223.91 1.58984 194.866 1.77906
223.966 1.69125 194.959 1.82161
224.022 1.79442 195.058 1.84715
224.079 1.89863 195.162 1.85901
224.135 2.00292 195.272 1.85169
224.191 2.10596 195.388 1.82221
224.247 2.20728 195.51 1.78702
224.303 2.30654 195.637 1.75093
224.36 2.40349 195.77 1.70569
224.416 2.4974 195.908 1.64407
224.472 2.58703 196.052 1.54983
224.528 2.67262 196.2 1.49311
224.584 2.75376 196.353 1.41148
224.64 2.83032 196.51 1.32999
224.697 2.90216 196.671 1.24467
224.753 2.96905 196.837 1.15635
224.809 3.03107 197.006 1.06596
224.865 3.08841 197.178 0.99109
224.921 3.14106 197.353 0.902759
224.978 3.18903 197.531 0.826203
225.034 3.2332 197.712 0.760346
225.09 3.27383 197.895 0.702098
225.146 3.3119 198.08 0.660886
225.202 3.34767 198.268 0.62276
225.258 3.3819 198.457 0.600686
225.315 3.41518 198.648 0.59029
225.371 3.44786 198.841 0.582799
225.427 3.4806 199.036 0.578152
225.483 3.51306 199.232 0.578255
225.539 3.5456 199.431 0.58073
225.596 3.57837 199.631 0.586434
225.652 3.61158 199.833 0.593151
225.708 3.64474 200.037 0.589517
225.764 3.67794 200.243 0.588715
225.82 3.71053 200.451 0.574229
225.876 3.74238 200.66 0.558827
225.933 3.77289 200.872 0.531971
225.989 3.80138 201.085 0.49154
226.045 3.82753 201.299 0.446953
226.101 3.85072 201.515 0.392713
226.157 3.87065 201.732 0.329535
226.213 3.88703 201.95 0.264875
226.27 3.89897 202.169 0.181457
226.326 3.90603 202.388 0.0870595
226.382 3.90736 202.607 -0.0214594
226.438 3.90182 202.827 -0.147754
226.494 3.88935 203.046 -0.269457
226.551 3.86975 203.264 -0.401763
226.607 3.84259 203.48 -0.537477
226.663 3.80761 203.695 -0.680505
226.719 3.76456 203.907 -0.824564
226.775 3.71328 204.117 -0.971006
226.831 3.65358 204.324 -1.12259
226.888 3.58542 204.527 -1.2741
226.944 3.50843 204.726 -1.43483
227 3.42215 204.92 -1.60098
227.056 3.32663 205.109 -1.76771
227.112 3.22154 205.292 -1.9372
227.169 3.10697 205.469 -2.10563
227.225 2.98354 205.64 -2.26162
227.281 2.85114 205.803 -2.41728
227.337 2.7105 205.959 -2.56184
227.393 2.5618 206.106 -2.70116
227.449 2.4055 206.245 -2.83218
227.506 2.24246 206.374 -2.94903
227.562 2.0732 206.494 -3.05215
227.618 1.89838 206.605 -3.14904
227.674 1.71841 206.706 -3.23551
227.73 1.53393 206.796 -3.30816
227.787 1.34589 206.876 -3.37215
227.843 1.15467 206.945 -3.42257
227.899 0.961033 207.003 -3.46068
227.955 0.765461 207.051 -3.49875
228.011 0.568083 207.087 -3.51721
228.067 0.369866 207.112 -3.53578
228.124 0.17017 207.126 -3.56402
228.18 -0.0301094 207.129 -3.56437
228.236 -0.230262 207.121 -3.56705
228.292 -0.430153 207.101 -3.55076
228.348 -0.628927 207.07 -3.5257
228.404 -0.82611 207.028 -3.50153
228.461 -1.02201 206.975 -3.47463
228.517 -1.21596 206.911 -3.4373
228.573 -1.4081 206.837 -3.40423
228.629 -1.5977 206.751 -3.35719
228.685 -1.78471 206.655 -3.30889
228.742 -1.96889 206.548 -3.25804
228.798 -2.15029 206.432 -3.21169
228.854 -2.32881 206.305 -3.15803
228.91 -2.50487 206.168 -3.11642
228.966 -2.67826 206.022 -3.0641
229.022 -2.84866 205.865 -3.01363
229.079 -3.01652 205.7 -2.97057
229.135 -3.18176 205.525 -2.91808
229.191 -3.34361 205.34 -2.85366
229.247 -3.5015 205.147 -2.78005
229.303 -3.65493 204.945 -2.69613
229.36 -3.80325 204.735 -2.59974
229.416 -3.94518 204.516 -2.47942
229.472 -4.07985 204.29 -2.34411
229.528 -4.20661 204.057 -2.19493
229.584 -4.32468 203.816 -2.03891
229.64 -4.43381 203.57 -1.87718
229.697 -4.53378 203.317 -1.71409
229.753 -4.62478 203.059 -1.55825
229.809 -4.70728 202.797 -1.4103
229.865 -4.78165 202.53 -1.26677
229.921 -4.84809 202.259 -1.12898
229.978 -4.90702 201.984 -0.99834
230.034 -4.95911 201.707 -0.878425
230.09 -5.00504 201.427 -0.77775
230.146 -5.0455 201.144 -0.68411
230.202 -5.08156 200.86 -0.616234
230.258 -5.1139 200.573 -0.549651
230.315 -5.14257 200.285 -0.48209
230.371 -5.16749 199.995 -0.420577
230.427 -5.18919 199.704 -0.363124
230.483 -5.20771 199.412 -0.306361
230.539 -5.22278 199.119 -0.24418
230.596 -5.23452 198.825 -0.18242
230.652 -5.24254 198.53 -0.111471
230.708 -5.24598 198.236 -0.0270815
230.764 -5.24475 197.941 0.055758
230.82 -5.23874 197.647 0.142598
230.876 -5.2276 197.353 0.234527
230.933 -5.21115 197.059 0.324859
230.989 -5.18937 196.767 0.425717
231.045 -5.1625 196.477 0.517776
231.101 -5.13003 196.188 0.616644
231.157 -5.09199 195.901 0.718061
231.213 -5.04887 195.616 0.801794
231.27 -5.00049 195.334 0.893034
231.326 -4.94752 195.055 0.973986
231.382 -4.89 194.779 1.06094
231.438 -4.82778 194.506 1.14292
231.494 -4.76071 194.237 1.22732
231.551 -4.68895 193.972 1.30895
231.607 -4.61247 193.711 1.39879
231.663 -4.53112 193.455 1.47513
231.719 -4.44535 193.203 1.55682
231.775 -4.35504 192.957 1.63842
231.831 -4.26042 192.715 1.71598
231.888 -4.16087 192.479 1.80794
231.944 -4.05652 192.249 1.88973
232 -3.94734 192.025 1.97895
232.056 -3.8335 191.807 2.05082
232.112 -3.71585 191.595 2.12327
232.169 -3.59361 191.391 2.2069
232.225 -3.46737 191.193 2.26787
232.281 -3.33729 191.003 2.34995
232.337 -3.20303 190.82 2.41552
232.393 -3.06491 190.644 2.48932
232.449 -2.92353 190.477 2.53642
232.506 -2.77877 190.317 2.6036
232.562 -2.63021 190.166 2.67294
232.618 -2.47806 190.024 2.73201
232.674 -2.32223 189.89 2.80448
232.73 -2.16227 189.765 2.88282
232.787 -1.99758 189.649 2.96423
232.843 -1.82856 189.542 3.04126
232.899 -1.65466 189.445 3.12888
232.955 -1.47612 189.358 3.21405
233.011 -1.29295 189.281 3.29244
233.067 -1.1055 189.215 3.35812
233.124 -0.914321 189.159 3.43278
233.18 -0.719687 189.115 3.48708
233.236 -0.521321 189.081 3.55516
233.292 -0.320225 189.058 3.59533
233.348 -0.117313 189.047 3.62281
233.404 0.0871461 189.047 3.65417
233.461 0.293286 189.059 3.67379
233.517 0.500021 189.083 3.68206
233.573 0.70714 189.118 3.68956
233.629 0.913763 189.165 3.66797
233.685 1.11941 189.223 3.64926
233.742 1.32259 189.293 3.60312
233.798 1.5233 189.374 3.54968
233.854 1.72035 189.466 3.47924
233.91 1.91305 189.569 3.39648
233.966 2.10098 189.683 3.31401
234.022 2.28405 189.807 3.22023
234.079 2.46109 189.941 3.10238
234.135 2.63111 190.085 2.9733
234.191 2.79381 190.239 2.8422
234.247 2.94867 190.401 2.69591
234.303 3.09517 190.572 2.54919
234.36 3.23335 190.75 2.39845
234.416 3.36324 190.936 2.25517
234.472 3.48497 191.129 2.1054
234.528 3.59811 191.329 1.95254
234.584 3.70292 191.535 1.80295
234.64 3.79904 191.746 1.64838
234.697 3.88652 191.962 1.49749
234.753 3.96578 192.183 1.35314
234.809 4.03717 192.409 1.212
234.865 4.1006 192.638 1.0726
234.921 4.15674 192.87 0.951304
234.978 4.20619 193.105 0.828306
235.034 4.2491 193.343 0.715853
235.09 4.28578 193.583 0.611901
235.146 4.31705 193.825 0.522315
235.202 4.34423 194.068 0.460542
235.258 4.3681 194.313 0.40931
235.315 4.39006 194.559 0.382004
235.371 4.41071 194.807 0.360358
235.427 4.4309 195.055 0.362771
235.483 4.45163 195.305 0.375851
235.539 4.47371 195.556 0.405988
235.596 4.49745 195.808 0.433893
235.652 4.52315 196.061 0.474125
235.708 4.55134 196.316 0.521112
235.764 4.58237 196.573 0.574353
235.82 4.6166 196.832 0.63199
235.876 4.65384 197.092 0.687235
235.933 4.69409 197.355 0.737272
235.989 4.73698 197.62 0.779375
236.045 4.78211 197.888 0.82142
236.101 4.82941 198.158 0.854406
236.157 4.87852 198.431 0.887436
236.213 4.92919 198.707 0.912339
236.27 4.98118 198.985 0.932379
236.326 5.03439 199.267 0.957421
236.382 5.08902 199.552 0.979365
236.438 5.14461 199.839 0.99829
236.494 5.20123 200.13 1.01268
236.551 5.2585 200.424 1.025
236.607 5.31622 200.722 1.0299
236.663 5.37413 201.022 1.03037
236.719 5.43234 201.326 1.03912
236.775 5.49084 201.634 1.04169
236.831 5.54914 201.944 1.03408
236.888 5.60719 202.258 1.03159
236.944 5.66476 202.575 1.02542
237 5.722 202.895 1.01919
237.056 5.77894 203.218 1.00995
237.112 5.83525 203.545 0.998967
237.169 5.89128 203.874 0.998065
237.225 5.94688 204.207 0.987767
237.281 6.00228 204.543 0.983559
237.337 6.05738 204.882 0.978708
237.393 6.11225 205.224 0.978013
237.449 6.1667 205.57 0.965233
237.506 6.22082 205.918 0.960653
237.562 6.27476 206.269 0.959421
237.618 6.3285 206.624 0.95457
237.674 6.38218 206.981 0.954685
237.73 6.43598 207.341 0.958043
237.787 6.48986 207.705 0.959898
237.843 6.5438 208.071 0.956796
237.899 6.59776 208.441 0.955243
237.955 6.65153 208.813 0.954022
238.011 6.70457 209.188 0.942669
238.067 6.75709 209.567 0.929346
238.124 6.8085 209.948 0.903832
238.18 6.85804 210.332 0.863184
238.236 6.90471 210.719 0.80958
238.292 6.94786 211.109 0.740425
238.348 6.9874 211.5 0.674172
238.404 7.02196 211.894 0.571963
238.461 7.05077 212.29 0.474656
238.517 7.07363 212.687 0.361693
238.573 7.09025 213.085 0.252862
238.629 7.10032 213.483 0.133965
238.685 7.10412 213.882 0.0183101
238.742 7.10048 214.281 -0.1206
238.798 7.08874 214.68 -0.270927
238.854 7.06837 215.077 -0.422335
238.91 7.03926 215.474 -0.576122
238.966 7.00185 215.868 -0.727885
239.022 6.95607 216.26 -0.870208
239.079 6.90214 216.649 -1.01533
239.135 6.84018 217.034 -1.16155
239.191 6.76964 217.416 -1.31629
239.247 6.68984 217.794 -1.48927
239.303 6.60051 218.167 -1.65819
239.36 6.50164 218.534 -1.82214
239.416 6.39272 218.896 -2.012
239.472 6.27319 219.251 -2.2112
239.528 6.14198 219.599 -2.42039
239.584 5.99867 219.94 -2.63891
239.64 5.84294 220.271 -2.86377
239.697 5.67474 220.594 -3.08137
239.753 5.49368 220.907 -3.31485
239.809 5.30015 221.209 -3.52726
239.865 5.09559 221.5 -3.72033
239.921 4.88084 221.779 -3.88815
239.978 4.65789 222.046 -4.01514
240.034 4.42858 222.3 -4.11437
240.09 4.19538 222.541 -4.16998
240.146 3.96051 222.768 -4.1865
240.199 3.74164 222.969 -4.1526
240.252 3.52259 223.161 -4.09433
240.306 3.30272 223.346 -3.99234
240.361 3.08629 223.52 -3.88072
240.416 2.87741 223.683 -3.73338
240.472 2.67453 223.837 -3.55031
240.528 2.4817 223.981 -3.35535
240.584 2.301 224.114 -3.1245
240.641 2.13343 224.238 -2.88942
240.697 1.98018 224.352 -2.62189
240.753 1.84183 224.459 -2.35863
240.809 1.71955 224.558 -2.05801
240.865 1.61476 224.651 -1.73223
240.921 1.5295 224.739 -1.3711
240.978 1.46622 224.822 -0.95928
241.034 1.42702 224.903 -0.517977
241.09 1.41388 224.983 -0.0442988
241.146 1.42823 225.063 0.450938
241.202 1.46873 225.144 0.891909
241.258 1.53344 225.229 1.3186
241.315 1.61897 225.318 1.62536
241.371 1.71746 225.412 1.8295
241.427 1.82506 225.512 1.96569
241.483 1.93929 225.618 2.08264
241.539 2.05835 225.731 2.14266
241.596 2.17961 225.851 2.16464
241.652 2.30203 225.978 2.19233
241.708 2.4261 226.111 2.2218
241.764 2.55284 226.252 2.2856
241.814 2.66814 226.382 2.3509
241.863 2.78734 226.518 2.42424
241.916 2.91692 226.668 2.49482
241.963 3.03689 226.81 2.56115
242.011 3.16039 226.958 2.61535
242.063 3.30004 227.129 2.67159
242.113 3.43204 227.295 2.69016
242.164 3.57151 227.477 2.68222
242.218 3.71312 227.672 2.62132
242.272 3.85259 227.879 2.51397
242.328 3.98676 228.096 2.37252
242.383 4.1112 228.32 2.17268
242.439 4.22484 228.555 1.91959
242.495 4.32258 228.795 1.61916
242.551 4.4025 229.041 1.29069
242.607 4.4626 229.29 0.922543
242.663 4.50102 229.542 0.528146
242.719 4.51759 229.795 0.139805
242.776 4.51258 230.048 -0.233433
242.832 4.48796 230.301 -0.568714
242.888 4.44636 230.551 -0.854696
242.944 4.38962 230.799 -1.10987
243 4.32037 231.043 -1.30818
243.056 4.24146 231.283 -1.46287
243.112 4.15476 231.519 -1.59526
243.169 4.06233 231.749 -1.67851
243.225 3.96585 231.974 -1.7428
243.281 3.8668 232.193 -1.77042
243.337 3.76762 232.407 -1.75782
243.393 3.66995 232.616 -1.72061
243.449 3.57525 232.819 -1.65572
243.506 3.48565 233.017 -1.54958
243.562 3.40341 233.21 -1.402
243.618 3.33045 233.398 -1.22771
243.674 3.26784 233.583 -1.03933
243.73 3.21624 233.765 -0.840406
243.787 3.17549 233.944 -0.653682
243.843 3.14437 234.122 -0.490533
243.899 3.12145 234.297 -0.357131
243.955 3.10483 234.472 -0.262959
244.011 3.09243 234.646 -0.200767
244.067 3.08175 234.82 -0.184479
244.124 3.07119 234.992 -0.185739
244.18 3.05922 235.164 -0.231044
244.236 3.04377 235.336 -0.309711
244.292 3.02399 235.506 -0.387573
244.348 2.99862 235.675 -0.497753
244.404 2.9663 235.843 -0.627679
244.461 2.92648 236.008 -0.767256
244.517 2.87777 236.171 -0.934856
244.573 2.819 236.331 -1.11674
244.629 2.74937 236.487 -1.32622
244.685 2.66792 236.638 -1.53329
244.742 2.57444 236.785 -1.75169
244.798 2.4686 236.926 -1.96973
244.854 2.35124 237.061 -2.17009
244.91 2.22243 237.189 -2.3701
244.966 2.08327 237.309 -2.55266
245.022 1.93505 237.421 -2.69889
245.079 1.77959 237.525 -2.80953
245.135 1.61942 237.619 -2.87739
245.191 1.45566 237.705 -2.92771
245.247 1.29101 237.781 -2.92396
245.303 1.1276 237.848 -2.89676
245.36 0.967155 237.906 -2.82173
245.416 0.811751 237.955 -2.7169
245.472 0.662092 237.995 -2.62626
245.528 0.518926 238.028 -2.49603
245.584 0.38266 238.052 -2.37486
245.64 0.253317 238.069 -2.24934
245.697 0.131147 238.08 -2.13319
245.753 0.0148797 238.083 -2.02156
245.809 -0.0950023 238.08 -1.91329
245.865 -0.199073 238.071 -1.8085
245.921 -0.297481 238.057 -1.71285
245.978 -0.389609 238.037 -1.59049
246.034 -0.474927 238.012 -1.46855
246.09 -0.552281 237.983 -1.31752
246.146 -0.620958 237.949 -1.16077
246.202 -0.680318 237.912 -0.984044
246.258 -0.729462 237.872 -0.803616
246.315 -0.76834 237.83 -0.608011
246.371 -0.795467 237.786 -0.396651
246.427 -0.810607 237.741 -0.18535
246.483 -0.81404 237.695 0.019353
246.539 -0.805916 237.649 0.232339
246.596 -0.786074 237.605 0.434373
246.652 -0.754879 237.562 0.636235
246.708 -0.712958 237.521 0.822294
246.764 -0.660512 237.482 1.00349
246.82 -0.598478 237.447 1.16975
246.876 -0.527787 237.416 1.31546
246.933 -0.449926 237.389 1.43028
246.989 -0.366987 237.366 1.49567
247.045 -0.280319 237.349 1.56487
247.101 -0.191661 237.336 1.58439
247.157 -0.1023 237.328 1.58738
247.213 -0.0130968 237.325 1.5755
247.27 0.0742622 237.328 1.53277
247.326 0.158279 237.335 1.46601
247.382 0.23711 237.346 1.36263
247.438 0.310089 237.362 1.25745
247.494 0.377014 237.382 1.14282
247.551 0.437072 237.405 1.01671
247.607 0.489451 237.431 0.873535
247.663 0.533591 237.46 0.72787
247.719 0.569632 237.492 0.590062
247.775 0.598579 237.525 0.466584
247.831 0.620684 237.559 0.345287
247.888 0.636426 237.594 0.241307
247.944 0.647325 237.631 0.162704
248 0.654096 237.667 0.0977979
248.056 0.65835 237.704 0.0652219
248.112 0.661617 237.741 0.0576684
248.169 0.664889 237.778 0.0634711
248.225 0.669544 237.816 0.0977189
248.281 0.676331 237.854 0.138086
248.337 0.686056 237.892 0.197877
248.393 0.699678 237.931 0.270013
248.449 0.717526 237.971 0.354868
248.506 0.741012 238.012 0.457798
248.562 0.770131 238.055 0.561515
248.618 0.805185 238.099 0.663805
248.674 0.846049 238.146 0.766921
248.73 0.892735 238.195 0.873764
248.787 0.945392 238.247 0.981542
248.843 1.00431 238.302 1.0931
248.899 1.06951 238.36 1.21016
248.955 1.14169 238.423 1.33716
249.011 1.22143 238.49 1.47593
249.067 1.30871 238.561 1.60912
249.124 1.40483 238.638 1.78225
249.18 1.51111 238.72 1.96694
249.236 1.62878 238.809 2.18569
249.292 1.75889 238.905 2.40863
249.348 1.9022 239.009 2.64487
249.404 2.05897 239.121 2.89524
249.461 2.23012 239.242 3.15102
249.517 2.41664 239.373 3.43486
249.573 2.6192 239.516 3.7248
249.629 2.83845 239.67 4.01965
249.685 3.07427 239.838 4.31289
249.742 3.32605 240.019 4.59321
249.798 3.59325 240.215 4.8702
249.854 3.8761 240.426 5.14236
249.91 4.1731 240.654 5.38637
249.966 4.48339 240.899 5.61047
250.022 4.80506 241.161 5.7949
250.079 5.13628 241.442 5.95864
250.135 5.47531 241.742 6.07404
250.191 5.81872 242.061 6.13695
250.247 6.16304 242.398 6.18001
250.302 6.50143 242.747 6.18084
250.357 6.84282 243.118 6.13685
250.412 7.18132 243.509 6.08859
250.468 7.51699 243.918 6.03162
250.523 7.84825 244.346 5.94509
250.579 8.17547 244.792 5.86235
250.634 8.49791 245.256 5.78527
250.69 8.81444 245.737 5.65555
250.745 9.12339 246.236 5.51662
250.8 9.42375 246.752 5.349
250.856 9.71351 247.284 5.14452
250.911 9.99054 247.831 4.89
250.967 10.2524 248.394 4.60307
251.022 10.4973 248.974 4.24993
251.079 10.7236 249.571 3.87663
251.135 10.9283 250.18 3.48789
251.191 11.1111 250.801 3.09188
251.247 11.2706 251.43 2.67369
251.303 11.4067 252.068 2.25555
251.36 11.5194 252.713 1.84525
251.416 11.6104 253.363 1.47542
251.472 11.6812 254.018 1.11601
251.528 11.7308 254.676 0.728113
251.584 11.7589 255.336 0.349196
251.64 11.7655 255.997 -0.0344139
251.697 11.7501 256.658 -0.434275
251.753 11.7121 257.317 -0.84048
251.809 11.6502 257.973 -1.2762
251.865 11.5634 258.624 -1.7236
251.921 11.4514 259.27 -2.17351
251.978 11.3147 259.909 -2.60281
252.034 11.155 260.539 -2.99921
252.09 10.9742 261.16 -3.35863
252.146 10.7749 261.77 -3.66817
252.202 10.5604 262.368 -3.91102
252.258 10.334 262.954 -4.0985
252.315 10.0989 263.527 -4.23315
252.371 9.85825 264.086 -4.30453
252.427 9.61555 264.631 -4.32684
252.483 9.37337 265.163 -4.29849
252.539 9.13373 265.682 -4.23442
252.596 8.89879 266.187 -4.14224
252.652 8.66998 266.679 -4.02538
252.708 8.44914 267.159 -3.86331
252.764 8.23814 267.626 -3.67707
252.82 8.03847 268.082 -3.47145
252.876 7.85088 268.528 -3.24392
252.933 7.67742 268.963 -2.98665
252.989 7.51851 269.389 -2.72586
253.045 7.37445 269.806 -2.45681
253.101 7.24491 270.216 -2.19817
253.157 7.12986 270.619 -1.94514
253.213 7.02779 271.016 -1.728
253.27 6.93786 271.408 -1.51465
253.326 6.85915 271.795 -1.32676
253.382 6.79031 272.178 -1.15894
253.438 6.7303 272.557 -1.00775
253.494 6.67853 272.934 -0.859774
253.551 6.63503 273.307 -0.719018
253.607 6.59905 273.679 -0.590331
253.663 6.57095 274.049 -0.445709
253.719 6.55099 274.417 -0.299899
253.775 6.53883 274.785 -0.159467
253.831 6.53467 275.152 -0.0170447
253.888 6.53811 275.519 0.113549
253.944 6.54893 275.887 0.242403
254 6.5664 276.255 0.345625
254.056 6.59007 276.625 0.46455
254.112 6.61976 276.996 0.568257
254.169 6.65451 277.369 0.652639
254.225 6.69343 277.744 0.704118
254.281 6.73602 278.122 0.781589
254.337 6.78145 278.502 0.825525
254.393 6.82909 278.884 0.85853
254.449 6.87785 279.27 0.871047
254.506 6.92711 279.658 0.881738
254.562 6.97634 280.048 0.874328
254.618 7.0254 280.442 0.870701
254.674 7.07363 280.838 0.852291
254.73 7.12047 281.237 0.81623
254.787 7.16614 281.639 0.799919
254.843 7.21023 282.043 0.772414
254.899 7.2529 282.449 0.748771
254.955 7.29408 282.858 0.722528
255.011 7.3338 283.269 0.699634
255.067 7.37207 283.683 0.669787
255.124 7.40889 284.098 0.646089
255.18 7.44444 284.516 0.622289
255.236 7.47905 284.935 0.609397
255.292 7.51274 285.356 0.601933
255.348 7.54579 285.78 0.575615
255.404 7.57711 286.204 0.552088
255.461 7.60704 286.631 0.517703
255.517 7.63507 287.06 0.484374
255.573 7.66107 287.489 0.449017
255.629 7.68469 287.921 0.403799
255.685 7.70557 288.353 0.350929
255.742 7.72355 288.786 0.295385
255.798 7.73793 289.221 0.225774
255.854 7.74797 289.656 0.143036
255.91 7.75334 290.091 0.0648625
255.966 7.754 290.527 -0.0234219
256.022 7.74894 290.963 -0.130259
256.079 7.73799 291.398 -0.240579
256.135 7.72064 291.832 -0.361503
256.191 7.69616 292.265 -0.483346
256.247 7.66493 292.696 -0.609336
256.303 7.62601 293.125 -0.747207
256.36 7.57932 293.552 -0.891828
256.416 7.52469 293.976 -1.03248
256.472 7.46164 294.397 -1.17833
256.528 7.39115 294.814 -1.30582
256.584 7.31338 295.226 -1.43636
256.64 7.22843 295.634 -1.56503
256.697 7.1364 296.037 -1.68477
256.753 7.03857 296.435 -1.78256
256.809 6.93535 296.827 -1.86879
256.865 6.8273 297.213 -1.96211
256.921 6.71405 297.593 -2.05057
256.978 6.59622 297.966 -2.12889
257.034 6.47389 298.333 -2.20389
257.09 6.3477 298.692 -2.27512
257.146 6.21737 299.044 -2.34681
257.202 6.0831 299.389 -2.41715
257.258 5.94476 299.726 -2.49157
257.315 5.80205 300.055 -2.57192
257.371 5.65494 300.376 -2.64168
257.427 5.5052 300.689 -2.68437
257.483 5.35271 300.993 -2.73178
257.539 5.19795 301.289 -2.76786
257.596 5.04173 301.575 -2.78756
257.652 4.88462 301.853 -2.80238
257.708 4.72719 302.122 -2.79627
257.764 4.57116 302.383 -2.76285
257.82 4.41746 302.634 -2.71595
257.876 4.26739 302.877 -2.63714
257.933 4.12206 303.112 -2.54641
257.989 3.9831 303.339 -2.42095
258.045 3.85241 303.558 -2.25631
258.101 3.73219 303.771 -2.05749
258.157 3.62413 303.977 -1.82921
258.213 3.53027 304.177 -1.55602
258.27 3.45263 304.373 -1.26266
258.326 3.39229 304.565 -0.946655
258.382 3.34986 304.754 -0.624752
258.438 3.32534 304.941 -0.313059
258.494 3.31858 305.127 0.00472649
258.551 3.32955 305.314 0.317711
258.607 3.35752 305.502 0.61511
258.663 3.40155 305.692 0.890284
258.719 3.45991 305.885 1.13407
258.775 3.53144 306.082 1.35529
258.831 3.61392 306.283 1.53388
258.888 3.70518 306.489 1.67514
258.944 3.80289 306.701 1.77578
259 3.90483 306.918 1.83393
259.056 4.00862 307.14 1.84972
259.112 4.11166 307.369 1.82443
259.169 4.21137 307.604 1.74195
259.225 4.30502 307.843 1.61092
259.281 4.39 308.088 1.44354
259.337 4.46423 308.337 1.23078
259.393 4.52518 308.59 0.98697
259.449 4.57116 308.846 0.701774
259.506 4.60046 309.104 0.395731
259.562 4.61175 309.363 0.0700756
259.618 4.60398 309.622 -0.279969
259.674 4.57591 309.88 -0.645281
259.73 4.52707 310.135 -1.01571
259.787 4.45734 310.387 -1.39354
259.843 4.36672 310.635 -1.76492
259.899 4.25558 310.876 -2.12361
259.955 4.12455 311.111 -2.47055
260.011 3.97461 311.338 -2.79751
260.067 3.80694 311.555 -3.10372
260.123 3.6269 311.759 -3.36685
260.177 3.43602 311.951 -3.59179
260.232 3.23186 312.133 -3.78906
260.288 3.01524 312.306 -3.95002
260.343 2.79123 312.466 -4.07219
260.399 2.56187 312.614 -4.14973
260.455 2.32933 312.749 -4.19103
260.51 2.09615 312.87 -4.18443
260.566 1.86462 312.979 -4.14378
260.622 1.63748 313.075 -4.03379
260.677 1.41715 313.159 -3.90095
260.733 1.20547 313.231 -3.72684
260.789 1.0052 313.291 -3.5053
260.844 0.818001 313.341 -3.26826
260.9 0.64444 313.381 -3.01232
260.955 0.485989 313.411 -2.73636
261.011 0.343341 313.433 -2.44058
261.067 0.216468 313.448 -2.13579
261.124 0.10745 313.457 -1.80846
261.18 0.0161078 313.46 -1.50132
261.236 -0.0569759 313.458 -1.17172
261.292 -0.112657 313.453 -0.870378
261.348 -0.151266 313.445 -0.570771
261.404 -0.17403 313.436 -0.300183
261.461 -0.181982 313.426 -0.0438525
261.517 -0.176995 313.416 0.171143
261.573 -0.160261 313.406 0.376399
261.629 -0.133187 313.398 0.54984
261.685 -0.0976021 313.392 0.684735
261.742 -0.0557303 313.388 0.784828
261.798 -0.00905224 313.386 0.85288
261.854 0.0403321 313.387 0.888324
261.91 0.0903888 313.391 0.89189
261.96 0.134952 313.397 0.890319
262.011 0.179471 313.405 0.862756
262.066 0.225722 313.417 0.815214
262.122 0.269191 313.431 0.757336
262.177 0.309557 313.447 0.702759
262.234 0.347063 313.466 0.633018
262.29 0.380369 313.486 0.565983
262.346 0.409869 313.509 0.496355
262.403 0.435267 313.533 0.425625
262.459 0.457237 313.558 0.364012
262.515 0.475857 313.584 0.310726
262.572 0.491159 313.612 0.25196
262.628 0.503721 313.64 0.201545
262.685 0.513331 313.669 0.150535
262.741 0.519998 313.698 0.0969645
262.797 0.5236 313.727 0.0421492
262.854 0.523781 313.757 -0.0246811
262.91 0.519728 313.786 -0.102519
262.966 0.51139 313.815 -0.179584
263.022 0.498382 313.844 -0.26645
263.079 0.480115 313.871 -0.361501
263.135 0.456415 313.897 -0.461611
263.191 0.426996 313.922 -0.569042
263.247 0.392017 313.945 -0.664793
263.303 0.351354 313.965 -0.766204
263.36 0.305277 313.984 -0.858582
263.416 0.254294 313.999 -0.941323
263.472 0.199142 314.011 -1.00708
263.528 0.140524 314.021 -1.06598
263.584 0.0787637 314.027 -1.11228
263.64 0.0148264 314.029 -1.148
263.697 -0.0503978 314.027 -1.1659
263.753 -0.115901 314.022 -1.16325
263.809 -0.180639 314.014 -1.14069
263.865 -0.243181 314.001 -1.09358
263.921 -0.302138 313.986 -1.01452
263.978 -0.356442 313.967 -0.930538
264.034 -0.405207 313.945 -0.81872
264.09 -0.446964 313.921 -0.689913
264.146 -0.480735 313.895 -0.537385
264.202 -0.505271 313.867 -0.366973
264.258 -0.519796 313.838 -0.183331
264.315 -0.52329 313.809 0.022057
264.371 -0.514561 313.779 0.246438
264.427 -0.492636 313.751 0.490776
264.483 -0.456642 313.725 0.740885
264.539 -0.405639 313.701 1.0235
264.596 -0.337931 313.68 1.32775
264.652 -0.252781 313.664 1.63911
264.708 -0.150013 313.653 1.96241
264.764 -0.0287289 313.649 2.28905
264.82 0.110981 313.652 2.61987
264.876 0.268923 313.663 2.93853
264.933 0.444707 313.684 3.25757
264.989 0.63809 313.715 3.56662
265.045 0.848791 313.758 3.8627
265.101 1.07527 313.814 4.14275
265.157 1.3161 313.882 4.38178
265.213 1.57018 313.965 4.60897
265.27 1.8354 314.062 4.7927
265.326 2.1104 314.174 4.95379
265.382 2.39285 314.302 5.07207
265.438 2.68032 314.446 5.14185
265.494 2.97024 314.606 5.16566
265.551 3.26028 314.783 5.1525
265.607 3.54804 314.976 5.09033
265.663 3.83079 315.185 5.00053
265.719 4.10661 315.409 4.8521
265.775 4.37364 315.649 4.68365
265.831 4.63011 315.904 4.47893
265.888 4.8738 316.172 4.23759
265.944 5.10318 316.454 3.98221
266 5.31715 316.748 3.69816
266.056 5.51453 317.053 3.38907
266.112 5.69477 317.369 3.08738
266.169 5.85801 317.694 2.78377
266.225 6.00425 318.029 2.48485
266.281 6.13368 318.37 2.18731
266.337 6.24674 318.719 1.89874
266.393 6.34439 319.073 1.63505
266.449 6.42731 319.432 1.37969
266.506 6.49682 319.796 1.14708
266.562 6.55504 320.163 0.957722
266.618 6.60299 320.533 0.783649
266.674 6.64215 320.905 0.639136
266.73 6.67379 321.279 0.517498
266.787 6.69942 321.655 0.415191
266.843 6.71932 322.032 0.317171
266.899 6.73433 322.41 0.239314
266.955 6.74472 322.789 0.145206
267.011 6.74976 323.168 0.0487801
267.067 6.74932 323.547 -0.0467616
267.124 6.74344 323.926 -0.142785
267.18 6.73177 324.305 -0.248179
267.236 6.71403 324.682 -0.357932
267.292 6.6901 325.059 -0.470201
267.348 6.65983 325.434 -0.584086
267.404 6.62358 325.807 -0.682698
267.461 6.58195 326.177 -0.776971
267.517 6.53546 326.546 -0.859049
267.573 6.48535 326.911 -0.913666
267.629 6.43248 327.274 -0.956784
267.685 6.37761 327.633 -0.985513
267.742 6.32181 327.99 -0.994338
267.798 6.26597 328.343 -0.989807
267.854 6.2109 328.693 -0.968075
267.91 6.15754 329.04 -0.93504
267.966 6.1065 329.384 -0.891522
268.022 6.05804 329.726 -0.844117
268.079 6.01223 330.065 -0.795209
268.135 5.96955 330.401 -0.739734
268.191 5.92962 330.735 -0.691207
268.247 5.89232 331.067 -0.64641
268.303 5.85784 331.397 -0.597048
268.36 5.82585 331.725 -0.547916
268.416 5.79655 332.051 -0.505474
268.472 5.76979 332.376 -0.453932
268.528 5.7461 332.699 -0.398989
268.584 5.72517 333.021 -0.355285
268.64 5.70726 333.342 -0.289746
268.697 5.69348 333.662 -0.216737
268.753 5.68358 333.982 -0.14553
268.809 5.67828 334.301 -0.0596864
268.865 5.67781 334.62 0.024987
268.921 5.68211 334.939 0.11486
268.978 5.69149 335.258 0.201773
269.034 5.70578 335.579 0.289405
269.09 5.72493 335.9 0.37236
269.146 5.74885 336.222 0.462169
269.202 5.77745 336.546 0.537606
269.258 5.81013 336.872 0.610485
269.315 5.84624 337.199 0.662338
269.371 5.88482 337.529 0.704633
269.427 5.92549 337.861 0.736536
269.483 5.96755 338.195 0.756962
269.539 6.01037 338.532 0.7628
269.596 6.05338 338.871 0.768017
269.652 6.0963 339.213 0.7581
269.708 6.13859 339.557 0.748803
269.764 6.18025 339.903 0.736025
269.82 6.22089 340.251 0.71486
269.876 6.25993 340.602 0.681244
269.933 6.29685 340.955 0.636912
269.989 6.33081 341.31 0.584366
270.045 6.3617 341.667 0.526422
270.101 6.38945 342.025 0.474652
270.157 6.41416 342.385 0.417697
270.213 6.43606 342.746 0.372362
270.27 6.45512 343.108 0.317662
270.326 6.47157 343.472 0.275065
270.382 6.48567 343.836 0.237151
270.438 6.49817 344.2 0.216398
270.494 6.50982 344.566 0.200875
270.551 6.52113 344.932 0.200145
270.607 6.53271 345.299 0.210928
270.663 6.54531 345.666 0.238945
270.719 6.56023 346.034 0.284182
270.775 6.57769 346.403 0.330788
270.831 6.59812 346.774 0.395728
270.888 6.62223 347.145 0.45473
270.944 6.65092 347.518 0.540799
271 6.68437 347.893 0.637837
271.056 6.72289 348.27 0.718458
271.112 6.76618 348.649 0.807269
271.169 6.81415 349.031 0.885813
271.225 6.86642 349.415 0.955988
271.281 6.92287 349.803 1.03815
271.337 6.98382 350.194 1.11311
271.393 7.04857 350.588 1.17162
271.449 7.1164 350.986 1.22912
271.506 7.18749 351.389 1.28645
271.562 7.26093 351.795 1.31915
271.618 7.33627 352.205 1.36009
271.674 7.41388 352.62 1.39221
271.73 7.49296 353.039 1.41555
271.787 7.57311 353.463 1.43797
271.843 7.65471 353.891 1.46705
271.899 7.73758 354.324 1.48271
271.955 7.82163 354.761 1.50764
272.011 7.90752 355.204 1.54605
272.067 7.99548 355.651 1.57503
272.124 8.08498 356.103 1.60659
272.18 8.1763 356.56 1.63446
272.236 8.26964 357.023 1.6819
272.292 8.36527 357.491 1.71998
272.348 8.46292 357.964 1.74908
272.404 8.56186 358.443 1.77019
272.461 8.66212 358.927 1.79476
272.517 8.76344 359.417 1.81032
272.573 8.86578 359.913 1.82709
272.629 8.96903 360.414 1.84756
272.685 9.07325 360.922 1.85897
272.742 9.17862 361.435 1.89214
272.798 9.28642 361.954 1.93533
272.854 9.39715 362.48 1.99824
272.91 9.51234 363.012 2.08264
272.966 9.63238 363.55 2.18185
273.022 9.75952 364.095 2.31445
273.079 9.89432 364.648 2.46006
273.135 10.0385 365.209 2.63502
273.191 10.1921 365.778 2.80174
273.247 10.355 366.356 2.96811
273.303 10.5272 366.944 3.12558
273.36 10.7068 367.541 3.24196
273.416 10.8916 368.149 3.31655
273.472 11.0786 368.767 3.33982
273.528 11.266 369.396 3.31827
273.584 11.4523 370.035 3.31047
273.64 11.6362 370.684 3.24033
273.697 11.8156 371.344 3.16248
273.753 11.9909 372.014 3.08038
273.809 12.1606 372.693 2.9886
273.865 12.3234 373.382 2.82685
273.921 12.4781 374.08 2.69437
273.978 12.6214 374.786 2.45972
274.034 12.7524 375.499 2.23455
274.09 12.8678 376.219 1.91962
274.146 12.9634 376.946 1.55229
274.202 13.038 377.677 1.17729
274.258 13.0917 378.411 0.811771
274.315 13.1255 379.148 0.464256
274.371 13.1427 379.886 0.225235
274.427 13.1461 380.624 -0.052722
274.483 13.1373 381.363 -0.217051
274.539 13.1208 382.1 -0.343365
274.596 13.0983 382.836 -0.424737
274.652 13.0714 383.571 -0.507573
274.708 13.0402 384.305 -0.588192
274.764 13.0054 385.036 -0.630185
274.82 12.9692 385.766 -0.650887
274.876 12.9315 386.493 -0.686979
274.933 12.8906 387.218 -0.7622
274.989 12.844 387.941 -0.876447
275.045 12.7895 388.66 -1.03651
275.101 12.7252 389.377 -1.21894
275.157 12.6516 390.089 -1.36132
275.213 12.5724 390.797 -1.4337
275.27 12.4917 391.501 -1.42351
275.326 12.4147 392.2 -1.33349
275.382 12.3452 392.895 -1.15942
275.438 12.2872 393.587 -0.936378
275.494 12.2437 394.276 -0.661199
275.551 12.2172 394.962 -0.340044
275.607 12.2086 395.648 -0.0288815
275.663 12.2171 396.334 0.267821
275.719 12.2419 397.022 0.549132
275.775 12.2813 397.711 0.802323
275.831 12.3344 398.402 1.03709
275.888 12.3997 399.097 1.24665
275.944 12.4756 399.797 1.41986
276 12.5606 400.5 1.56973
276.056 12.6532 401.209 1.70453
276.112 12.7528 401.923 1.81317
276.169 12.8578 402.643 1.90094
276.225 12.9666 403.369 1.95832
276.281 13.0774 404.101 1.98003
276.337 13.1881 404.84 1.96164
276.393 13.2967 405.584 1.90901
276.449 13.4009 406.335 1.81599
276.506 13.4992 407.091 1.70125
276.562 13.5891 407.853 1.53233
276.618 13.6691 408.619 1.35308
276.674 13.7395 409.389 1.19174
276.73 13.8009 410.163 1.02965
276.787 13.8533 410.94 0.873979
276.843 13.8986 411.72 0.763577
276.899 13.9387 412.502 0.686385
276.955 13.9756 413.287 0.641059
277.011 14.0113 414.073 0.636712
277.067 14.0477 414.861 0.661976
277.124 14.0864 415.652 0.703458
277.18 14.1277 416.444 0.757508
277.236 14.1723 417.24 0.812204
277.292 14.2198 418.037 0.86691
277.348 14.2702 418.838 0.915589
277.404 14.3228 419.641 0.948693
277.461 14.3766 420.448 0.963454
277.517 14.4305 421.257 0.955135
277.573 14.483 422.07 0.918255
277.629 14.5326 422.885 0.855371
277.685 14.5777 423.703 0.765029
277.742 14.6169 424.524 0.647778
277.798 14.6485 425.346 0.50577
277.854 14.6715 426.17 0.343814
277.91 14.6847 426.994 0.159023
277.966 14.6868 427.819 -0.0449656
278.022 14.6771 428.644 -0.256132
278.079 14.6547 429.468 -0.493215
278.135 14.6184 430.29 -0.751296
278.191 14.5677 431.11 -1.00938
278.247 14.502 431.926 -1.27794
278.303 14.421 432.738 -1.55158
278.36 14.3252 433.545 -1.80463
278.416 14.2156 434.346 -2.04805
278.472 14.0926 435.141 -2.28216
278.528 13.9567 435.928 -2.50665
278.584 13.8089 436.707 -2.71149
278.64 13.6502 437.478 -2.89501
278.697 13.4823 438.239 -3.05156
278.753 13.3057 438.99 -3.1989
278.809 13.1215 439.732 -3.32678
278.865 12.9304 440.463 -3.4496
278.921 12.7337 441.182 -3.5387
278.978 12.5313 441.891 -3.64532
279.034 12.323 442.588 -3.74985
279.09 12.1089 443.273 -3.84829
279.146 11.8894 443.946 -3.94213
279.202 11.666 444.606 -3.99608
279.258 11.4404 445.254 -4.02516
279.315 11.2144 445.889 -4.01996
279.371 10.9885 446.512 -4.02049
279.427 10.7619 447.121 -4.0456
279.483 10.5328 447.718 -4.1126
279.539 10.2979 448.302 -4.23487
279.596 10.0539 448.872 -4.4212
279.652 9.79789 449.429 -4.65412
279.708 9.52707 449.97 -4.93298
279.764 9.23995 450.496 -5.23144
279.82 8.9351 451.005 -5.55865
279.876 8.61172 451.496 -5.89333
279.933 8.26918 451.968 -6.23413
279.989 7.90817 452.421 -6.55567
