# t volume xc yc zc ub_x ub_y ub_z width depth height d_eq chi
76.0007 2006.97 60 60 60 -0.00655078 0.0593856 0.0546435 14.0625 14.0625 14.0625 15.65 1
76.0253 2015.31 59.9936 60.0578 60.0526 -0.401343 2.82397 2.60379 15.9375 15 14.0625 15.6716 1.13333
76.083 2026.12 59.968 60.2298 60.195 -0.436407 2.83653 2.7479 15.9375 15 15 15.6996 1.0625
76.1614 2026 59.9302 60.4521 60.432 -0.490688 2.85017 2.92594 15.9375 15 15 15.6993 1.0625
76.2528 2033.02 59.8838 60.7084 60.7056 -0.561288 2.8641 3.11882 15.9375 15 14.0625 15.7174 1.13333
76.3518 2030.45 59.8239 61.0017 61.039 -0.645647 2.87784 3.31774 15.9375 15.9375 14.0625 15.7108 1.13333
76.4552 2028.47 59.767 61.2964 61.3604 -0.723497 2.87801 3.5068 15.9375 15 13.125 15.7057 1.21429
76.56 2030.96 59.6771 61.5996 61.7374 -0.800501 2.87556 3.67639 16.875 15 14.0625 15.7121 1.2
76.6647 2028.96 59.5817 61.8844 62.1169 -0.870377 2.86624 3.83477 16.875 15.9375 13.125 15.707 1.28571
76.7695 2024.96 59.4974 62.2004 62.5287 -0.928058 2.85698 3.97715 16.875 15 13.125 15.6966 1.28571
76.8743 2027.38 59.3942 62.4892 62.9465 -0.982938 2.84443 4.11673 16.875 15 13.125 15.7029 1.28571
76.979 2024.98 59.301 62.7746 63.3701 -1.03323 2.83041 4.2636 15.9375 15.9375 13.125 15.6967 1.21429
77.0889 2026.35 59.1855 63.1026 63.8526 -1.09384 2.81551 4.4109 15.9375 15.9375 14.0625 15.7002 1.13333
77.2 2032.56 59.0605 63.416 64.3238 -1.14881 2.79765 4.56298 15.9375 15 13.125 15.7162 1.21429
77.3111 2026.78 58.9366 63.7159 64.8433 -1.1982 2.77852 4.73638 15.9375 15.9375 14.0625 15.7013 1.13333
77.4222 2023.32 58.7762 64.0292 65.3503 -1.25797 2.75225 4.8983 15 15 14.0625 15.6924 1.06667
77.5333 2031.48 58.6604 64.3342 65.914 -1.30419 2.73035 5.0725 15 15 14.0625 15.7134 1.06667
77.6444 2023.26 58.522 64.6346 66.4704 -1.355 2.71039 5.25881 15 15.9375 14.0625 15.6922 1.13333
77.7556 2025.36 58.3575 64.9404 67.0498 -1.39821 2.69307 5.41909 15.9375 15 15 15.6976 1.0625
77.8667 2035.1 58.1956 65.2409 67.6579 -1.43043 2.6816 5.56617 15.9375 15 14.0625 15.7228 1.13333
77.9778 2024.63 58.0335 65.5268 68.2788 -1.46267 2.68084 5.71772 15 15.9375 14.0625 15.6958 1.13333
78.0889 2032.3 57.8791 65.8423 68.8815 -1.4813 2.68965 5.83095 15 15.9375 15 15.7156 1.0625
78.2 2034.82 57.7199 66.1263 69.5371 -1.48584 2.70614 5.94142 15 15 14.0625 15.722 1.06667
78.3111 2030.08 57.558 66.4346 70.1944 -1.48884 2.7361 6.03962 15 15.9375 14.0625 15.7098 1.13333
78.4222 2020.88 57.3844 66.7483 70.8545 -1.48934 2.77266 6.12286 15 15.9375 15 15.6861 1.0625
78.5333 2025.72 57.2275 67.0524 71.5339 -1.46729 2.81452 6.1841 15.9375 15 14.0625 15.6986 1.13333
78.6444 2029.61 57.0618 67.3606 72.2019 -1.4344 2.86881 6.24393 15.9375 15.9375 14.0625 15.7086 1.13333
78.7556 2027.71 56.9109 67.6903 72.8794 -1.4103 2.93541 6.29009 15 15.9375 14.0625 15.7037 1.13333
78.8667 2031.44 56.7711 68.0192 73.5888 -1.37073 3.00226 6.3408 15 15 13.125 15.7133 1.14286
78.9778 2030.03 56.6283 68.3568 74.2846 -1.3344 3.0753 6.39847 15.9375 15.9375 14.0625 15.7097 1.13333
79.0889 2031.63 56.4836 68.7093 74.9717 -1.29987 3.14038 6.43708 15.9375 15.9375 14.0625 15.7138 1.13333
79.2 2033.17 56.3311 69.0488 75.6735 -1.25818 3.21078 6.49052 15.9375 15.9375 13.125 15.7178 1.21429
79.3111 2030.01 56.1846 69.405 76.3923 -1.21126 3.2926 6.54931 15.9375 15.9375 13.125 15.7096 1.21429
79.4222 2027.73 56.0756 69.7726 77.1023 -1.15597 3.34715 6.614 15.9375 15.9375 13.125 15.7038 1.21429
79.5333 2024.99 55.9582 70.1537 77.8272 -1.10399 3.41503 6.6652 15.9375 15.9375 14.0625 15.6967 1.13333
79.6444 2025.08 55.8477 70.5214 78.5688 -1.04553 3.48232 6.73264 15.9375 15.9375 13.125 15.6969 1.21429
79.7556 2030.05 55.7285 70.9405 79.3087 -0.974865 3.52905 6.79348 15.9375 16.875 13.125 15.7098 1.28571
79.8667 2027.04 55.6264 71.3172 80.0398 -0.897515 3.56792 6.86732 15.9375 15.9375 13.125 15.702 1.21429
79.9778 2028.56 55.5218 71.7075 80.8003 -0.813946 3.59862 6.92352 15.9375 16.875 13.125 15.7059 1.28571
80.0889 2025.76 55.4389 72.1107 81.5675 -0.71536 3.61506 6.99556 15.9375 16.875 14.0625 15.6987 1.2
80.2 2026.57 55.3628 72.511 82.3283 -0.609188 3.61475 7.06383 15.9375 16.875 13.125 15.7008 1.28571
80.3111 2028.53 55.3008 72.915 83.1026 -0.49131 3.59498 7.1195 15.9375 16.875 13.125 15.7058 1.28571
80.4222 2032.41 55.2634 73.3009 83.8806 -0.366748 3.5575 7.18253 15 17.8125 13.125 15.7158 1.35714
80.5333 2034 55.2365 73.6978 84.6797 -0.236487 3.49319 7.20898 15 16.875 13.125 15.7199 1.28571
80.6444 2025.61 55.2228 74.0882 85.4726 -0.121761 3.41764 7.2545 15 16.875 14.0625 15.6983 1.2
80.7556 2026.25 55.2179 74.4595 86.2637 0.00683528 3.30866 7.2689 15 17.8125 14.0625 15.6999 1.26667
80.8667 2026.75 55.22 74.8181 87.0538 0.135079 3.1897 7.26846 15 16.875 13.125 15.7012 1.28571
80.9778 2023.35 55.243 75.163 87.8607 0.268842 3.05374 7.26753 15 17.8125 13.125 15.6925 1.35714
81.0889 2030.02 55.2867 75.4997 88.6457 0.399604 2.89698 7.23532 15 16.875 13.125 15.7097 1.28571
81.2 2029.77 55.3474 75.8147 89.4351 0.525676 2.74194 7.18977 15.9375 16.875 13.125 15.709 1.28571
81.3111 2022.51 55.4127 76.1195 90.2234 0.646657 2.5722 7.14865 15.9375 17.8125 13.125 15.6903 1.35714
81.4222 2025.88 55.4899 76.3896 90.9961 0.759319 2.39952 7.06432 15.9375 16.875 13.125 15.699 1.28571
81.5333 2029.66 55.5791 76.6717 91.7742 0.86502 2.23853 6.99996 15.9375 16.875 13.125 15.7088 1.28571
81.6444 2031.06 55.6873 76.9032 92.5377 0.974663 2.06999 6.91638 15 16.875 13.125 15.7124 1.28571
81.7556 2029.29 55.7911 77.1262 93.2835 1.06896 1.91273 6.83311 15 16.875 13.125 15.7078 1.28571
81.8667 2022.69 55.9177 77.3314 94.024 1.15968 1.76145 6.7375 15.9375 16.875 13.125 15.6907 1.28571
81.9778 2024.08 56.0458 77.5335 94.7731 1.23635 1.62101 6.6394 15.9375 16.875 13.125 15.6943 1.28571
82.0889 2030.86 56.1974 77.7103 95.5002 1.31198 1.50118 6.53168 15.9375 15.9375 13.125 15.7118 1.21429
82.2 2032.7 56.3336 77.8743 96.1993 1.38148 1.396 6.43143 15.9375 15.9375 13.125 15.7166 1.21429
82.3111 2029.04 56.4851 78.0212 96.8885 1.4375 1.29968 6.33698 15.9375 15.9375 13.125 15.7072 1.21429
82.4222 2026.16 56.6485 78.1645 97.6059 1.49376 1.2162 6.24188 16.875 15.9375 13.125 15.6997 1.28571
82.5333 2035.49 56.8393 78.2925 98.2615 1.54306 1.15189 6.148 16.875 15 13.125 15.7238 1.28571
82.6444 2027.96 57.0151 78.424 98.9429 1.58835 1.10647 6.06391 15.9375 15 13.125 15.7044 1.21429
82.7556 2025.99 57.1774 78.5355 99.5921 1.62373 1.07146 5.97089 15.9375 15 14.0625 15.6993 1.13333
82.8667 2030.49 57.3602 78.6622 100.238 1.6484 1.05109 5.89053 16.875 15.9375 13.125 15.7109 1.28571
82.9778 2025.19 57.5305 78.7939 100.897 1.66543 1.03804 5.821 16.875 15.9375 13.125 15.6972 1.28571
83.0889 2025.57 57.7405 78.9072 101.511 1.67608 1.03748 5.73342 16.875 15 14.0625 15.6982 1.2
83.2 2025.19 57.9306 79.0216 102.136 1.68246 1.05327 5.66443 15.9375 15 13.125 15.6972 1.21429
83.3111 2030.46 58.1068 79.1459 102.775 1.67543 1.07405 5.60208 15.9375 15 14.0625 15.7108 1.13333
83.4222 2028.11 58.283 79.2601 103.364 1.66695 1.09701 5.5497 15.9375 15 14.0625 15.7047 1.13333
83.5333 2028.34 58.4619 79.3949 103.964 1.64587 1.1211 5.49772 16.875 15 14.0625 15.7053 1.2
83.6444 2024.84 58.6476 79.5186 104.572 1.61968 1.1517 5.46217 15.9375 15 14.0625 15.6963 1.13333
83.7556 2032.62 58.8279 79.6586 105.163 1.58562 1.19594 5.43118 15.9375 15 14.0625 15.7164 1.13333
83.8667 2023.37 58.9888 79.7841 105.769 1.542 1.22638 5.41407 15.9375 15.9375 14.0625 15.6925 1.13333
83.9778 2022.77 59.1661 79.9291 106.346 1.49774 1.26607 5.40872 15.9375 15 15 15.691 1.0625
84.0889 2024.17 59.3288 80.083 106.941 1.44058 1.30747 5.42434 15.9375 15 14.0625 15.6946 1.13333
84.2 2027.04 59.4803 80.2301 107.538 1.38865 1.34952 5.44624 15 15 15 15.702 1
84.3111 2025.28 59.6206 80.3684 108.13 1.33191 1.39095 5.48154 15.9375 15 15 15.6974 1.0625
84.4222 2029.62 59.7744 80.5398 108.744 1.27221 1.43429 5.5385 15.9375 15 14.0625 15.7086 1.13333
84.5333 2032.76 59.9123 80.7004 109.341 1.21634 1.46505 5.60841 15.9375 15 15 15.7168 1.0625
84.6444 2023.63 60.05 80.8762 109.953 1.16478 1.48654 5.70941 15.9375 15.9375 15 15.6932 1.0625
84.7556 2023.47 60.1816 81.0416 110.586 1.11986 1.50796 5.80687 15.9375 15 14.0625 15.6928 1.13333
84.8667 2028.57 60.3017 81.1945 111.226 1.06827 1.52542 5.91762 15.9375 15 15 15.7059 1.0625
84.9778 2029.95 60.4026 81.3891 111.877 1.03368 1.53116 6.05169 15 15 15 15.7095 1
85.0889 2022.69 60.5092 81.5628 112.532 1.01514 1.48048 6.03483 15.9375 15 14.0625 15.6907 1.13333
85.2 2032.27 60.6204 81.7202 113.184 1.03318 1.3472 5.70504 15.9375 14.0625 15 15.7155 1.13333
85.3111 2027.1 60.7264 81.8605 113.789 1.10905 1.16241 5.18507 15.9375 15 14.0625 15.7021 1.13333
85.4222 2033.35 60.8706 81.9882 114.32 1.22826 0.951491 4.53052 15.9375 15 13.125 15.7183 1.21429
85.5333 2028.42 61.0028 82.0932 114.812 1.36495 0.765395 3.82612 15.9375 15 12.1875 15.7055 1.30769
85.6444 2026.99 61.1459 82.1747 115.192 1.50699 0.604168 3.08414 17.8125 15.9375 12.1875 15.7019 1.46154
85.7556 2024.95 61.3178 82.2448 115.491 1.63808 0.480396 2.36366 17.8125 15.9375 11.25 15.6966 1.58333
85.8667 2023.76 61.4927 82.3127 115.736 1.73591 0.361958 1.66239 18.75 15.9375 11.25 15.6935 1.66667
85.9778 2026.94 61.6772 82.3542 115.885 1.80851 0.298113 1.02479 18.75 16.875 10.3125 15.7017 1.81818
86.0889 2024.4 61.8839 82.3773 115.995 1.84463 0.273231 0.459198 19.6875 17.8125 10.3125 15.6952 1.90909
86.2 2027.28 62.0914 82.4267 116.03 1.89092 0.30069 -0.00942055 19.6875 17.8125 9.375 15.7026 2.1
86.3111 2030.91 62.2973 82.4698 116.02 1.97111 0.339642 -0.391286 19.6875 17.8125 9.375 15.712 2.1
86.4222 2043.82 62.5138 82.5075 115.992 2.10715 0.365047 -0.664751 19.6875 17.8125 8.4375 15.7452 2.33333
86.5333 2040.12 62.7528 82.5442 115.915 2.33898 0.333497 -0.836721 19.6875 17.8125 8.4375 15.7357 2.33333
86.6444 2031.32 63.02 82.5861 115.813 2.51327 0.366741 -1.04502 20.625 17.8125 8.4375 15.713 2.44444
# t volume xc yc zc ub_x ub_y ub_z width depth height d_eq chi
85.4494 2037.39 60.8986 82.0181 114.434 1.26984 0.889079 4.39164 15.9375 15 13.125 15.7287 1.21429
85.5087 2031.72 60.9679 82.0765 114.704 1.34284 0.801394 4.02119 15.9375 15 13.125 15.714 1.21429
85.5881 2026.81 61.061 82.127 114.981 1.43619 0.676912 3.49253 16.875 15 12.1875 15.7014 1.38462
85.6789 2026.6 61.199 82.1917 115.292 1.54629 0.558085 2.88901 17.8125 15.9375 12.1875 15.7008 1.46154
85.7763 2024.58 61.349 82.2509 115.538 1.6515 0.450735 2.26014 17.8125 15.9375 11.25 15.6956 1.58333
85.878 2024.1 61.5126 82.312 115.751 1.73804 0.346749 1.61451 18.75 15.9375 10.3125 15.6944 1.81818
85.9797 2027.3 61.6794 82.3468 115.885 1.80253 0.286247 1.02635 18.75 16.875 10.3125 15.7026 1.81818
86.087 2026.84 61.8773 82.3688 115.994 1.8513 0.270148 0.474174 19.6875 17.8125 10.3125 15.7015 1.90909
86.1968 2026.49 62.0878 82.4216 116.029 1.88256 0.290393 0.014644 19.6875 17.8125 9.375 15.7006 2.1
86.3084 2031.22 62.2947 82.4628 116.02 1.96831 0.332915 -0.372503 19.6875 17.8125 9.375 15.7128 2.1
86.4199 2045.63 62.5089 82.4989 115.996 2.11149 0.362349 -0.661661 19.6875 17.8125 8.4375 15.7498 2.33333
86.5315 2042.44 62.7498 82.5325 115.921 2.30327 0.326269 -0.836646 19.6875 17.8125 8.4375 15.7416 2.33333
86.643 2033.91 63.0068 82.575 115.815 2.50138 0.36761 -1.01986 20.625 17.8125 8.4375 15.7197 2.44444
86.7546 2030.86 63.2848 82.6274 115.703 2.62407 0.467919 -1.33581 19.6875 17.8125 8.4375 15.7118 2.33333
86.8661 2033.83 63.5857 82.694 115.558 2.69807 0.605183 -1.65406 19.6875 17.8125 9.375 15.7195 2.1
86.9777 2036.36 63.882 82.7753 115.363 2.7915 0.738976 -1.81414 18.75 17.8125 9.375 15.726 2
87.0889 2038.61 64.185 82.8784 115.174 2.88568 0.89851 -1.932 18.75 16.875 9.375 15.7318 2
87.2 2037.53 64.4942 82.9668 114.964 2.91074 1.05877 -2.09041 17.8125 16.875 10.3125 15.729 1.72727
87.3111 2038.27 64.8334 83.1012 114.734 2.95417 1.16826 -2.13661 17.8125 16.875 10.3125 15.7309 1.72727
87.4222 2034.73 65.1448 83.2383 114.51 2.97071 1.25376 -2.10896 16.875 16.875 11.25 15.7218 1.5
87.5333 2036.52 65.4725 83.3787 114.287 2.96044 1.34765 -2.0767 17.8125 16.875 11.25 15.7264 1.58333
87.6444 2036.05 65.7761 83.5232 114.071 2.93698 1.42155 -1.9807 16.875 15.9375 12.1875 15.7252 1.38462
87.7556 2037.28 66.1211 83.6906 113.854 2.92171 1.4729 -1.83186 15.9375 16.875 12.1875 15.7284 1.38462
87.8667 2041.42 66.4225 83.8584 113.675 2.89824 1.50162 -1.64864 15.9375 16.875 12.1875 15.739 1.38462
87.9778 2034.6 66.7702 84.0301 113.512 2.86525 1.51645 -1.46737 15 16.875 13.125 15.7215 1.28571
88.0889 2039.17 67.0608 84.2112 113.357 2.85916 1.52643 -1.25351 15 16.875 13.125 15.7332 1.28571
88.2 2038.03 67.3728 84.3741 113.239 2.86404 1.51263 -1.0139 15 16.875 13.125 15.7303 1.28571
88.3111 2036.58 67.6807 84.5419 113.151 2.87469 1.47934 -0.756367 15 16.875 14.0625 15.7266 1.2
88.4222 2028.45 68.0126 84.7007 113.092 2.89672 1.42 -0.480355 14.0625 16.875 14.0625 15.7056 1.2
88.5333 2044.04 68.3387 84.8634 113.043 2.91236 1.35935 -0.208388 14.0625 16.875 14.0625 15.7458 1.2
88.6444 2036.39 68.6469 85.007 113.036 2.95034 1.27506 0.0404418 14.0625 16.875 14.0625 15.7261 1.2
88.7556 2032.14 68.9757 85.1622 113.068 3.00034 1.19415 0.284841 14.0625 16.875 14.0625 15.7151 1.2
88.8667 2041.22 69.3072 85.2966 113.113 3.03815 1.1119 0.495124 14.0625 16.875 14.0625 15.7385 1.2
88.9778 2034.7 69.6357 85.4147 113.174 3.09207 1.0119 0.683545 14.0625 16.875 14.0625 15.7217 1.2
89.0889 2037.01 69.9945 85.5384 113.258 3.14887 0.925395 0.860011 14.0625 16.875 14.0625 15.7277 1.2
89.2 2036.46 70.327 85.6291 113.373 3.21227 0.83622 0.985345 14.0625 15.9375 14.0625 15.7263 1.13333
89.3111 2035.52 70.6854 85.7293 113.489 3.27561 0.748621 1.07126 15 15.9375 14.0625 15.7238 1.13333
89.4222 2036.75 71.0521 85.8079 113.609 3.33209 0.677267 1.12483 15 16.875 13.125 15.727 1.28571
89.5333 2035.28 71.4083 85.8765 113.732 3.39278 0.593258 1.11646 15 16.875 13.125 15.7232 1.28571
89.6444 2041.38 71.7831 85.9486 113.868 3.45283 0.528383 1.09177 15 16.875 13.125 15.7389 1.28571
89.7556 2034.41 72.1792 86.0084 113.995 3.5083 0.440094 1.03081 15.9375 16.875 13.125 15.721 1.28571
89.8667 2035.17 72.5607 86.0724 114.1 3.54661 0.352527 0.934885 15 16.875 12.1875 15.723 1.38462
89.9778 2035.3 72.9442 86.0991 114.202 3.54886 0.283052 0.774463 15.9375 16.875 12.1875 15.7233 1.38462
90.0889 2041.91 73.3273 86.135 114.278 3.56503 0.225435 0.623428 15.9375 16.875 12.1875 15.7403 1.38462
90.2 2039.81 73.709 86.1609 114.347 3.54482 0.140423 0.448442 15.9375 16.875 12.1875 15.7349 1.38462
90.3111 2032.19 74.1218 86.1803 114.4 3.52332 0.0714822 0.277681 15.9375 16.875 12.1875 15.7153 1.38462
90.4222 2030.57 74.4806 86.1805 114.434 3.46571 0.0203514 0.0752907 15.9375 16.875 12.1875 15.7111 1.38462
90.5333 2036.26 74.8491 86.1847 114.433 3.37592 -0.00401059 -0.112488 15.9375 17.8125 11.25 15.7258 1.58333
90.6444 2031.88 75.2224 86.202 114.417 3.27742 -0.0243264 -0.283821 15.9375 17.8125 11.25 15.7145 1.58333
90.7556 2033.85 75.573 86.1962 114.381 3.14797 -0.013815 -0.440944 15.9375 17.8125 11.25 15.7196 1.58333
90.8667 2036.78 75.9105 86.2082 114.333 3.00649 0.0167278 -0.584316 15.9375 17.8125 11.25 15.7271 1.58333
90.9778 2033.47 76.2302 86.2145 114.268 2.83971 0.0622624 -0.717051 15 17.8125 11.25 15.7186 1.58333
91.0889 2032.06 76.5283 86.228 114.207 2.67383 0.114116 -0.815577 15.9375 17.8125 12.1875 15.7149 1.46154
91.2 2032.57 76.8377 86.2679 114.105 2.4879 0.209721 -0.903423 15.9375 17.8125 12.1875 15.7162 1.46154
91.3111 2036.34 77.0845 86.2945 114.01 2.29239 0.295501 -0.98434 15 17.8125 12.1875 15.726 1.46154
91.4222 2037.54 77.3118 86.3471 113.892 2.10424 0.416761 -1.03235 15 17.8125 12.1875 15.7291 1.46154
91.5333 2032.64 77.5411 86.3918 113.784 1.91115 0.515918 -1.07063 15.9375 17.8125 12.1875 15.7164 1.46154
91.6444 2033.79 77.742 86.4467 113.669 1.72751 0.631015 -1.10023 15 17.8125 12.1875 15.7194 1.46154
91.7556 2030.42 77.9211 86.5142 113.563 1.55569 0.726106 -1.10549 15 17.8125 12.1875 15.7107 1.46154
91.8667 2038.54 78.0891 86.6134 113.443 1.39434 0.853725 -1.1021 15 17.8125 13.125 15.7316 1.35714
91.9778 2034.79 78.2256 86.7332 113.31 1.2422 0.987741 -1.11292 15 17.8125 13.125 15.722 1.35714
92.0889 2036.19 78.353 86.8379 113.201 1.10174 1.11136 -1.10202 15 16.875 13.125 15.7256 1.28571
92.2 2032.56 78.4875 86.982 113.092 0.97571 1.23694 -1.08049 14.0625 16.875 13.125 15.7162 1.28571
92.3111 2032.68 78.5854 87.1235 112.968 0.87033 1.36397 -1.05113 14.0625 16.875 14.0625 15.7165 1.2
92.4222 2036.01 78.6689 87.2749 112.848 0.772188 1.49698 -1.02268 14.0625 15.9375 14.0625 15.7251 1.13333
92.5333 2036.46 78.7459 87.4358 112.739 0.687463 1.62859 -0.983447 14.0625 15.9375 14.0625 15.7263 1.13333
92.6444 2034.64 78.8116 87.6163 112.643 0.61931 1.75711 -0.933091 14.0625 16.875 14.0625 15.7216 1.2
92.7556 2027.44 78.8833 87.8443 112.544 0.574491 1.88886 -0.884067 14.0625 15.9375 15 15.703 1.13333
92.8667 2032 78.9349 88.0517 112.454 0.534239 2.01932 -0.791644 14.0625 15.9375 15 15.7148 1.13333
92.9778 2029.79 78.9961 88.3037 112.37 0.506211 2.14045 -0.712357 14.0625 15.9375 15 15.7091 1.13333
93.0889 2029.16 79.0699 88.5464 112.282 0.490286 2.27304 -0.627848 15 15 15 15.7074 1
93.2 2026.43 79.1106 88.79 112.227 0.483165 2.39909 -0.511782 15 15 15 15.7004 1
93.3111 2025.93 79.1802 89.0634 112.185 0.493739 2.50621 -0.396585 15 15.9375 15 15.6991 1.0625
93.4222 2029.69 79.2252 89.3484 112.148 0.511317 2.62034 -0.267603 15 15 15 15.7088 1
93.5333 2026.5 79.2926 89.6507 112.128 0.547909 2.72868 -0.12831 15 15 15.9375 15.7006 1.0625
93.6444 2027.08 79.3498 89.9611 112.133 0.591483 2.83391 0.0071774 14.0625 15.9375 15.9375 15.7021 1.13333
93.7556 2030.67 79.4252 90.2778 112.144 0.641824 2.94011 0.14675 14.0625 15 15 15.7114 1.06667
93.8667 2028.27 79.4866 90.6106 112.14 0.692377 3.05598 0.288318 14.0625 15 15 15.7052 1.06667
93.9778 2032.53 79.5692 90.9622 112.173 0.764458 3.17121 0.410452 14.0625 15.9375 15 15.7161 1.13333
94.0889 2035.94 79.6449 91.3161 112.223 0.839265 3.28404 0.541053 14.0625 15 15 15.7249 1.06667
94.2 2031.11 79.7484 91.6742 112.284 0.922047 3.38623 0.654516 14.0625 15.9375 15 15.7125 1.13333
94.3111 2031.64 79.829 92.0757 112.363 1.02031 3.49606 0.774496 14.0625 15 15 15.7138 1.06667
94.4222 2029.49 79.9558 92.4459 112.447 1.10331 3.59804 0.869218 15 15.9375 15 15.7083 1.0625
94.5333 2032.3 80.0936 92.8552 112.561 1.2075 3.69144 0.941931 15 15.9375 15 15.7156 1.0625
94.6444 2027.72 80.2381 93.2773 112.649 1.30676 3.80001 1.00876 15 15 14.0625 15.7037 1.06667
94.7556 2035.15 80.3868 93.7018 112.762 1.40564 3.89171 1.05632 15 15.9375 14.0625 15.7229 1.13333
94.8667 2030.96 80.5525 94.1286 112.873 1.5065 3.98654 1.07643 14.0625 16.875 14.0625 15.7121 1.2
94.9778 2035.19 80.6983 94.5788 112.987 1.60992 4.08099 1.08985 14.0625 15.9375 14.0625 15.723 1.13333
95.0889 2030.24 80.8776 95.033 113.118 1.71478 4.17677 1.07781 15 16.875 14.0625 15.7102 1.2
95.2 2031.07 81.0902 95.5127 113.228 1.81853 4.24819 1.04135 15 15.9375 13.125 15.7124 1.21429
95.3111 2035.91 81.2979 95.9712 113.326 1.89925 4.34551 0.991043 15 16.875 13.125 15.7249 1.28571
95.4222 2034.43 81.514 96.4621 113.439 1.99888 4.43305 0.930109 14.0625 16.875 13.125 15.721 1.28571
95.5333 2036.25 81.7194 96.949 113.541 2.08881 4.51874 0.858098 15 16.875 13.125 15.7257 1.28571
95.6444 2029 81.9569 97.4705 113.635 2.17615 4.60373 0.760517 15 16.875 13.125 15.707 1.28571
95.7556 2033.09 82.2063 97.9817 113.726 2.26369 4.70767 0.664801 15 16.875 13.125 15.7176 1.28571
95.8667 2027.61 82.4517 98.508 113.777 2.34235 4.79876 0.575157 15 17.8125 12.1875 15.7035 1.46154
95.9778 2039.06 82.7017 99.0422 113.825 2.39844 4.9014 0.471023 15 16.875 12.1875 15.7329 1.38462
96.0889 2036.27 82.9777 99.5794 113.878 2.46529 4.99199 0.355649 15 16.875 12.1875 15.7258 1.38462
96.2 2033.56 83.2541 100.133 113.911 2.52081 5.08939 0.235066 15 16.875 12.1875 15.7188 1.38462
96.3111 2030.57 83.5315 100.715 113.928 2.56269 5.19854 0.148504 15.9375 16.875 12.1875 15.7111 1.38462
96.4222 2033.42 83.8243 101.282 113.933 2.59047 5.29736 0.0704583 15 17.8125 12.1875 15.7184 1.46154
96.5333 2039.92 84.1013 101.887 113.943 2.62485 5.40623 -0.0244155 15 16.875 12.1875 15.7352 1.38462
96.6444 2033.64 84.3755 102.496 113.932 2.64653 5.5114 -0.0904458 15.9375 16.875 12.1875 15.719 1.38462
96.7556 2034.53 84.6897 103.106 113.92 2.66769 5.60635 -0.167868 15 15.9375 12.1875 15.7213 1.30769
96.8667 2038.98 84.9789 103.738 113.901 2.67772 5.70609 -0.222393 15 16.875 12.1875 15.7328 1.38462
96.9778 2029.22 85.2583 104.366 113.884 2.68901 5.7963 -0.285799 15.9375 16.875 12.1875 15.7076 1.38462
97.0889 2036.61 85.572 105.016 113.843 2.68328 5.87356 -0.332006 15 15.9375 12.1875 15.7267 1.30769
97.2 2038.7 85.8648 105.688 113.811 2.68843 5.95437 -0.360921 15 16.875 12.1875 15.732 1.38462
97.3111 2023.86 86.1518 106.317 113.775 2.68778 6.03178 -0.397041 15.9375 16.875 12.1875 15.6938 1.38462
97.4222 2031.39 86.453 107.001 113.737 2.6838 6.10437 -0.411337 15.9375 15.9375 13.125 15.7132 1.21429
97.5333 2038.22 86.7505 107.691 113.69 2.67793 6.16039 -0.425382 15 15.9375 13.125 15.7308 1.21429
97.6444 2028.51 87.0366 108.362 113.631 2.67092 6.20843 -0.445462 15.9375 15.9375 13.125 15.7058 1.21429
97.7556 2028.12 87.3335 109.058 113.594 2.67117 6.25251 -0.446083 15.9375 15.9375 13.125 15.7048 1.21429
97.8667 2041.81 87.6243 109.754 113.536 2.65702 6.29494 -0.443568 15 15.9375 13.125 15.74 1.21429
97.9778 2026.78 87.9126 110.449 113.497 2.65336 6.33199 -0.43587 15 15.9375 13.125 15.7013 1.21429
98.0889 2029.46 88.2163 111.157 113.434 2.64281 6.35725 -0.427259 15 15.9375 13.125 15.7082 1.21429
98.2 2033.85 88.5096 111.873 113.403 2.63648 6.36275 -0.40784 15 15.9375 13.125 15.7195 1.21429
98.3111 2027.91 88.7761 112.572 113.356 2.61804 6.36424 -0.386596 15 15.9375 13.125 15.7042 1.21429
98.4222 2025.26 89.0735 113.26 113.322 2.59821 6.36417 -0.380903 15 15.9375 13.125 15.6974 1.21429
98.5333 2028.11 89.3568 113.968 113.275 2.5694 6.33472 -0.361391 15 15 14.0625 15.7047 1.06667
98.6444 2030.12 89.6269 114.686 113.241 2.544 6.30607 -0.333398 15 15.9375 14.0625 15.7099 1.13333
98.7556 2025.27 89.9154 115.375 113.196 2.5041 6.26376 -0.335294 14.0625 15.9375 14.0625 15.6974 1.13333
98.8667 2028.55 90.1826 116.051 113.167 2.45945 6.2067 -0.340834 15 15.9375 14.0625 15.7059 1.13333
98.9778 2027.29 90.4499 116.755 113.135 2.40913 6.14256 -0.317923 15 15 14.0625 15.7026 1.06667
99.0889 2030.91 90.7311 117.446 113.085 2.35067 6.06611 -0.320968 15 15.9375 14.0625 15.712 1.13333
99.2 2027.9 90.9556 118.091 113.043 2.28733 5.97915 -0.328211 14.0625 15.9375 14.0625 15.7042 1.13333
99.3111 2026.01 91.2282 118.746 113.02 2.22132 5.8819 -0.329733 15 15 14.0625 15.6993 1.06667
99.4222 2027.06 91.4571 119.424 112.979 2.15209 5.7749 -0.335144 15 15 14.0625 15.702 1.06667
99.5333 2028.96 91.6979 0.0382485 112.936 2.07082 5.65283 -0.347075 14.0625 15.9375 14.0625 15.7069 1.13333
99.6444 2026.85 91.8942 0.65734 112.893 1.98381 5.52112 -0.360972 14.0625 15 14.0625 15.7015 1.06667
99.7556 2027.05 92.1315 1.27237 112.861 1.90224 5.37897 -0.378231 15 15 14.0625 15.702 1.06667
99.8667 2026.05 92.3462 1.86784 112.827 1.81812 5.23446 -0.390586 15 15.9375 14.0625 15.6994 1.13333
99.9778 2025.47 92.5365 2.45091 112.773 1.72087 5.07928 -0.405836 15 15 14.0625 15.6979 1.06667
100.089 2025.23 92.7248 3.01575 112.736 1.63501 4.91743 -0.418486 14.0625 15 14.0625 15.6973 1.06667
100.2 2022.11 92.8855 3.55424 112.677 1.54112 4.74643 -0.424302 15 15 14.0625 15.6892 1.06667
100.311 2028.53 93.0389 4.07312 112.632 1.44512 4.57797 -0.433243 15 15 15 15.7058 1
100.422 2023.44 93.2133 4.56385 112.588 1.35145 4.40384 -0.428653 15 15 15 15.6927 1
100.533 2025.42 93.3549 5.05954 112.54 1.25652 4.23037 -0.425574 15 15 15 15.6978 1
100.644 2025.05 93.5073 5.52842 112.496 1.16636 4.04471 -0.426273 15 15 15 15.6969 1
100.756 2023.49 93.6277 5.95699 112.435 1.07461 3.85828 -0.418008 15 15 15 15.6928 1
100.867 2021.75 93.7352 6.40566 112.391 0.986523 3.67953 -0.400765 15 15 15 15.6883 1
100.978 2019.98 93.8397 6.77929 112.354 0.908861 3.48479 -0.382328 15 15 15 15.6837 1
101.089 2028 93.934 7.18366 112.299 0.826109 3.30616 -0.380057 15 15 15 15.7045 1
101.2 2028.13 94.0237 7.5484 112.251 0.748346 3.11192 -0.364442 15 14.0625 15 15.7048 1.06667
101.311 2027.7 94.1086 7.88404 112.21 0.686401 2.93998 -0.339696 15 15 15 15.7037 1
101.422 2025.48 94.1895 8.22436 112.151 0.618005 2.75897 -0.32663 15 14.0625 15 15.698 1.06667
101.533 2033.42 94.2592 8.51553 112.13 0.567454 2.58265 -0.309041 15 14.0625 15 15.7185 1.06667
101.644 2022.28 94.3044 8.79062 112.091 0.513455 2.40849 -0.285327 15 15 15 15.6897 1
101.756 2021.26 94.3586 9.07084 112.058 0.464863 2.23218 -0.267678 15 14.0625 15 15.6871 1.06667
101.867 2024.85 94.4115 9.31632 112.027 0.428757 2.05747 -0.253764 15 14.0625 15 15.6963 1.06667
101.978 2022.97 94.4584 9.5569 111.995 0.39056 1.89969 -0.233675 15 14.0625 15 15.6915 1.06667
102.089 2015.21 94.5009 9.74576 111.978 0.360914 1.74872 -0.210762 15 15 15 15.6714 1
102.2 2015.78 94.5508 9.95566 111.953 0.327639 1.60356 -0.186778 15.9375 14.0625 15 15.6729 1.13333
102.311 2021.8 94.5808 10.1254 111.942 0.307427 1.45634 -0.162989 15.9375 14.0625 15.9375 15.6885 1.13333
102.422 2020.84 94.6191 10.2899 111.907 0.275904 1.31424 -0.138748 15.9375 14.0625 15.9375 15.686 1.13333
102.533 2020.75 94.6545 10.44 111.884 0.245145 1.18258 -0.114623 15.9375 14.0625 15.9375 15.6857 1.13333
102.644 2016.24 94.6751 10.5733 111.868 0.203929 1.05508 -0.0822409 15.9375 14.0625 15.9375 15.674 1.13333
102.756 2017.5 94.6986 10.6899 111.859 0.166475 0.934312 -0.0583751 15.9375 14.0625 15.9375 15.6773 1.13333
102.867 2016.1 94.725 10.807 111.843 0.122024 0.810361 -0.024033 15.9375 15 15.9375 15.6737 1.0625
102.978 2014.69 94.7242 10.8984 111.831 0.0675412 0.68672 0.000516642 15.9375 14.0625 15.9375 15.67 1.13333
103.089 2015.88 94.7399 10.9846 111.824 0.00858572 0.566642 0.0245198 15.9375 14.0625 15.9375 15.6731 1.13333
103.2 2019.48 94.7352 11.0483 111.821 -0.0548877 0.452611 0.044354 15.9375 14.0625 15.9375 15.6824 1.13333
103.311 2018.79 94.7358 11.1034 111.833 -0.12532 0.330913 0.0633057 15.9375 14.0625 15 15.6806 1.13333
103.422 2017.16 94.7272 11.1417 111.834 -0.207602 0.211613 0.0837945 15.9375 14.0625 15 15.6764 1.13333
103.533 2020.47 94.6944 11.1637 111.839 -0.304361 0.0979937 0.0933806 15.9375 14.0625 15 15.685 1.13333
103.644 2024.89 94.6549 11.1838 111.849 -0.409874 -0.0102249 0.0985861 15.9375 14.0625 15 15.6964 1.13333
103.756 2025.08 94.5999 11.1855 111.853 -0.526447 -0.124872 0.100493 15.9375 14.0625 15 15.6969 1.13333
103.867 2029.7 94.5371 11.1705 111.852 -0.653343 -0.234863 0.0893205 15.9375 14.0625 15 15.7089 1.13333
103.978 2026.63 94.4734 11.1526 111.851 -0.790128 -0.343041 0.0809096 15.9375 14.0625 15 15.7009 1.13333
104.089 2028.07 94.3813 11.1216 111.85 -0.940177 -0.446836 0.0631717 15.9375 14.0625 15 15.7047 1.13333
104.2 2021.44 94.2717 11.0762 111.841 -1.10795 -0.558168 0.0438578 16.875 14.0625 15 15.6875 1.2
104.311 2020.92 94.1489 11.0237 111.827 -1.28463 -0.656658 0.0170885 16.875 14.0625 15 15.6862 1.2
104.422 2015.31 93.9812 10.9549 111.823 -1.47351 -0.764036 -0.0163957 15.9375 14.0625 15 15.6716 1.13333
104.533 2014.05 93.8153 10.869 111.817 -1.67461 -0.857924 -0.0518828 15.9375 15 15 15.6684 1.0625
104.644 2017.53 93.6311 10.7766 111.81 -1.88167 -0.955176 -0.0973202 15.9375 15 15 15.6774 1.0625
104.756 2019.3 93.4316 10.6671 111.782 -2.09268 -1.04802 -0.139605 15.9375 15 15 15.682 1.0625
104.867 2021.01 93.1816 10.5555 111.756 -2.30686 -1.14275 -0.192545 16.875 14.0625 15 15.6864 1.2
104.978 2023.7 92.9164 10.4403 111.73 -2.51994 -1.24121 -0.256747 15.9375 14.0625 15 15.6934 1.13333
105.089 2023.96 92.6365 10.3215 111.681 -2.73839 -1.32364 -0.316057 15.9375 14.0625 15 15.694 1.13333
105.2 2022.84 92.3337 10.1901 111.639 -2.9547 -1.41832 -0.380454 16.875 14.0625 15 15.6911 1.2
105.311 2016.76 91.9955 10.0243 111.573 -3.17462 -1.50652 -0.441063 15.9375 15 14.0625 15.6754 1.13333
105.422 2022.96 91.6413 9.86765 111.523 -3.38574 -1.58484 -0.521268 15.9375 15 14.0625 15.6914 1.13333
105.533 2019.18 91.2693 9.69622 111.471 -3.58369 -1.68079 -0.587175 16.875 15 14.0625 15.6817 1.2
105.644 2025.55 90.8611 9.50482 111.391 -3.76761 -1.75326 -0.671836 15.9375 14.0625 15 15.6981 1.13333
105.756 2022.03 90.4326 9.32332 111.314 -3.9343 -1.83629 -0.736628 15.9375 14.0625 15 15.689 1.13333
105.867 2027.23 90.0143 9.13075 111.222 -4.09691 -1.90827 -0.813167 15.9375 15 15 15.7025 1.0625
105.978 2026.54 89.5417 8.9306 111.114 -4.24638 -1.99643 -0.903356 15 15 15 15.7007 1
106.089 2020.49 89.0934 8.70688 110.99 -4.3701 -2.07802 -0.98477 15.9375 15 15 15.6851 1.0625
106.2 2019.96 88.5979 8.48927 110.864 -4.46942 -2.14782 -1.07485 15 14.0625 15 15.6837 1.06667
106.311 2019.76 88.1105 8.24841 110.75 -4.55145 -2.23335 -1.15998 15 15 15 15.6832 1
106.422 2027.39 87.5983 8.0119 110.606 -4.616 -2.3044 -1.25595 15 15 15.9375 15.7029 1.0625
106.533 2021.44 87.0756 7.76639 110.442 -4.64461 -2.38092 -1.33322 14.0625 15 15.9375 15.6875 1.13333
106.644 2024.07 86.576 7.52407 110.277 -4.65307 -2.44011 -1.41026 15 15.9375 15 15.6943 1.0625
106.756 2027.77 86.0705 7.24516 110.119 -4.65019 -2.49403 -1.47804 14.0625 15 15 15.7039 1.06667
106.867 2024.09 85.5558 6.98247 109.947 -4.61518 -2.55393 -1.54164 15 15 15 15.6944 1
106.978 2026.06 85.0501 6.71548 109.761 -4.56865 -2.58832 -1.59363 14.0625 15.9375 15.9375 15.6994 1.13333
107.089 2017.99 84.5463 6.4278 109.579 -4.49574 -2.62882 -1.62421 15 15.9375 15.9375 15.6786 1.0625
107.2 2026.02 84.0634 6.14857 109.365 -4.40113 -2.64505 -1.66668 14.0625 15 15 15.6994 1.06667
107.311 2021.89 83.5734 5.88608 109.192 -4.28911 -2.64142 -1.68195 14.0625 15.9375 15 15.6887 1.13333
107.422 2022.06 83.1119 5.57334 108.992 -4.15308 -2.63339 -1.68211 14.0625 15.9375 15.9375 15.6891 1.13333
107.533 2028.89 82.6638 5.30058 108.788 -4.00316 -2.61927 -1.67064 14.0625 15 15.9375 15.7068 1.13333
107.644 2026.6 82.2362 5.01258 108.583 -3.8435 -2.58574 -1.6478 14.0625 15.9375 15.9375 15.7009 1.13333
107.756 2021.31 81.8109 4.7316 108.412 -3.67311 -2.55472 -1.60893 15 15.9375 15 15.6872 1.0625
107.867 2023.14 81.4091 4.47902 108.227 -3.50104 -2.48723 -1.56173 14.0625 15 15.9375 15.6919 1.13333
107.978 2024.82 81.0419 4.21924 108.042 -3.30545 -2.42916 -1.49534 14.0625 15 15.9375 15.6963 1.13333
108.089 2024.33 80.6782 3.9394 107.862 -3.11351 -2.36611 -1.42219 14.0625 15.9375 15.9375 15.695 1.13333
108.2 2024.66 80.3532 3.68135 107.705 -2.92679 -2.29406 -1.33293 14.0625 15 15.9375 15.6958 1.13333
108.311 2018.84 80.0352 3.44086 107.557 -2.73517 -2.23587 -1.2325 14.0625 15 15 15.6808 1.06667
108.422 2022.58 79.7483 3.21803 107.428 -2.55806 -2.1407 -1.1148 14.0625 15 15.9375 15.6905 1.13333
108.533 2020.28 79.4602 2.9877 107.289 -2.38634 -2.05097 -0.990042 14.0625 15.9375 15.9375 15.6845 1.13333
108.644 2023.44 79.2055 2.76745 107.167 -2.20596 -1.95322 -0.865263 14.0625 15.9375 15.9375 15.6927 1.13333
108.756 2023.94 78.9731 2.56232 107.066 -2.0554 -1.86336 -0.732486 13.125 15 15.9375 15.694 1.21429
108.867 2024.72 78.749 2.37029 106.973 -1.91278 -1.75959 -0.591465 14.0625 15 15.9375 15.696 1.13333
108.978 2020.6 78.5562 2.18448 106.9 -1.78169 -1.64436 -0.43883 14.0625 15.9375 15.9375 15.6853 1.13333
109.089 2019.76 78.3384 1.99596 106.858 -1.66856 -1.53665 -0.295853 14.0625 15.9375 15.9375 15.6832 1.13333
109.2 2021.09 78.1619 1.84409 106.82 -1.57259 -1.40986 -0.145635 14.0625 15.9375 15.9375 15.6866 1.13333
109.311 2016.8 78.0028 1.69021 106.789 -1.48213 -1.28688 0.0104026 13.125 15.9375 15.9375 15.6755 1.21429
109.422 2020.58 77.8485 1.55597 106.794 -1.42454 -1.13936 0.152626 14.0625 15.9375 15 15.6853 1.13333
109.533 2021.7 77.6736 1.44533 106.804 -1.38827 -0.995933 0.289646 14.0625 15 15 15.6882 1.06667
109.644 2020.38 77.5096 1.34795 106.843 -1.36418 -0.83626 0.423697 14.0625 15.9375 15 15.6848 1.13333
109.756 2018 77.3767 1.25688 106.89 -1.35755 -0.673784 0.554856 14.0625 15.9375 15 15.6786 1.13333
109.867 2016.59 77.218 1.19347 106.951 -1.3579 -0.505377 0.667033 14.0625 15.9375 14.0625 15.675 1.13333
109.978 2020.46 77.0751 1.14442 106.999 -1.37008 -0.338884 0.764463 14.0625 15.9375 14.0625 15.685 1.13333
110.089 2024.45 76.9135 1.11616 107.08 -1.3957 -0.169378 0.845621 14.0625 15.9375 14.0625 15.6953 1.13333
110.2 2029.02 76.7543 1.10212 107.161 -1.43171 0.00335823 0.914313 14.0625 15.9375 14.0625 15.7071 1.13333
110.311 2031.31 76.5959 1.1163 107.253 -1.47897 0.173673 0.966986 14.0625 15.9375 14.0625 15.713 1.13333
110.422 2019.21 76.4375 1.14234 107.351 -1.54071 0.340071 1.02738 14.0625 15.9375 15 15.6817 1.13333
110.533 2017.95 76.2613 1.19127 107.459 -1.60735 0.513373 1.06012 15 15.9375 15 15.6785 1.0625
110.644 2016.3 76.0663 1.24986 107.557 -1.67631 0.668644 1.08887 15 16.875 15 15.6742 1.125
110.756 2018.06 75.8676 1.32658 107.672 -1.75411 0.822443 1.1042 14.0625 16.875 14.0625 15.6788 1.2
110.867 2018.12 75.6826 1.42787 107.792 -1.83475 0.974868 1.10668 14.0625 16.875 14.0625 15.6789 1.2
110.978 2022.35 75.4763 1.54506 107.899 -1.91786 1.12208 1.10772 15 16.875 14.0625 15.6899 1.2
111.089 2028.33 75.2565 1.67757 108.002 -1.99431 1.2586 1.09491 15 15.9375 14.0625 15.7053 1.13333
111.2 2022.58 75.0169 1.81417 108.123 -2.08011 1.40004 1.08233 15 15.9375 14.0625 15.6905 1.13333
111.311 2024.34 74.7963 2.00103 108.223 -2.16403 1.52785 1.05555 14.0625 15.9375 14.0625 15.695 1.13333
111.422 2028.25 74.5715 2.15502 108.327 -2.23619 1.65417 1.02692 15 15.9375 14.0625 15.7051 1.13333
111.533 2018.51 74.3004 2.33718 108.438 -2.31497 1.77314 0.996027 15 15.9375 14.0625 15.6799 1.13333
111.644 2016.6 74.0365 2.54063 108.527 -2.39575 1.88217 0.952379 15 15.9375 15 15.675 1.0625
111.756 2024.66 73.7864 2.75332 108.625 -2.46596 1.9938 0.900484 15 15.9375 15 15.6958 1.0625
111.867 2024.02 73.492 2.99772 108.711 -2.53707 2.09162 0.852867 15 15.9375 14.0625 15.6942 1.13333
111.978 2021.8 73.214 3.2299 108.805 -2.59551 2.18796 0.819352 15 15 14.0625 15.6885 1.06667
112.089 2015.78 72.9266 3.45715 108.873 -2.64638 2.27516 0.788707 15 15.9375 14.0625 15.6729 1.13333
112.2 2026.52 72.6488 3.71556 108.95 -2.68969 2.35061 0.732302 15 15.9375 14.0625 15.7006 1.13333
112.311 2028.48 72.3378 4.0034 109.015 -2.72595 2.41557 0.682863 15 15 14.0625 15.7057 1.06667
112.422 2029.36 72.0341 4.25942 109.072 -2.75572 2.48534 0.642642 15 15 14.0625 15.708 1.06667
112.533 2022.98 71.7421 4.53586 109.12 -2.77835 2.54318 0.615012 15 15.9375 14.0625 15.6915 1.13333
112.644 2021.32 71.4113 4.83781 109.176 -2.80281 2.5974 0.584256 15 15.9375 14.0625 15.6872 1.13333
112.756 2022.44 71.111 5.11213 109.232 -2.81284 2.65096 0.562331 15 15 15 15.6901 1
112.867 2021.19 70.8033 5.40363 109.293 -2.81932 2.69921 0.552589 15 15 15 15.6869 1
112.978 2018.79 70.477 5.71614 109.341 -2.81421 2.75238 0.551484 15 15.9375 15 15.6807 1.0625
113.089 2028.91 70.179 6.01416 109.389 -2.80276 2.79982 0.555218 15 15 15 15.7068 1
113.2 2025 69.8707 6.32374 109.461 -2.7909 2.85881 0.583222 15 15 15 15.6967 1
113.311 2021.62 69.5552 6.64626 109.508 -2.77076 2.90818 0.620257 15 15.9375 15 15.688 1.0625
113.422 2022.9 69.2563 6.97637 109.569 -2.74899 2.96021 0.66621 15 15 14.0625 15.6913 1.06667
113.533 2027.46 68.9488 7.28488 109.638 -2.71275 3.00957 0.717468 15 15.9375 14.0625 15.7031 1.13333
113.644 2024.86 68.6428 7.64821 109.717 -2.68582 3.06013 0.788329 15 15.9375 14.0625 15.6964 1.13333
113.756 2021.2 68.3604 7.97538 109.785 -2.65203 3.11413 0.87572 15 15 14.0625 15.6869 1.06667
113.867 2026.33 68.0612 8.31172 109.868 -2.61275 3.15979 0.958325 15 15.9375 14.0625 15.7002 1.13333
113.978 2024.83 67.7695 8.69076 109.962 -2.58142 3.2159 1.06656 15 15.9375 14.0625 15.6963 1.13333
114.089 2021.42 67.4857 9.03578 110.098 -2.53454 3.27609 1.18676 15 15 15 15.6875 1
114.2 2025.84 67.2162 9.4061 110.224 -2.49688 3.33037 1.30841 15 15.9375 15 15.6989 1.0625
114.311 2023.66 66.9304 9.78187 110.367 -2.45356 3.37399 1.45378 15 15 14.0625 15.6932 1.06667
114.422 2026.27 66.6575 10.1368 110.52 -2.41928 3.40476 1.6116 15.9375 15.9375 14.0625 15.7 1.13333
114.533 2020.57 66.4015 10.5272 110.685 -2.37203 3.43824 1.78622 15 15.9375 14.0625 15.6853 1.13333
114.644 2028.29 66.1321 10.8944 110.876 -2.33528 3.46812 1.94323 15 15 14.0625 15.7052 1.06667
114.756 2020.62 65.875 11.2746 111.099 -2.3023 3.48346 2.13708 15.9375 15.9375 15 15.6854 1.0625
114.867 2027.47 65.6174 11.6842 111.339 -2.26695 3.48255 2.32236 15.9375 15 14.0625 15.7031 1.13333
114.978 2028.89 65.3594 12.0453 111.59 -2.25153 3.47605 2.50043 15 15.9375 14.0625 15.7068 1.13333
115.089 2021.99 65.1207 12.4532 111.853 -2.22974 3.46036 2.70777 15 15.9375 14.0625 15.6889 1.13333
115.2 2024.71 64.8865 12.8204 112.166 -2.22415 3.42637 2.89306 15.9375 15 14.0625 15.696 1.13333
115.311 2024.05 64.6224 13.2046 112.473 -2.21677 3.36822 3.06389 15.9375 15.9375 14.0625 15.6943 1.13333
115.422 2022.61 64.3766 13.5773 112.827 -2.22186 3.28277 3.08668 15.9375 15 14.0625 15.6905 1.13333
115.533 2026.43 64.1416 13.9242 113.146 -2.23002 3.20138 3.04325 15.9375 15 13.125 15.7004 1.21429
115.644 2033.89 63.8881 14.2864 113.471 -2.22597 3.09488 2.92593 15.9375 15.9375 13.125 15.7196 1.21429
115.756 2032.39 63.6313 14.6216 113.789 -2.23586 2.98432 2.72815 15.9375 15 12.1875 15.7158 1.30769
115.867 2024.39 63.391 14.9429 114.07 -2.22202 2.87807 2.47264 16.875 15.9375 12.1875 15.6952 1.38462
115.978 2029.38 63.144 15.2717 114.338 -2.21371 2.79582 2.17644 16.875 15.9375 12.1875 15.708 1.38462
116.089 2028.68 62.9031 15.5721 114.547 -2.18348 2.72907 1.83094 17.8125 16.875 11.25 15.7062 1.58333
116.2 2029.32 62.64 15.8654 114.742 -2.14574 2.65581 1.50342 17.8125 15.9375 11.25 15.7079 1.58333
116.311 2030.54 62.4065 16.1477 114.882 -2.10696 2.57871 1.16147 16.875 15.9375 10.3125 15.711 1.63636
116.422 2030.51 62.1947 16.4417 114.996 -2.06574 2.50668 0.8544 17.8125 16.875 10.3125 15.7109 1.72727
116.533 2031.65 61.9464 16.7427 115.08 -2.00804 2.42296 0.534631 17.8125 16.875 10.3125 15.7139 1.72727
116.644 2027.73 61.7246 16.974 115.131 -1.98124 2.32256 0.233418 17.8125 16.875 10.3125 15.7038 1.72727
116.756 2024.66 61.5122 17.2456 115.148 -1.92717 2.23773 -0.0497204 18.75 16.875 10.3125 15.6958 1.81818
116.867 2030.11 61.3047 17.5025 115.128 -1.8851 2.13715 -0.31896 17.8125 16.875 10.3125 15.7099 1.72727
116.978 2034.25 61.0901 17.7446 115.087 -1.82153 2.05103 -0.579156 17.8125 16.875 10.3125 15.7206 1.72727
117.089 2031.5 60.8893 17.9384 115.01 -1.76107 1.97031 -0.813372 17.8125 15.9375 10.3125 15.7135 1.72727
117.2 2027.14 60.6895 18.1619 114.925 -1.68157 1.90163 -1.02665 17.8125 16.875 10.3125 15.7022 1.72727
117.311 2027.3 60.5095 18.3896 114.804 -1.59192 1.84936 -1.1651 16.875 16.875 10.3125 15.7027 1.63636
117.422 2025.74 60.3348 18.5933 114.689 -1.52029 1.79365 -1.2823 16.875 15.9375 11.25 15.6986 1.5
117.533 2030.81 60.1674 18.7948 114.533 -1.4366 1.74081 -1.3476 17.8125 15.9375 11.25 15.7117 1.58333
117.644 2025.91 60.012 18.9831 114.388 -1.34057 1.68313 -1.3589 17.8125 15.9375 11.25 15.6991 1.58333
117.756 2023.95 59.8621 19.1767 114.251 -1.25962 1.62834 -1.33457 16.875 15.9375 11.25 15.694 1.5
117.867 2026.54 59.7354 19.3627 114.116 -1.20005 1.57298 -1.25231 16.875 15.9375 12.1875 15.7007 1.38462
117.978 2022.48 59.5884 19.5186 113.982 -1.1355 1.49779 -1.15689 16.875 15.9375 12.1875 15.6902 1.38462
118.089 2026.32 59.4502 19.6827 113.862 -1.08352 1.41939 -1.03793 16.875 15.9375 12.1875 15.7001 1.38462
118.2 2026.07 59.3302 19.8554 113.764 -1.02651 1.34193 -0.892779 15.9375 15.9375 12.1875 15.6995 1.30769
118.311 2026.92 59.2217 20.0156 113.68 -0.97702 1.27138 -0.767019 15.9375 15.9375 12.1875 15.7017 1.30769
118.422 2025.57 59.1101 20.1431 113.608 -0.941664 1.20389 -0.629795 15.9375 15 13.125 15.6982 1.21429
118.533 2027.49 59.0028 20.2629 113.538 -0.908716 1.12788 -0.486302 15.9375 15 13.125 15.7031 1.21429
118.644 2026.03 58.8997 20.3826 113.494 -0.877177 1.05587 -0.358331 15.9375 15 13.125 15.6994 1.21429
118.756 2025.03 58.7899 20.5009 113.471 -0.842269 0.999742 -0.225163 15 15.9375 13.125 15.6968 1.21429
118.867 2029.5 58.7065 20.6199 113.454 -0.818802 0.944341 -0.095458 15 15.9375 13.125 15.7083 1.21429
118.978 2028.28 58.6243 20.7413 113.457 -0.794404 0.894565 0.029753 15 15.9375 13.125 15.7052 1.21429
119.089 2029.94 58.5329 20.853 113.478 -0.784594 0.846008 0.145641 15 15.9375 13.125 15.7095 1.21429
119.2 2027.74 58.4429 20.9484 113.503 -0.77768 0.78985 0.254466 15.9375 15.9375 13.125 15.7038 1.21429
119.311 2022.93 58.3529 21.0251 113.533 -0.76254 0.753642 0.350781 15.9375 15 13.125 15.6914 1.21429
119.422 2023.06 58.2573 21.1115 113.585 -0.761499 0.711129 0.431051 15.9375 15 13.125 15.6917 1.21429
119.533 2023.74 58.1559 21.1795 113.636 -0.757128 0.683257 0.519997 15.9375 15 13.125 15.6935 1.21429
119.644 2023.5 58.0603 21.2512 113.695 -0.753995 0.645835 0.570494 15.9375 15.9375 13.125 15.6928 1.21429
119.756 2022.07 57.9727 21.3366 113.771 -0.756272 0.620429 0.617116 15.9375 15.9375 13.125 15.6892 1.21429
119.867 2023.38 57.8868 21.4036 113.843 -0.755586 0.590671 0.635696 15 15.9375 12.1875 15.6925 1.30769
119.978 2031.42 57.8022 21.4854 113.91 -0.74908 0.581815 0.648017 15 15.9375 12.1875 15.7133 1.30769
120.089 2028.41 57.729 21.5553 113.987 -0.743189 0.569236 0.632252 15 15.9375 12.1875 15.7055 1.30769
120.2 2029.17 57.6504 21.6232 114.052 -0.738783 0.562188 0.598555 15.9375 15.9375 12.1875 15.7075 1.30769
120.311 2026.33 57.5623 21.69 114.134 -0.732114 0.549581 0.532292 15.9375 15.9375 12.1875 15.7002 1.30769
120.422 2026.69 57.484 21.7417 114.194 -0.71808 0.553952 0.486027 15.9375 15.9375 12.1875 15.7011 1.30769
120.533 2021.67 57.4016 21.8033 114.25 -0.702949 0.552338 0.42837 15.9375 15.9375 12.1875 15.6881 1.30769
120.644 2021.66 57.3106 21.8738 114.3 -0.690285 0.538455 0.322291 15.9375 16.875 12.1875 15.6881 1.38462
120.756 2019.18 57.2364 21.9384 114.335 -0.668838 0.558121 0.235626 15.9375 16.875 11.25 15.6817 1.5
120.867 2026.4 57.151 22.0103 114.366 -0.662578 0.553415 0.147609 15.9375 16.875 11.25 15.7003 1.5
120.978 2028.56 57.0827 22.0748 114.384 -0.650421 0.558357 0.0706405 15.9375 16.875 11.25 15.7059 1.5
121.089 2025.6 56.9992 22.1346 114.385 -0.637134 0.553223 -0.0314027 15.9375 16.875 11.25 15.6983 1.5
121.2 2023.17 56.9374 22.1943 114.381 -0.62477 0.569757 -0.113448 15.9375 16.875 11.25 15.692 1.5
121.311 2026.42 56.8716 22.276 114.368 -0.617539 0.564303 -0.19484 16.875 16.875 11.25 15.7004 1.5
121.422 2020.46 56.8002 22.3468 114.358 -0.607369 0.564459 -0.277153 16.875 16.875 11.25 15.685 1.5
121.533 2018.79 56.7261 22.4121 114.341 -0.5995 0.558744 -0.350658 15.9375 16.875 11.25 15.6807 1.5
121.644 2020.56 56.66 22.4711 114.305 -0.590694 0.554529 -0.401686 15.9375 16.875 11.25 15.6852 1.5
121.756 2026.77 56.5849 22.5406 114.266 -0.582378 0.54545 -0.45492 15.9375 16.875 11.25 15.7013 1.5
121.867 2023.89 56.5164 22.6052 114.225 -0.584222 0.537615 -0.497355 15.9375 15.9375 11.25 15.6939 1.41667
121.978 2026.17 56.4477 22.6616 114.17 -0.574599 0.508694 -0.525614 15.9375 15.9375 12.1875 15.6997 1.30769
122.089 2027.36 56.3825 22.7115 114.115 -0.578759 0.501664 -0.557056 15.9375 15.9375 12.1875 15.7028 1.30769
122.2 2026.05 56.3198 22.7746 114.057 -0.5873 0.47957 -0.577965 15.9375 15.9375 12.1875 15.6994 1.30769
122.311 2029.01 56.2552 22.8262 113.995 -0.602119 0.452511 -0.596764 15.9375 16.875 12.1875 15.7071 1.38462
122.422 2024.82 56.1987 22.8707 113.943 -0.625745 0.41586 -0.596685 15.9375 16.875 12.1875 15.6962 1.38462
122.533 2020.65 56.1225 22.9272 113.874 -0.650446 0.371731 -0.599258 15.9375 16.875 12.1875 15.6855 1.38462
122.644 2019.17 56.0415 22.969 113.809 -0.679873 0.337085 -0.603687 15.9375 16.875 12.1875 15.6816 1.38462
122.756 2026.96 55.9508 23.0207 113.751 -0.718888 0.295553 -0.573875 15.9375 16.875 12.1875 15.7018 1.38462
122.867 2021.45 55.876 23.0709 113.702 -0.761536 0.267737 -0.562658 15 16.875 12.1875 15.6875 1.38462
122.978 2018.82 55.7959 23.0973 113.648 -0.811974 0.234207 -0.52624 15 16.875 12.1875 15.6807 1.38462
123.089 2019.59 55.7188 23.1127 113.613 -0.865953 0.199902 -0.477475 15.9375 15.9375 12.1875 15.6827 1.30769
123.2 2018.4 55.6077 23.1409 113.575 -0.927085 0.154134 -0.429514 15.9375 15.9375 12.1875 15.6796 1.30769
123.311 2023.1 55.4946 23.1577 113.533 -0.990445 0.108963 -0.392146 15.9375 15.9375 13.125 15.6918 1.21429
123.422 2025.69 55.3688 23.1585 113.491 -1.05909 0.0589624 -0.339359 15.9375 15.9375 13.125 15.6985 1.21429
123.533 2022.41 55.2518 23.1672 113.459 -1.12391 0.00938736 -0.279285 15.9375 15.9375 13.125 15.69 1.21429
123.644 2018.82 55.1177 23.1651 113.437 -1.18432 -0.0434912 -0.229995 15.9375 15.9375 13.125 15.6807 1.21429
123.756 2022.2 54.9811 23.1639 113.421 -1.25459 -0.08762 -0.163665 15 15.9375 13.125 15.6895 1.21429
123.867 2022.97 54.8536 23.1583 113.415 -1.3251 -0.136119 -0.102074 15 15.9375 13.125 15.6915 1.21429
123.978 2025.22 54.7174 23.1387 113.403 -1.39426 -0.186408 -0.0493594 15 15.9375 13.125 15.6973 1.21429
124.089 2023.75 54.5565 23.1227 113.407 -1.46432 -0.239923 0.00357643 15.9375 15.9375 13.125 15.6935 1.21429
124.2 2027.43 54.3792 23.097 113.41 -1.53213 -0.287928 0.0729392 15.9375 15 13.125 15.703 1.21429
124.311 2024.5 54.1973 23.061 113.435 -1.59394 -0.349634 0.133209 15.9375 15 13.125 15.6954 1.21429
124.422 2025.48 54.0245 23.0332 113.447 -1.667 -0.415253 0.197473 15 15 13.125 15.6979 1.14286
124.533 2026.06 53.8394 22.9951 113.482 -1.72984 -0.474238 0.253123 15 15 13.125 15.6994 1.14286
124.644 2021.56 53.6582 22.9426 113.528 -1.79152 -0.533393 0.295716 15.9375 15.9375 13.125 15.6878 1.21429
124.756 2022.6 53.4424 22.873 113.558 -1.84222 -0.596213 0.352701 15.9375 15.9375 13.125 15.6905 1.21429
124.867 2025.8 53.2293 22.8183 113.599 -1.89473 -0.649734 0.395411 15.9375 15.9375 13.125 15.6988 1.21429
124.978 2027.02 53.0351 22.7441 113.667 -1.93907 -0.714035 0.428466 15 15.9375 13.125 15.7019 1.21429
125.089 2026.99 52.8221 22.6647 113.718 -1.98225 -0.779973 0.450854 15 15.9375 12.1875 15.7019 1.30769
125.2 2030.7 52.5905 22.5694 113.772 -2.01925 -0.851302 0.487853 15.9375 15.9375 12.1875 15.7114 1.30769
125.311 2028.47 52.3678 22.4813 113.819 -2.04731 -0.926224 0.493071 15.9375 15.9375 12.1875 15.7057 1.30769
125.422 2030.6 52.1359 22.3747 113.879 -2.0759 -0.986363 0.520102 15 15.9375 12.1875 15.7112 1.30769
125.533 2024.15 51.9182 22.2836 113.948 -2.10557 -1.048 0.524271 15.9375 16.875 12.1875 15.6945 1.38462
125.644 2029.93 51.6674 22.1568 114.013 -2.11979 -1.12126 0.523693 15.9375 16.875 12.1875 15.7094 1.38462
125.756 2029.15 51.412 22.0209 114.066 -2.13869 -1.20007 0.521583 15.9375 16.875 12.1875 15.7074 1.38462
125.867 2024.69 51.2008 21.9028 114.126 -2.14802 -1.27524 0.533641 15 16.875 12.1875 15.6959 1.38462
125.978 2026.43 50.9743 21.7482 114.2 -2.135 -1.33623 0.51853 15.9375 15.9375 12.1875 15.7004 1.30769
