# t dissipation energy Reynolds eta
76.0007 1.28457 14.4987 24.4578 1.47415
76.0021 1.29069 14.5068 24.4134 1.47239
76.0054 1.28549 14.5062 24.4618 1.47388
76.0105 1.2778 14.5049 24.5331 1.47609
76.0171 1.27366 14.504 24.5713 1.47729
76.0253 1.27179 14.503 24.5878 1.47783
76.0346 1.27078 14.502 24.5959 1.47813
76.0453 1.27009 14.5011 24.6009 1.47833
76.0569 1.26957 14.5 24.6042 1.47848
76.0695 1.26914 14.499 24.6066 1.47861
76.083 1.2687 14.4978 24.6087 1.47873
76.0973 1.26826 14.4964 24.6107 1.47886
76.1123 1.26789 14.4951 24.612 1.47897
76.1282 1.26748 14.4936 24.6135 1.47909
76.1446 1.26706 14.4921 24.615 1.47921
76.1614 1.26674 14.4906 24.6157 1.4793
76.1789 1.26632 14.4889 24.6169 1.47943
76.1967 1.26595 14.4872 24.6174 1.47953
76.215 1.26558 14.4854 24.6181 1.47964
76.2337 1.26523 14.4837 24.6186 1.47975
76.2528 1.26482 14.4817 24.6192 1.47987
76.272 1.26451 14.4799 24.6191 1.47996
76.2917 1.26416 14.478 24.6192 1.48006
76.3113 1.26389 14.4761 24.6187 1.48014
76.3316 1.26357 14.4742 24.6186 1.48023
76.3518 1.26327 14.4724 24.6184 1.48032
76.3721 1.26294 14.4704 24.6184 1.48042
76.3924 1.26266 14.4685 24.6179 1.4805
76.4133 1.26236 14.4666 24.6175 1.48059
76.4343 1.26206 14.4648 24.6172 1.48067
76.4552 1.2618 14.4629 24.6165 1.48075
76.4762 1.2615 14.4609 24.6162 1.48084
76.4971 1.26127 14.4591 24.6154 1.48091
76.5181 1.26091 14.4572 24.6155 1.48101
76.539 1.26058 14.4552 24.6154 1.48111
76.56 1.26037 14.4536 24.6147 1.48117
76.5809 1.26 14.4517 24.6151 1.48128
76.6019 1.25969 14.4498 24.6149 1.48137
76.6228 1.25935 14.448 24.6151 1.48147
76.6438 1.25907 14.4462 24.6149 1.48155
76.6647 1.25878 14.4445 24.6148 1.48164
76.6857 1.25833 14.4425 24.6158 1.48177
76.7067 1.25798 14.4407 24.6162 1.48187
76.7276 1.25763 14.4389 24.6165 1.48198
76.7486 1.25719 14.437 24.6174 1.48211
76.7695 1.25675 14.435 24.6184 1.48224
76.7905 1.25633 14.4331 24.6193 1.48236
76.8114 1.25589 14.4312 24.6204 1.48249
76.8324 1.25552 14.4294 24.621 1.4826
76.8533 1.2551 14.4276 24.6219 1.48272
76.8743 1.25465 14.4257 24.6231 1.48285
76.8952 1.25422 14.4239 24.6243 1.48298
76.9162 1.25378 14.422 24.6254 1.48311
76.9371 1.25332 14.4201 24.6266 1.48325
76.9581 1.25298 14.4184 24.6271 1.48335
76.979 1.25256 14.4166 24.6282 1.48347
77 1.25211 14.4147 24.6294 1.48361
77.0222 1.25161 14.4127 24.6308 1.48375
77.0444 1.25117 14.4108 24.6318 1.48389
77.0667 1.2507 14.4088 24.633 1.48402
77.0889 1.2503 14.4069 24.6338 1.48414
77.1111 1.24984 14.405 24.635 1.48428
77.1333 1.24942 14.403 24.6359 1.48441
77.1556 1.24897 14.4011 24.637 1.48454
77.1778 1.24855 14.3993 24.6381 1.48466
77.2 1.24806 14.3973 24.6395 1.48481
77.2222 1.24772 14.3957 24.64 1.48491
77.2444 1.24732 14.3939 24.6409 1.48503
77.2667 1.24687 14.392 24.6421 1.48516
77.2889 1.24644 14.3901 24.6431 1.48529
77.3111 1.246 14.3882 24.6443 1.48542
77.3333 1.24561 14.3864 24.645 1.48554
77.3556 1.24525 14.3847 24.6456 1.48565
77.3778 1.24482 14.3827 24.6466 1.48578
77.4 1.2444 14.3808 24.6474 1.4859
77.4222 1.24397 14.379 24.6486 1.48603
77.4444 1.24355 14.3771 24.6495 1.48615
77.4667 1.24313 14.3753 24.6505 1.48628
77.4889 1.24274 14.3735 24.6513 1.4864
77.5111 1.24235 14.3716 24.652 1.48651
77.5333 1.24201 14.3698 24.6523 1.48661
77.5556 1.24166 14.368 24.6526 1.48672
77.5778 1.24127 14.3662 24.6534 1.48683
77.6 1.2409 14.3644 24.654 1.48695
77.6222 1.24052 14.3625 24.6545 1.48706
77.6444 1.24017 14.3608 24.655 1.48717
77.6667 1.23985 14.3591 24.6553 1.48726
77.6889 1.23947 14.3572 24.6558 1.48738
77.7111 1.23912 14.3554 24.6562 1.48748
77.7333 1.23879 14.3536 24.6565 1.48758
77.7556 1.23845 14.3519 24.6569 1.48768
77.7778 1.23807 14.35 24.6575 1.4878
77.8 1.23784 14.3484 24.657 1.48787
77.8222 1.23752 14.3466 24.657 1.48796
77.8444 1.2372 14.3448 24.6571 1.48806
77.8667 1.23693 14.3431 24.6569 1.48814
77.8889 1.23669 14.3414 24.6564 1.48821
77.9111 1.23635 14.3397 24.6569 1.48831
77.9333 1.2361 14.338 24.6565 1.48839
77.9556 1.23578 14.3362 24.6565 1.48849
77.9778 1.2355 14.3345 24.6563 1.48857
78 1.23526 14.3329 24.656 1.48864
78.0222 1.23494 14.3311 24.6561 1.48874
78.0444 1.23463 14.3292 24.656 1.48883
78.0667 1.23442 14.3276 24.6552 1.48889
78.0889 1.23424 14.326 24.6543 1.48895
78.1111 1.23398 14.3242 24.6539 1.48903
78.1333 1.23371 14.3224 24.6535 1.48911
78.1556 1.23347 14.3208 24.6531 1.48918
78.1778 1.23321 14.319 24.6527 1.48926
78.2 1.23297 14.3174 24.6522 1.48933
78.2222 1.23272 14.3157 24.6519 1.48941
78.2444 1.23242 14.314 24.6519 1.4895
78.2667 1.23213 14.3122 24.6516 1.48959
78.2889 1.23188 14.3105 24.6511 1.48966
78.3111 1.23161 14.3087 24.6508 1.48974
78.3333 1.23132 14.3068 24.6505 1.48983
78.3556 1.23108 14.3051 24.6499 1.4899
78.3778 1.23084 14.3034 24.6493 1.48997
78.4 1.23056 14.3015 24.649 1.49006
78.4222 1.23031 14.2998 24.6485 1.49014
78.4444 1.23007 14.2981 24.6479 1.49021
78.4667 1.22985 14.2963 24.6472 1.49028
78.4889 1.22963 14.2945 24.6463 1.49034
78.5111 1.2294 14.2928 24.6456 1.49041
78.5333 1.22915 14.2911 24.6451 1.49049
78.5556 1.22894 14.2894 24.6442 1.49055
78.5778 1.22869 14.2875 24.6437 1.49063
78.6 1.22845 14.2858 24.6429 1.4907
78.6222 1.22825 14.284 24.642 1.49076
78.6444 1.22804 14.2823 24.6411 1.49083
78.6667 1.22787 14.2806 24.6398 1.49088
78.6889 1.22765 14.2788 24.6389 1.49094
78.7111 1.22746 14.277 24.6378 1.491
78.7333 1.22724 14.2752 24.6369 1.49107
78.7556 1.22708 14.2735 24.6354 1.49111
78.7778 1.22679 14.2715 24.6351 1.4912
78.8 1.22655 14.2697 24.6343 1.49128
78.8222 1.22639 14.2681 24.6331 1.49133
78.8444 1.22619 14.2662 24.6318 1.49138
78.8667 1.22601 14.2644 24.6306 1.49144
78.8889 1.22586 14.2627 24.6292 1.49149
78.9111 1.2257 14.2611 24.6279 1.49153
78.9333 1.22554 14.2593 24.6265 1.49158
78.9556 1.22542 14.2576 24.6247 1.49162
78.9778 1.22535 14.256 24.6227 1.49164
79 1.22528 14.2543 24.6205 1.49166
79.0222 1.22517 14.2527 24.6188 1.4917
79.0444 1.22502 14.251 24.6174 1.49174
79.0667 1.22485 14.2493 24.6161 1.49179
79.0889 1.22478 14.2477 24.6141 1.49182
79.1111 1.22466 14.246 24.6124 1.49185
79.1333 1.22452 14.2443 24.6108 1.4919
79.1556 1.22445 14.2426 24.6086 1.49191
79.1778 1.22444 14.2411 24.6061 1.49192
79.2 1.22435 14.2395 24.6041 1.49195
79.2222 1.22424 14.2378 24.6024 1.49198
79.2444 1.22409 14.236 24.6009 1.49203
79.2667 1.22401 14.2344 24.5988 1.49205
79.2889 1.22397 14.2328 24.5965 1.49206
79.3111 1.22399 14.2313 24.5937 1.49206
79.3333 1.22393 14.2297 24.5915 1.49207
79.3556 1.22385 14.228 24.5894 1.4921
79.3778 1.22378 14.2264 24.5873 1.49212
79.4 1.22366 14.2247 24.5856 1.49216
79.4222 1.22368 14.2232 24.5828 1.49215
79.4444 1.22366 14.2217 24.5804 1.49216
79.4667 1.22364 14.22 24.5777 1.49216
79.4889 1.22363 14.2184 24.575 1.49217
79.5111 1.22354 14.2167 24.573 1.49219
79.5333 1.22351 14.2151 24.5705 1.4922
79.5556 1.22348 14.2136 24.5682 1.49221
79.5778 1.22351 14.2121 24.5654 1.4922
79.6 1.22355 14.2107 24.5625 1.49219
79.6222 1.22354 14.2091 24.5599 1.49219
79.6444 1.22364 14.2077 24.5564 1.49216
79.6667 1.22364 14.2062 24.5538 1.49216
79.6889 1.22358 14.2046 24.5516 1.49218
79.7111 1.22355 14.203 24.5493 1.49219
79.7333 1.22352 14.2016 24.547 1.4922
79.7556 1.22349 14.2 24.5446 1.49221
79.7778 1.22353 14.1985 24.5416 1.4922
79.8 1.22355 14.1971 24.5389 1.49219
79.8222 1.22344 14.1953 24.5371 1.49222
79.8444 1.22344 14.1939 24.5346 1.49222
79.8667 1.22337 14.1923 24.5325 1.49225
79.8889 1.22332 14.1908 24.5304 1.49226
79.9111 1.22329 14.1892 24.528 1.49227
79.9333 1.2233 14.1878 24.5255 1.49227
79.9556 1.22332 14.1865 24.523 1.49226
79.9778 1.22331 14.185 24.5206 1.49226
80 1.22332 14.1837 24.5181 1.49226
80.0222 1.22337 14.1822 24.5151 1.49225
80.0444 1.22333 14.1807 24.5129 1.49226
80.0667 1.22326 14.1791 24.5109 1.49228
80.0889 1.2232 14.1776 24.5087 1.4923
80.1111 1.22311 14.1761 24.5071 1.49232
80.1333 1.22306 14.1746 24.505 1.49234
80.1556 1.22296 14.173 24.5032 1.49237
80.1778 1.22292 14.1714 24.5009 1.49238
80.2 1.22281 14.1699 24.4993 1.49241
80.2222 1.22278 14.1685 24.4972 1.49242
80.2444 1.22282 14.1672 24.4947 1.49241
80.2667 1.22273 14.1657 24.4929 1.49244
80.2889 1.22267 14.1641 24.4908 1.49246
80.3111 1.22259 14.1627 24.4891 1.49248
80.3333 1.22251 14.1612 24.4873 1.49251
80.3556 1.22248 14.1598 24.4852 1.49252
80.3778 1.22235 14.1581 24.4837 1.49256
80.4 1.2223 14.1566 24.4816 1.49257
80.4222 1.22225 14.1552 24.4796 1.49259
80.4444 1.22228 14.1539 24.477 1.49258
80.4667 1.22218 14.1524 24.4755 1.49261
80.4889 1.22202 14.1509 24.4744 1.49266
80.5111 1.22188 14.1493 24.473 1.4927
80.5333 1.22186 14.1478 24.4708 1.49271
80.5556 1.2218 14.1464 24.4689 1.49272
80.5778 1.22172 14.1449 24.4671 1.49275
80.6 1.22169 14.1435 24.465 1.49276
80.6222 1.2216 14.142 24.4632 1.49278
80.6444 1.22148 14.1405 24.4619 1.49282
80.6667 1.22142 14.1391 24.46 1.49284
80.6889 1.22133 14.1376 24.4583 1.49287
80.7111 1.22123 14.1361 24.4568 1.4929
80.7333 1.22119 14.1347 24.4547 1.49291
80.7556 1.22108 14.1332 24.4533 1.49294
80.7778 1.22101 14.1317 24.4514 1.49297
80.8 1.22082 14.1301 24.4505 1.49302
80.8222 1.22069 14.1285 24.449 1.49306
80.8444 1.22063 14.1271 24.4472 1.49308
80.8667 1.2205 14.1255 24.4457 1.49312
80.8889 1.22041 14.124 24.4441 1.49315
80.9111 1.22019 14.1224 24.4434 1.49322
80.9333 1.22004 14.1208 24.4422 1.49326
80.9556 1.21991 14.1193 24.4409 1.4933
80.9778 1.21976 14.1177 24.4396 1.49335
81 1.21957 14.1161 24.4387 1.4934
81.0222 1.21938 14.1144 24.4377 1.49346
81.0444 1.21919 14.1128 24.4369 1.49352
81.0667 1.21901 14.1112 24.4359 1.49358
81.0889 1.21886 14.1096 24.4346 1.49362
81.1111 1.21867 14.1079 24.4336 1.49368
81.1333 1.21847 14.1062 24.4327 1.49374
81.1556 1.21834 14.1048 24.4314 1.49378
81.1778 1.21823 14.1033 24.4301 1.49382
81.2 1.21809 14.1018 24.429 1.49386
81.2222 1.21789 14.1002 24.4281 1.49392
81.2444 1.2177 14.0987 24.4274 1.49398
81.2667 1.21753 14.0972 24.4265 1.49403
81.2889 1.2174 14.0957 24.4252 1.49407
81.3111 1.21713 14.0941 24.425 1.49415
81.3333 1.21693 14.0924 24.4242 1.49421
81.3556 1.21668 14.0907 24.4238 1.49429
81.3778 1.21649 14.0892 24.423 1.49435
81.4 1.21637 14.0877 24.4218 1.49439
81.4222 1.21616 14.0862 24.4213 1.49445
81.4444 1.21591 14.0846 24.4208 1.49453
81.4667 1.21574 14.0831 24.4199 1.49458
81.4889 1.21551 14.0815 24.4196 1.49465
81.5111 1.21531 14.08 24.4189 1.49471
81.5333 1.21513 14.0785 24.4182 1.49477
81.5556 1.21487 14.0769 24.4179 1.49485
81.5778 1.21464 14.0752 24.4174 1.49492
81.6 1.21443 14.0736 24.4168 1.49498
81.6222 1.21426 14.0722 24.416 1.49504
81.6444 1.21408 14.0707 24.4152 1.49509
81.6667 1.21393 14.0693 24.4142 1.49514
81.6889 1.21381 14.0679 24.413 1.49517
81.7111 1.21356 14.0663 24.4127 1.49525
81.7333 1.2134 14.0649 24.412 1.4953
81.7556 1.21316 14.0634 24.4118 1.49537
81.7778 1.21295 14.0619 24.4113 1.49544
81.8 1.21275 14.0604 24.4108 1.4955
81.8222 1.21256 14.059 24.4102 1.49556
81.8444 1.21237 14.0577 24.4098 1.49562
81.8667 1.21214 14.0562 24.4095 1.49569
81.8889 1.21197 14.0549 24.4089 1.49574
81.9111 1.21173 14.0534 24.4087 1.49581
81.9333 1.21148 14.0519 24.4087 1.49589
81.9556 1.2113 14.0505 24.4082 1.49595
81.9778 1.21108 14.0491 24.4079 1.49602
82 1.21087 14.0477 24.4075 1.49608
82.0222 1.21073 14.0465 24.4068 1.49612
82.0444 1.21052 14.0451 24.4065 1.49619
82.0667 1.21033 14.0437 24.4061 1.49625
82.0889 1.21015 14.0424 24.4056 1.4963
82.1111 1.21002 14.0411 24.4046 1.49634
82.1333 1.20974 14.0396 24.4049 1.49643
82.1556 1.2095 14.0383 24.4051 1.49651
82.1778 1.20927 14.037 24.4052 1.49658
82.2 1.20903 14.0356 24.405 1.49665
82.2222 1.20886 14.0342 24.4044 1.4967
82.2444 1.2086 14.0328 24.4045 1.49678
82.2667 1.20836 14.0313 24.4045 1.49686
82.2889 1.20814 14.03 24.4044 1.49693
82.3111 1.20801 14.0289 24.4037 1.49697
82.3333 1.20773 14.0274 24.4039 1.49705
82.3556 1.20744 14.026 24.4045 1.49714
82.3778 1.20722 14.0248 24.4045 1.49721
82.4 1.20709 14.0236 24.4037 1.49725
82.4222 1.20692 14.0222 24.4032 1.49731
82.4444 1.20671 14.021 24.4031 1.49737
82.4667 1.20643 14.0196 24.4036 1.49746
82.4889 1.2062 14.0184 24.4037 1.49753
82.5111 1.20605 14.0171 24.4031 1.49758
82.5333 1.20578 14.0157 24.4033 1.49766
82.5556 1.20564 14.0146 24.4028 1.4977
82.5778 1.20541 14.0133 24.403 1.49777
82.6 1.20521 14.0122 24.4029 1.49783
82.6222 1.205 14.0108 24.4028 1.4979
82.6444 1.20478 14.0096 24.4027 1.49797
82.6667 1.20455 14.0083 24.403 1.49804
82.6889 1.20438 14.0072 24.4027 1.49809
82.7111 1.20414 14.0058 24.4027 1.49817
82.7333 1.20394 14.0046 24.4026 1.49823
82.7556 1.2037 14.0033 24.4028 1.4983
82.7778 1.20338 14.002 24.4036 1.4984
82.8 1.20303 14.0004 24.4046 1.49851
82.8222 1.20279 13.9992 24.4048 1.49859
82.8444 1.20257 13.9979 24.4048 1.49866
82.8667 1.2024 13.9967 24.4045 1.49871
82.8889 1.20208 13.9954 24.4054 1.49881
82.9111 1.20181 13.9942 24.406 1.49889
82.9333 1.20158 13.993 24.4062 1.49896
82.9556 1.20145 13.9919 24.4058 1.49901
82.9778 1.20121 13.9907 24.406 1.49908
83 1.20102 13.9895 24.4059 1.49914
83.0222 1.20082 13.9883 24.4058 1.4992
83.0444 1.2006 13.987 24.4059 1.49927
83.0667 1.20041 13.9858 24.4057 1.49933
83.0889 1.20015 13.9846 24.4062 1.49941
83.1111 1.19997 13.9834 24.4059 1.49947
83.1333 1.19985 13.9822 24.4051 1.49951
83.1556 1.19965 13.981 24.405 1.49957
83.1778 1.19944 13.9797 24.4048 1.49963
83.2 1.19926 13.9785 24.4046 1.49969
83.2222 1.19903 13.9772 24.4047 1.49976
83.2444 1.19892 13.9761 24.4039 1.4998
83.2667 1.19883 13.9751 24.403 1.49982
83.2889 1.19871 13.9741 24.4025 1.49986
83.3111 1.19855 13.9729 24.4022 1.49991
83.3333 1.19839 13.9718 24.4018 1.49996
83.3556 1.1982 13.9706 24.4017 1.50002
83.3778 1.19807 13.9695 24.4009 1.50006
83.4 1.19794 13.9683 24.4003 1.5001
83.4222 1.1978 13.9671 24.3996 1.50015
83.4444 1.19771 13.966 24.3985 1.50017
83.4667 1.19766 13.965 24.3973 1.50019
83.4889 1.19748 13.9638 24.3969 1.50024
83.5111 1.19743 13.9627 24.3956 1.50026
83.5333 1.19728 13.9615 24.395 1.50031
83.5556 1.19717 13.9603 24.3942 1.50034
83.5778 1.19711 13.9594 24.393 1.50036
83.6 1.19712 13.9583 24.3912 1.50036
83.6222 1.19703 13.9572 24.3902 1.50039
83.6444 1.19693 13.9561 24.3893 1.50042
83.6667 1.19686 13.955 24.3881 1.50044
83.6889 1.19678 13.9539 24.387 1.50047
83.7111 1.19672 13.9528 24.3855 1.50048
83.7333 1.1967 13.9518 24.384 1.50049
83.7556 1.19666 13.9507 24.3825 1.5005
83.7778 1.19664 13.9496 24.3808 1.50051
83.8 1.19661 13.9486 24.3793 1.50052
83.8222 1.19661 13.9476 24.3777 1.50052
83.8444 1.19662 13.9466 24.3758 1.50052
83.8667 1.19661 13.9457 24.3742 1.50052
83.8889 1.19669 13.9448 24.3719 1.50049
83.9111 1.19673 13.9438 24.3698 1.50048
83.9333 1.19676 13.9429 24.3678 1.50047
83.9556 1.19673 13.9418 24.3663 1.50048
83.9778 1.19676 13.9408 24.3642 1.50047
84 1.19676 13.9397 24.3624 1.50047
84.0222 1.19677 13.9388 24.3606 1.50047
84.0444 1.19687 13.938 24.3581 1.50044
84.0667 1.19699 13.9371 24.3554 1.5004
84.0889 1.19698 13.9362 24.3539 1.5004
84.1111 1.19703 13.9354 24.3521 1.50039
84.1333 1.19709 13.9345 24.3498 1.50037
84.1556 1.19716 13.9336 24.3477 1.50035
84.1778 1.19715 13.9327 24.3461 1.50035
84.2 1.19719 13.9319 24.3442 1.50034
84.2222 1.19726 13.9311 24.3421 1.50031
84.2444 1.19728 13.9302 24.3403 1.50031
84.2667 1.19739 13.9293 24.3377 1.50027
84.2889 1.19746 13.9285 24.3356 1.50025
84.3111 1.19757 13.9277 24.333 1.50022
84.3333 1.19763 13.9269 24.331 1.5002
84.3556 1.1977 13.9261 24.329 1.50018
84.3778 1.19773 13.9253 24.3272 1.50017
84.4 1.19773 13.9244 24.3257 1.50017
84.4222 1.19779 13.9236 24.3236 1.50015
84.4444 1.19792 13.9229 24.3211 1.50011
84.4667 1.19788 13.9219 24.3198 1.50012
84.4889 1.1979 13.9211 24.3182 1.50011
84.5111 1.19796 13.9203 24.3162 1.5001
84.5333 1.19805 13.9196 24.3141 1.50007
84.5556 1.19805 13.9188 24.3126 1.50007
84.5778 1.19809 13.918 24.3109 1.50005
84.6 1.19824 13.9175 24.3084 1.50001
84.6222 1.19832 13.9168 24.3064 1.49998
84.6444 1.19837 13.9161 24.3047 1.49997
84.6667 1.19847 13.9155 24.3026 1.49994
84.6889 1.19855 13.9148 24.3005 1.49991
84.7111 1.1986 13.914 24.2987 1.4999
84.7333 1.1986 13.9132 24.2972 1.4999
84.7556 1.19863 13.9124 24.2956 1.49989
84.7778 1.1987 13.9117 24.2937 1.49986
84.8 1.19873 13.911 24.2921 1.49985
84.8222 1.1988 13.9103 24.2902 1.49983
84.8444 1.19895 13.9098 24.2878 1.49978
84.8667 1.19903 13.9091 24.2858 1.49976
84.8889 1.19911 13.9085 24.2839 1.49974
84.9111 1.19921 13.9079 24.2819 1.49971
84.9333 1.19924 13.9072 24.2804 1.4997
84.9556 1.19935 13.9066 24.2782 1.49966
84.9778 1.19945 13.906 24.2761 1.49963
85 1.19956 13.9053 24.2739 1.4996
85.0222 1.19964 13.9046 24.2718 1.49957
85.0444 1.19978 13.9038 24.2688 1.49953
85.0667 1.19996 13.9028 24.2654 1.49947
85.0889 1.20019 13.9017 24.2612 1.4994
85.1111 1.2005 13.9005 24.256 1.4993
85.1333 1.20076 13.8992 24.251 1.49922
85.1556 1.20096 13.8977 24.2464 1.49916
85.1778 1.20129 13.8963 24.2406 1.49905
85.2 1.20169 13.8949 24.2342 1.49893
85.2222 1.20206 13.8934 24.2277 1.49881
85.2444 1.20247 13.8919 24.221 1.49869
85.2667 1.20289 13.8903 24.2141 1.49856
85.2889 1.2033 13.8888 24.2074 1.49843
85.3111 1.20373 13.8872 24.2002 1.4983
85.3333 1.20409 13.8856 24.1937 1.49818
85.3556 1.20442 13.8838 24.1873 1.49808
85.3778 1.20476 13.882 24.1808 1.49798
85.4 1.20521 13.8803 24.1734 1.49784
85.4222 1.20552 13.8786 24.1672 1.49774
85.4444 1.20591 13.877 24.1604 1.49762
85.4667 1.20619 13.8753 24.1548 1.49753
85.4889 1.20641 13.8736 24.1496 1.49746
85.5111 1.2067 13.8719 24.1437 1.49737
85.5333 1.20693 13.8701 24.1383 1.4973
85.5556 1.20718 13.8684 24.1328 1.49722
85.5778 1.20749 13.8667 24.1268 1.49713
85.6 1.20776 13.865 24.1212 1.49704
85.6222 1.20788 13.8631 24.1167 1.49701
85.6444 1.20798 13.8614 24.1126 1.49697
85.6667 1.20819 13.8598 24.1077 1.49691
85.6889 1.20836 13.8581 24.1031 1.49686
85.7111 1.20855 13.8565 24.0984 1.4968
85.7333 1.2088 13.8551 24.0934 1.49672
85.7556 1.20888 13.8534 24.0898 1.4967
85.7778 1.20894 13.8517 24.0862 1.49668
85.8 1.20906 13.8502 24.0824 1.49664
85.8222 1.2093 13.8488 24.0776 1.49657
85.8444 1.2094 13.8473 24.0741 1.49654
85.8667 1.20951 13.8458 24.0704 1.4965
85.8889 1.20959 13.8445 24.0672 1.49648
85.9111 1.20983 13.8433 24.0627 1.4964
85.9333 1.20996 13.842 24.0592 1.49636
85.9556 1.20999 13.8407 24.0566 1.49635
85.9778 1.21007 13.8394 24.0536 1.49633
86 1.2103 13.8382 24.0493 1.49626
86.0222 1.21046 13.837 24.0455 1.49621
86.0444 1.21065 13.8358 24.0416 1.49615
86.0667 1.21089 13.8347 24.0373 1.49608
86.0889 1.2111 13.8336 24.0333 1.49601
86.1111 1.21136 13.8327 24.0291 1.49593
86.1333 1.21163 13.8317 24.0248 1.49585
86.1556 1.21171 13.8306 24.0221 1.49582
86.1778 1.21194 13.8298 24.0184 1.49575
86.2 1.21212 13.829 24.0152 1.4957
86.2222 1.21236 13.8282 24.0114 1.49562
86.2444 1.21257 13.8272 24.0077 1.49556
86.2667 1.21292 13.8266 24.0031 1.49545
86.2889 1.21309 13.8258 24 1.4954
86.3111 1.21336 13.8251 23.9961 1.49531
86.3333 1.21361 13.8244 23.9925 1.49524
86.3556 1.21387 13.8237 23.9887 1.49516
86.3778 1.21438 13.8233 23.983 1.495
86.4 1.21484 13.8228 23.9774 1.49486
86.4222 1.21526 13.8221 23.9723 1.49473
86.4444 1.21573 13.8216 23.9667 1.49458
86.4667 1.21614 13.8211 23.9617 1.49446
86.4889 1.21657 13.8208 23.9571 1.49433
86.5111 1.21716 13.8207 23.9511 1.49415
86.5333 1.21772 13.8206 23.9454 1.49397
86.5556 1.21819 13.8206 23.9407 1.49383
86.5778 1.21832 13.8204 23.9392 1.49379
86.6 1.21844 13.8202 23.9376 1.49375
86.6222 1.21851 13.8202 23.9368 1.49373
86.6444 1.21855 13.8199 23.936 1.49372
# t dissipation energy Reynolds eta
85.4243 1.20552 13.8786 24.1672 1.49774
85.4282 1.20576 13.8786 24.1648 1.49766
85.4338 1.20613 13.8784 24.1609 1.49755
85.441 1.20632 13.8781 24.1584 1.49749
85.4494 1.20644 13.8778 24.1566 1.49745
85.4593 1.20663 13.8773 24.1538 1.49739
85.4701 1.20675 13.8767 24.1516 1.49736
85.4821 1.20684 13.8758 24.1492 1.49733
85.4951 1.207 13.875 24.1461 1.49728
85.5087 1.20717 13.8741 24.1429 1.49723
85.5232 1.20727 13.8731 24.14 1.49719
85.5386 1.20743 13.8719 24.1365 1.49715
85.5545 1.20763 13.8708 24.1326 1.49708
85.571 1.20794 13.8698 24.1277 1.49699
85.5881 1.20808 13.8685 24.124 1.49694
85.6053 1.20828 13.8673 24.1199 1.49688
85.6232 1.2084 13.8658 24.1162 1.49684
85.6412 1.20854 13.8645 24.1126 1.4968
85.6601 1.20866 13.8631 24.1088 1.49676
85.6789 1.20881 13.8618 24.1052 1.49672
85.6978 1.20893 13.8604 24.1015 1.49668
85.7167 1.20911 13.8592 24.0976 1.49662
85.7356 1.20933 13.8581 24.0935 1.49656
85.7559 1.20944 13.8566 24.0898 1.49652
85.7763 1.20953 13.8551 24.0862 1.4965
85.7966 1.20966 13.8537 24.0826 1.49645
85.817 1.20975 13.8524 24.0793 1.49643
85.8373 1.21003 13.8513 24.0745 1.49634
85.8576 1.21002 13.8498 24.0722 1.49634
85.878 1.21016 13.8486 24.0687 1.4963
85.8983 1.21033 13.8474 24.065 1.49625
85.9186 1.2106 13.8464 24.0605 1.49617
85.939 1.21065 13.8452 24.058 1.49615
85.9593 1.21061 13.844 24.0562 1.49616
85.9797 1.21073 13.8429 24.0531 1.49612
86 1.21093 13.8419 24.0494 1.49606
86.0217 1.21109 13.8407 24.0457 1.49601
86.0435 1.21128 13.8396 24.0419 1.49595
86.0652 1.21149 13.8385 24.0379 1.49589
86.087 1.21174 13.8375 24.0338 1.49581
86.1087 1.21202 13.8365 24.0292 1.49573
86.1304 1.21228 13.8356 24.025 1.49565
86.1522 1.21253 13.8345 24.0207 1.49557
86.1745 1.21274 13.8336 24.017 1.4955
86.1968 1.21283 13.8327 24.0145 1.49548
86.2191 1.213 13.8319 24.0115 1.49543
86.2414 1.21327 13.831 24.0072 1.49534
86.2637 1.21356 13.8302 24.003 1.49525
86.286 1.21379 13.8294 23.9994 1.49518
86.3084 1.21396 13.8287 23.9965 1.49513
86.3307 1.21423 13.8281 23.9927 1.49505
86.353 1.21434 13.8273 23.9903 1.49501
86.3753 1.2148 13.8269 23.9851 1.49487
86.3976 1.21519 13.8263 23.9802 1.49475
86.4199 1.21563 13.8257 23.9747 1.49461
86.4422 1.21623 13.8251 23.9679 1.49443
86.4645 1.21671 13.8246 23.9623 1.49428
86.4868 1.21735 13.8244 23.9555 1.49409
86.5092 1.21771 13.8241 23.9515 1.49398
86.5315 1.21835 13.824 23.945 1.49378
86.5538 1.21865 13.8239 23.942 1.49369
86.5761 1.21894 13.8238 23.9389 1.4936
86.5984 1.21894 13.8235 23.9384 1.4936
86.6207 1.219 13.8234 23.9377 1.49358
86.643 1.21915 13.8233 23.9359 1.49353
86.6653 1.21927 13.8233 23.9347 1.4935
86.6876 1.21912 13.8229 23.9356 1.49354
86.71 1.21907 13.8226 23.9355 1.49356
86.7323 1.21898 13.8223 23.9359 1.49359
86.7546 1.21895 13.8221 23.9359 1.4936
86.7769 1.21896 13.8218 23.9353 1.49359
86.7992 1.21904 13.8216 23.9341 1.49357
86.8215 1.21919 13.8215 23.9324 1.49352
86.8438 1.21928 13.8213 23.9313 1.4935
86.8661 1.21952 13.8211 23.9286 1.49342
86.8884 1.21969 13.8208 23.9264 1.49337
86.9108 1.21996 13.8205 23.9232 1.49329
86.9331 1.22032 13.8204 23.9196 1.49318
86.9554 1.22059 13.8203 23.9167 1.49309
86.9777 1.22079 13.8201 23.9143 1.49303
87 1.22107 13.8198 23.9112 1.49295
87.0222 1.22128 13.8197 23.9089 1.49288
87.0444 1.22135 13.8193 23.9075 1.49286
87.0667 1.22154 13.819 23.905 1.4928
87.0889 1.22151 13.8185 23.9045 1.49281
87.1111 1.22166 13.8183 23.9027 1.49277
87.1333 1.22154 13.8177 23.9029 1.4928
87.1556 1.22154 13.8173 23.9022 1.4928
87.1778 1.22152 13.817 23.9017 1.49281
87.2 1.22158 13.8166 23.9006 1.49279
87.2222 1.22168 13.8162 23.899 1.49276
87.2444 1.22179 13.8158 23.8972 1.49273
87.2667 1.22185 13.8152 23.8956 1.49271
87.2889 1.22201 13.8148 23.8932 1.49266
87.3111 1.22204 13.8143 23.8921 1.49265
87.3333 1.22217 13.8138 23.89 1.49261
87.3556 1.22219 13.8132 23.8887 1.4926
87.3778 1.22222 13.8126 23.8875 1.4926
87.4 1.22231 13.8121 23.8857 1.49257
87.4222 1.22236 13.8115 23.8842 1.49255
87.4444 1.22231 13.8109 23.8835 1.49257
87.4667 1.22235 13.8103 23.8822 1.49256
87.4889 1.2223 13.8096 23.8815 1.49257
87.5111 1.22224 13.8089 23.8808 1.49259
87.5333 1.22228 13.8082 23.8792 1.49258
87.5556 1.22222 13.8075 23.8785 1.49259
87.5778 1.2222 13.8068 23.8776 1.4926
87.6 1.22216 13.806 23.8766 1.49261
87.6222 1.22224 13.8054 23.8748 1.49259
87.6444 1.22221 13.8046 23.8737 1.4926
87.6667 1.22222 13.8038 23.8722 1.49259
87.6889 1.22214 13.8029 23.8714 1.49262
87.7111 1.22209 13.8022 23.8707 1.49264
87.7333 1.22201 13.8014 23.8699 1.49266
87.7556 1.22196 13.8006 23.8691 1.49268
87.7778 1.22195 13.7999 23.868 1.49268
87.8 1.22188 13.799 23.8671 1.4927
87.8222 1.22185 13.7981 23.8661 1.49271
87.8444 1.22178 13.7973 23.8652 1.49273
87.8667 1.22171 13.7964 23.8643 1.49275
87.8889 1.22167 13.7955 23.8631 1.49276
87.9111 1.22164 13.7946 23.862 1.49277
87.9333 1.2216 13.7937 23.8607 1.49278
87.9556 1.22161 13.7929 23.8592 1.49278
87.9778 1.22162 13.792 23.8576 1.49278
88 1.22159 13.7911 23.8564 1.49279
88.0222 1.22164 13.7902 23.8543 1.49277
88.0444 1.22159 13.7893 23.8533 1.49279
88.0667 1.22149 13.7883 23.8525 1.49282
88.0889 1.2214 13.7875 23.8519 1.49285
88.1111 1.22133 13.7867 23.8513 1.49287
88.1333 1.22126 13.7858 23.8503 1.49289
88.1556 1.22122 13.7848 23.8491 1.4929
88.1778 1.22115 13.7839 23.8483 1.49292
88.2 1.22117 13.7831 23.8466 1.49292
88.2222 1.22115 13.7824 23.8456 1.49292
88.2444 1.22109 13.7815 23.8446 1.49294
88.2667 1.2211 13.7807 23.8432 1.49294
88.2889 1.22112 13.7799 23.8415 1.49293
88.3111 1.22105 13.7791 23.8408 1.49295
88.3333 1.22108 13.7783 23.8392 1.49294
88.3556 1.22108 13.7774 23.8376 1.49294
88.3778 1.22099 13.7765 23.837 1.49297
88.4 1.22098 13.7757 23.8357 1.49297
88.4222 1.22091 13.7748 23.8349 1.493
88.4444 1.22094 13.7742 23.8335 1.49299
88.4667 1.22096 13.7734 23.8319 1.49298
88.4889 1.22094 13.7726 23.8307 1.49299
88.5111 1.22091 13.7718 23.8297 1.493
88.5333 1.22093 13.7711 23.8282 1.49299
88.5556 1.22094 13.7704 23.8268 1.49299
88.5778 1.22098 13.7697 23.8252 1.49298
88.6 1.22102 13.7689 23.8236 1.49296
88.6222 1.22104 13.7681 23.8219 1.49296
88.6444 1.22109 13.7673 23.8202 1.49294
88.6667 1.22111 13.7666 23.8186 1.49294
88.6889 1.22109 13.7658 23.8174 1.49294
88.7111 1.22114 13.7651 23.8158 1.49292
88.7333 1.22119 13.7645 23.8142 1.49291
88.7556 1.2213 13.7639 23.8122 1.49288
88.7778 1.22137 13.7633 23.8104 1.49286
88.8 1.22147 13.7628 23.8086 1.49282
88.8222 1.22152 13.7621 23.8069 1.49281
88.8444 1.22158 13.7615 23.8053 1.49279
88.8667 1.2216 13.7607 23.8037 1.49278
88.8889 1.2217 13.7602 23.8019 1.49275
88.9111 1.22173 13.7595 23.8004 1.49275
88.9333 1.22186 13.759 23.7982 1.49271
88.9556 1.22194 13.7584 23.7964 1.49268
88.9778 1.22199 13.7578 23.7949 1.49267
89 1.22207 13.7572 23.7931 1.49264
89.0222 1.22213 13.7567 23.7915 1.49262
89.0444 1.22216 13.7561 23.7903 1.49261
89.0667 1.22226 13.7555 23.7883 1.49258
89.0889 1.22236 13.755 23.7864 1.49255
89.1111 1.22248 13.7545 23.7844 1.49252
89.1333 1.2226 13.7541 23.7826 1.49248
89.1556 1.22262 13.7536 23.7815 1.49248
89.1778 1.22266 13.7531 23.7801 1.49246
89.2 1.22281 13.7526 23.7779 1.49241
89.2222 1.22284 13.752 23.7766 1.49241
89.2444 1.22294 13.7516 23.7749 1.49238
89.2667 1.22297 13.7509 23.7735 1.49237
89.2889 1.22303 13.7504 23.7719 1.49235
89.3111 1.22315 13.75 23.77 1.49231
89.3333 1.22328 13.7495 23.7679 1.49227
89.3556 1.2234 13.749 23.7659 1.49224
89.3778 1.22344 13.7484 23.7645 1.49222
89.4 1.22348 13.7477 23.763 1.49221
89.4222 1.22351 13.7471 23.7616 1.4922
89.4444 1.22354 13.7465 23.7603 1.49219
89.4667 1.22362 13.746 23.7585 1.49217
89.4889 1.22358 13.7453 23.7578 1.49218
89.5111 1.22358 13.7446 23.7566 1.49218
89.5333 1.22367 13.7441 23.7548 1.49215
89.5556 1.22378 13.7435 23.7528 1.49212
89.5778 1.22385 13.743 23.7513 1.4921
89.6 1.22392 13.7424 23.7496 1.49208
89.6222 1.22395 13.7419 23.7484 1.49207
89.6444 1.22395 13.7413 23.7473 1.49207
89.6667 1.22401 13.7407 23.7456 1.49205
89.6889 1.22406 13.7402 23.7443 1.49203
89.7111 1.22402 13.7395 23.7436 1.49205
89.7333 1.224 13.7389 23.7426 1.49205
89.7556 1.22398 13.7382 23.7416 1.49206
89.7778 1.22393 13.7375 23.7409 1.49207
89.8 1.22394 13.7368 23.7396 1.49207
89.8222 1.22393 13.7361 23.7384 1.49207
89.8444 1.22392 13.7355 23.7375 1.49208
89.8667 1.22392 13.7348 23.7364 1.49208
89.8889 1.22395 13.7343 23.7351 1.49207
89.9111 1.22396 13.7335 23.7338 1.49207
89.9333 1.22397 13.7328 23.7324 1.49206
89.9556 1.22401 13.7321 23.7309 1.49205
89.9778 1.22399 13.7314 23.7298 1.49205
90 1.22404 13.7308 23.7283 1.49204
90.0222 1.22396 13.73 23.7276 1.49206
90.0444 1.22391 13.7292 23.7268 1.49208
90.0667 1.22401 13.7286 23.7247 1.49205
90.0889 1.22388 13.7278 23.7247 1.49209
90.1111 1.22377 13.727 23.7244 1.49212
90.1333 1.2238 13.7263 23.7228 1.49211
90.1556 1.22374 13.7256 23.7221 1.49213
90.1778 1.22375 13.7248 23.7208 1.49213
90.2 1.22374 13.724 23.7194 1.49213
90.2222 1.22369 13.7232 23.7186 1.49215
90.2444 1.22362 13.7224 23.7178 1.49217
90.2667 1.22366 13.7216 23.7161 1.49216
90.2889 1.22367 13.721 23.7149 1.49215
90.3111 1.22363 13.7201 23.7139 1.49217
90.3333 1.22363 13.7194 23.7125 1.49216
90.3556 1.22358 13.7186 23.7116 1.49218
90.3778 1.22358 13.7179 23.7105 1.49218
90.4 1.22358 13.7171 23.7091 1.49218
90.4222 1.2237 13.7166 23.7069 1.49214
90.4444 1.22366 13.7158 23.706 1.49216
90.4667 1.22381 13.7152 23.7036 1.49211
90.4889 1.22387 13.7145 23.7018 1.49209
90.5111 1.22395 13.7139 23.7 1.49207
90.5333 1.22402 13.7133 23.6981 1.49205
90.5556 1.22398 13.7125 23.6972 1.49206
90.5778 1.22398 13.7117 23.6959 1.49206
90.6 1.22397 13.7109 23.6945 1.49206
90.6222 1.224 13.7102 23.6931 1.49205
90.6444 1.22402 13.7096 23.6918 1.49205
90.6667 1.22405 13.7088 23.6902 1.49204
90.6889 1.22415 13.7081 23.688 1.49201
90.7111 1.22413 13.7073 23.6868 1.49201
90.7333 1.2242 13.7066 23.6849 1.49199
90.7556 1.22414 13.7058 23.684 1.49201
90.7778 1.22421 13.7051 23.6822 1.49199
90.8 1.22436 13.7045 23.6798 1.49194
90.8222 1.22442 13.7039 23.6781 1.49193
90.8444 1.22449 13.7033 23.6763 1.4919
90.8667 1.22467 13.7027 23.6736 1.49185
90.8889 1.22472 13.7021 23.6721 1.49183
90.9111 1.22475 13.7014 23.6706 1.49182
90.9333 1.22485 13.7006 23.6683 1.4918
90.9556 1.22486 13.7 23.6671 1.49179
90.9778 1.22493 13.6994 23.6653 1.49177
91 1.22504 13.6987 23.663 1.49174
91.0222 1.22509 13.698 23.6614 1.49172
91.0444 1.22511 13.6973 23.66 1.49172
91.0667 1.22525 13.6966 23.6576 1.49167
91.0889 1.22528 13.6959 23.6559 1.49166
91.1111 1.22534 13.6953 23.6543 1.49164
91.1333 1.22545 13.6945 23.652 1.49161
91.1556 1.22548 13.6938 23.6504 1.4916
91.1778 1.22546 13.6929 23.6491 1.49161
91.2 1.22551 13.6922 23.6474 1.49159
91.2222 1.22556 13.6915 23.6457 1.49158
91.2444 1.22579 13.6911 23.6427 1.49151
91.2667 1.2259 13.6904 23.6406 1.49147
91.2889 1.22606 13.6899 23.6381 1.49143
91.3111 1.22612 13.6893 23.6365 1.49141
91.3333 1.2262 13.6887 23.6346 1.49138
91.3556 1.22627 13.688 23.6329 1.49136
91.3778 1.22627 13.6873 23.6315 1.49136
91.4 1.22642 13.6867 23.6291 1.49132
91.4222 1.22656 13.6862 23.627 1.49127
91.4444 1.22659 13.6855 23.6253 1.49126
91.4667 1.22675 13.6849 23.6228 1.49122
91.4889 1.22691 13.6842 23.6202 1.49117
91.5111 1.22702 13.6837 23.6181 1.49113
91.5333 1.22707 13.6829 23.6163 1.49112
91.5556 1.22723 13.6825 23.614 1.49107
91.5778 1.22723 13.6818 23.6129 1.49107
91.6 1.22731 13.6811 23.611 1.49105
91.6222 1.22744 13.6806 23.6086 1.49101
91.6444 1.22749 13.6799 23.6071 1.49099
91.6667 1.22759 13.6793 23.605 1.49096
91.6889 1.22775 13.6788 23.6026 1.49091
91.7111 1.22779 13.6781 23.6011 1.4909
91.7333 1.22792 13.6776 23.5989 1.49086
91.7556 1.22793 13.6768 23.5975 1.49086
91.7778 1.22799 13.6762 23.5958 1.49084
91.8 1.2281 13.6756 23.5938 1.49081
91.8222 1.22808 13.6748 23.5925 1.49081
91.8444 1.22825 13.6745 23.5904 1.49076
91.8667 1.22835 13.674 23.5885 1.49073
91.8889 1.22847 13.6734 23.5864 1.49069
91.9111 1.22845 13.6727 23.5853 1.4907
91.9333 1.22854 13.672 23.5834 1.49067
91.9556 1.22863 13.6715 23.5816 1.49064
91.9778 1.22862 13.6708 23.5806 1.49065
92 1.22873 13.6703 23.5785 1.49061
92.0222 1.22879 13.6697 23.5769 1.4906
92.0444 1.22887 13.6691 23.5751 1.49057
92.0667 1.22903 13.6686 23.5727 1.49052
92.0889 1.22915 13.6681 23.5709 1.49049
92.1111 1.22915 13.6674 23.5696 1.49049
92.1333 1.22927 13.6669 23.5675 1.49045
92.1556 1.22936 13.6664 23.5658 1.49042
92.1778 1.22946 13.6659 23.564 1.49039
92.2 1.2295 13.6653 23.5627 1.49038
92.2222 1.22953 13.6647 23.5614 1.49037
92.2444 1.22958 13.6643 23.56 1.49036
92.2667 1.22968 13.6637 23.5582 1.49033
92.2889 1.22966 13.6631 23.5573 1.49033
92.3111 1.2297 13.6625 23.5558 1.49032
92.3333 1.22982 13.6621 23.5539 1.49028
92.3556 1.22993 13.6615 23.552 1.49025
92.3778 1.23 13.6611 23.5506 1.49023
92.4 1.23006 13.6605 23.549 1.49021
92.4222 1.23011 13.66 23.5475 1.4902
92.4444 1.23013 13.6593 23.5462 1.49019
92.4667 1.23027 13.6589 23.5441 1.49015
92.4889 1.23037 13.6584 23.5424 1.49012
92.5111 1.23051 13.658 23.5403 1.49007
92.5333 1.23056 13.6575 23.539 1.49006
92.5556 1.23057 13.6568 23.5378 1.49006
92.5778 1.2306 13.6563 23.5365 1.49005
92.6 1.23064 13.6557 23.5352 1.49004
92.6222 1.23073 13.6553 23.5336 1.49001
92.6444 1.23078 13.6548 23.5323 1.48999
92.6667 1.23088 13.6544 23.5306 1.48996
92.6889 1.23093 13.6538 23.5291 1.48995
92.7111 1.23098 13.6534 23.5279 1.48993
92.7333 1.23095 13.6527 23.5271 1.48994
92.7556 1.231 13.6522 23.5257 1.48993
92.7778 1.23107 13.6518 23.5244 1.48991
92.8 1.23117 13.6514 23.5225 1.48987
92.8222 1.23128 13.651 23.5208 1.48984
92.8444 1.23127 13.6504 23.52 1.48984
92.8667 1.23131 13.6499 23.5188 1.48983
92.8889 1.23132 13.6493 23.5177 1.48983
92.9111 1.23134 13.6488 23.5166 1.48983
92.9333 1.23132 13.6483 23.5159 1.48983
92.9556 1.23129 13.6477 23.515 1.48984
92.9778 1.23131 13.6471 23.5139 1.48983
93 1.23134 13.6466 23.5127 1.48982
93.0222 1.2314 13.6461 23.5113 1.48981
93.0444 1.23139 13.6455 23.5103 1.48981
93.0667 1.23143 13.6449 23.509 1.4898
93.0889 1.23143 13.6444 23.5081 1.4898
93.1111 1.23146 13.6439 23.5069 1.48979
93.1333 1.23154 13.6434 23.5053 1.48977
93.1556 1.23154 13.6428 23.5043 1.48976
93.1778 1.23161 13.6422 23.5027 1.48974
93.2 1.23169 13.6418 23.501 1.48972
93.2222 1.23174 13.6413 23.4997 1.4897
93.2444 1.23182 13.6408 23.4982 1.48968
93.2667 1.23188 13.6403 23.4967 1.48966
93.2889 1.23192 13.6397 23.4954 1.48965
93.3111 1.23198 13.6393 23.494 1.48963
93.3333 1.23212 13.639 23.4922 1.48959
93.3556 1.23221 13.6386 23.4905 1.48956
93.3778 1.23225 13.638 23.4893 1.48955
93.4 1.23233 13.6376 23.4878 1.48953
93.4222 1.23241 13.6371 23.4863 1.4895
93.4444 1.23245 13.6367 23.4851 1.48949
93.4667 1.23252 13.6362 23.4835 1.48947
93.4889 1.23262 13.6357 23.4818 1.48944
93.5111 1.23267 13.6352 23.4803 1.48942
93.5333 1.23274 13.6348 23.479 1.4894
93.5556 1.23275 13.6342 23.478 1.4894
93.5778 1.2329 13.6339 23.4759 1.48935
93.6 1.23293 13.6333 23.4747 1.48934
93.6222 1.23299 13.6328 23.4732 1.48933
93.6444 1.23299 13.6323 23.4723 1.48932
93.6667 1.23306 13.6318 23.4709 1.4893
93.6889 1.23322 13.6315 23.4687 1.48926
93.7111 1.23327 13.631 23.4674 1.48924
93.7333 1.23333 13.6305 23.4661 1.48922
93.7556 1.23337 13.6301 23.465 1.48921
93.7778 1.2335 13.6297 23.4631 1.48917
93.8 1.23355 13.6293 23.4619 1.48916
93.8222 1.23355 13.6288 23.461 1.48916
93.8444 1.23361 13.6284 23.4598 1.48914
93.8667 1.2337 13.628 23.4582 1.48911
93.8889 1.23372 13.6275 23.4572 1.48911
93.9111 1.23379 13.6272 23.4559 1.48908
93.9333 1.23382 13.6267 23.4549 1.48908
93.9556 1.23387 13.6263 23.4536 1.48906
93.9778 1.23388 13.6258 23.4528 1.48906
94 1.23398 13.6255 23.4514 1.48903
94.0222 1.23409 13.6253 23.45 1.48899
94.0444 1.23416 13.625 23.4487 1.48897
94.0667 1.2342 13.6245 23.4475 1.48896
94.0889 1.23435 13.6243 23.4456 1.48892
94.1111 1.2344 13.6239 23.4445 1.4889
94.1333 1.2345 13.6236 23.443 1.48887
94.1556 1.23455 13.6232 23.442 1.48885
94.1778 1.23457 13.6228 23.441 1.48885
94.2 1.23458 13.6225 23.4403 1.48885
94.2222 1.23461 13.6221 23.4395 1.48884
94.2444 1.23463 13.6217 23.4386 1.48883
94.2667 1.23478 13.6216 23.4369 1.48879
94.2889 1.23486 13.6214 23.4358 1.48876
94.3111 1.2349 13.6212 23.4352 1.48875
94.3333 1.23497 13.621 23.4341 1.48873
94.3556 1.235 13.6207 23.4333 1.48872
94.3778 1.23504 13.6204 23.4324 1.48871
94.4 1.2351 13.6201 23.4313 1.48869
94.4222 1.23502 13.6197 23.4313 1.48871
94.4444 1.23501 13.6194 23.431 1.48872
94.4667 1.23505 13.6191 23.4301 1.4887
94.4889 1.23502 13.6188 23.4298 1.48871
94.5111 1.23498 13.6184 23.4296 1.48872
94.5333 1.23498 13.6181 23.4291 1.48872
94.5556 1.23494 13.6178 23.4288 1.48874
94.5778 1.23487 13.6174 23.429 1.48876
94.6 1.23485 13.6172 23.4287 1.48876
94.6222 1.2348 13.6169 23.4287 1.48878
94.6444 1.23472 13.6166 23.4289 1.4888
94.6667 1.2347 13.6163 23.4287 1.48881
94.6889 1.23464 13.6161 23.4288 1.48883
94.7111 1.23451 13.6157 23.4294 1.48887
94.7333 1.23439 13.6153 23.4299 1.4889
94.7556 1.23433 13.615 23.4298 1.48892
94.7778 1.23426 13.6147 23.43 1.48894
94.8 1.23422 13.6144 23.4299 1.48896
94.8222 1.23411 13.6141 23.4304 1.48899
94.8444 1.23401 13.6138 23.4308 1.48902
94.8667 1.23387 13.6135 23.4317 1.48906
94.8889 1.23377 13.6132 23.4321 1.48909
94.9111 1.23366 13.6129 23.4326 1.48912
94.9333 1.23358 13.6126 23.4329 1.48915
94.9556 1.23344 13.6123 23.4337 1.48919
94.9778 1.23331 13.612 23.4343 1.48923
95 1.23325 13.6117 23.4345 1.48925
95.0222 1.23308 13.6114 23.4355 1.4893
95.0444 1.23287 13.611 23.4368 1.48936
95.0667 1.23278 13.6108 23.4373 1.48939
95.0889 1.23254 13.6104 23.439 1.48946
95.1111 1.23242 13.6102 23.4397 1.4895
95.1333 1.23229 13.6098 23.4403 1.48954
95.1556 1.23211 13.6094 23.4413 1.48959
95.1778 1.23195 13.6091 23.4423 1.48964
95.2 1.23179 13.6088 23.4434 1.48969
95.2222 1.23156 13.6084 23.4448 1.48976
95.2444 1.23137 13.6081 23.4461 1.48981
95.2667 1.23115 13.6078 23.4477 1.48988
95.2889 1.2309 13.6074 23.4494 1.48996
95.3111 1.23075 13.6072 23.4504 1.49
95.3333 1.23054 13.6068 23.4518 1.49007
95.3556 1.23034 13.6065 23.4532 1.49013
95.3778 1.23009 13.6062 23.455 1.4902
95.4 1.22992 13.6059 23.4561 1.49025
95.4222 1.22966 13.6055 23.4579 1.49033
95.4444 1.22939 13.6051 23.4599 1.49042
95.4667 1.22918 13.6049 23.4614 1.49048
95.4889 1.22888 13.6045 23.4636 1.49057
95.5111 1.2286 13.6042 23.4657 1.49065
95.5333 1.2284 13.6039 23.4672 1.49072
95.5556 1.22816 13.6035 23.4688 1.49079
95.5778 1.22783 13.6031 23.4712 1.49089
95.6 1.22759 13.6028 23.473 1.49096
95.6222 1.22727 13.6024 23.4754 1.49106
95.6444 1.22698 13.602 23.4775 1.49115
95.6667 1.22673 13.6017 23.4793 1.49122
95.6889 1.22646 13.6014 23.4815 1.4913
95.7111 1.22617 13.601 23.4836 1.49139
95.7333 1.22595 13.6007 23.4851 1.49146
95.7556 1.22558 13.6003 23.4879 1.49157
95.7778 1.22538 13.6002 23.4896 1.49163
95.8 1.22511 13.5998 23.4916 1.49171
95.8222 1.22476 13.5995 23.4945 1.49182
95.8444 1.22442 13.5992 23.4972 1.49193
95.8667 1.22418 13.5989 23.4989 1.492
95.8889 1.22391 13.5986 23.5011 1.49208
95.9111 1.22354 13.5982 23.5039 1.49219
95.9333 1.22329 13.5979 23.5058 1.49227
95.9556 1.22303 13.5977 23.5078 1.49235
95.9778 1.22266 13.5974 23.511 1.49246
96 1.22242 13.5972 23.5129 1.49253
96.0222 1.22209 13.5969 23.5155 1.49263
96.0444 1.22176 13.5966 23.5182 1.49274
96.0667 1.22142 13.5961 23.5207 1.49284
96.0889 1.22108 13.5958 23.5235 1.49294
96.1111 1.22071 13.5954 23.5263 1.49306
96.1333 1.22049 13.5952 23.528 1.49312
96.1556 1.22015 13.5949 23.5308 1.49323
96.1778 1.21983 13.5947 23.5335 1.49333
96.2 1.21952 13.5944 23.536 1.49342
96.2222 1.21913 13.594 23.5391 1.49354
96.2444 1.21887 13.5938 23.5413 1.49362
96.2667 1.21857 13.5936 23.5437 1.49371
96.2889 1.2182 13.5932 23.5467 1.49383
96.3111 1.21792 13.593 23.5491 1.49391
96.3333 1.21761 13.5927 23.5516 1.49401
96.3556 1.21725 13.5925 23.5547 1.49412
96.3778 1.21694 13.5922 23.5572 1.49421
96.4 1.21667 13.592 23.5594 1.49429
96.4222 1.21632 13.5917 23.5624 1.4944
96.4444 1.21597 13.5916 23.5654 1.49451
96.4667 1.21564 13.5913 23.5683 1.49461
96.4889 1.21523 13.591 23.5716 1.49474
96.5111 1.21489 13.5908 23.5746 1.49484
96.5333 1.21453 13.5905 23.5776 1.49495
96.5556 1.21416 13.5902 23.5807 1.49507
96.5778 1.21376 13.5899 23.584 1.49519
96.6 1.21348 13.5896 23.5863 1.49528
96.6222 1.21315 13.5895 23.5892 1.49538
96.6444 1.21273 13.5891 23.5927 1.49551
96.6667 1.21244 13.5888 23.595 1.4956
96.6889 1.21201 13.5885 23.5986 1.49573
96.7111 1.21154 13.5881 23.6025 1.49588
96.7333 1.21119 13.5878 23.6054 1.49598
96.7556 1.2108 13.5876 23.6088 1.4961
96.7778 1.21044 13.5874 23.612 1.49622
96.8 1.21017 13.5872 23.6143 1.4963
96.8222 1.20982 13.587 23.6174 1.49641
96.8444 1.20942 13.5867 23.6208 1.49653
96.8667 1.20899 13.5863 23.6243 1.49666
96.8889 1.2086 13.5859 23.6274 1.49678
96.9111 1.20821 13.5857 23.6307 1.4969
96.9333 1.20786 13.5852 23.6334 1.49701
96.9556 1.20742 13.5849 23.6372 1.49715
96.9778 1.20699 13.5846 23.6408 1.49728
97 1.20664 13.5843 23.6438 1.49739
97.0222 1.2063 13.584 23.6466 1.49749
97.0444 1.20593 13.5838 23.6498 1.49761
97.0667 1.20555 13.5834 23.6529 1.49773
97.0889 1.20521 13.5831 23.6557 1.49783
97.1111 1.2048 13.5828 23.6592 1.49796
97.1333 1.20451 13.5826 23.6616 1.49805
97.1556 1.20405 13.5822 23.6654 1.4982
97.1778 1.20365 13.5817 23.6686 1.49832
97.2 1.20327 13.5814 23.6718 1.49844
97.2222 1.20287 13.5811 23.6751 1.49856
97.2444 1.20251 13.5807 23.6782 1.49868
97.2667 1.20217 13.5804 23.6809 1.49878
97.2889 1.20183 13.5801 23.6838 1.49889
97.3111 1.20147 13.5799 23.6869 1.499
97.3333 1.20117 13.5796 23.6893 1.49909
97.3556 1.20072 13.5791 23.6928 1.49923
97.3778 1.20041 13.5788 23.6955 1.49933
97.4 1.20006 13.5785 23.6983 1.49944
97.4222 1.19963 13.578 23.7018 1.49957
97.4444 1.19927 13.5777 23.7048 1.49968
97.4667 1.19894 13.5773 23.7074 1.49979
97.4889 1.19861 13.577 23.71 1.49989
97.5111 1.1982 13.5765 23.7132 1.50002
97.5333 1.19784 13.5762 23.7164 1.50013
97.5556 1.19753 13.576 23.719 1.50023
97.5778 1.19718 13.5757 23.7219 1.50034
97.6 1.19681 13.5751 23.7246 1.50046
97.6222 1.1965 13.5748 23.7272 1.50055
97.6444 1.19611 13.5743 23.7302 1.50068
97.6667 1.19586 13.5739 23.732 1.50076
97.6889 1.19549 13.5735 23.7349 1.50087
97.7111 1.19515 13.5732 23.7378 1.50098
97.7333 1.1949 13.5729 23.7396 1.50105
97.7556 1.19457 13.5725 23.7422 1.50116
97.7778 1.19418 13.572 23.7452 1.50128
97.8 1.19386 13.5716 23.7477 1.50138
97.8222 1.19359 13.5712 23.7498 1.50147
97.8444 1.1932 13.5707 23.7528 1.50159
97.8667 1.19292 13.5703 23.7547 1.50168
97.8889 1.19263 13.5699 23.7571 1.50177
97.9111 1.19229 13.5695 23.7596 1.50187
97.9333 1.19212 13.5692 23.7608 1.50193
97.9556 1.19177 13.5687 23.7635 1.50204
97.9778 1.19142 13.5682 23.766 1.50215
98 1.19109 13.5676 23.7683 1.50225
98.0222 1.19077 13.5672 23.7707 1.50235
98.0444 1.19044 13.5666 23.7731 1.50246
98.0667 1.19019 13.5661 23.7748 1.50254
98.0889 1.18981 13.5655 23.7775 1.50266
98.1111 1.18947 13.565 23.78 1.50277
98.1333 1.1892 13.5645 23.7818 1.50285
98.1556 1.18899 13.5641 23.7832 1.50292
98.1778 1.18869 13.5636 23.7853 1.50301
98.2 1.18849 13.5632 23.7866 1.50308
98.2222 1.18821 13.5626 23.7884 1.50316
98.2444 1.18797 13.5623 23.7902 1.50324
98.2667 1.18771 13.5618 23.7919 1.50332
98.2889 1.18743 13.5612 23.7936 1.50341
98.3111 1.18717 13.5607 23.7955 1.50349
98.3333 1.18689 13.5602 23.7973 1.50358
98.3556 1.18661 13.5596 23.7992 1.50367
98.3778 1.18633 13.5591 23.801 1.50376
98.4 1.1861 13.5586 23.8025 1.50383
98.4222 1.18587 13.5581 23.804 1.5039
98.4444 1.18559 13.5576 23.8058 1.50399
98.4667 1.18536 13.557 23.8071 1.50407
98.4889 1.18508 13.5564 23.8089 1.50416
98.5111 1.18475 13.5558 23.8111 1.50426
98.5333 1.18457 13.5553 23.8121 1.50432
98.5556 1.18435 13.5548 23.8135 1.50439
98.5778 1.18413 13.5543 23.8147 1.50446
98.6 1.18392 13.5538 23.8159 1.50452
98.6222 1.18371 13.5532 23.817 1.50459
98.6444 1.18345 13.5527 23.8188 1.50467
98.6667 1.18321 13.5521 23.8201 1.50475
98.6889 1.18305 13.5516 23.8209 1.5048
98.7111 1.18277 13.551 23.8226 1.50489
98.7333 1.18258 13.5504 23.8235 1.50495
98.7556 1.18227 13.5498 23.8256 1.50505
98.7778 1.18209 13.5493 23.8265 1.50511
98.8 1.18192 13.5488 23.8272 1.50516
98.8222 1.18171 13.5482 23.8284 1.50523
98.8444 1.18153 13.5477 23.8294 1.50529
98.8667 1.18132 13.5472 23.8305 1.50535
98.8889 1.1811 13.5466 23.8317 1.50542
98.9111 1.18087 13.5461 23.8331 1.50549
98.9333 1.18077 13.5456 23.8332 1.50552
98.9556 1.18055 13.545 23.8344 1.50559
98.9778 1.18031 13.5443 23.8357 1.50567
99 1.18019 13.5438 23.8359 1.50571
99.0222 1.18003 13.5433 23.8367 1.50576
99.0444 1.17976 13.5426 23.8382 1.50585
99.0667 1.1797 13.5422 23.8382 1.50587
99.0889 1.1795 13.5417 23.8392 1.50593
99.1111 1.17927 13.5412 23.8407 1.50601
99.1333 1.17907 13.5407 23.8418 1.50607
99.1556 1.17887 13.5401 23.8428 1.50613
99.1778 1.17865 13.5395 23.8439 1.5062
99.2 1.17854 13.539 23.8443 1.50624
99.2222 1.17841 13.5386 23.8448 1.50628
99.2444 1.17826 13.5381 23.8454 1.50633
99.2667 1.17809 13.5374 23.8459 1.50638
99.2889 1.17794 13.537 23.8466 1.50643
99.3111 1.1777 13.5363 23.848 1.50651
99.3333 1.17769 13.536 23.8475 1.50651
99.3556 1.17751 13.5354 23.8483 1.50657
99.3778 1.17733 13.5349 23.8492 1.50663
99.4 1.17718 13.5343 23.8497 1.50667
99.4222 1.17697 13.5337 23.8508 1.50674
99.4444 1.17678 13.5332 23.8518 1.5068
99.4667 1.17667 13.5326 23.8518 1.50684
99.4889 1.17648 13.532 23.8528 1.5069
99.5111 1.17626 13.5315 23.854 1.50697
99.5333 1.1762 13.531 23.8538 1.50699
99.5556 1.17601 13.5304 23.8547 1.50705
99.5778 1.17589 13.53 23.8552 1.50709
99.6 1.17586 13.5295 23.8547 1.5071
99.6222 1.1757 13.529 23.8554 1.50715
99.6444 1.17558 13.5286 23.8559 1.50718
99.6667 1.17546 13.5281 23.8561 1.50722
99.6889 1.17535 13.5276 23.8565 1.50726
99.7111 1.17517 13.5271 23.8573 1.50732
99.7333 1.17509 13.5265 23.8571 1.50734
99.7556 1.17492 13.526 23.858 1.5074
99.7778 1.17484 13.5256 23.8581 1.50742
99.8 1.17469 13.525 23.8585 1.50747
99.8222 1.17455 13.5246 23.8592 1.50752
99.8444 1.17441 13.5241 23.8598 1.50756
99.8667 1.17434 13.5236 23.8597 1.50758
99.8889 1.17423 13.5232 23.86 1.50762
99.9111 1.17417 13.5228 23.8599 1.50764
99.9333 1.17407 13.5223 23.8601 1.50767
99.9556 1.17396 13.5218 23.8603 1.50771
99.9778 1.17376 13.5211 23.8612 1.50777
100 1.17366 13.5206 23.8612 1.5078
100.022 1.1736 13.5202 23.861 1.50782
100.044 1.17354 13.5197 23.8608 1.50784
100.067 1.17344 13.5191 23.8608 1.50787
100.089 1.17341 13.5189 23.8608 1.50788
100.111 1.17323 13.5182 23.8615 1.50794
100.133 1.17323 13.5179 23.8609 1.50794
100.156 1.17313 13.5175 23.8611 1.50797
100.178 1.17308 13.5172 23.8611 1.50799
100.2 1.17299 13.5167 23.861 1.50802
100.222 1.17294 13.5164 23.8611 1.50803
100.244 1.17284 13.5159 23.8612 1.50807
100.267 1.17284 13.5154 23.8604 1.50806
100.289 1.1727 13.5149 23.8608 1.50811
100.311 1.17266 13.5145 23.8606 1.50812
100.333 1.1726 13.514 23.8604 1.50814
100.356 1.17261 13.5137 23.8598 1.50814
100.378 1.17251 13.5133 23.8599 1.50817
100.4 1.1725 13.5129 23.8594 1.50817
100.422 1.17242 13.5124 23.8594 1.5082
100.444 1.17243 13.5121 23.8587 1.5082
100.467 1.17239 13.5116 23.8583 1.50821
100.489 1.17228 13.5112 23.8587 1.50824
100.511 1.17224 13.5109 23.8585 1.50826
100.533 1.17221 13.5104 23.8581 1.50827
100.556 1.17216 13.5101 23.8579 1.50828
100.578 1.17212 13.5096 23.8575 1.5083
100.6 1.17211 13.5092 23.8569 1.5083
100.622 1.17205 13.5088 23.8568 1.50832
100.644 1.17209 13.5085 23.8559 1.50831
100.667 1.17206 13.5082 23.8556 1.50831
100.689 1.17198 13.5077 23.8556 1.50834
100.711 1.17201 13.5074 23.8547 1.50833
100.733 1.17204 13.5071 23.8538 1.50832
100.756 1.17205 13.5067 23.853 1.50832
100.778 1.17207 13.5064 23.8524 1.50831
100.8 1.17211 13.5062 23.8515 1.5083
100.822 1.17217 13.5059 23.8504 1.50828
100.844 1.17219 13.5057 23.8498 1.50827
100.867 1.17215 13.5052 23.8494 1.50829
100.889 1.17211 13.5048 23.8491 1.5083
100.911 1.17217 13.5045 23.8481 1.50828
100.933 1.17225 13.5043 23.8467 1.50825
100.956 1.17226 13.5039 23.846 1.50825
100.978 1.17222 13.5034 23.8455 1.50826
101 1.17224 13.503 23.8445 1.50826
101.022 1.1722 13.5026 23.8442 1.50827
101.044 1.1722 13.5022 23.8436 1.50827
101.067 1.17226 13.5018 23.8424 1.50825
101.089 1.17226 13.5015 23.8418 1.50825
101.111 1.17227 13.5011 23.841 1.50825
101.133 1.17229 13.5007 23.8401 1.50824
101.156 1.17231 13.5003 23.8392 1.50823
101.178 1.17239 13.5001 23.838 1.50821
101.2 1.17247 13.4998 23.8366 1.50818
101.222 1.17252 13.4996 23.8357 1.50817
101.244 1.17259 13.4994 23.8346 1.50815
101.267 1.17264 13.499 23.8335 1.50813
101.289 1.17271 13.4989 23.8325 1.50811
101.311 1.17271 13.4985 23.8319 1.50811
101.333 1.17278 13.4982 23.8306 1.50808
101.356 1.17297 13.4981 23.8286 1.50802
101.378 1.17304 13.4979 23.8275 1.508
101.4 1.17315 13.4976 23.8259 1.50797
101.422 1.1732 13.4974 23.8249 1.50795
101.444 1.17331 13.4972 23.8234 1.50791
101.467 1.17336 13.4969 23.8225 1.5079
101.489 1.17344 13.4967 23.8212 1.50787
101.511 1.17348 13.4964 23.8203 1.50786
101.533 1.1736 13.4962 23.8188 1.50782
101.556 1.17356 13.4958 23.8184 1.50783
101.578 1.17361 13.4955 23.8175 1.50782
101.6 1.17373 13.4955 23.8162 1.50778
101.622 1.17383 13.4953 23.8148 1.50775
101.644 1.17396 13.4952 23.8133 1.5077
101.667 1.1741 13.495 23.8117 1.50766
101.689 1.17413 13.4948 23.8109 1.50765
101.711 1.17426 13.4946 23.8093 1.50761
101.733 1.17433 13.4943 23.8081 1.50759
101.756 1.17442 13.4941 23.8068 1.50756
101.778 1.17455 13.494 23.8052 1.50751
101.8 1.17471 13.4939 23.8034 1.50747
101.822 1.17476 13.4936 23.8025 1.50745
101.844 1.17479 13.4933 23.8017 1.50744
101.867 1.17493 13.4932 23.8 1.50739
101.889 1.17505 13.493 23.7985 1.50736
101.911 1.17504 13.4927 23.7979 1.50736
101.933 1.1751 13.4924 23.7969 1.50734
101.956 1.17516 13.4923 23.7961 1.50732
101.978 1.1752 13.492 23.7951 1.50731
102 1.17529 13.4919 23.794 1.50728
102.022 1.17536 13.4917 23.7931 1.50726
102.044 1.17542 13.4916 23.7922 1.50724
102.067 1.17552 13.4915 23.791 1.5072
102.089 1.17562 13.4913 23.7898 1.50717
102.111 1.17568 13.4912 23.7889 1.50715
102.133 1.17581 13.4911 23.7874 1.50711
102.156 1.1759 13.491 23.7863 1.50708
102.178 1.17599 13.4909 23.7852 1.50705
102.2 1.17605 13.4907 23.7843 1.50703
102.222 1.17602 13.4903 23.7839 1.50704
102.244 1.17612 13.4903 23.7828 1.50701
102.267 1.17619 13.49 23.7817 1.50699
102.289 1.1762 13.4899 23.7812 1.50699
102.311 1.17628 13.4897 23.7802 1.50696
102.333 1.17633 13.4895 23.7793 1.50694
102.356 1.17637 13.4893 23.7786 1.50693
102.378 1.17648 13.4894 23.7775 1.5069
102.4 1.17654 13.4893 23.7767 1.50688
102.422 1.17659 13.489 23.7759 1.50686
102.444 1.17657 13.4888 23.7756 1.50687
102.467 1.17663 13.4887 23.7748 1.50685
102.489 1.17672 13.4886 23.7738 1.50682
102.511 1.17678 13.4885 23.7729 1.5068
102.533 1.1768 13.4883 23.7725 1.5068
102.556 1.17683 13.4881 23.7718 1.50678
102.578 1.17683 13.4879 23.7715 1.50679
102.6 1.17691 13.4878 23.7705 1.50676
102.622 1.17694 13.4877 23.77 1.50675
102.644 1.17695 13.4876 23.7697 1.50675
102.667 1.17705 13.4876 23.7687 1.50672
102.689 1.1771 13.4875 23.7679 1.5067
102.711 1.17711 13.4873 23.7676 1.50669
102.733 1.17712 13.4871 23.7671 1.50669
102.756 1.17717 13.487 23.7664 1.50667
102.778 1.17717 13.4868 23.7661 1.50668
102.8 1.17727 13.4867 23.765 1.50665
102.822 1.17728 13.4866 23.7646 1.50664
102.844 1.17735 13.4865 23.7637 1.50662
102.867 1.17736 13.4863 23.7633 1.50661
102.889 1.17733 13.4861 23.7632 1.50663
102.911 1.17729 13.4858 23.7631 1.50664
102.933 1.17734 13.4858 23.7625 1.50662
102.956 1.17743 13.4858 23.7617 1.50659
102.978 1.17746 13.4857 23.7613 1.50658
103 1.17747 13.4856 23.7608 1.50658
103.022 1.17746 13.4854 23.7608 1.50658
103.044 1.17749 13.4853 23.7602 1.50657
103.067 1.17755 13.4852 23.7595 1.50655
103.089 1.17752 13.4851 23.7595 1.50657
103.111 1.17757 13.4851 23.759 1.50655
103.133 1.17758 13.4851 23.7589 1.50654
103.156 1.1776 13.485 23.7585 1.50654
103.178 1.17762 13.4849 23.7582 1.50653
103.2 1.17764 13.4849 23.758 1.50652
103.222 1.17763 13.4848 23.7579 1.50653
103.244 1.1775 13.4845 23.7587 1.50657
103.267 1.17758 13.4845 23.7579 1.50654
103.289 1.17754 13.4844 23.7582 1.50656
103.311 1.17752 13.4844 23.7582 1.50656
103.333 1.17758 13.4843 23.7576 1.50655
103.356 1.17755 13.4842 23.7576 1.50655
103.378 1.17754 13.4841 23.7576 1.50656
103.4 1.17753 13.484 23.7575 1.50656
103.422 1.17752 13.4839 23.7574 1.50656
103.444 1.17745 13.4837 23.7578 1.50658
103.467 1.17738 13.4836 23.7583 1.50661
103.489 1.17736 13.4835 23.7583 1.50661
103.511 1.17735 13.4835 23.7585 1.50662
103.533 1.17733 13.4834 23.7585 1.50662
103.556 1.17727 13.4833 23.7589 1.50664
103.578 1.17729 13.4833 23.7587 1.50664
103.6 1.17721 13.4831 23.7592 1.50666
103.622 1.17716 13.483 23.7595 1.50668
103.644 1.17713 13.4829 23.7597 1.50669
103.667 1.17702 13.4827 23.7604 1.50673
103.689 1.17699 13.4826 23.7606 1.50673
103.711 1.17688 13.4824 23.7612 1.50677
103.733 1.17684 13.4824 23.7616 1.50678
103.756 1.17681 13.4823 23.7617 1.50679
103.778 1.17677 13.4822 23.7621 1.5068
103.8 1.17675 13.4822 23.7622 1.50681
103.822 1.17672 13.4821 23.7624 1.50682
103.844 1.1767 13.4821 23.7625 1.50683
103.867 1.1767 13.482 23.7625 1.50683
103.889 1.17667 13.482 23.7627 1.50684
103.911 1.17654 13.4818 23.7636 1.50688
103.933 1.17657 13.4818 23.7633 1.50687
103.956 1.17648 13.4818 23.7642 1.5069
103.978 1.1764 13.4817 23.7648 1.50692
104 1.17631 13.4815 23.7654 1.50695
104.022 1.17626 13.4814 23.7657 1.50697
104.044 1.17622 13.4814 23.7661 1.50698
104.067 1.17617 13.4813 23.7666 1.507
104.089 1.17616 13.4814 23.7667 1.507
104.111 1.17599 13.4811 23.7679 1.50705
104.133 1.17596 13.4811 23.7682 1.50706
104.156 1.17586 13.4809 23.7689 1.5071
104.178 1.17586 13.4809 23.769 1.5071
104.2 1.17584 13.4809 23.7691 1.5071
104.222 1.17584 13.481 23.7692 1.5071
104.244 1.17582 13.481 23.7694 1.50711
104.267 1.17584 13.4811 23.7694 1.5071
104.289 1.17575 13.4809 23.77 1.50713
104.311 1.17569 13.481 23.7707 1.50715
104.333 1.17566 13.4809 23.771 1.50716
104.356 1.17563 13.481 23.7714 1.50717
104.378 1.1756 13.4809 23.7715 1.50718
104.4 1.1755 13.4808 23.7724 1.50721
104.422 1.17542 13.4806 23.7729 1.50724
104.444 1.17526 13.4805 23.7742 1.50729
104.467 1.17521 13.4804 23.7747 1.5073
104.489 1.17513 13.4804 23.7754 1.50733
104.511 1.17508 13.4804 23.7759 1.50734
104.533 1.17507 13.4805 23.7762 1.50735
104.556 1.17503 13.4805 23.7766 1.50736
104.578 1.175 13.4806 23.777 1.50737
104.6 1.17498 13.4806 23.7773 1.50738
104.622 1.17492 13.4806 23.7779 1.5074
104.644 1.1749 13.4807 23.7783 1.5074
104.667 1.17488 13.4807 23.7785 1.50741
104.689 1.17483 13.4807 23.779 1.50742
104.711 1.17477 13.4807 23.7795 1.50744
104.733 1.17471 13.4807 23.7802 1.50746
104.756 1.1747 13.4809 23.7806 1.50747
104.778 1.17471 13.481 23.7807 1.50746
104.8 1.17468 13.481 23.7811 1.50747
104.822 1.17466 13.4811 23.7814 1.50748
104.844 1.1746 13.4811 23.7821 1.5075
104.867 1.17456 13.4812 23.7825 1.50751
104.889 1.17453 13.4812 23.7829 1.50752
104.911 1.17446 13.4812 23.7837 1.50754
104.933 1.1744 13.4812 23.7842 1.50756
104.956 1.17438 13.4813 23.7845 1.50757
104.978 1.17438 13.4814 23.7848 1.50757
105 1.17439 13.4815 23.7849 1.50757
105.022 1.17442 13.4817 23.7849 1.50756
105.044 1.17435 13.4818 23.7857 1.50758
105.067 1.17427 13.4819 23.7866 1.5076
105.089 1.17419 13.4818 23.7874 1.50763
105.111 1.17413 13.4818 23.7881 1.50765
105.133 1.17406 13.4818 23.7887 1.50767
105.156 1.17398 13.4819 23.7897 1.5077
105.178 1.17389 13.4819 23.7907 1.50773
105.2 1.17377 13.4819 23.7918 1.50776
105.222 1.17375 13.482 23.7922 1.50777
105.244 1.1737 13.4821 23.7928 1.50779
105.267 1.17356 13.482 23.7941 1.50783
105.289 1.17349 13.482 23.7948 1.50786
105.311 1.17346 13.4821 23.7953 1.50786
105.333 1.17343 13.4822 23.7958 1.50787
105.356 1.1734 13.4823 23.7963 1.50788
105.378 1.17327 13.4824 23.7977 1.50793
105.4 1.17313 13.4823 23.7991 1.50797
105.422 1.17302 13.4823 23.8001 1.50801
105.444 1.17288 13.4822 23.8014 1.50805
105.467 1.17277 13.4821 23.8024 1.50809
105.489 1.17266 13.4821 23.8034 1.50812
105.511 1.1726 13.4821 23.8041 1.50814
105.533 1.17248 13.4821 23.8052 1.50818
105.556 1.17245 13.4822 23.8058 1.50819
105.578 1.17233 13.4822 23.8069 1.50823
105.6 1.17221 13.4821 23.808 1.50827
105.622 1.17208 13.4821 23.8092 1.50831
105.644 1.17193 13.482 23.8106 1.50836
105.667 1.17183 13.482 23.8117 1.50839
105.689 1.17171 13.482 23.8129 1.50843
105.711 1.17158 13.482 23.8143 1.50847
105.733 1.17146 13.482 23.8154 1.50851
105.756 1.17138 13.4821 23.8164 1.50853
105.778 1.17127 13.4822 23.8176 1.50857
105.8 1.17108 13.482 23.8193 1.50863
105.822 1.17099 13.482 23.8202 1.50866
105.844 1.17078 13.4818 23.822 1.50873
105.867 1.17073 13.4819 23.8227 1.50874
105.889 1.17064 13.482 23.8238 1.50877
105.911 1.17053 13.482 23.8248 1.50881
105.933 1.17042 13.482 23.826 1.50884
105.956 1.1703 13.4819 23.8271 1.50888
105.978 1.17017 13.4819 23.8285 1.50892
106 1.17002 13.4818 23.8298 1.50897
106.022 1.16995 13.4818 23.8306 1.509
106.044 1.16983 13.4819 23.8318 1.50903
106.067 1.16971 13.4819 23.833 1.50907
106.089 1.16955 13.4818 23.8346 1.50913
106.111 1.16938 13.4817 23.8361 1.50918
106.133 1.16918 13.4814 23.8376 1.50924
106.156 1.16905 13.4813 23.8388 1.50929
106.178 1.16893 13.4812 23.8399 1.50933
106.2 1.1688 13.4811 23.841 1.50937
106.222 1.16867 13.481 23.8421 1.50941
106.244 1.16856 13.4809 23.843 1.50944
106.267 1.16842 13.4808 23.8443 1.50949
106.289 1.16828 13.4807 23.8456 1.50953
106.311 1.16811 13.4805 23.847 1.50959
106.333 1.16795 13.4804 23.8484 1.50964
106.356 1.16783 13.4803 23.8494 1.50968
106.378 1.16767 13.4801 23.8507 1.50973
106.4 1.16751 13.4798 23.8519 1.50978
106.422 1.16743 13.4798 23.8527 1.50981
106.444 1.16728 13.4796 23.8538 1.50986
106.467 1.16711 13.4793 23.8551 1.50991
106.489 1.167 13.4792 23.856 1.50995
106.511 1.16685 13.479 23.8571 1.51
106.533 1.16672 13.4788 23.8581 1.51004
106.556 1.16657 13.4786 23.8593 1.51009
106.578 1.16642 13.4784 23.8604 1.51014
106.6 1.16632 13.4781 23.8611 1.51017
106.622 1.1662 13.4779 23.8618 1.51021
106.644 1.16609 13.4777 23.8626 1.51024
106.667 1.16593 13.4774 23.8637 1.51029
106.689 1.16581 13.477 23.8643 1.51033
106.711 1.1657 13.4767 23.8649 1.51037
106.733 1.16558 13.4765 23.8657 1.51041
106.756 1.16551 13.4762 23.8659 1.51043
106.778 1.16542 13.476 23.8665 1.51046
106.8 1.16529 13.4757 23.8672 1.5105
106.822 1.16525 13.4756 23.8675 1.51051
106.844 1.16516 13.4754 23.868 1.51054
106.867 1.1651 13.4751 23.8681 1.51056
106.889 1.16499 13.4748 23.8687 1.5106
106.911 1.16488 13.4743 23.869 1.51063
106.933 1.16475 13.474 23.8698 1.51068
106.956 1.16466 13.4736 23.8701 1.51071
106.978 1.16456 13.4733 23.8705 1.51074
107 1.16451 13.4731 23.8705 1.51075
107.022 1.16441 13.4727 23.871 1.51079
107.044 1.16439 13.4723 23.8705 1.51079
107.067 1.16427 13.472 23.8711 1.51083
107.089 1.16431 13.4718 23.8703 1.51082
107.111 1.16422 13.4714 23.8706 1.51085
107.133 1.16415 13.4711 23.8707 1.51087
107.156 1.16408 13.4707 23.8707 1.51089
107.178 1.16406 13.4704 23.8705 1.5109
107.2 1.16399 13.47 23.8704 1.51092
107.222 1.16401 13.4697 23.8698 1.51092
107.244 1.16393 13.4693 23.8697 1.51094
107.267 1.16388 13.4689 23.8695 1.51096
107.289 1.16388 13.4685 23.869 1.51096
107.311 1.16386 13.4682 23.8686 1.51097
107.333 1.16387 13.4678 23.8678 1.51096
107.356 1.16384 13.4674 23.8674 1.51097
107.378 1.16381 13.4669 23.8669 1.51098
107.4 1.16375 13.4665 23.8666 1.511
107.422 1.16383 13.4661 23.8653 1.51098
107.444 1.16378 13.4657 23.8649 1.51099
107.467 1.16372 13.4651 23.8646 1.51101
107.489 1.16376 13.4648 23.8636 1.511
107.511 1.16383 13.4645 23.8624 1.51098
107.533 1.16386 13.4642 23.8615 1.51097
107.556 1.16383 13.4636 23.8608 1.51097
107.578 1.1638 13.4631 23.8602 1.51098
107.6 1.1638 13.4626 23.8594 1.51098
107.622 1.16379 13.4621 23.8585 1.51099
107.644 1.16379 13.4617 23.8579 1.51099
107.667 1.16377 13.4613 23.8573 1.51099
107.689 1.16374 13.4608 23.8567 1.511
107.711 1.16374 13.4603 23.8558 1.511
107.733 1.16372 13.4598 23.8552 1.51101
107.756 1.1637 13.4593 23.8545 1.51102
107.778 1.16372 13.4589 23.8535 1.51101
107.8 1.1638 13.4585 23.8521 1.51099
107.822 1.16378 13.4581 23.8515 1.51099
107.844 1.16379 13.4577 23.8507 1.51099
107.867 1.1638 13.4573 23.85 1.51099
107.889 1.16377 13.4569 23.8495 1.51099
107.911 1.1638 13.4565 23.8485 1.51099
107.933 1.16391 13.4562 23.8468 1.51095
107.956 1.1639 13.4558 23.8462 1.51095
107.978 1.16394 13.4555 23.8453 1.51094
108 1.16395 13.4551 23.8444 1.51093
108.022 1.16396 13.4547 23.8437 1.51093
108.044 1.16398 13.4543 23.8428 1.51093
108.067 1.16401 13.454 23.8419 1.51092
108.089 1.164 13.4536 23.8412 1.51092
108.111 1.16397 13.4531 23.8406 1.51093
108.133 1.16391 13.4526 23.8405 1.51095
108.156 1.16394 13.4523 23.8396 1.51094
108.178 1.16396 13.452 23.8388 1.51093
108.2 1.16387 13.4514 23.8388 1.51096
108.222 1.16383 13.4511 23.8385 1.51097
108.244 1.16387 13.4507 23.8376 1.51096
108.267 1.16377 13.4501 23.8375 1.51099
108.289 1.16378 13.4498 23.8368 1.51099
108.311 1.16374 13.4494 23.8366 1.511
108.333 1.1638 13.4492 23.8356 1.51099
108.356 1.16379 13.4489 23.835 1.51099
108.378 1.16376 13.4485 23.8347 1.511
108.4 1.16373 13.4482 23.8345 1.51101
108.422 1.16372 13.448 23.8342 1.51101
108.444 1.16364 13.4476 23.8344 1.51104
108.467 1.16355 13.4472 23.8346 1.51107
108.489 1.1635 13.4469 23.8345 1.51108
108.511 1.16343 13.4466 23.8347 1.5111
108.533 1.16329 13.4461 23.8353 1.51115
108.556 1.1632 13.4458 23.8356 1.51118
108.578 1.16307 13.4454 23.8363 1.51122
108.6 1.16303 13.4451 23.8361 1.51124
108.622 1.16291 13.4446 23.8366 1.51127
108.644 1.1628 13.4443 23.8372 1.51131
108.667 1.16276 13.4441 23.8371 1.51132
108.689 1.16266 13.4438 23.8376 1.51135
108.711 1.16258 13.4435 23.8379 1.51138
108.733 1.16246 13.4432 23.8386 1.51142
108.756 1.16237 13.4429 23.839 1.51145
108.778 1.16225 13.4426 23.8397 1.51149
108.8 1.16226 13.4426 23.8396 1.51148
108.822 1.16218 13.4423 23.84 1.51151
108.844 1.16213 13.4421 23.8401 1.51153
108.867 1.16197 13.4418 23.8412 1.51158
108.889 1.16194 13.4417 23.8413 1.51159
108.911 1.16187 13.4415 23.8416 1.51161
108.933 1.16186 13.4413 23.8414 1.51161
108.956 1.16179 13.4411 23.8418 1.51164
108.978 1.16171 13.4408 23.8421 1.51166
109 1.16158 13.4406 23.843 1.51171
109.022 1.16147 13.4404 23.8438 1.51174
109.044 1.1613 13.4401 23.845 1.5118
109.067 1.16119 13.4399 23.8458 1.51183
109.089 1.1611 13.4398 23.8466 1.51186
109.111 1.16096 13.4395 23.8474 1.51191
109.133 1.16083 13.4393 23.8485 1.51195
109.156 1.16078 13.4392 23.8489 1.51197
109.178 1.16073 13.4392 23.8493 1.51198
109.2 1.16069 13.4392 23.8497 1.51199
109.222 1.16056 13.4391 23.8508 1.51204
109.244 1.16044 13.4389 23.8518 1.51208
109.267 1.16027 13.4387 23.8532 1.51213
109.289 1.16008 13.4384 23.8546 1.51219
109.311 1.15993 13.4382 23.8559 1.51224
109.333 1.1598 13.4381 23.857 1.51229
109.356 1.15966 13.4379 23.8581 1.51233
109.378 1.15953 13.4378 23.8592 1.51237
109.4 1.15954 13.438 23.8593 1.51237
109.422 1.15945 13.4379 23.8602 1.5124
109.444 1.15935 13.4379 23.8611 1.51243
109.467 1.15929 13.4378 23.8618 1.51245
109.489 1.15915 13.4377 23.8628 1.5125
109.511 1.15902 13.4375 23.8639 1.51254
109.533 1.15889 13.4374 23.865 1.51258
109.556 1.15871 13.4372 23.8666 1.51264
109.578 1.15857 13.437 23.8676 1.51269
109.6 1.15843 13.437 23.869 1.51273
109.622 1.15831 13.4369 23.87 1.51277
109.644 1.15821 13.4368 23.8709 1.5128
109.667 1.1581 13.4368 23.8721 1.51284
109.689 1.15797 13.4367 23.8733 1.51288
109.711 1.15784 13.4367 23.8745 1.51293
109.733 1.15772 13.4366 23.8757 1.51296
109.756 1.15762 13.4366 23.8768 1.513
109.778 1.15748 13.4366 23.8781 1.51304
109.8 1.15742 13.4367 23.879 1.51306
109.822 1.15733 13.4368 23.88 1.51309
109.844 1.15719 13.4368 23.8815 1.51314
109.867 1.15707 13.4368 23.8827 1.51318
109.889 1.15692 13.4367 23.8842 1.51323
109.911 1.1568 13.4368 23.8855 1.51326
109.933 1.15663 13.4368 23.8873 1.51332
109.956 1.15643 13.4368 23.8893 1.51339
109.978 1.1563 13.4368 23.8906 1.51343
110 1.15614 13.4368 23.8923 1.51348
110.022 1.15594 13.4367 23.8942 1.51355
110.044 1.15576 13.4366 23.8959 1.51361
110.067 1.15561 13.4366 23.8975 1.51365
110.089 1.15539 13.4365 23.8995 1.51373
110.111 1.1553 13.4366 23.9007 1.51376
110.133 1.15512 13.4366 23.9026 1.51381
110.156 1.15504 13.4368 23.9036 1.51384
110.178 1.15484 13.4368 23.9058 1.51391
110.2 1.15477 13.437 23.9069 1.51393
110.222 1.15455 13.4371 23.9092 1.514
110.244 1.15441 13.4371 23.9107 1.51405
110.267 1.15422 13.4371 23.9128 1.51411
110.289 1.15403 13.4371 23.9147 1.51417
110.311 1.15384 13.4371 23.9167 1.51423
110.333 1.15366 13.4372 23.9188 1.51429
110.356 1.15351 13.4373 23.9205 1.51434
110.378 1.15337 13.4375 23.9222 1.51439
110.4 1.1532 13.4375 23.9241 1.51445
110.422 1.15299 13.4375 23.9263 1.51451
110.444 1.15273 13.4375 23.9288 1.5146
110.467 1.15253 13.4375 23.9311 1.51467
110.489 1.15229 13.4376 23.9336 1.51474
110.511 1.15205 13.4376 23.9362 1.51482
110.533 1.15181 13.4377 23.9387 1.5149
110.556 1.15163 13.4378 23.9408 1.51496
110.578 1.15139 13.4378 23.9434 1.51504
110.6 1.15115 13.4379 23.9459 1.51512
110.622 1.15091 13.4379 23.9485 1.5152
110.644 1.15067 13.4379 23.9511 1.51528
110.667 1.15046 13.438 23.9534 1.51535
110.689 1.15016 13.438 23.9565 1.51544
110.711 1.1499 13.438 23.9592 1.51553
110.733 1.14969 13.4381 23.9616 1.5156
110.756 1.14943 13.4382 23.9645 1.51568
110.778 1.14932 13.4385 23.9661 1.51572
110.8 1.1491 13.4386 23.9686 1.51579
110.822 1.14886 13.4387 23.9712 1.51587
110.844 1.14859 13.4387 23.9742 1.51596
110.867 1.14832 13.4387 23.977 1.51605
110.889 1.14804 13.4387 23.9799 1.51614
110.911 1.14784 13.4389 23.9823 1.51621
110.933 1.14757 13.439 23.9853 1.5163
110.956 1.14738 13.4392 23.9877 1.51636
110.978 1.14715 13.4394 23.9904 1.51644
111 1.14687 13.4395 23.9934 1.51653
111.022 1.14661 13.4396 23.9965 1.51662
111.044 1.14624 13.4396 24.0003 1.51674
111.067 1.146 13.4398 24.0032 1.51682
111.089 1.14568 13.4398 24.0064 1.51692
111.111 1.14544 13.4399 24.0092 1.517
111.133 1.14521 13.44 24.0118 1.51708
111.156 1.14497 13.4402 24.0146 1.51716
111.178 1.14468 13.4402 24.0178 1.51726
111.2 1.14444 13.4403 24.0204 1.51733
111.222 1.14419 13.4405 24.0234 1.51742
111.244 1.14392 13.4407 24.0265 1.51751
111.267 1.14371 13.4409 24.0292 1.51758
111.289 1.1434 13.4409 24.0325 1.51768
111.311 1.14306 13.441 24.0361 1.51779
111.333 1.14277 13.4411 24.0393 1.51789
111.356 1.14253 13.4413 24.0423 1.51797
111.378 1.14218 13.4412 24.0458 1.51808
111.4 1.14193 13.4414 24.0488 1.51817
111.422 1.14162 13.4415 24.0522 1.51827
111.444 1.1413 13.4415 24.0556 1.51838
111.467 1.141 13.4416 24.0589 1.51848
111.489 1.14059 13.4415 24.0631 1.51861
111.511 1.14031 13.4416 24.0662 1.51871
111.533 1.14 13.4417 24.0697 1.51881
111.556 1.13979 13.4421 24.0725 1.51888
111.578 1.13942 13.442 24.0763 1.519
111.6 1.13919 13.4421 24.079 1.51908
111.622 1.1388 13.4421 24.0831 1.51921
111.644 1.13846 13.4421 24.0867 1.51932
111.667 1.13818 13.4423 24.09 1.51942
111.689 1.13788 13.4424 24.0934 1.51952
111.711 1.13759 13.4426 24.0968 1.51961
111.733 1.1372 13.4426 24.1009 1.51974
111.756 1.13688 13.4427 24.1044 1.51985
111.778 1.13661 13.4429 24.1076 1.51994
111.8 1.13629 13.443 24.1112 1.52005
111.822 1.13597 13.4431 24.1148 1.52016
111.844 1.1357 13.4433 24.118 1.52024
111.867 1.13531 13.4432 24.122 1.52037
111.889 1.13496 13.4433 24.1259 1.52049
111.911 1.13461 13.4433 24.1297 1.52061
111.933 1.1343 13.4435 24.1333 1.52071
111.956 1.13398 13.4436 24.137 1.52082
111.978 1.13366 13.4437 24.1405 1.52093
112 1.13325 13.4437 24.1448 1.52107
112.022 1.13298 13.4438 24.148 1.52116
112.044 1.1327 13.444 24.1512 1.52125
112.067 1.1324 13.4441 24.1546 1.52135
112.089 1.13211 13.4442 24.1578 1.52145
112.111 1.13182 13.4443 24.1612 1.52155
112.133 1.13149 13.4444 24.1648 1.52166
112.156 1.13113 13.4444 24.1686 1.52178
112.178 1.13082 13.4445 24.1723 1.52188
112.2 1.13043 13.4445 24.1763 1.52202
112.222 1.13007 13.4445 24.1802 1.52213
112.244 1.12973 13.4446 24.1841 1.52225
112.267 1.1293 13.4446 24.1886 1.52239
112.289 1.12901 13.4448 24.1921 1.52249
112.311 1.12864 13.4448 24.196 1.52262
112.333 1.12832 13.445 24.1998 1.52273
112.356 1.12798 13.445 24.2035 1.52284
112.378 1.1277 13.4452 24.2068 1.52293
112.4 1.12736 13.4453 24.2107 1.52305
112.422 1.127 13.4454 24.2146 1.52317
112.444 1.12663 13.4453 24.2186 1.5233
112.467 1.12629 13.4454 24.2224 1.52341
112.489 1.12594 13.4455 24.2264 1.52353
112.511 1.12566 13.4457 24.2298 1.52362
112.533 1.12533 13.4458 24.2335 1.52374
112.556 1.12507 13.4461 24.2368 1.52383
112.578 1.12473 13.4462 24.2405 1.52394
112.6 1.12431 13.4461 24.245 1.52408
112.622 1.12396 13.4462 24.2489 1.5242
112.644 1.12362 13.4463 24.2528 1.52431
112.667 1.12327 13.4464 24.2567 1.52443
112.689 1.12291 13.4464 24.2607 1.52456
112.711 1.12254 13.4464 24.2647 1.52468
112.733 1.12217 13.4465 24.2688 1.52481
112.756 1.12182 13.4466 24.2727 1.52493
112.778 1.12147 13.4467 24.2767 1.52504
112.8 1.12116 13.4468 24.2804 1.52515
112.822 1.12077 13.4468 24.2846 1.52528
112.844 1.12042 13.4469 24.2885 1.5254
112.867 1.12005 13.447 24.2925 1.52553
112.889 1.11969 13.447 24.2966 1.52565
112.911 1.11935 13.4471 24.3004 1.52577
112.933 1.11904 13.4472 24.304 1.52587
112.956 1.11872 13.4474 24.3078 1.52598
112.978 1.11835 13.4474 24.3119 1.52611
113 1.11801 13.4476 24.3159 1.52622
113.022 1.11763 13.4476 24.32 1.52635
113.044 1.11731 13.4478 24.3237 1.52646
113.067 1.11691 13.4477 24.3281 1.5266
113.089 1.11655 13.4478 24.3321 1.52672
113.111 1.11618 13.4478 24.3361 1.52685
113.133 1.11586 13.4479 24.3399 1.52696
113.156 1.11551 13.448 24.3437 1.52708
113.178 1.11512 13.448 24.3482 1.52721
113.2 1.11473 13.4481 24.3525 1.52735
113.222 1.11437 13.4481 24.3564 1.52747
113.244 1.11401 13.4482 24.3605 1.52759
113.267 1.11369 13.4483 24.3643 1.5277
113.289 1.11333 13.4484 24.3683 1.52782
113.311 1.11302 13.4485 24.372 1.52793
113.333 1.11264 13.4486 24.3762 1.52806
113.356 1.11226 13.4486 24.3804 1.52819
113.378 1.11188 13.4486 24.3847 1.52832
113.4 1.11151 13.4486 24.3888 1.52845
113.422 1.11115 13.4487 24.3929 1.52858
113.444 1.11082 13.4488 24.3966 1.52869
113.467 1.11041 13.4488 24.4011 1.52883
113.489 1.11007 13.4489 24.4051 1.52894
113.511 1.10967 13.4489 24.4094 1.52908
113.533 1.10936 13.4491 24.4131 1.52919
113.556 1.10898 13.4492 24.4175 1.52932
113.578 1.10874 13.4494 24.4205 1.5294
113.6 1.10843 13.4495 24.4242 1.52951
113.622 1.10809 13.4496 24.4282 1.52963
113.644 1.10778 13.4498 24.4319 1.52973
113.667 1.10736 13.4498 24.4366 1.52988
113.689 1.10701 13.4499 24.4405 1.53
113.711 1.10661 13.4499 24.4449 1.53014
113.733 1.10626 13.45 24.4491 1.53026
113.756 1.10596 13.4502 24.4528 1.53036
113.778 1.10563 13.4504 24.4567 1.53048
113.8 1.10522 13.4504 24.4612 1.53062
113.822 1.10486 13.4505 24.4654 1.53075
113.844 1.10455 13.4506 24.4691 1.53085
113.867 1.10414 13.4507 24.4737 1.53099
113.889 1.10382 13.4508 24.4775 1.5311
113.911 1.10348 13.4509 24.4815 1.53122
113.933 1.10315 13.4511 24.4855 1.53134
113.956 1.10281 13.4513 24.4895 1.53146
113.978 1.10246 13.4514 24.4937 1.53158
114 1.10209 13.4515 24.498 1.5317
114.022 1.10175 13.4517 24.5021 1.53182
114.044 1.10141 13.4518 24.506 1.53194
114.067 1.10107 13.452 24.5102 1.53206
114.089 1.10073 13.4521 24.5142 1.53218
114.111 1.1004 13.4522 24.5182 1.53229
114.133 1.10005 13.4523 24.5222 1.53242
114.156 1.09972 13.4525 24.5261 1.53253
114.178 1.09933 13.4525 24.5305 1.53267
114.2 1.09899 13.4526 24.5346 1.53278
114.222 1.09859 13.4526 24.5391 1.53292
114.244 1.09826 13.4527 24.543 1.53304
114.267 1.09784 13.4528 24.5476 1.53319
114.289 1.09752 13.4529 24.5515 1.5333
114.311 1.09719 13.453 24.5553 1.53341
114.333 1.09686 13.4531 24.5592 1.53353
114.356 1.09647 13.4531 24.5636 1.53367
114.378 1.09616 13.4533 24.5675 1.53377
114.4 1.09579 13.4534 24.5718 1.5339
114.422 1.09545 13.4535 24.5758 1.53402
114.444 1.09514 13.4538 24.5797 1.53413
114.467 1.09486 13.454 24.5834 1.53423
114.489 1.09451 13.4542 24.5876 1.53435
114.511 1.09416 13.4543 24.5917 1.53447
114.533 1.09385 13.4546 24.5957 1.53458
114.556 1.09351 13.4547 24.5998 1.5347
114.578 1.09319 13.4549 24.6038 1.53481
114.6 1.09292 13.4552 24.6073 1.53491
114.622 1.0926 13.4554 24.6113 1.53502
114.644 1.09224 13.4555 24.6155 1.53515
114.667 1.09195 13.4557 24.6192 1.53525
114.689 1.09166 13.456 24.6229 1.53535
114.711 1.09136 13.4562 24.6268 1.53546
114.733 1.09102 13.4564 24.6309 1.53558
114.756 1.09072 13.4567 24.6348 1.53568
114.778 1.09043 13.4568 24.6384 1.53578
114.8 1.09008 13.457 24.6426 1.53591
114.822 1.08973 13.4572 24.6469 1.53603
114.844 1.08941 13.4574 24.651 1.53614
114.867 1.08906 13.4576 24.6553 1.53627
114.889 1.08871 13.4577 24.6594 1.53639
114.911 1.08837 13.4579 24.6636 1.53651
114.933 1.08796 13.4579 24.6684 1.53666
114.956 1.0876 13.458 24.6726 1.53678
114.978 1.08732 13.4583 24.6763 1.53688
115 1.08697 13.4585 24.6806 1.537
115.022 1.0866 13.4587 24.6851 1.53713
115.044 1.08625 13.4588 24.6893 1.53726
115.067 1.08586 13.4589 24.6939 1.5374
115.089 1.08552 13.4591 24.6981 1.53752
115.111 1.08522 13.4593 24.702 1.53762
115.133 1.08487 13.4594 24.7062 1.53775
115.156 1.08457 13.4598 24.7102 1.53785
115.178 1.08417 13.4598 24.7149 1.538
115.2 1.08381 13.4599 24.7192 1.53812
115.222 1.08345 13.4601 24.7236 1.53825
115.244 1.08313 13.4603 24.7276 1.53837
115.267 1.08286 13.4604 24.731 1.53846
115.289 1.08249 13.4605 24.7352 1.53859
115.311 1.0822 13.4605 24.7386 1.53869
115.333 1.08192 13.4605 24.7419 1.5388
115.356 1.08164 13.4605 24.745 1.53889
115.378 1.08134 13.4605 24.7485 1.539
115.4 1.08103 13.4604 24.7518 1.53911
115.422 1.08081 13.4605 24.7545 1.53919
115.444 1.08052 13.4605 24.7578 1.53929
115.467 1.08018 13.4604 24.7615 1.53941
115.489 1.07982 13.4603 24.7655 1.53954
115.511 1.07944 13.4601 24.7696 1.53968
115.533 1.07905 13.4601 24.774 1.53982
115.556 1.07862 13.4598 24.7785 1.53997
115.578 1.07828 13.4598 24.7823 1.54009
115.6 1.07784 13.4596 24.787 1.54025
115.622 1.07742 13.4594 24.7915 1.5404
115.644 1.07694 13.4591 24.7964 1.54057
115.667 1.0764 13.4587 24.8018 1.54077
115.689 1.07588 13.4583 24.807 1.54095
115.711 1.07532 13.4579 24.8128 1.54115
115.733 1.07485 13.4576 24.8178 1.54132
115.756 1.07429 13.4572 24.8235 1.54152
115.778 1.0737 13.4567 24.8293 1.54173
115.8 1.07311 13.4561 24.8351 1.54194
115.822 1.07248 13.4557 24.8416 1.54217
115.844 1.07174 13.4551 24.849 1.54243
115.867 1.07111 13.4545 24.8553 1.54266
115.889 1.07041 13.454 24.8625 1.54291
115.911 1.06975 13.4536 24.8694 1.54315
115.933 1.06905 13.453 24.8765 1.54341
115.956 1.06839 13.4525 24.8831 1.54364
115.978 1.0676 13.4518 24.8911 1.54393
116 1.06697 13.4513 24.8976 1.54416
116.022 1.06631 13.4508 24.9043 1.54439
116.044 1.06567 13.4504 24.911 1.54463
116.067 1.0651 13.4499 24.9168 1.54483
116.089 1.06442 13.4493 24.9235 1.54508
116.111 1.06377 13.4487 24.9302 1.54532
116.133 1.06318 13.4483 24.9363 1.54553
116.156 1.06251 13.4477 24.943 1.54577
116.178 1.06189 13.4473 24.9495 1.546
116.2 1.06128 13.4468 24.9558 1.54622
116.222 1.06065 13.4463 24.9622 1.54645
116.244 1.06 13.4457 24.9689 1.54669
116.267 1.05944 13.4453 24.9747 1.54689
116.289 1.05882 13.4448 24.9811 1.54712
116.311 1.05817 13.4443 24.9878 1.54736
116.333 1.05763 13.4438 24.9933 1.54756
116.356 1.05709 13.4435 24.999 1.54775
116.378 1.05647 13.4429 25.0054 1.54798
116.4 1.05593 13.4424 25.0108 1.54818
116.422 1.05535 13.4419 25.0167 1.54839
116.444 1.05476 13.4415 25.0229 1.54861
116.467 1.05431 13.4412 25.0277 1.54877
116.489 1.05373 13.4408 25.034 1.54898
116.511 1.05327 13.4406 25.039 1.54915
116.533 1.0528 13.4402 25.0439 1.54933
116.556 1.05227 13.44 25.0497 1.54952
116.578 1.05179 13.4397 25.0549 1.5497
116.6 1.05131 13.4393 25.06 1.54988
116.622 1.05087 13.4391 25.0647 1.55004
116.644 1.05041 13.4388 25.0697 1.55021
116.667 1.05006 13.4387 25.0737 1.55034
116.689 1.04965 13.4385 25.0782 1.55049
116.711 1.04917 13.4382 25.0833 1.55066
116.733 1.04879 13.438 25.0876 1.55081
116.756 1.04835 13.4379 25.0926 1.55097
116.778 1.04798 13.4379 25.097 1.5511
116.8 1.04761 13.4378 25.1014 1.55124
116.822 1.04723 13.4379 25.106 1.55138
116.844 1.04686 13.4379 25.1104 1.55152
116.867 1.04644 13.4378 25.1153 1.55168
116.889 1.04602 13.4378 25.1203 1.55183
116.911 1.04559 13.4377 25.1253 1.55199
116.933 1.04535 13.4378 25.1285 1.55208
116.956 1.04491 13.4376 25.1334 1.55224
116.978 1.04442 13.4375 25.1392 1.55243
117 1.0441 13.4377 25.1432 1.55254
117.022 1.04375 13.4377 25.1475 1.55267
117.044 1.04339 13.4378 25.1521 1.55281
117.067 1.04307 13.4379 25.156 1.55293
117.089 1.04272 13.4381 25.1606 1.55306
117.111 1.04231 13.4382 25.1658 1.55321
117.133 1.04196 13.4383 25.1702 1.55334
117.156 1.04145 13.4383 25.1763 1.55353
117.178 1.04101 13.4383 25.1818 1.5537
117.2 1.04068 13.4384 25.1859 1.55382
117.222 1.0402 13.4384 25.1916 1.554
117.244 1.03979 13.4385 25.1968 1.55415
117.267 1.03938 13.4385 25.2018 1.5543
117.289 1.03887 13.4385 25.208 1.55449
117.311 1.03838 13.4386 25.2142 1.55468
117.333 1.03804 13.4388 25.2186 1.55481
117.356 1.0376 13.439 25.2243 1.55497
117.378 1.03708 13.439 25.2307 1.55517
117.4 1.03665 13.4391 25.2361 1.55533
117.422 1.03614 13.4391 25.2423 1.55552
117.444 1.03557 13.439 25.2491 1.55573
117.467 1.03508 13.4391 25.2552 1.55592
117.489 1.03452 13.4391 25.262 1.55613
117.511 1.0339 13.4391 25.2696 1.55636
117.533 1.03338 13.439 25.2759 1.55656
117.556 1.0328 13.439 25.283 1.55677
117.578 1.03221 13.439 25.2901 1.55699
117.6 1.03173 13.439 25.296 1.55718
117.622 1.03116 13.439 25.303 1.55739
117.644 1.03055 13.4389 25.3103 1.55762
117.667 1.0299 13.4387 25.318 1.55787
117.689 1.02925 13.4387 25.3257 1.55811
117.711 1.02865 13.4386 25.3331 1.55834
117.733 1.02808 13.4385 25.34 1.55856
117.756 1.02743 13.4383 25.3476 1.5588
117.778 1.02677 13.4382 25.3556 1.55906
117.8 1.02614 13.4381 25.3631 1.55929
117.822 1.02548 13.438 25.371 1.55954
117.844 1.0248 13.4378 25.3791 1.5598
117.867 1.02419 13.4376 25.3862 1.56003
117.889 1.02352 13.4375 25.3944 1.56029
117.911 1.02292 13.4374 25.4017 1.56052
117.933 1.02235 13.4374 25.4087 1.56074
117.956 1.02174 13.4373 25.4161 1.56097
117.978 1.02112 13.4372 25.4236 1.5612
118 1.02059 13.4372 25.4303 1.56141
118.022 1.01992 13.437 25.4383 1.56167
118.044 1.01931 13.437 25.4458 1.5619
118.067 1.0187 13.4369 25.4532 1.56213
118.089 1.01803 13.4367 25.4613 1.56239
118.111 1.01736 13.4366 25.4694 1.56265
118.133 1.0168 13.4365 25.4762 1.56286
118.156 1.01616 13.4364 25.484 1.56311
118.178 1.01552 13.4363 25.4919 1.56335
118.2 1.01492 13.4361 25.4992 1.56359
118.222 1.01432 13.4361 25.5067 1.56382
118.244 1.01368 13.436 25.5144 1.56406
118.267 1.01303 13.4358 25.5223 1.56431
118.289 1.01247 13.4357 25.5292 1.56453
118.311 1.01182 13.4356 25.5372 1.56478
118.333 1.01117 13.4354 25.545 1.56503
118.356 1.01064 13.4354 25.5517 1.56524
118.378 1.00998 13.4352 25.5597 1.56549
118.4 1.00946 13.4352 25.5662 1.56569
118.422 1.00881 13.435 25.5741 1.56595
118.444 1.00817 13.4349 25.5821 1.5662
118.467 1.00762 13.4349 25.5891 1.56641
118.489 1.00699 13.4348 25.5968 1.56665
118.511 1.00634 13.4345 25.6046 1.56691
118.533 1.00585 13.4346 25.6109 1.5671
118.556 1.0053 13.4346 25.6179 1.56731
118.578 1.00464 13.4343 25.6259 1.56757
118.6 1.00411 13.4343 25.6326 1.56778
118.622 1.00355 13.4342 25.6397 1.568
118.644 1.00292 13.4342 25.6476 1.56824
118.667 1.0024 13.4342 25.6542 1.56844
118.689 1.00183 13.4342 25.6615 1.56867
118.711 1.0012 13.4341 25.6694 1.56891
118.733 1.00061 13.4339 25.6765 1.56914
118.756 1 13.4338 25.6842 1.56938
118.778 0.999382 13.4337 25.6919 1.56963
118.8 0.998834 13.4336 25.6988 1.56984
118.822 0.998191 13.4334 25.7068 1.5701
118.844 0.997628 13.4334 25.714 1.57032
118.867 0.997112 13.4333 25.7204 1.57052
118.889 0.996573 13.4332 25.7273 1.57073
118.911 0.995982 13.4331 25.7347 1.57097
118.933 0.99541 13.433 25.7418 1.57119
118.956 0.994739 13.4327 25.75 1.57146
118.978 0.994122 13.4325 25.7575 1.5717
119 0.993593 13.4324 25.7642 1.57191
119.022 0.993017 13.4323 25.7715 1.57214
119.044 0.992482 13.4323 25.7784 1.57235
119.067 0.992003 13.4322 25.7845 1.57254
119.089 0.991462 13.4322 25.7915 1.57275
119.111 0.990907 13.4321 25.7985 1.57297
119.133 0.990418 13.432 25.8047 1.57317
119.156 0.989788 13.4317 25.8124 1.57342
119.178 0.98933 13.4318 25.8185 1.5736
119.2 0.988831 13.4317 25.8249 1.5738
119.222 0.988306 13.4317 25.8317 1.57401
119.244 0.987789 13.4317 25.8384 1.57421
119.267 0.9873 13.4316 25.8447 1.57441
119.289 0.986802 13.4316 25.8511 1.57461
119.311 0.986303 13.4316 25.8577 1.57481
119.333 0.985846 13.4315 25.8636 1.57499
119.356 0.985318 13.4314 25.8703 1.5752
119.378 0.984887 13.4315 25.8761 1.57537
119.4 0.984504 13.4315 25.8812 1.57552
119.422 0.983969 13.4315 25.8881 1.57574
119.444 0.983428 13.4314 25.8951 1.57596
119.467 0.982944 13.4313 25.9014 1.57615
119.489 0.982525 13.4314 25.9069 1.57632
119.511 0.98198 13.4313 25.9139 1.57654
119.533 0.981568 13.4312 25.9193 1.5767
119.556 0.981072 13.4312 25.9258 1.5769
119.578 0.980553 13.4311 25.9325 1.57711
119.6 0.980146 13.4312 25.938 1.57727
119.622 0.979691 13.4311 25.9439 1.57746
119.644 0.979223 13.4311 25.9501 1.57764
119.667 0.978837 13.4311 25.9553 1.5778
119.689 0.978349 13.4311 25.9616 1.578
119.711 0.977845 13.431 25.9682 1.5782
119.733 0.977409 13.431 25.9739 1.57838
119.756 0.976963 13.431 25.9799 1.57856
119.778 0.976463 13.4309 25.9863 1.57876
119.8 0.976052 13.4308 25.9917 1.57892
119.822 0.975546 13.4307 25.9982 1.57913
119.844 0.975067 13.4306 26.0044 1.57932
119.867 0.974638 13.4305 26.0099 1.5795
119.889 0.97425 13.4305 26.0151 1.57965
119.911 0.973771 13.4305 26.0214 1.57985
119.933 0.973397 13.4305 26.0265 1.58
119.956 0.97295 13.4305 26.0325 1.58018
119.978 0.972507 13.4305 26.0384 1.58036
120 0.972056 13.4305 26.0444 1.58054
120.022 0.971608 13.4304 26.0502 1.58073
120.044 0.971128 13.4304 26.0566 1.58092
120.067 0.970769 13.4304 26.0615 1.58107
120.089 0.970261 13.4303 26.0681 1.58128
120.111 0.969828 13.4302 26.0738 1.58145
120.133 0.969524 13.4303 26.0781 1.58158
120.156 0.969027 13.4302 26.0846 1.58178
120.178 0.968586 13.4303 26.0906 1.58196
120.2 0.968157 13.4302 26.0962 1.58213
120.222 0.967709 13.4302 26.1023 1.58232
120.244 0.967221 13.4302 26.1088 1.58252
120.267 0.966822 13.4301 26.1141 1.58268
120.289 0.966399 13.4302 26.1199 1.58285
120.311 0.965943 13.4301 26.1259 1.58304
120.333 0.965569 13.4302 26.1311 1.58319
120.356 0.965133 13.4301 26.137 1.58337
120.378 0.964704 13.4301 26.1428 1.58355
120.4 0.964292 13.4301 26.1483 1.58372
120.422 0.963858 13.4301 26.1542 1.58389
120.444 0.963425 13.4301 26.1601 1.58407
120.467 0.963043 13.4301 26.1652 1.58423
120.489 0.962572 13.4301 26.1717 1.58442
120.511 0.962133 13.4301 26.1776 1.5846
120.533 0.961706 13.4301 26.1834 1.58478
120.556 0.961218 13.4301 26.19 1.58498
120.578 0.960776 13.4301 26.1961 1.58516
120.6 0.960454 13.4302 26.2006 1.5853
120.622 0.960045 13.4302 26.2063 1.58547
120.644 0.959664 13.4303 26.2116 1.58562
120.667 0.959272 13.4303 26.217 1.58578
120.689 0.958845 13.4303 26.2229 1.58596
120.711 0.958335 13.4303 26.2297 1.58617
120.733 0.957962 13.4303 26.2349 1.58633
120.756 0.957524 13.4303 26.241 1.58651
120.778 0.957125 13.4304 26.2466 1.58667
120.8 0.956694 13.4304 26.2525 1.58685
120.822 0.956363 13.4306 26.2574 1.58699
120.844 0.955956 13.4307 26.2632 1.58716
120.867 0.95558 13.4307 26.2684 1.58731
120.889 0.955162 13.4308 26.2742 1.58749
120.911 0.954765 13.431 26.2801 1.58765
120.933 0.954441 13.4311 26.2848 1.58779
120.956 0.954 13.4311 26.291 1.58797
120.978 0.953519 13.4312 26.2977 1.58817
121 0.953049 13.4311 26.3041 1.58837
121.022 0.952628 13.4312 26.31 1.58854
121.044 0.952167 13.4313 26.3165 1.58873
121.067 0.951833 13.4314 26.3214 1.58887
121.089 0.951418 13.4315 26.3273 1.58905
121.111 0.950991 13.4316 26.3334 1.58923
121.133 0.950631 13.4317 26.3386 1.58938
121.156 0.950187 13.4317 26.3449 1.58956
121.178 0.949674 13.4317 26.3519 1.58978
121.2 0.949279 13.4318 26.3575 1.58994
121.222 0.948874 13.4318 26.3632 1.59011
121.244 0.948354 13.4318 26.3704 1.59033
121.267 0.948004 13.4318 26.3754 1.59048
121.289 0.947635 13.4321 26.381 1.59063
121.311 0.947198 13.4321 26.3872 1.59081
121.333 0.946796 13.4322 26.393 1.59098
121.356 0.946327 13.4322 26.3995 1.59118
121.378 0.945894 13.4324 26.4058 1.59136
121.4 0.945559 13.4326 26.4109 1.5915
121.422 0.945083 13.4326 26.4175 1.5917
121.444 0.944683 13.4327 26.4233 1.59187
121.467 0.944325 13.4328 26.4285 1.59202
121.489 0.943929 13.4328 26.4342 1.59219
121.511 0.943496 13.4329 26.4403 1.59237
121.533 0.943154 13.433 26.4453 1.59252
121.556 0.942779 13.4331 26.4508 1.59267
121.578 0.942226 13.433 26.4583 1.59291
121.6 0.941941 13.4332 26.4628 1.59303
121.622 0.941528 13.4333 26.4687 1.5932
121.644 0.941101 13.4334 26.475 1.59338
121.667 0.940747 13.4335 26.4802 1.59353
121.689 0.940347 13.4336 26.486 1.5937
121.711 0.939859 13.4336 26.4929 1.59391
121.733 0.939403 13.4336 26.4993 1.5941
121.756 0.938987 13.4337 26.5053 1.59428
121.778 0.938598 13.4338 26.511 1.59445
121.8 0.938278 13.4339 26.5158 1.59458
121.822 0.937841 13.4339 26.522 1.59477
121.844 0.937348 13.4339 26.5288 1.59498
121.867 0.937028 13.434 26.5336 1.59511
121.889 0.936637 13.4341 26.5394 1.59528
121.911 0.936176 13.4341 26.5459 1.59548
121.933 0.935827 13.4341 26.5509 1.59562
121.956 0.935415 13.4342 26.5569 1.5958
121.978 0.935004 13.4343 26.5629 1.59598
122 0.934703 13.4345 26.5676 1.5961
122.022 0.934241 13.4344 26.574 1.5963
122.044 0.933828 13.4344 26.5799 1.59648
122.067 0.933506 13.4346 26.5848 1.59662
122.089 0.933062 13.4346 26.5913 1.59681
122.111 0.932684 13.4347 26.5968 1.59697
122.133 0.932365 13.4348 26.6015 1.5971
122.156 0.931954 13.4348 26.6075 1.59728
122.178 0.931546 13.4349 26.6134 1.59745
122.2 0.931121 13.4348 26.6192 1.59764
122.222 0.930795 13.4349 26.6241 1.59778
122.244 0.930396 13.435 26.63 1.59795
122.267 0.930118 13.4351 26.6342 1.59807
122.289 0.929732 13.4351 26.6398 1.59823
122.311 0.929378 13.4352 26.645 1.59839
122.333 0.92909 13.4354 26.6495 1.59851
122.356 0.928748 13.4354 26.6544 1.59866
122.378 0.928343 13.4355 26.6604 1.59883
122.4 0.928073 13.4357 26.6646 1.59895
122.422 0.927711 13.4357 26.67 1.5991
122.444 0.927359 13.4359 26.6753 1.59925
122.467 0.927069 13.436 26.6798 1.59938
122.489 0.926718 13.436 26.6849 1.59953
122.511 0.926359 13.4361 26.6903 1.59969
122.533 0.926052 13.4362 26.6948 1.59982
122.556 0.925696 13.4363 26.7002 1.59997
122.578 0.925299 13.4363 26.7059 1.60014
122.6 0.925 13.4363 26.7102 1.60027
122.622 0.924703 13.4365 26.7148 1.6004
122.644 0.924371 13.4365 26.7197 1.60055
122.667 0.924148 13.4367 26.7233 1.60064
122.689 0.923845 13.4368 26.7279 1.60077
122.711 0.9235 13.4369 26.7331 1.60092
122.733 0.923238 13.4371 26.7372 1.60104
122.756 0.92294 13.4371 26.7416 1.60117
122.778 0.922633 13.4372 26.7463 1.6013
122.8 0.922378 13.4373 26.7501 1.60141
122.822 0.92207 13.4374 26.7547 1.60154
122.844 0.921745 13.4374 26.7596 1.60168
122.867 0.921413 13.4374 26.7643 1.60183
122.889 0.921139 13.4375 26.7684 1.60195
122.911 0.920828 13.4375 26.7729 1.60208
122.933 0.920563 13.4375 26.7769 1.6022
122.956 0.920231 13.4375 26.7816 1.60234
122.978 0.919926 13.4376 26.7863 1.60248
123 0.919673 13.4376 26.79 1.60259
123.022 0.919402 13.4377 26.7943 1.6027
123.044 0.919095 13.4378 26.7988 1.60284
123.067 0.918819 13.4378 26.8029 1.60296
123.089 0.918492 13.4378 26.8076 1.6031
123.111 0.918191 13.4378 26.812 1.60323
123.133 0.917974 13.4379 26.8154 1.60333
123.156 0.917746 13.4381 26.819 1.60343
123.178 0.917437 13.438 26.8235 1.60356
123.2 0.917226 13.4381 26.8268 1.60365
123.222 0.916955 13.4381 26.8307 1.60377
123.244 0.916627 13.4381 26.8354 1.60392
123.267 0.916433 13.4381 26.8384 1.604
123.289 0.916164 13.4381 26.8423 1.60412
123.311 0.915838 13.4381 26.8471 1.60426
123.333 0.915641 13.4382 26.8502 1.60435
123.356 0.915435 13.4383 26.8533 1.60444
123.378 0.915174 13.4383 26.8571 1.60455
123.4 0.914913 13.4383 26.861 1.60467
123.422 0.914674 13.4383 26.8646 1.60477
123.444 0.914393 13.4383 26.8687 1.60489
123.467 0.914211 13.4384 26.8716 1.60497
123.489 0.913927 13.4385 26.8759 1.6051
123.511 0.913648 13.4385 26.8799 1.60522
123.533 0.91349 13.4386 26.8825 1.60529
123.556 0.913228 13.4386 26.8864 1.60541
123.578 0.913008 13.4387 26.8898 1.6055
123.6 0.912808 13.4388 26.8929 1.60559
123.622 0.912519 13.4387 26.8971 1.60572
123.644 0.91231 13.4388 26.9002 1.60581
123.667 0.912145 13.4388 26.9028 1.60588
123.689 0.911938 13.4389 26.9059 1.60597
123.711 0.911691 13.4389 26.9096 1.60608
123.733 0.911459 13.4388 26.9129 1.60618
123.756 0.911227 13.4387 26.9161 1.60629
123.778 0.911027 13.4387 26.9191 1.60637
123.8 0.910827 13.4387 26.922 1.60646
123.822 0.910618 13.4388 26.9252 1.60655
123.844 0.910418 13.4388 26.9282 1.60664
123.867 0.910241 13.4388 26.9308 1.60672
123.889 0.909988 13.4387 26.9344 1.60683
123.911 0.909799 13.4387 26.9373 1.60692
123.933 0.90962 13.4387 26.9398 1.607
123.956 0.909369 13.4386 26.9434 1.60711
123.978 0.909157 13.4386 26.9466 1.6072
124 0.908967 13.4386 26.9493 1.60728
124.022 0.908803 13.4386 26.9518 1.60736
124.044 0.908635 13.4387 26.9544 1.60743
124.067 0.908531 13.4388 26.9561 1.60748
124.089 0.908345 13.4388 26.9589 1.60756
124.111 0.908152 13.4388 26.9619 1.60764
124.133 0.908026 13.4389 26.964 1.6077
124.156 0.907863 13.439 26.9665 1.60777
124.178 0.907666 13.439 26.9695 1.60786
124.2 0.907549 13.4391 26.9715 1.60791
124.222 0.907409 13.4392 26.9738 1.60797
124.244 0.907151 13.4392 26.9775 1.60809
124.267 0.907119 13.4394 26.9784 1.6081
124.289 0.906945 13.4394 26.981 1.60818
124.311 0.906764 13.4395 26.9838 1.60826
124.333 0.906615 13.4395 26.9861 1.60833
124.356 0.906422 13.4396 26.9891 1.60841
124.378 0.906286 13.4397 26.9913 1.60847
124.4 0.906163 13.4397 26.9932 1.60853
124.422 0.905973 13.4398 26.9962 1.60861
124.444 0.905784 13.4398 26.999 1.60869
124.467 0.90575 13.4399 26.9997 1.60871
124.489 0.905565 13.4399 27.0026 1.60879
124.511 0.905389 13.44 27.0052 1.60887
124.533 0.905293 13.44 27.0067 1.60891
124.556 0.905118 13.44 27.0093 1.60899
124.578 0.90499 13.4401 27.0114 1.60905
124.6 0.904812 13.44 27.014 1.60913
124.622 0.904657 13.44 27.0162 1.60919
124.644 0.904477 13.4399 27.0188 1.60927
124.667 0.904319 13.4399 27.0211 1.60934
124.689 0.904188 13.4399 27.0231 1.6094
124.711 0.904027 13.4399 27.0255 1.60948
124.733 0.90392 13.4399 27.0272 1.60952
124.756 0.90381 13.4399 27.0287 1.60957
124.778 0.903691 13.44 27.0308 1.60962
124.8 0.903625 13.4401 27.0319 1.60965
124.822 0.903444 13.4401 27.0346 1.60973
124.844 0.903279 13.4401 27.037 1.60981
124.867 0.903199 13.4401 27.0383 1.60984
124.889 0.903096 13.4401 27.0398 1.60989
124.911 0.902943 13.4401 27.0421 1.60996
124.933 0.902808 13.44 27.0439 1.61002
124.956 0.902691 13.44 27.0456 1.61007
124.978 0.902561 13.44 27.0476 1.61013
125 0.902463 13.4399 27.0489 1.61017
125.022 0.902296 13.4398 27.0512 1.61025
125.044 0.902194 13.4399 27.0529 1.61029
125.067 0.902117 13.4399 27.0541 1.61033
125.089 0.902042 13.4399 27.0552 1.61036
125.111 0.901924 13.4399 27.0571 1.61041
125.133 0.901875 13.44 27.058 1.61043
125.156 0.901861 13.4401 27.0583 1.61044
125.178 0.901775 13.4401 27.0597 1.61048
125.2 0.901665 13.4401 27.0613 1.61053
125.222 0.901612 13.4401 27.0621 1.61055
125.244 0.901503 13.4401 27.0637 1.6106
125.267 0.901482 13.4401 27.0641 1.61061
125.289 0.901447 13.4403 27.0648 1.61063
125.311 0.901326 13.4402 27.0664 1.61068
125.333 0.901303 13.4401 27.0667 1.61069
125.356 0.90121 13.4401 27.068 1.61073
125.378 0.901106 13.4401 27.0696 1.61078
125.4 0.901148 13.4403 27.0694 1.61076
125.422 0.900992 13.44 27.0712 1.61083
125.444 0.90091 13.4401 27.0725 1.61087
125.467 0.900864 13.4401 27.0732 1.61089
125.489 0.900787 13.4401 27.0744 1.61092
125.511 0.900665 13.44 27.076 1.61097
125.533 0.900625 13.4399 27.0765 1.61099
125.556 0.900608 13.44 27.0769 1.611
125.578 0.900512 13.4399 27.0782 1.61104
125.6 0.900516 13.44 27.0782 1.61104
125.622 0.900471 13.4399 27.0788 1.61106
125.644 0.900423 13.4399 27.0796 1.61108
125.667 0.90038 13.4399 27.0801 1.6111
125.689 0.900472 13.4401 27.0791 1.61106
125.711 0.900385 13.4401 27.0804 1.6111
125.733 0.900358 13.4399 27.0806 1.61111
125.756 0.900286 13.4399 27.0816 1.61114
125.778 0.900311 13.4399 27.0813 1.61113
125.8 0.900349 13.44 27.0807 1.61112
125.822 0.900342 13.44 27.081 1.61112
125.844 0.900294 13.44 27.0816 1.61114
125.867 0.900319 13.44 27.0813 1.61113
125.889 0.900303 13.44 27.0815 1.61114
125.911 0.900289 13.44 27.0817 1.61114
125.933 0.900235 13.4399 27.0824 1.61117
125.956 0.900244 13.44 27.0823 1.61116
125.978 0.900234 13.44 27.0825 1.61117
126 0.900297 13.44 27.0816 1.61114
