# t frame_uz frame_z ub_dans_repere
160.009 -0.00154376 -9.49938e-06 -0.141948
160.037 0.000718642 -3.88507e-05 0.249402
160.075 0.0237523 0.000452875 0.82502
160.12 0.0787097 0.00290964 1.47712
160.17 0.171522 0.00941646 2.14043
160.222 0.30153 0.0222481 2.7334
160.275 0.46355 0.0435307 3.19316
160.33 0.648349 0.074831 3.48541
160.385 0.844505 0.116892 3.6069
160.44 1.04513 0.170507 3.59832
160.496 1.24414 0.235712 3.52448
160.552 1.43819 0.311895 3.42648
160.608 1.62593 0.398735 3.30483
160.664 1.80796 0.49588 3.22122
160.72 1.98488 0.603046 3.12768
160.776 2.15938 0.720011 3.1214
160.832 2.33529 0.84678 3.16623
160.888 2.51592 0.983537 3.27567
160.944 2.70422 1.13065 3.42736
161 2.90198 1.28862 3.60794
161.056 3.11125 1.45866 3.80148
161.112 3.33035 1.64079 3.95757
161.169 3.55649 1.83549 4.06356
161.225 3.7868 2.04304 4.1152
161.281 4.0177 2.26357 4.09767
161.337 4.24587 2.497 4.03146
161.393 4.4693 2.74309 3.93243
161.449 4.68557 3.0015 3.78977
161.506 4.89334 3.27178 3.63304
161.562 5.09188 3.55342 3.46804
161.618 5.28038 3.84588 3.27953
161.674 5.45798 4.14857 3.08139
161.73 5.62403 4.46085 2.86683
161.787 5.77755 4.78203 2.64853
161.843 5.91851 5.11142 2.41568
161.899 6.04604 5.44828 2.17182
161.955 6.15928 5.79183 1.91036
162.011 6.25728 6.14123 1.6365
162.067 6.33991 6.49562 1.35877
162.124 6.40713 6.85413 1.08921
162.18 6.46004 7.21592 0.853237
162.236 6.4989 7.58022 0.600472
162.292 6.52501 7.94626 0.374687
162.348 6.53987 8.31338 0.191438
162.404 6.54446 8.68099 0.0135336
162.461 6.53976 9.04854 -0.145517
162.517 6.52727 9.41555 -0.276706
162.573 6.50758 9.78162 -0.401852
162.629 6.48166 10.1464 -0.502174
162.685 6.44923 10.5094 -0.620994
162.742 6.411 10.8705 -0.720449
162.798 6.36711 11.2292 -0.821057
162.854 6.31812 11.5853 -0.901609
162.91 6.26445 11.9384 -0.988247
162.966 6.20696 12.2885 -1.04854
163.022 6.14604 12.6351 -1.10457
163.079 6.08269 12.9783 -1.13968
163.135 6.01761 13.3178 -1.1709
163.191 5.95124 13.6536 -1.18321
163.247 5.88498 13.9857 -1.17439
163.303 5.81993 14.3142 -1.14493
163.36 5.75676 14.639 -1.1077
163.416 5.69593 14.9603 -1.0635
163.472 5.6385 15.2784 -0.99564
163.528 5.58553 15.5933 -0.906768
163.584 5.53812 15.9055 -0.800888
163.64 5.49693 16.2152 -0.687334
163.697 5.46242 16.5228 -0.565803
163.753 5.43466 16.8288 -0.445668
163.809 5.41425 17.1334 -0.314117
163.865 5.40115 17.4371 -0.179911
163.921 5.39481 17.7402 -0.0668093
163.978 5.39439 18.0433 0.0286719
164.034 5.39882 18.3465 0.110749
164.09 5.40711 18.65 0.170785
164.146 5.41842 18.9542 0.219986
164.202 5.43158 19.259 0.247209
164.258 5.44629 19.5647 0.26891
164.315 5.46209 19.8712 0.291106
164.371 5.47897 20.1786 0.306639
164.427 5.4969 20.487 0.329779
164.483 5.51616 20.7964 0.353446
164.539 5.53731 21.107 0.392088
164.596 5.56045 21.4189 0.430516
164.652 5.58586 21.7321 0.467655
164.708 5.61377 22.0469 0.513823
164.764 5.64425 22.3633 0.559725
164.82 5.6772 22.6815 0.601285
164.876 5.71251 23.0016 0.649032
164.933 5.75055 23.3238 0.695044
164.989 5.79123 23.6482 0.740405
165.045 5.83434 23.975 0.780374
165.101 5.87878 24.3043 0.794868
165.157 5.9239 24.636 0.808807
165.213 5.96965 24.9704 0.817597
165.27 6.0155 25.3073 0.813438
165.326 6.0615 25.6468 0.821512
165.382 6.10773 25.9889 0.823296
165.438 6.15414 26.3336 0.828777
165.494 6.20048 26.6809 0.821148
165.551 6.24671 27.0308 0.824162
165.607 6.29305 27.3833 0.823266
165.663 6.33928 27.7384 0.821666
165.719 6.38501 28.0961 0.809364
165.775 6.43004 28.4563 0.798711
165.831 6.47449 28.8191 0.784624
165.888 6.51808 29.1843 0.768441
165.944 6.56175 29.5519 0.77735
166 6.60491 29.922 0.762861
166.056 6.64727 30.2945 0.747924
166.112 6.6883 30.6693 0.718143
166.169 6.72753 31.0464 0.685294
166.225 6.76463 31.4256 0.644121
166.281 6.79939 31.8068 0.595385
166.337 6.83062 32.1899 0.524336
166.393 6.85709 32.5746 0.4338
166.449 6.87773 32.9605 0.32095
166.506 6.89146 33.3474 0.188255
166.562 6.89666 33.7348 0.0244876
166.618 6.89187 34.1221 -0.159418
166.674 6.87658 34.5088 -0.350857
166.73 6.85013 34.8943 -0.550808
166.787 6.81179 35.2779 -0.767357
166.843 6.76174 35.659 -0.973159
166.899 6.70038 36.0368 -1.17646
166.955 6.62778 36.4109 -1.36991
167.011 6.54447 36.7804 -1.55321
167.067 6.45197 37.145 -1.70363
167.124 6.35211 37.5042 -1.81892
167.18 6.24683 37.8575 -1.90747
167.236 6.13829 38.2048 -1.94186
167.292 6.02905 38.546 -1.93618
167.348 5.92264 38.8811 -1.86003
167.404 5.82172 39.2104 -1.7486
167.461 5.72896 39.5342 -1.57804
167.517 5.6472 39.8533 -1.36845
167.573 5.57863 40.1682 -1.11653
167.629 5.52509 40.4797 -0.84114
167.685 5.48761 40.7888 -0.555527
167.742 5.46592 41.0963 -0.272142
167.798 5.46071 41.4031 0.0298019
167.854 5.47129 41.7102 0.290436
167.91 5.49574 42.0183 0.528473
167.966 5.53287 42.3282 0.740434
168.022 5.58067 42.6406 0.920632
168.079 5.63744 42.956 1.06027
168.135 5.69973 43.2748 1.13856
168.191 5.7662 43.5973 1.20575
168.247 5.83462 43.9235 1.22096
168.303 5.90263 44.2536 1.20511
168.36 5.96917 44.5875 1.17231
168.416 6.03326 44.925 1.12178
168.472 6.09447 45.266 1.06947
168.528 6.15184 45.6103 0.982691
168.584 6.20444 45.9577 0.905008
168.64 6.2521 46.3079 0.809122
168.697 6.29374 46.6606 0.694763
168.753 6.3288 47.0154 0.577087
168.809 6.35648 47.3719 0.430291
168.865 6.37571 47.7297 0.283713
168.921 6.38676 48.0883 0.138718
168.978 6.38893 48.4472 -0.0249935
169.034 6.38212 48.806 -0.178264
169.09 6.36698 49.1641 -0.331467
169.146 6.34388 49.521 -0.45353
169.202 6.31498 49.8764 -0.549738
169.258 6.28181 50.2301 -0.612431
169.315 6.24659 50.5818 -0.62372
169.371 6.21307 50.9316 -0.579077
169.427 6.1836 51.2797 -0.486729
169.483 6.16079 51.6262 -0.341075
169.539 6.14882 51.9719 -0.117933
169.596 6.15153 52.3174 0.163853
169.652 6.17125 52.6635 0.473645
169.708 6.21019 53.0115 0.840033
169.764 6.27046 53.3623 1.22366
169.82 6.35199 53.7172 1.60479
169.876 6.45476 54.0774 1.97703
169.933 6.57755 54.4441 2.31833
169.989 6.71765 54.8183 2.59638
170.045 6.87009 55.2008 2.7737
170.101 7.0288 55.5921 2.84277
170.157 7.18681 55.9923 2.78176
170.213 7.33707 56.4012 2.59052
170.27 7.47432 56.818 2.33807
170.326 7.59609 57.2421 2.04678
170.382 7.70031 57.6725 1.7197
170.438 7.78478 58.108 1.35918
170.494 7.84925 58.5476 1.01068
170.551 7.89452 58.9902 0.6688
170.607 7.92082 59.4347 0.333932
170.663 7.92885 59.88 0.0179602
170.719 7.91965 60.3252 -0.277227
170.775 7.89489 60.7694 -0.543274
170.831 7.85669 61.2117 -0.7674
170.888 7.80732 61.6515 -0.948963
170.944 7.749 62.0882 -1.09334
171 7.68316 62.5213 -1.22042
171.056 7.61077 62.9505 -1.33789
171.112 7.53185 63.3755 -1.44951
171.169 7.44531 63.7957 -1.60192
171.225 7.35057 64.2108 -1.74584
171.281 7.24719 64.6204 -1.90541
171.337 7.13394 65.0237 -2.09073
171.393 7.01003 65.4204 -2.28861
171.449 6.87462 65.8097 -2.4962
171.506 6.7273 66.191 -2.70658
171.562 6.56889 66.5636 -2.89449
171.618 6.40048 66.927 -3.05567
171.674 6.22467 67.2807 -3.17777
171.73 6.0432 67.6243 -3.26069
171.787 5.85912 67.9576 -3.28486
171.843 5.67514 68.2806 -3.25856
171.899 5.49447 68.5933 -3.18203
171.955 5.31964 68.8961 -3.05427
172.011 5.15457 69.1893 -2.85095
172.067 5.00321 69.4737 -2.58253
172.124 4.86784 69.7502 -2.28684
172.18 4.75131 70.0196 -1.92268
172.236 4.65727 70.2833 -1.5001
172.292 4.5884 70.5425 -1.04177
172.348 4.54586 70.7987 -0.565085
172.404 4.53023 71.0534 -0.0878106
172.461 4.54045 71.3082 0.360287
172.517 4.57493 71.5643 0.77659
172.573 4.63105 71.8231 1.13656
172.629 4.70513 72.0857 1.43314
172.685 4.79413 72.353 1.67574
172.742 4.89499 72.6257 1.86428
172.798 5.00463 72.9043 1.99943
172.854 5.11974 73.1894 2.07619
172.91 5.23821 73.481 2.13277
172.966 5.35978 73.7793 2.18671
173.022 5.48393 74.0846 2.22774
173.079 5.61017 74.3969 2.25181
173.135 5.7378 74.7164 2.28299
173.191 5.86689 75.0431 2.30984
173.247 5.99766 75.3771 2.33423
173.303 6.12904 75.7185 2.33685
173.36 6.25945 76.0672 2.30816
173.416 6.38869 76.4232 2.29273
173.472 6.51565 76.7865 2.23485
173.528 6.6384 77.1567 2.14609
173.584 6.75496 77.5336 2.0202
173.64 6.86325 77.9167 1.86129
173.697 6.96123 78.3057 1.66078
173.753 7.04699 78.6997 1.4334
173.809 7.11938 79.0981 1.18404
173.865 7.17715 79.5001 0.917195
173.921 7.21915 79.9048 0.634921
173.978 7.24523 80.3113 0.349231
174.034 7.25515 80.7188 0.0625185
174.09 7.24929 81.1262 -0.212213
174.146 7.22864 81.5329 -0.460302
174.202 7.1947 81.9379 -0.696391
174.258 7.14891 82.3406 -0.88521
174.315 7.094 82.7404 -1.03513
174.371 7.03153 83.1368 -1.16078
174.427 6.96426 83.5296 -1.22752
174.483 6.89359 83.9185 -1.27471
174.539 6.82128 84.3033 -1.28825
174.596 6.74881 84.6841 -1.2927
174.652 6.67629 85.0608 -1.28352
174.708 6.60425 85.4335 -1.27726
174.764 6.53281 85.8021 -1.26742
174.82 6.46178 86.1667 -1.2601
174.876 6.39149 86.5273 -1.23984
174.933 6.32259 86.8841 -1.21805
174.989 6.25534 87.237 -1.18185
175.045 6.19033 87.5862 -1.13954
175.101 6.12857 87.9319 -1.08067
175.157 6.07043 88.2742 -1.00251
175.213 6.01667 88.6134 -0.914271
175.27 5.96878 88.9498 -0.806978
175.326 5.92678 89.2837 -0.698601
175.382 5.89196 89.6154 -0.561339
175.438 5.8657 89.9455 -0.400087
175.494 5.84918 90.2744 -0.222754
175.551 5.84281 90.6028 -0.039892
175.607 5.84684 90.9311 0.147642
175.663 5.86179 91.2601 0.343024
175.719 5.8869 91.5902 0.514012
175.775 5.92067 91.922 0.653376
175.831 5.96128 92.256 0.773308
175.888 6.00773 92.5924 0.85692
175.944 6.05731 92.9316 0.894462
176 6.10776 93.2736 0.894509
176.056 6.15665 93.6184 0.847726
176.112 6.20205 93.9658 0.772363
176.169 6.24281 94.3156 0.694473
176.225 6.27865 94.6676 0.593818
176.281 6.30825 95.0213 0.479348
176.337 6.33104 95.3765 0.35616
176.393 6.34695 95.7328 0.237303
176.449 6.35666 96.0897 0.128485
176.506 6.36035 96.447 0.0229743
176.562 6.35795 96.8042 -0.0830799
176.618 6.3497 97.1612 -0.202788
176.674 6.33584 97.5175 -0.282201
176.73 6.31702 97.8728 -0.367913
176.787 6.29309 98.2269 -0.461399
176.843 6.26402 98.5795 -0.555521
176.899 6.22898 98.9302 -0.667147
176.955 6.18787 99.2788 -0.77523
177.011 6.14067 99.6249 -0.884689
177.067 6.08749 99.9681 -0.984577
177.124 6.02888 100.308 -1.08323
177.18 5.96469 100.645 -1.18012
177.236 5.89552 100.978 -1.26203
177.292 5.82256 101.306 -1.32059
177.348 5.74671 101.631 -1.36064
177.404 5.67023 101.951 -1.35824
177.461 5.59481 102.267 -1.32354
177.517 5.52267 102.579 -1.25032
177.573 5.45525 102.887 -1.15796
177.629 5.3946 103.191 -1.02791
177.685 5.34162 103.493 -0.883151
177.742 5.29735 103.791 -0.723828
177.798 5.26231 104.088 -0.559257
177.854 5.23686 104.382 -0.385188
177.91 5.22058 104.676 -0.226082
177.966 5.21344 104.969 -0.0748204
178.022 5.21344 105.262 0.0481319
178.079 5.21989 105.555 0.160627
178.135 5.23164 105.848 0.242981
178.191 5.24787 106.143 0.317648
178.247 5.26747 106.438 0.365947
178.303 5.28936 106.735 0.400614
178.36 5.31249 107.033 0.423899
178.416 5.33696 107.332 0.442208
178.472 5.36274 107.633 0.467544
178.528 5.38988 107.935 0.494798
178.584 5.41788 108.239 0.502148
178.64 5.44682 108.544 0.53028
178.697 5.47691 108.851 0.533256
178.753 5.50703 109.16 0.538594
178.809 5.53755 109.47 0.544317
178.865 5.569 109.782 0.57444
178.921 5.60226 110.096 0.604613
178.978 5.63775 110.412 0.652293
179.034 5.67658 110.73 0.719621
179.09 5.71951 111.051 0.79005
179.146 5.76612 111.374 0.855695
179.202 5.81654 111.699 0.921964
179.258 5.8695 112.028 0.95317
179.315 5.92332 112.359 0.952717
179.371 5.97544 112.694 0.906736
179.427 6.02391 113.031 0.828688
179.483 6.06712 113.371 0.724664
179.539 6.10371 113.713 0.600079
179.596 6.13267 114.057 0.46525
179.652 6.15444 114.402 0.33684
179.708 6.16948 114.749 0.223906
179.764 6.17879 115.096 0.130748
179.82 6.18412 115.443 0.0729338
179.876 6.1868 115.791 0.032227
179.933 6.18728 116.138 -0.00684143
179.989 6.18616 116.486 -0.0275386
180.045 6.18385 116.833 -0.0484268
180.101 6.17963 117.18 -0.095126
180.157 6.17272 117.527 -0.143087
180.213 6.16263 117.874 -0.204481
180.27 6.14778 118.22 -0.303171
180.326 6.12715 118.564 -0.412925
180.382 6.09995 118.908 -0.534195
180.438 6.06488 119.249 -0.689473
180.494 6.02072 119.588 -0.849413
180.551 5.96789 119.925 -0.998267
180.607 5.90692 120.258 -1.13546
180.663 5.83953 120.588 -1.24283
180.719 5.76629 120.913 -1.33625
180.775 5.68929 121.235 -1.38868
180.831 5.60986 121.552 -1.43036
180.888 5.52811 121.864 -1.46902
180.944 5.44363 122.172 -1.52807
181 5.35487 122.475 -1.61594
181.056 5.26063 122.772 -1.72447
181.112 5.15899 123.065 -1.87237
181.169 5.0478 123.351 -2.04969
181.225 4.92592 123.63 -2.25057
181.281 4.79242 123.903 -2.46117
181.337 4.64759 124.167 -2.65304
181.393 4.49304 124.423 -2.8126
181.449 4.33118 124.67 -2.91451
181.506 4.16524 124.908 -2.97471
181.562 3.99782 125.136 -2.97545
181.618 3.83244 125.355 -2.90881
181.674 3.67217 125.565 -2.81096
181.73 3.51971 125.766 -2.63788
181.787 3.379 125.959 -2.4095
181.843 3.25282 126.144 -2.13625
181.899 3.14262 126.323 -1.83947
181.955 3.04973 126.497 -1.52396
182.011 2.97562 126.665 -1.18244
182.067 2.9207 126.831 -0.839671
182.124 2.88486 126.993 -0.502725
182.18 2.86775 127.155 -0.168779
182.236 2.86928 127.316 0.156685
182.292 2.88891 127.478 0.478942
182.348 2.92662 127.641 0.797672
182.404 2.98236 127.807 1.11743
182.461 3.05554 127.977 1.42891
182.517 3.1462 128.152 1.73592
182.573 3.25388 128.332 2.03763
182.629 3.37813 128.519 2.32676
182.685 3.51833 128.714 2.60859
182.742 3.67346 128.916 2.85836
182.798 3.84169 129.128 3.08321
182.854 4.02199 129.35 3.28917
182.91 4.2129 129.583 3.46577
182.966 4.41248 129.826 3.61003
183.022 4.61964 130.081 3.73161
183.079 4.83274 130.348 3.83097
183.135 5.04976 130.626 3.8729
183.191 5.26738 130.917 3.8648
183.247 5.48354 131.221 3.83304
183.303 5.69619 131.536 3.74697
183.36 5.90222 131.863 3.60666
183.416 6.09843 132.201 3.40688
183.472 6.28143 132.55 3.15872
183.528 6.45006 132.909 2.88897
183.584 6.60169 133.276 2.56547
183.64 6.73361 133.652 2.20315
183.697 6.84482 134.034 1.82752
183.753 6.93368 134.421 1.41801
183.809 6.9992 134.813 1.00344
183.865 7.04158 135.208 0.587736
183.921 7.06112 135.604 0.187998
183.978 7.05846 136.001 -0.198416
184.034 7.03522 136.397 -0.550616
184.09 6.99311 136.791 -0.872603
184.146 6.9344 137.182 -1.1545
184.202 6.86192 137.569 -1.37632
184.258 6.77789 137.952 -1.57185
184.315 6.68487 138.329 -1.71391
184.371 6.58485 138.702 -1.82225
184.427 6.47942 139.068 -1.90764
184.483 6.36967 139.428 -1.98433
184.539 6.25627 139.782 -2.04245
184.596 6.13975 140.13 -2.09546
184.652 6.0199 140.471 -2.15842
184.708 5.89663 140.805 -2.21729
184.764 5.7702 141.132 -2.2759
184.82 5.64055 141.452 -2.32568
184.876 5.50809 141.764 -2.37744
184.933 5.37306 142.069 -2.42021
184.989 5.23612 142.366 -2.44515
185.045 5.0987 142.656 -2.44404
185.101 4.96193 142.938 -2.42222
185.157 4.82745 143.212 -2.37215
185.213 4.6965 143.479 -2.29999
185.27 4.57025 143.738 -2.21013
185.326 4.44949 143.991 -2.10488
185.382 4.33518 144.237 -1.98285
185.438 4.22832 144.477 -1.84531
185.494 4.12953 144.711 -1.70029
185.551 4.03954 144.94 -1.53337
185.607 3.95928 145.164 -1.35589
185.663 3.88925 145.384 -1.17399
185.719 3.82969 145.601 -0.982913
185.775 3.78092 145.814 -0.790458
185.831 3.74301 146.025 -0.596041
185.888 3.71609 146.234 -0.398964
185.944 3.70054 146.443 -0.197932
186 3.69638 146.65 0.0102432
186.056 3.70367 146.858 0.209021
186.112 3.72237 147.067 0.416588
186.169 3.75298 147.277 0.629577
186.225 3.79556 147.489 0.843617
186.281 3.84994 147.704 1.04949
186.337 3.91563 147.923 1.25177
186.393 3.99258 148.145 1.44517
186.449 4.08008 148.372 1.63041
186.506 4.1779 148.605 1.81623
186.562 4.28598 148.843 1.99275
186.618 4.40363 149.088 2.16162
186.674 4.53044 149.339 2.32015
186.73 4.66573 149.599 2.465
186.787 4.80849 149.865 2.59275
186.843 4.95831 150.141 2.71256
186.899 5.11428 150.424 2.81639
186.955 5.276 150.717 2.92264
187.011 5.4434 151.019 3.01465
187.067 5.61515 151.331 3.08752
187.124 5.79115 151.652 3.1628
187.18 5.97074 151.983 3.22113
187.236 6.15381 152.325 3.28341
187.292 6.34028 152.677 3.33803
187.348 6.52861 153.04 3.36414
187.404 6.71792 153.413 3.37755
187.461 6.90785 153.797 3.38054
187.517 7.09784 154.191 3.38054
187.573 7.28746 154.596 3.36973
187.629 7.47605 155.012 3.3455
187.685 7.663 155.438 3.31616
187.742 7.84743 155.875 3.26002
187.798 8.02812 156.322 3.19111
187.854 8.20491 156.779 3.11746
187.91 8.37672 157.246 3.02276
187.966 8.54336 157.722 2.93111
188.022 8.70446 158.207 2.81603
188.079 8.85807 158.702 2.67391
188.135 9.0033 159.204 2.52977
188.191 9.14022 159.715 2.3792
188.247 9.26897 160.233 2.23473
188.303 9.38942 160.757 2.08148
188.36 9.50144 161.289 1.93344
188.416 9.60567 161.826 1.80712
188.472 9.70366 162.369 1.70456
188.528 9.79694 162.917 1.62482
188.584 9.88776 163.471 1.61304
188.64 9.97863 164.029 1.62782
188.697 10.0718 164.593 1.69745
188.753 10.1713 165.162 1.82763
188.809 10.2802 165.737 2.01799
188.865 10.4016 166.319 2.26546
188.921 10.5378 166.908 2.53435
188.978 10.6902 167.505 2.83457
189.034 10.8597 168.111 3.14039
189.09 11.0461 168.727 3.42803
189.146 11.2471 169.355 3.66854
189.202 11.4597 169.994 3.85145
189.258 11.6802 170.645 3.96316
189.315 11.9041 171.308 3.98369
189.371 12.1253 171.985 3.88976
189.427 12.3377 172.673 3.69128
189.483 12.5343 173.373 3.35861
189.539 12.7088 174.083 2.92561
189.596 12.8556 174.802 2.39534
189.652 12.9699 175.528 1.78334
189.708 13.048 176.26 1.12776
189.764 13.0894 176.994 0.475746
189.82 13.0951 177.73 -0.139986
189.876 13.0681 178.465 -0.695636
189.933 13.0126 179.198 -1.174
189.989 12.9335 179.926 -1.54622
190.045 12.8364 180.649 -1.83124
190.101 12.7252 181.367 -2.06477
190.157 12.6029 182.078 -2.25851
190.213 12.4698 182.781 -2.44864
190.27 12.326 183.477 -2.62521
190.326 12.1743 184.164 -2.74052
190.382 12.018 184.843 -2.80047
190.438 11.8592 185.513 -2.83247
190.494 11.6997 186.174 -2.83957
190.551 11.5406 186.826 -2.82778
190.607 11.381 187.469 -2.85602
190.663 11.2184 188.103 -2.92544
190.719 11.0495 188.727 -3.06888
190.775 10.8706 189.342 -3.26858
190.831 10.6787 189.946 -3.52129
190.888 10.4704 190.539 -3.83737
190.944 10.2439 191.12 -4.16493
191 9.9987 191.687 -4.49392
191.056 9.73592 192.24 -4.79821
191.112 9.45745 192.778 -5.05398
191.169 9.16656 193.299 -5.25687
191.225 8.86733 193.804 -5.36383
191.281 8.56365 194.292 -5.42616
191.337 8.25896 194.763 -5.40787
191.393 7.95747 195.217 -5.33524
191.449 7.66145 195.654 -5.22549
191.506 7.37285 196.075 -5.06846
191.562 7.09478 196.479 -4.86286
191.618 6.83046 196.869 -4.60016
191.674 6.58224 197.244 -4.29325
191.73 6.35203 197.606 -3.96419
191.787 6.14023 197.956 -3.64302
191.843 5.94595 198.294 -3.33253
191.899 5.76791 198.622 -3.06426
191.955 5.6042 198.941 -2.81801
192.011 5.45345 199.25 -2.59639
192.067 5.31405 199.552 -2.41055
192.124 5.18416 199.846 -2.24784
192.18 5.06333 200.133 -2.08879
192.236 4.95093 200.414 -1.94553
192.292 4.84666 200.688 -1.79589
192.348 4.75027 200.957 -1.66194
192.404 4.66155 201.221 -1.52351
192.461 4.58083 201.48 -1.38093
192.517 4.50808 201.735 -1.2345
192.573 4.44331 201.986 -1.09933
192.629 4.38635 202.234 -0.957025
192.685 4.337 202.479 -0.825039
192.742 4.29523 202.721 -0.691324
192.798 4.26079 202.961 -0.563048
192.854 4.23334 203.199 -0.441303
192.91 4.21266 203.437 -0.323139
192.966 4.19762 203.673 -0.222679
193.022 4.18764 203.908 -0.162252
193.079 4.18231 204.143 -0.0802281
193.135 4.1809 204.378 -0.00559952
193.191 4.1817 204.613 0.0335913
193.247 4.18455 204.848 0.0719277
193.303 4.18856 205.083 0.0612117
193.36 4.19261 205.319 0.0680459
193.416 4.19567 205.554 0.0404156
193.472 4.19715 205.79 0.0119299
193.528 4.19646 206.026 -0.028466
193.584 4.19304 206.262 -0.0809116
193.64 4.18669 206.497 -0.133102
193.697 4.17738 206.732 -0.185169
193.753 4.16596 206.966 -0.210118
193.809 4.15283 207.2 -0.240703
193.865 4.1388 207.433 -0.248316
193.921 4.12535 207.665 -0.231673
193.978 4.11329 207.896 -0.193341
194.034 4.10387 208.127 -0.14367
194.09 4.09833 208.357 -0.0669843
194.146 4.09769 208.587 0.0307651
194.202 4.10343 208.818 0.153361
194.258 4.11684 209.049 0.300937
194.315 4.1394 209.281 0.468241
194.371 4.17183 209.514 0.649316
194.427 4.21465 209.75 0.83413
194.483 4.26906 209.988 1.05161
194.539 4.33491 210.23 1.25499
194.596 4.41242 210.477 1.46427
194.652 4.50151 210.727 1.66383
194.708 4.6011 210.984 1.84832
194.764 4.71098 211.246 2.03047
194.82 4.83038 211.514 2.18595
194.876 4.95792 211.79 2.32429
194.933 5.09252 212.073 2.4393
194.989 5.23255 212.364 2.52538
195.045 5.37732 212.663 2.60427
195.101 5.52532 212.97 2.65025
195.157 5.67573 213.285 2.69145
195.213 5.82776 213.609 2.71314
195.27 5.98028 213.942 2.71964
195.326 6.13262 214.283 2.70406
195.382 6.28414 214.633 2.69025
195.438 6.43445 214.991 2.66709
195.494 6.58309 215.357 2.63536
195.551 6.73003 215.732 2.6038
195.607 6.87562 216.115 2.57908
195.663 7.02027 216.506 2.56825
195.719 7.16401 216.905 2.55047
195.775 7.30665 217.313 2.53408
195.831 7.44867 217.728 2.52536
195.888 7.59032 218.151 2.51159
195.944 7.73156 218.582 2.51441
196 7.8719 219.021 2.48241
196.056 8.01007 219.468 2.43918
196.112 8.14489 219.923 2.37223
196.169 8.27569 220.385 2.29664
196.225 8.40189 220.854 2.2123
196.281 8.52138 221.33 2.06365
196.337 8.63333 221.813 1.93872
196.393 8.73718 222.301 1.78943
196.449 8.83226 222.795 1.63078
196.506 8.91934 223.295 1.49482
196.562 8.99826 223.798 1.34319
196.618 9.06895 224.306 1.20239
196.674 9.1316 224.818 1.06023
196.73 9.18688 225.333 0.931447
196.787 9.23491 225.851 0.808414
196.843 9.2762 226.371 0.687157
196.899 9.312 226.893 0.600337
196.955 9.34398 227.417 0.548106
197.011 9.37462 227.943 0.550831
197.067 9.40784 228.471 0.622569
197.124 9.44665 229.001 0.743497
197.18 9.49503 229.533 0.942391
197.236 9.55574 230.069 1.17527
197.292 9.63018 230.608 1.42839
197.348 9.71971 231.152 1.70323
197.404 9.82509 231.701 1.99019
197.461 9.9468 232.257 2.2833
197.517 10.0841 232.821 2.54843
197.573 10.2351 233.392 2.77293
197.629 10.3955 233.973 2.89674
197.685 10.5596 234.562 2.92091
197.742 10.7211 235.161 2.82856
197.798 10.8734 235.769 2.62157
197.854 11.0111 236.384 2.32755
197.91 11.1297 237.007 1.95716
197.966 11.2249 237.635 1.5106
198.022 11.293 238.268 1.00774
198.079 11.332 238.904 0.47909
198.13 11.3419 239.486 -0.00148043
198.183 11.3256 240.089 -0.503991
198.238 11.2821 240.703 -1.00191
198.293 11.2113 241.323 -1.46712
198.348 11.1157 241.939 -1.89512
198.403 10.9981 242.55 -2.27531
198.459 10.859 243.162 -2.6123
198.516 10.7022 243.769 -2.89106
198.572 10.531 244.366 -3.13536
198.628 10.348 244.953 -3.31244
198.685 10.1574 245.529 -3.42332
198.741 9.96244 246.095 -3.48064
198.797 9.76599 246.649 -3.48143
198.854 9.57136 247.193 -3.42584
198.91 9.38156 247.726 -3.32731
198.966 9.19842 248.248 -3.19404
199.022 9.02445 248.76 -3.01584
199.079 8.86249 249.261 -2.78992
199.135 8.71456 249.754 -2.52559
199.191 8.58237 250.239 -2.23292
199.247 8.46854 250.717 -1.88034
199.303 8.37661 251.19 -1.46848
199.36 8.30923 251.658 -1.01294
199.416 8.26881 252.123 -0.514212
199.472 8.25805 252.587 0.0302267
199.528 8.27948 253.052 0.618621
199.584 8.33502 253.519 1.24252
199.64 8.4269 253.99 1.89669
199.697 8.55485 254.467 2.53072
199.753 8.71757 254.953 3.13555
199.809 8.91202 255.45 3.66833
199.865 9.13287 255.958 4.09408
199.921 9.37345 256.479 4.3859
199.978 9.62533 257.014 4.53114
200.034 9.88002 257.563 4.51326
200.09 10.1294 258.127 4.37675
200.146 10.3664 258.704 4.10448
200.202 10.586 259.294 3.75779
200.258 10.7829 259.895 3.33294
200.315 10.9545 260.507 2.85088
200.371 11.0966 261.127 2.3097
200.427 11.2071 261.754 1.73596
200.483 11.2845 262.387 1.13491
200.539 11.3274 263.022 0.519125
200.596 11.3361 263.659 -0.0859117
200.652 11.3116 264.295 -0.66474
200.708 11.2558 264.929 -1.20759
200.764 11.1709 265.559 -1.70702
200.82 11.0597 266.183 -2.14865
200.876 10.9266 266.799 -2.5091
200.933 10.7749 267.408 -2.82093
200.989 10.6075 268.008 -3.07916
201.045 10.4277 268.598 -3.26907
201.101 10.2396 269.177 -3.40057
201.157 10.0442 269.746 -3.52255
201.213 9.84401 270.304 -3.58554
201.27 9.64265 270.85 -3.57821
201.326 9.44289 271.385 -3.53732
201.382 9.24606 271.909 -3.47936
201.438 9.05337 272.422 -3.39705
201.494 8.86528 272.924 -3.31121
201.551 8.68199 273.416 -3.2313
201.607 8.50309 273.898 -3.14751
201.663 8.32941 274.369 -3.05264
201.719 8.16117 274.832 -2.95515
201.775 7.99853 275.285 -2.85209
201.831 7.84241 275.729 -2.72408
201.888 7.69499 276.164 -2.55761
201.944 7.55786 276.592 -2.35665
202 7.43364 277.012 -2.09826
202.056 7.3264 277.426 -1.7754
202.112 7.23922 277.835 -1.39602
202.169 7.17538 278.239 -0.958025
202.225 7.1375 278.641 -0.483346
202.281 7.12712 279.041 0.0152215
202.337 7.14541 279.442 0.535653
202.393 7.19295 279.845 1.05302
202.449 7.26918 280.252 1.55849
202.506 7.37368 280.663 2.05846
202.562 7.50502 281.082 2.51415
202.618 7.66024 281.509 2.91944
202.674 7.83639 281.945 3.26962
202.73 8.03056 282.392 3.5696
202.787 8.23907 282.85 3.79064
202.843 8.45607 283.32 3.90302
202.899 8.67668 283.802 3.92617
202.955 8.89556 284.297 3.86274
203.011 9.10782 284.804 3.71316
203.067 9.30885 285.323 3.47838
203.124 9.49435 285.852 3.17686
203.18 9.66056 286.391 2.803
203.236 9.80391 286.939 2.37568
203.292 9.92157 287.494 1.90347
203.348 10.011 288.054 1.37631
203.404 10.0697 288.619 0.82004
203.461 10.0965 289.186 0.247818
203.512 10.0932 289.705 -0.273659
203.565 10.062 290.233 -0.805457
203.618 10.0018 290.772 -1.33211
203.673 9.91203 291.314 -1.85932
203.727 9.79376 291.851 -2.36885
203.782 9.64921 292.381 -2.83024
203.836 9.47975 292.901 -3.27502
203.891 9.2886 293.412 -3.65328
203.945 9.07892 293.912 -3.96869
204 8.85318 294.4 -4.24609
204.056 8.60677 294.889 -4.47609
204.112 8.34831 295.364 -4.68129
204.169 8.07944 295.824 -4.85661
204.225 7.80251 296.268 -4.97611
204.281 7.51936 296.697 -5.08387
204.337 7.23112 297.11 -5.15161
204.393 6.94047 297.506 -5.18468
204.449 6.64942 297.887 -5.16805
204.506 6.36048 298.25 -5.11793
204.562 6.07683 298.598 -4.98989
204.618 5.80314 298.93 -4.77797
204.674 5.54338 299.247 -4.51281
204.73 5.30292 299.551 -4.126
204.787 5.08576 299.841 -3.68098
204.843 4.89533 300.12 -3.18854
204.899 4.73359 300.39 -2.66239
204.955 4.60256 300.651 -2.11451
205.011 4.50234 300.906 -1.56468
205.067 4.43263 301.157 -1.02399
205.124 4.39324 301.404 -0.48841
205.18 4.38312 301.651 0.0204966
205.236 4.40027 301.897 0.490729
205.292 4.44265 302.146 0.924144
205.348 4.50808 302.397 1.31758
205.404 4.59414 302.654 1.66344
205.461 4.69747 302.915 1.94736
205.517 4.81439 303.183 2.16131
205.573 4.94074 303.458 2.3012
205.629 5.07305 303.74 2.38357
205.685 5.20774 304.029 2.39937
205.742 5.34162 304.326 2.36783
205.798 5.47231 304.631 2.29395
205.854 5.59747 304.942 2.18255
205.91 5.71526 305.261 2.03629
205.966 5.82422 305.586 1.87685
206.022 5.92373 305.916 1.70142
206.079 6.01291 306.252 1.5108
206.135 6.09128 306.593 1.31897
206.191 6.15843 306.937 1.11315
206.247 6.21365 307.285 0.894041
206.303 6.2564 307.636 0.670416
206.36 6.28601 307.988 0.429279
206.416 6.30165 308.342 0.175629
206.472 6.30304 308.696 -0.0768723
206.528 6.2902 309.05 -0.327322
206.584 6.26342 309.402 -0.573933
206.64 6.22326 309.753 -0.805218
206.697 6.17093 310.101 -1.0141
206.753 6.10764 310.445 -1.20032
206.809 6.03437 310.786 -1.36963
206.865 5.95254 311.122 -1.51508
206.921 5.86255 311.454 -1.65564
206.978 5.76595 311.78 -1.76086
207.034 5.66376 312.1 -1.85278
207.09 5.55738 312.415 -1.91765
207.146 5.44836 312.724 -1.95649
207.202 5.33775 313.026 -1.97687
207.258 5.22559 313.322 -2.00658
207.315 5.113 313.612 -1.999
207.371 5.00111 313.895 -1.98751
207.427 4.89027 314.173 -1.96066
207.483 4.78191 314.444 -1.90576
207.539 4.67686 314.709 -1.84204
207.596 4.57593 314.968 -1.75755
207.652 4.48107 315.222 -1.63677
207.708 4.39427 315.471 -1.47959
207.764 4.31695 315.715 -1.30347
207.82 4.25006 315.955 -1.11066
207.876 4.19523 316.192 -0.881935
207.933 4.15385 316.426 -0.636588
207.989 4.127 316.659 -0.367902
208.045 4.11512 316.89 -0.100166
208.101 4.11895 317.121 0.180873
208.157 4.13807 317.353 0.442936
208.213 4.17181 317.587 0.70615
208.27 4.21997 317.823 0.955563
208.326 4.28161 318.062 1.18982
208.382 4.35601 318.305 1.40935
208.438 4.44211 318.552 1.61198
208.494 4.53935 318.805 1.80853
208.551 4.64764 319.064 2.00267
208.607 4.76651 319.329 2.18803
208.663 4.89514 319.601 2.35754
208.719 5.03357 319.88 2.53365
208.775 5.18173 320.168 2.70703
208.831 5.33987 320.465 2.88817
208.888 5.50763 320.77 3.05506
208.944 5.68512 321.086 3.22756
209 5.87246 321.411 3.40768
209.056 6.06969 321.748 3.57865
209.112 6.27612 322.096 3.73423
209.169 6.49082 322.455 3.87479
209.225 6.71255 322.828 3.99416
209.281 6.94015 323.212 4.08751
209.337 7.17176 323.61 4.14786
209.393 7.40642 324.021 4.18429
209.449 7.64086 324.445 4.15743
209.506 7.87249 324.882 4.09562
209.562 8.09977 325.332 4.00615
209.618 8.32044 325.794 3.86603
209.674 8.5317 326.269 3.6872
209.73 8.73101 326.755 3.45141
209.787 8.91636 327.252 3.19171
209.843 9.08615 327.759 2.90725
209.899 9.24048 328.274 2.63894
209.955 9.37928 328.798 2.36114
210.011 9.50371 329.329 2.11862
210.067 9.61465 329.867 1.88368
210.124 9.71341 330.411 1.6792
210.18 9.80214 330.959 1.51824
210.236 9.88281 331.513 1.38546
210.292 9.95724 332.071 1.28675
210.348 10.0272 332.632 1.21833
210.404 10.0936 333.198 1.16288
210.461 10.1581 333.767 1.1455
210.517 10.2224 334.34 1.13353
210.573 10.2876 334.916 1.18502
210.629 10.3565 335.497 1.24856
210.685 10.4294 336.081 1.32397
210.742 10.5051 336.669 1.36194
210.798 10.5815 337.262 1.33948
210.854 10.6563 337.859 1.33609
210.91 10.7305 338.46 1.30336
210.966 10.8022 339.066 1.25888
211.022 10.8707 339.675 1.18818
211.079 10.9329 340.288 1.04838
211.135 10.9859 340.904 0.868618
211.191 11.0282 341.522 0.679314
211.247 11.0594 342.143 0.473681
211.303 11.0791 342.765 0.266364
211.36 11.088 343.388 0.0916289
211.416 11.0876 344.011 -0.0687008
211.472 11.0793 344.633 -0.197642
211.528 11.0655 345.255 -0.267488
211.584 11.05 345.877 -0.276173
211.64 11.0358 346.497 -0.230334
211.697 11.0255 347.116 -0.145414
211.753 11.0208 347.736 -0.0382764
211.809 11.0225 348.355 0.0796802
211.865 11.0313 348.974 0.204923
211.921 11.0465 349.595 0.313646
211.978 11.0669 350.216 0.389593
212.034 11.0902 350.838 0.429312
212.09 11.1142 351.462 0.423327
212.146 11.1371 352.087 0.393541
212.202 11.1569 352.714 0.31733
212.258 11.172 353.341 0.220541
212.315 11.1798 353.969 0.0736487
212.371 11.178 354.597 -0.0975259
212.427 11.1661 355.225 -0.296496
212.483 11.1422 355.851 -0.512472
212.539 11.1056 356.476 -0.750783
212.596 11.0545 357.098 -1.01323
212.652 10.9884 357.717 -1.28917
212.708 10.9066 358.332 -1.56094
212.764 10.8095 358.941 -1.83747
212.82 10.6969 359.545 -2.10588
212.876 10.5699 360.142 -2.36674
212.933 10.4289 360.731 -2.608
212.989 10.2749 361.311 -2.82721
213.045 10.1095 361.883 -3.01755
213.101 9.93419 362.445 -3.18434
213.157 9.75074 362.997 -3.31684
213.213 9.56169 363.539 -3.39463
213.27 9.36907 364.069 -3.44858
213.326 9.17458 364.589 -3.46637
213.382 8.98019 365.098 -3.45709
213.438 8.78711 365.596 -3.41954
213.494 8.59675 366.083 -3.36667
213.551 8.41006 366.56 -3.29291
213.607 8.22789 367.026 -3.20409
213.663 8.05087 367.482 -3.11395
213.719 7.879 367.929 -3.0197
213.775 7.713 368.366 -2.91205
213.831 7.55308 368.794 -2.79931
213.888 7.40022 369.213 -2.66314
213.944 7.2551 369.624 -2.52868
214 7.11716 370.027 -2.41181
214.056 6.98622 370.422 -2.28282
214.112 6.86267 370.81 -2.14748
214.169 6.74622 371.192 -2.02938
214.225 6.63635 371.567 -1.90987
214.281 6.53347 371.937 -1.77642
214.337 6.438 372.3 -1.63743
214.393 6.35079 372.659 -1.48952
214.449 6.27219 373.013 -1.3361
214.506 6.20251 373.363 -1.17589
214.562 6.14226 373.71 -0.996945
214.618 6.09224 374.053 -0.818798
214.674 6.05259 374.394 -0.634109
214.73 6.02312 374.733 -0.455381
214.787 6.00331 375.07 -0.282139
214.843 5.99276 375.407 -0.125356
214.899 5.9914 375.744 0.0413205
214.955 5.99853 376.081 0.184314
215.011 6.0136 376.418 0.323727
215.067 6.03649 376.757 0.462712
215.124 6.06634 377.097 0.568785
215.18 6.10152 377.439 0.67072
215.236 6.14227 377.783 0.756767
215.292 6.18621 378.129 0.792969
215.348 6.2324 378.479 0.838345
215.404 6.27984 378.83 0.842654
215.461 6.32661 379.185 0.821398
215.517 6.37133 379.542 0.781015
215.573 6.41249 379.901 0.692437
215.629 6.44741 380.262 0.569406
215.685 6.4745 380.626 0.414196
215.742 6.49168 380.99 0.227771
215.798 6.49688 381.355 -0.00188272
215.854 6.48827 381.72 -0.25674
215.91 6.46413 382.083 -0.549547
215.966 6.42241 382.445 -0.876134
216.022 6.3617 382.804 -1.22129
216.079 6.28096 383.159 -1.57903
216.135 6.18056 383.508 -1.92995
216.191 6.06007 383.852 -2.28546
216.247 5.92007 384.188 -2.62676
216.303 5.76149 384.515 -2.94453
216.36 5.58736 384.833 -3.19961
216.416 5.40003 385.14 -3.41214
216.472 5.20279 385.437 -3.56578
216.528 4.9993 385.723 -3.65764
216.584 4.79238 385.996 -3.69061
216.64 4.58607 386.259 -3.65083
216.697 4.38399 386.51 -3.55942
216.753 4.18877 386.749 -3.40905
216.809 4.00401 386.978 -3.20562
216.865 3.83094 387.197 -2.99825
216.921 3.67055 387.407 -2.75857
216.978 3.52395 387.608 -2.50098
217.034 3.39206 387.802 -2.24648
217.09 3.27427 387.988 -1.99709
217.146 3.17026 388.169 -1.75286
217.202 3.07952 388.344 -1.5241
217.258 3.00126 388.514 -1.30131
217.315 2.93504 388.68 -1.10106
217.371 2.87879 388.843 -0.94119
217.427 2.83 389.003 -0.826037
217.483 2.7863 389.161 -0.749644
217.539 2.74651 389.316 -0.684496
217.596 2.70901 389.469 -0.653254
217.652 2.67254 389.62 -0.649488
217.708 2.63593 389.769 -0.652415
217.764 2.59824 389.916 -0.693713
217.82 2.55942 390.06 -0.697802
217.876 2.51962 390.203 -0.717173
217.933 2.47861 390.343 -0.727302
217.989 2.4373 390.481 -0.745428
218.045 2.3951 390.616 -0.749221
218.101 2.35341 390.749 -0.733071
218.157 2.31276 390.88 -0.716962
218.213 2.2737 391.009 -0.678839
218.27 2.23757 391.135 -0.617141
218.326 2.2055 391.26 -0.537319
218.382 2.17835 391.383 -0.446042
218.438 2.15705 391.505 -0.333049
218.494 2.14293 391.625 -0.192189
218.551 2.1372 391.745 -0.039777
218.607 2.14107 391.866 0.136483
218.663 2.15465 391.986 0.313225
218.719 2.17858 392.108 0.49775
218.775 2.21242 392.232 0.67261
218.831 2.25636 392.357 0.859998
218.888 2.31168 392.486 1.06817
218.944 2.37912 392.618 1.28748
219 2.45861 392.754 1.50222
219.056 2.55017 392.895 1.71542
219.112 2.6537 393.042 1.92576
219.169 2.76839 393.195 2.11687
219.225 2.89347 393.355 2.29931
219.281 3.02884 393.522 2.48167
219.337 3.17409 393.697 2.65372
219.393 3.32874 393.88 2.81984
219.449 3.49237 394.073 2.9714
219.506 3.66398 394.275 3.1081
219.562 3.8426 394.487 3.22028
219.618 4.0268 394.709 3.31924
219.674 4.2163 394.941 3.40683
219.73 4.41 395.185 3.4723
219.787 4.60682 395.439 3.51989
219.843 4.80593 395.705 3.55646
219.899 5.00604 395.981 3.55869
219.955 5.20513 396.269 3.53127
220.011 5.40148 396.568 3.47131
220.067 5.59274 396.878 3.35387
220.124 5.77703 397.199 3.22923
220.18 5.95327 397.529 3.07069
220.236 6.11919 397.869 2.86951
220.292 6.27282 398.218 2.64492
220.348 6.41364 398.576 2.41116
220.404 6.54047 398.94 2.15588
220.461 6.65306 399.311 1.90315
220.517 6.75081 399.689 1.63124
220.573 6.83416 400.071 1.38162
220.629 6.90332 400.457 1.13663
220.685 6.95874 400.847 0.887773
220.742 7.00016 401.239 0.639895
220.798 7.02747 401.633 0.383993
220.854 7.04095 402.029 0.141448
220.91 7.04031 402.424 -0.111279
220.966 7.02555 402.819 -0.364175
221.022 6.99663 403.213 -0.617194
221.079 6.95317 403.605 -0.877152
221.135 6.89529 403.994 -1.12998
221.191 6.82333 404.379 -1.38948
221.247 6.73693 404.759 -1.64077
221.303 6.6362 405.134 -1.89292
221.36 6.52073 405.503 -2.16083
221.416 6.39034 405.865 -2.43003
221.472 6.24402 406.219 -2.72133
221.528 6.0814 406.565 -3.00818
221.584 5.90207 406.901 -3.31623
221.64 5.70603 407.226 -3.60968
221.697 5.49292 407.539 -3.91586
221.753 5.26223 407.84 -4.23098
221.809 5.01459 408.127 -4.52747
221.865 4.74986 408.4 -4.83249
221.921 4.46868 408.658 -5.11911
221.978 4.17182 408.899 -5.39332
222.034 3.85967 409.123 -5.65657
222.09 3.53364 409.329 -5.90435
222.146 3.19463 409.516 -6.12076
222.202 2.84339 409.683 -6.3305
222.258 2.48151 409.831 -6.51124
222.315 2.11005 409.958 -6.67727
222.371 1.73041 410.064 -6.81236
222.427 1.34382 410.148 -6.92901
222.483 0.951967 410.21 -7.00472
222.539 0.556001 410.25 -7.06948
222.596 0.157135 410.268 -7.11648
222.652 -0.243486 410.263 -7.13984
222.708 -0.64452 410.236 -7.13298
222.764 -1.04311 410.187 -7.06671
222.82 -1.43685 410.115 -6.96777
222.876 -1.82407 410.021 -6.8259
222.933 -2.20121 409.906 -6.63703
222.989 -2.56613 409.77 -6.39837
223.045 -2.91504 409.614 -6.0857
223.101 -3.2452 409.439 -5.72517
223.157 -3.55392 409.246 -5.3365
223.213 -3.84006 409.036 -4.92974
223.27 -4.10308 408.812 -4.51752
223.326 -4.34292 408.573 -4.10503
223.382 -4.55986 408.322 -3.70216
223.438 -4.75475 408.059 -3.31463
223.494 -4.92855 407.786 -2.95028
223.551 -5.08354 407.504 -2.63596
223.607 -5.22223 407.213 -2.36868
223.663 -5.34697 406.916 -2.13511
223.719 -5.46071 406.611 -1.96174
223.775 -5.56671 406.301 -1.84093
223.831 -5.66734 405.985 -1.76403
223.888 -5.76521 405.663 -1.73344
223.944 -5.86264 405.336 -1.7375
224 -5.96118 405.003 -1.77496
224.056 -6.06335 404.665 -1.85415
224.112 -6.17132 404.321 -1.97246
224.169 -6.28663 403.97 -2.10702
224.225 -6.41067 403.613 -2.27852
224.281 -6.54527 403.248 -2.47306
224.337 -6.69094 402.876 -2.6721
224.393 -6.84787 402.494 -2.8756
224.449 -7.01609 402.104 -3.07278
224.506 -7.19447 401.704 -3.24431
224.562 -7.38189 401.293 -3.39064
224.618 -7.57633 400.872 -3.5003
224.674 -7.77613 400.44 -3.58968
224.73 -7.98018 399.996 -3.66316
224.787 -8.18708 399.541 -3.69645
224.843 -8.3951 399.074 -3.6983
224.899 -8.60203 398.595 -3.67081
224.955 -8.80599 398.105 -3.60546
225.011 -9.00543 397.604 -3.49692
225.067 -9.19753 397.091 -3.36499
225.124 -9.38098 396.568 -3.18586
225.18 -9.55253 396.035 -2.95871
225.236 -9.71052 395.493 -2.70545
225.292 -9.85347 394.943 -2.43044
225.348 -9.97976 394.385 -2.12119
225.404 -10.0873 393.821 -1.77088
225.461 -10.1743 393.251 -1.39886
225.517 -10.2393 392.677 -0.990714
225.573 -10.2804 392.1 -0.553717
225.629 -10.2958 391.522 -0.0831076
225.685 -10.2838 390.944 0.416006
225.742 -10.2431 390.368 0.931566
225.798 -10.1732 389.794 1.45403
225.854 -10.074 389.226 1.97103
225.91 -9.94677 388.664 2.4603
225.966 -9.79288 388.11 2.91658
226.022 -9.61456 387.566 3.33774
226.079 -9.41412 387.033 3.71213
226.135 -9.19434 386.511 4.04272
226.191 -8.95686 386.003 4.34254
226.247 -8.70344 385.508 4.61483
226.303 -8.43721 385.028 4.81008
226.36 -8.16096 384.563 4.98111
226.416 -7.87666 384.114 5.11174
226.472 -7.58645 383.681 5.19832
226.528 -7.29148 383.265 5.28
226.584 -6.99374 382.866 5.31252
226.64 -6.694 382.483 5.3527
226.697 -6.39194 382.117 5.38732
226.753 -6.08801 381.768 5.42694
226.809 -5.78314 381.436 5.42705
226.865 -5.47771 381.122 5.43957
226.921 -5.17097 380.824 5.45962
226.978 -4.86399 380.544 5.46794
227.034 -4.55669 380.281 5.47405
227.09 -4.24904 380.035 5.47576
227.146 -3.94212 379.807 5.44825
227.202 -3.63701 379.596 5.41925
227.258 -3.33456 379.402 5.35638
227.315 -3.03624 379.225 5.27662
227.371 -2.74259 379.064 5.19192
227.427 -2.45467 378.92 5.08063
227.483 -2.17384 378.791 4.94116
227.539 -1.90103 378.678 4.79878
227.596 -1.6359 378.58 4.66987
227.652 -1.3792 378.497 4.50224
227.708 -1.13083 378.428 4.36881
227.764 -0.890435 378.373 4.2235
227.82 -0.658219 378.331 4.07068
227.876 -0.434921 378.301 3.91253
227.933 -0.219195 378.284 3.78943
227.989 -0.0103056 378.279 3.66778
228.045 0.191728 378.285 3.54659
228.101 0.386896 378.302 3.43011
228.157 0.576207 378.331 3.33633
228.213 0.761251 378.369 3.25705
228.27 0.941184 378.418 3.16374
228.326 1.11607 378.477 3.09084
228.382 1.28644 378.545 2.99949
228.438 1.45168 378.623 2.90491
228.494 1.61114 378.71 2.79374
228.551 1.76404 378.806 2.6736
228.607 1.90969 378.91 2.5379
228.663 2.04724 379.022 2.37973
228.719 2.17488 379.141 2.1968
228.775 2.29168 379.267 1.9995
228.831 2.39686 379.4 1.78619
228.888 2.48937 379.538 1.55367
228.944 2.56837 379.68 1.30378
229 2.63232 379.827 1.02451
229.056 2.68026 379.976 0.74201
229.112 2.71183 380.128 0.442099
229.169 2.72603 380.281 0.125809
229.225 2.72225 380.434 -0.19394
229.281 2.70023 380.586 -0.518961
229.337 2.66016 380.737 -0.846546
229.393 2.60261 380.884 -1.14343
229.449 2.52868 381.028 -1.43244
229.506 2.44007 381.167 -1.67729
229.562 2.33785 381.301 -1.91551
229.618 2.22363 381.428 -2.11634
229.674 2.09816 381.549 -2.30657
229.73 1.96287 381.663 -2.47508
229.787 1.8183 381.768 -2.63646
229.843 1.66522 381.865 -2.78579
229.899 1.50337 381.953 -2.9394
229.955 1.33315 382.032 -3.09071
230.011 1.1545 382.101 -3.24402
230.067 0.967147 382.159 -3.40095
230.124 0.770455 382.207 -3.56781
230.18 0.564247 382.244 -3.74257
230.236 0.348297 382.268 -3.90657
230.292 0.123247 382.28 -4.0753
230.348 -0.110667 382.279 -4.21738
230.404 -0.351764 382.265 -4.33358
230.461 -0.59747 382.237 -4.39438
230.517 -0.844993 382.195 -4.40797
230.573 -1.09152 382.139 -4.35841
230.629 -1.33257 382.07 -4.23815
230.685 -1.56485 381.987 -4.05646
230.742 -1.78459 381.891 -3.80402
230.798 -1.9886 381.784 -3.50861
230.854 -2.17464 381.666 -3.17656
230.91 -2.34092 381.538 -2.80989
230.966 -2.48579 381.402 -2.42471
231.022 -2.60848 381.258 -2.01639
231.079 -2.70788 381.108 -1.60225
231.135 -2.78414 380.953 -1.20045
231.191 -2.83797 380.795 -0.805242
231.247 -2.86991 380.634 -0.416557
231.303 -2.88101 380.472 -0.0503729
231.36 -2.87225 380.311 0.28663
231.416 -2.84557 380.15 0.596292
231.472 -2.80195 379.992 0.891334
231.528 -2.74332 379.836 1.14382
231.584 -2.67105 379.685 1.37888
231.64 -2.58613 379.537 1.59618
231.697 -2.49014 379.395 1.78028
231.753 -2.38409 379.259 1.96131
231.809 -2.26822 379.129 2.12475
231.865 -2.14421 379.006 2.25721
231.921 -2.0137 378.889 2.36876
231.978 -1.87742 378.781 2.45887
232.034 -1.73695 378.68 2.52247
232.09 -1.59427 378.587 2.55129
232.146 -1.45023 378.503 2.57073
232.202 -1.30563 378.426 2.57683
232.258 -1.16107 378.358 2.57019
232.315 -1.01714 378.297 2.55941
232.371 -0.873697 378.245 2.54885
232.427 -0.731139 378.201 2.53081
232.483 -0.58903 378.164 2.53619
232.539 -0.445773 378.136 2.56034
232.596 -0.300511 378.116 2.60577
232.652 -0.152344 378.104 2.66011
232.708 -0.000858752 378.1 2.71647
232.764 0.154343 378.106 2.79561
232.82 0.314374 378.12 2.886
232.876 0.479761 378.143 2.98413
232.933 0.650976 378.176 3.09083
232.989 0.828149 378.218 3.18937
233.045 1.00942 378.271 3.25752
233.101 1.19416 378.334 3.30756
233.157 1.38087 378.407 3.33559
233.213 1.5685 378.491 3.33852
233.27 1.75496 378.585 3.30497
233.326 1.93814 378.69 3.22556
233.382 2.11482 378.805 3.09046
233.438 2.28307 378.93 2.93107
233.494 2.44171 379.063 2.75307
233.551 2.58982 379.205 2.55725
233.607 2.72658 379.356 2.35281
233.663 2.85096 379.513 2.11822
233.719 2.96183 379.677 1.88357
233.775 3.06025 379.847 1.65441
233.831 3.14682 380.022 1.45569
233.888 3.22163 380.201 1.25538
233.944 3.28551 380.384 1.06256
234 3.33904 380.571 0.880487
234.056 3.38273 380.76 0.706802
234.112 3.41705 380.951 0.54674
234.169 3.44257 381.144 0.398631
234.225 3.46042 381.338 0.266353
234.281 3.4708 381.533 0.134305
234.337 3.47343 381.728 -0.0119548
234.393 3.46875 381.923 -0.145586
234.449 3.45634 382.117 -0.265901
234.506 3.43707 382.311 -0.397273
234.562 3.41058 382.503 -0.517413
234.618 3.3773 382.694 -0.647151
234.674 3.33694 382.882 -0.767022
234.73 3.29046 383.068 -0.865756
234.787 3.23826 383.251 -0.968427
234.843 3.181 383.431 -1.04897
234.899 3.11975 383.608 -1.1149
234.955 3.0562 383.781 -1.14458
235.011 2.99176 383.95 -1.1409
235.067 2.92953 384.116 -1.08028
235.124 2.87165 384.279 -0.98423
235.18 2.8205 384.438 -0.852361
235.236 2.77856 384.595 -0.671129
235.292 2.74817 384.751 -0.450473
235.348 2.7316 384.904 -0.191749
235.404 2.73071 385.058 0.103366
235.461 2.74673 385.212 0.405297
235.517 2.7802 385.367 0.723105
235.573 2.83157 385.525 1.04733
235.629 2.90114 385.686 1.36341
235.685 2.98771 385.852 1.65622
235.742 3.08992 386.023 1.92213
235.798 3.20604 386.201 2.1667
235.854 3.33512 386.385 2.38114
235.91 3.4753 386.577 2.56273
235.966 3.62448 386.777 2.7146
236.022 3.78068 386.986 2.81436
236.079 3.94115 387.204 2.88278
236.135 4.10485 387.431 2.92953
236.191 4.27023 387.667 2.95994
236.247 4.43692 387.913 2.96687
236.303 4.60402 388.167 2.98147
236.36 4.77164 388.432 2.98689
236.416 4.94044 388.705 3.0118
236.472 5.11002 388.989 3.02452
236.528 5.27982 389.282 3.03805
236.584 5.45307 389.584 3.1155
236.64 5.63063 389.896 3.20032
236.697 5.8145 390.219 3.32622
236.753 6.00661 390.552 3.48476
236.809 6.20861 390.896 3.67902
236.865 6.42286 391.252 3.90768
236.921 6.6509 391.62 4.16132
236.978 6.89414 392.002 4.44564
237.034 7.15311 392.398 4.72141
237.09 7.42779 392.809 4.9993
237.146 7.71775 393.236 5.26526
237.202 8.02146 393.68 5.49734
237.258 8.33738 394.141 5.69339
237.315 8.66189 394.621 5.8307
237.371 8.99333 395.118 5.9339
237.427 9.32799 395.635 5.97914
237.483 9.66487 396.17 5.99445
237.539 10 396.725 5.94221
237.596 10.3323 397.298 5.89124
237.652 10.6611 397.889 5.82744
237.708 10.9855 398.499 5.74216
237.764 11.3053 399.127 5.65533
237.82 11.6193 399.773 5.54406
237.876 11.9268 400.436 5.44007
237.933 12.2288 401.116 5.32099
237.989 12.5229 401.813 5.17539
238.045 12.8091 402.526 5.03221
238.101 13.0858 403.255 4.85371
238.157 13.3513 403.999 4.63462
238.213 13.6034 404.758 4.38584
238.27 13.8401 405.53 4.08957
238.326 14.0593 406.315 3.77372
238.382 14.2593 407.112 3.41955
238.438 14.4383 407.919 3.02334
238.494 14.5938 408.736 2.59633
238.551 14.7244 409.56 2.13556
238.607 14.8279 410.391 1.64046
238.663 14.902 411.227 1.10289
238.719 14.9446 412.065 0.52599
238.775 14.954 412.905 -0.0736688
238.831 14.9302 413.745 -0.664304
238.888 14.8717 414.582 -1.29072
238.944 14.7783 415.414 -1.91145
239 14.6508 416.241 -2.50322
239.056 14.491 417.058 -3.06496
239.112 14.3014 417.866 -3.57119
239.169 14.0853 418.662 -4.02404
239.225 13.8451 419.446 -4.4329
239.281 13.5844 420.215 -4.76905
239.337 13.3076 420.969 -5.02011
239.393 13.0188 421.707 -5.21522
239.449 12.721 422.428 -5.3488
239.506 12.4182 423.133 -5.40541
239.562 12.114 423.82 -5.41795
239.618 11.8105 424.49 -5.38691
239.674 11.5105 425.144 -5.30064
239.73 11.2159 425.78 -5.2026
239.787 10.9276 426.401 -5.07936
239.843 10.647 427.005 -4.93774
239.899 10.3744 427.594 -4.79429
239.955 10.1103 428.168 -4.63466
240.011 9.85548 428.727 -4.47307
240.067 9.6093 429.273 -4.32386
240.124 9.37121 429.804 -4.1833
240.18 9.14038 430.323 -4.06169
240.236 8.91549 430.829 -3.96693
240.292 8.6952 431.322 -3.89052
240.348 8.47913 431.804 -3.8135
240.404 8.26614 432.273 -3.76933
240.461 8.05611 432.73 -3.71604
240.517 7.84947 433.176 -3.65272
240.573 7.64675 433.61 -3.57559
240.629 7.449 434.033 -3.47392
240.685 7.25721 434.445 -3.37686
240.742 7.07167 434.846 -3.2471
240.798 6.89433 435.237 -3.09563
240.854 6.72608 435.619 -2.92282
240.91 6.56875 435.992 -2.7197
240.966 6.42365 436.356 -2.4877
241.022 6.29211 436.712 -2.24585
241.079 6.1741 437.061 -2.00406
241.135 6.07054 437.405 -1.73513
241.191 5.98074 437.743 -1.49721
241.247 5.90513 438.076 -1.25116
241.303 5.84281 438.406 -1.01979
241.36 5.79359 438.732 -0.786373
241.416 5.75676 439.056 -0.567099
241.472 5.7322 439.379 -0.348011
241.528 5.71956 439.7 -0.149047
241.584 5.71699 440.022 0.0237518
241.64 5.72346 440.343 0.169928
241.697 5.73696 440.665 0.285114
241.753 5.75614 440.988 0.3751
241.809 5.77969 441.312 0.442587
241.865 5.80599 441.638 0.477295
241.921 5.83312 441.965 0.484901
241.978 5.85958 442.293 0.460347
242.034 5.88414 442.623 0.428611
242.09 5.90678 442.955 0.386707
242.146 5.92708 443.287 0.343645
242.202 5.94502 443.621 0.303571
242.258 5.96143 443.955 0.281088
242.315 5.97674 444.291 0.264434
242.371 5.99163 444.627 0.265759
242.427 6.00761 444.964 0.290045
242.483 6.02537 445.302 0.33316
242.539 6.0451 445.642 0.349533
242.596 6.06635 445.982 0.389338
242.652 6.08943 446.323 0.428019
242.708 6.11477 446.666 0.465689
242.764 6.14191 447.011 0.493003
242.82 6.17009 447.357 0.508675
242.876 6.19921 447.704 0.521774
242.933 6.22922 448.054 0.53387
242.989 6.25933 448.405 0.533513
243.045 6.28992 448.757 0.550709
243.101 6.3205 449.112 0.539414
243.157 6.3511 449.468 0.548407
243.213 6.38175 449.826 0.543641
243.27 6.41201 450.185 0.534438
243.326 6.44171 450.546 0.52549
243.382 6.47057 450.909 0.508228
243.438 6.49874 451.274 0.502457
243.494 6.52647 451.64 0.493433
243.551 6.55453 452.007 0.500002
243.607 6.58304 452.377 0.516634
243.663 6.61303 452.747 0.552448
243.719 6.64547 453.12 0.595547
243.775 6.68113 453.495 0.664128
243.831 6.72092 453.871 0.744024
243.888 6.76614 454.25 0.846584
243.944 6.81729 454.632 0.955732
244 6.87497 455.017 1.07406
244.056 6.9391 455.405 1.18946
244.112 7.00957 455.798 1.29222
244.169 7.08509 456.194 1.38856
244.225 7.16645 456.595 1.48742
244.281 7.25204 457 1.55056
244.337 7.34034 457.411 1.58343
244.393 7.4293 457.826 1.58148
244.449 7.51761 458.246 1.56004
244.506 7.60344 458.672 1.49766
244.562 7.68533 459.101 1.42451
244.618 7.76144 459.536 1.3068
244.674 7.83002 459.974 1.16013
244.73 7.89035 460.416 1.01825
244.787 7.94204 460.861 0.857299
244.843 7.98459 461.309 0.686502
244.899 8.01701 461.759 0.502735
244.955 8.03854 462.21 0.305642
245.011 8.04919 462.662 0.109902
245.067 8.04884 463.114 -0.0835303
245.124 8.03734 463.566 -0.28369
245.18 8.01479 464.017 -0.477216
245.236 7.98224 464.466 -0.650455
245.292 7.94078 464.913 -0.794166
245.348 7.89114 465.357 -0.937789
245.404 7.83436 465.799 -1.05581
245.461 7.77165 466.237 -1.1552
245.517 7.70448 466.671 -1.21903
245.573 7.63397 467.102 -1.27796
245.629 7.5609 467.528 -1.31625
245.685 7.48571 467.95 -1.35314
245.742 7.40803 468.368 -1.40364
245.798 7.32686 468.782 -1.47365
245.854 7.24174 469.191 -1.54959
245.91 7.15253 469.594 -1.61391
245.966 7.05963 469.993 -1.67702
246.022 6.96346 470.387 -1.73539
246.079 6.86385 470.774 -1.79908
246.135 6.76026 471.157 -1.86863
246.191 6.65333 471.533 -1.92422
246.247 6.54297 471.903 -1.99789
246.303 6.42832 472.267 -2.06505
246.36 6.31002 472.624 -2.13045
246.416 6.18889 472.974 -2.17474
246.472 6.06613 473.318 -2.19151
246.528 5.94333 473.654 -2.17449
246.584 5.82333 473.984 -2.11038
246.64 5.70847 474.307 -1.98982
246.697 5.60179 474.625 -1.83384
246.753 5.5057 474.936 -1.62834
246.809 5.42146 475.242 -1.40889
246.865 5.35035 475.544 -1.17069
246.921 5.29273 475.843 -0.932368
246.978 5.24771 476.139 -0.716374
247.034 5.21398 476.432 -0.521652
247.09 5.18961 476.725 -0.374367
247.146 5.17201 477.015 -0.278004
247.202 5.15836 477.306 -0.224822
247.258 5.14646 477.595 -0.206123
247.315 5.13466 477.884 -0.212215
247.371 5.122 478.172 -0.230497
247.427 5.10878 478.459 -0.236335
247.483 5.09541 478.746 -0.242254
247.539 5.08269 479.031 -0.220559
247.596 5.0713 479.317 -0.187174
247.652 5.06289 479.601 -0.124028
247.708 5.05841 479.885 -0.049525
247.764 5.05901 480.17 0.0496976
247.82 5.065 480.454 0.140066
247.876 5.0764 480.739 0.238372
247.933 5.09254 481.025 0.318149
247.989 5.11275 481.311 0.38469
248.045 5.136 481.599 0.432933
248.101 5.16072 481.889 0.439921
248.157 5.18446 482.179 0.405965
248.213 5.20477 482.471 0.321658
248.27 5.21935 482.764 0.209879
248.326 5.22596 483.058 0.0513259
248.382 5.22193 483.351 -0.162898
248.438 5.20394 483.644 -0.427166
248.494 5.17003 483.935 -0.727811
248.551 5.1185 484.224 -1.04274
248.607 5.04906 484.51 -1.364
248.663 4.96179 484.79 -1.67664
248.719 4.85782 485.066 -1.96142
248.775 4.73764 485.335 -2.26344
248.831 4.60131 485.596 -2.54231
248.888 4.44962 485.85 -2.80991
248.944 4.28285 486.094 -3.06591
249 4.10398 486.329 -3.26168
249.056 3.91395 486.553 -3.46503
249.112 3.71183 486.766 -3.67625
249.169 3.49938 486.968 -3.84285
249.225 3.27859 487.157 -3.97999
249.281 3.05044 487.333 -4.11254
249.337 2.81598 487.497 -4.21464
249.393 2.57661 487.647 -4.28196
249.449 2.33509 487.783 -4.31201
249.506 2.09154 487.906 -4.34233
249.562 1.84759 488.016 -4.34228
249.618 1.60392 488.111 -4.33281
249.674 1.36011 488.193 -4.34589
249.73 1.11529 488.261 -4.35595
249.787 0.870855 488.316 -4.34842
249.843 0.626429 488.356 -4.35116
249.899 0.382612 488.383 -4.33395
249.955 0.140204 488.397 -4.30144
250.011 -0.0995955 488.397 -4.24597
250.067 -0.336067 488.383 -4.18263
250.124 -0.567925 488.356 -4.08413
250.18 -0.792974 488.317 -3.94753
250.236 -1.0089 488.265 -3.77297
250.292 -1.21385 488.201 -3.56376
250.348 -1.40617 488.126 -3.32606
250.404 -1.58419 488.041 -3.05982
250.461 -1.74705 487.947 -2.78727
250.517 -1.89433 487.844 -2.51335
250.573 -2.02628 487.733 -2.23383
250.629 -2.14181 487.615 -1.93976
250.685 -2.24095 487.491 -1.64794
250.742 -2.32415 487.362 -1.3741
250.798 -2.39262 487.229 -1.11443
250.854 -2.4467 487.093 -0.864182
250.91 -2.48758 486.954 -0.639815
250.966 -2.51644 486.814 -0.433447
251.022 -2.53468 486.671 -0.255144
251.079 -2.54364 486.529 -0.0980297
251.135 -2.54452 486.386 0.0343657
251.191 -2.53896 486.243 0.138327
251.247 -2.52849 486.101 0.217574
251.303 -2.51392 485.959 0.287073
251.36 -2.49509 485.818 0.369622
251.416 -2.47131 485.679 0.461801
251.472 -2.44226 485.541 0.563298
251.528 -2.40596 485.405 0.704509
251.584 -2.36071 485.271 0.876539
251.64 -2.30398 485.141 1.10178
251.697 -2.2334 485.014 1.36437
251.753 -2.14655 484.891 1.66999
251.809 -2.04119 484.774 2.01847
251.865 -1.91501 484.663 2.39831
251.921 -1.76707 484.561 2.79464
251.978 -1.59643 484.467 3.20063
252.034 -1.40311 484.384 3.60403
252.09 -1.18727 484.312 3.99684
252.146 -0.950248 484.253 4.36028
252.202 -0.694501 484.208 4.67706
252.258 -0.42239 484.179 4.95062
252.315 -0.136057 484.164 5.18696
252.371 0.161825 484.167 5.37465
252.427 0.468531 484.186 5.50285
252.483 0.780203 484.223 5.57681
252.539 1.0952 484.277 5.62203
252.596 1.4115 484.35 5.62769
252.652 1.72782 484.44 5.6229
252.708 2.04203 484.547 5.5714
252.764 2.35258 484.672 5.49418
252.82 2.65798 484.815 5.39158
252.876 2.95706 484.974 5.282
252.933 3.2496 485.15 5.14981
252.989 3.53403 485.343 5.0038
253.045 3.8102 485.55 4.85837
253.101 4.07835 485.774 4.71792
253.157 4.33839 486.011 4.57603
253.213 4.59068 486.264 4.43604
253.27 4.83519 486.53 4.30637
253.326 5.07332 486.81 4.19408
253.382 5.30597 487.103 4.10183
253.438 5.53298 487.408 4.00045
253.494 5.75514 487.727 3.92748
253.551 5.9729 488.057 3.84184
253.607 6.18559 488.4 3.73929
253.663 6.39361 488.755 3.67119
253.719 6.59562 489.121 3.54724
253.775 6.79014 489.498 3.40679
253.831 6.97582 489.886 3.23422
253.888 7.15103 490.283 3.04123
253.944 7.31624 490.691 2.87135
254 7.4717 491.107 2.69599
254.056 7.61785 491.532 2.53858
254.112 7.75652 491.964 2.42466
254.169 7.88961 492.405 2.33382
254.225 8.01872 492.852 2.28055
254.281 8.14587 493.307 2.25881
254.337 8.27216 493.769 2.24177
254.393 8.39765 494.238 2.2287
254.449 8.52169 494.714 2.20061
254.506 8.64449 495.197 2.17976
254.562 8.76647 495.687 2.16849
254.618 8.88763 496.183 2.14673
254.674 9.00747 496.687 2.12422
254.73 9.12597 497.197 2.10023
254.787 9.24286 497.713 2.06849
254.843 9.35865 498.236 2.05227
254.899 9.4733 498.766 2.03332
254.955 9.5875 499.302 2.03007
255.011 9.70105 499.845 2.01329
255.067 9.81331 500.393 1.98733
255.124 9.92365 500.948 1.94598
255.18 10.0311 501.509 1.8833
255.236 10.1336 502.077 1.78269
255.292 10.2291 502.649 1.63843
255.348 10.3157 503.227 1.47468
255.404 10.3921 503.809 1.27607
255.461 10.4557 504.395 1.02704
255.517 10.5039 504.984 0.737184
255.573 10.5342 505.575 0.401758
255.629 10.5447 506.167 0.0396562
255.685 10.5333 506.76 -0.371318
255.742 10.4977 507.35 -0.808225
255.798 10.4372 507.938 -1.25442
255.854 10.352 508.522 -1.68546
255.91 10.244 509.1 -2.07113
255.966 10.1163 509.671 -2.40091
256.022 9.97202 510.235 -2.6799
256.079 9.81372 510.789 -2.8999
256.135 9.64575 511.335 -3.04644
256.191 9.47097 511.871 -3.14558
256.247 9.29305 512.397 -3.17162
256.303 9.11611 512.913 -3.12675
256.36 8.9433 513.42 -3.02896
256.416 8.77763 513.917 -2.88401
256.472 8.62135 514.404 -2.70806
256.528 8.47649 514.884 -2.49958
256.584 8.34437 515.355 -2.26236
256.64 8.22533 515.82 -2.02384
256.697 8.11943 516.279 -1.78909
256.753 8.02631 516.732 -1.57342
256.809 7.94453 517.18 -1.38142
256.865 7.87273 517.624 -1.2136
256.921 7.80849 518.064 -1.09803
256.978 7.74986 518.5 -1.01178
257.034 7.69522 518.934 -0.951547
257.09 7.64252 519.364 -0.932132
257.146 7.58989 519.792 -0.941522
257.202 7.53565 520.217 -0.984135
257.258 7.47839 520.638 -1.04131
257.315 7.41796 521.056 -1.10387
257.371 7.3541 521.471 -1.15852
257.427 7.28664 521.882 -1.2207
257.483 7.21614 522.289 -1.27954
257.539 7.14269 522.692 -1.32847
257.596 7.06746 523.09 -1.35486
257.652 6.99124 523.485 -1.35859
257.708 6.91522 523.875 -1.33932
257.764 6.84096 524.261 -1.30704
257.82 6.7694 524.643 -1.24815
257.876 6.70186 525.021 -1.16204
257.933 6.6403 525.395 -1.05086
257.989 6.58498 525.766 -0.935784
258.045 6.53699 526.135 -0.796958
258.101 6.49656 526.501 -0.669353
258.157 6.46319 526.864 -0.547043
258.213 6.4363 527.227 -0.430875
258.27 6.41495 527.587 -0.347622
258.326 6.39762 527.947 -0.288456
258.382 6.38305 528.306 -0.24144
258.438 6.37006 528.664 -0.221891
258.494 6.35779 529.022 -0.218088
258.551 6.3451 529.378 -0.233212
258.607 6.33124 529.734 -0.25552
258.663 6.31603 530.09 -0.280648
258.719 6.29974 530.444 -0.297608
258.775 6.28186 530.797 -0.334235
258.831 6.26212 531.149 -0.357145
258.888 6.24135 531.501 -0.381398
258.944 6.21916 531.85 -0.405477
259 6.19601 532.199 -0.416407
259.056 6.17233 532.546 -0.423467
259.112 6.14813 532.892 -0.437129
259.169 6.1236 533.237 -0.436342
259.225 6.09925 533.58 -0.431141
259.281 6.07465 533.922 -0.442489
259.337 6.0498 534.262 -0.441423
259.393 6.02501 534.601 -0.448029
259.449 5.99917 534.939 -0.466142
259.506 5.97224 535.275 -0.488717
259.562 5.94372 535.61 -0.526207
259.618 5.91227 535.943 -0.582292
259.674 5.8777 536.274 -0.640086
259.73 5.83946 536.603 -0.709986
259.787 5.79655 536.929 -0.797491
259.843 5.74904 537.253 -0.882098
259.899 5.69641 537.574 -0.968336
259.955 5.6397 537.893 -1.03755
260.011 5.57968 538.207 -1.0866
260.067 5.51701 538.519 -1.134
260.124 5.45207 538.827 -1.16998
260.18 5.38629 539.131 -1.16574
260.236 5.32227 539.431 -1.12861
260.292 5.26009 539.728 -1.08763
260.348 5.20088 540.021 -1.02977
260.404 5.14613 540.312 -0.934652
260.461 5.09703 540.599 -0.828335
260.517 5.05467 540.884 -0.704492
260.573 5.01944 541.167 -0.577169
260.629 4.99116 541.448 -0.454723
260.685 4.96959 541.727 -0.33381
260.742 4.95447 542.006 -0.228635
260.798 4.94502 542.284 -0.131473
260.854 4.94012 542.562 -0.0596097
260.91 4.93876 542.839 -0.00061437
260.966 4.9399 543.117 0.0309293
261.022 4.94231 543.394 0.050625
261.079 4.9452 543.672 0.0455124
261.135 4.94688 543.95 0.020612
261.191 4.94706 544.228 -0.0157303
261.247 4.94478 544.506 -0.0547523
261.303 4.93976 544.783 -0.107641
261.36 4.93177 545.061 -0.170221
261.416 4.92069 545.337 -0.216422
261.472 4.90718 545.613 -0.252021
261.528 4.89193 545.889 -0.28359
261.584 4.87539 546.163 -0.299305
261.64 4.85824 546.436 -0.300777
261.697 4.84152 546.709 -0.286044
261.753 4.82625 546.98 -0.261314
261.809 4.81259 547.251 -0.228231
261.865 4.80167 547.521 -0.171107
261.921 4.79453 547.79 -0.0982447
261.978 4.79164 548.059 -0.0200794
262.034 4.79346 548.329 0.0645482
262.09 4.80042 548.598 0.160468
262.146 4.81247 548.868 0.25374
262.202 4.8306 549.139 0.369076
262.258 4.85516 549.411 0.483326
262.315 4.88598 549.685 0.591255
262.371 4.92297 549.961 0.701929
262.427 4.96607 550.239 0.813024
262.483 5.01529 550.519 0.917311
262.539 5.07023 550.803 1.01729
262.596 5.13028 551.09 1.1035
262.652 5.19468 551.38 1.17727
262.708 5.2632 551.674 1.24722
262.764 5.33543 551.972 1.31664
262.82 5.41137 552.275 1.37193
262.876 5.49011 552.581 1.42081
262.933 5.57136 552.893 1.46078
262.989 5.65424 553.208 1.48658
263.045 5.73876 553.529 1.51186
263.101 5.82462 553.854 1.5373
263.157 5.91108 554.184 1.54583
263.213 5.99812 554.519 1.54851
263.27 6.08533 554.859 1.55657
263.326 6.17244 555.204 1.54303
263.382 6.25783 555.554 1.50644
263.438 6.34125 555.908 1.47263
263.494 6.42239 556.267 1.4199
263.551 6.50032 556.63 1.36347
263.607 6.57515 556.998 1.30617
263.663 6.64651 557.37 1.24416
263.719 6.71373 557.746 1.16919
263.775 6.77665 558.125 1.09168
263.831 6.83538 558.508 1.0164
263.888 6.89006 558.894 0.943163
263.944 6.94113 559.282 0.889822
264 6.98963 559.674 0.848145
264.056 7.03639 560.068 0.827372
264.112 7.0831 560.465 0.838717
264.169 7.13153 560.865 0.884554
264.225 7.18409 561.267 0.969638
264.281 7.24223 561.673 1.0794
264.337 7.3069 562.082 1.20331
264.393 7.37914 562.495 1.34239
264.449 7.45927 562.912 1.48016
264.506 7.54738 563.334 1.62181
264.562 7.64319 563.761 1.75019
264.618 7.7457 564.194 1.87276
264.674 7.8543 564.633 1.96954
264.73 7.96772 565.078 2.047
264.787 8.08462 565.529 2.08084
264.843 8.20309 565.987 2.10395
264.899 8.32061 566.452 2.07633
264.955 8.43552 566.924 2.03001
265.011 8.54777 567.401 1.97582
265.067 8.65695 567.885 1.92018
265.124 8.76318 568.375 1.86873
265.18 8.86575 568.871 1.79586
265.236 8.96397 569.372 1.71204
265.292 9.05643 569.879 1.6027
265.348 9.14249 570.391 1.48243
265.404 9.2211 570.907 1.33823
265.461 9.29065 571.427 1.16909
265.517 9.35078 571.951 1.00446
265.573 9.40197 572.479 0.848817
265.629 9.44504 573.008 0.714697
265.685 9.48141 573.54 0.606955
265.742 9.51263 574.074 0.521727
265.798 9.53975 574.609 0.459088
265.854 9.5644 575.146 0.430578
265.91 9.58844 575.684 0.428369
265.966 9.61349 576.224 0.455934
266.022 9.64006 576.765 0.48613
266.079 9.66862 577.307 0.522807
266.135 9.69947 577.851 0.568032
266.191 9.73268 578.397 0.606637
266.247 9.76797 578.945 0.64106
266.303 9.80447 579.495 0.648334
266.36 9.83969 580.047 0.610485
266.416 9.87185 580.601 0.540904
266.472 9.8985 581.157 0.425217
266.528 9.9177 581.714 0.286914
266.584 9.92913 582.271 0.145233
266.64 9.93204 582.829 -0.0132944
266.697 9.92615 583.387 -0.158964
266.753 9.91374 583.944 -0.257649
266.809 9.89675 584.501 -0.326061
266.865 9.87745 585.056 -0.350436
266.921 9.85837 585.61 -0.327431
266.978 9.84179 586.163 -0.268585
267.034 9.82939 586.716 -0.183405
267.09 9.82325 587.268 -0.0603718
267.146 9.82439 587.82 0.0765047
267.202 9.83382 588.372 0.23007
267.258 9.85246 588.925 0.401901
267.315 9.88181 589.479 0.606196
267.371 9.92286 590.036 0.81527
267.427 9.97678 590.595 1.05546
267.483 10.0439 591.158 1.29262
267.539 10.1247 591.725 1.53124
267.596 10.2182 592.297 1.75057
267.652 10.3232 592.874 1.9464
267.708 10.4386 593.458 2.12579
267.764 10.5637 594.049 2.28286
267.82 10.6968 594.647 2.4268
267.876 10.8374 595.252 2.55325
267.933 10.9844 595.866 2.65604
267.989 11.1368 596.488 2.74802
268.045 11.2939 597.119 2.82374
268.101 11.4546 597.759 2.88203
268.157 11.6184 598.408 2.93674
268.213 11.785 599.066 2.97752
268.27 11.9531 599.734 3.00345
268.326 12.122 600.411 3.00424
268.382 12.29 601.098 2.98028
268.438 12.4559 601.794 2.92879
268.494 12.618 602.499 2.85088
268.551 12.7743 603.213 2.73482
268.607 12.9225 603.936 2.56537
268.663 13.0603 604.667 2.37494
268.719 13.1867 605.405 2.16374
268.775 13.3006 606.15 1.93941
268.831 13.4025 606.9 1.73083
268.888 13.4928 607.656 1.52409
268.944 13.5721 608.417 1.34027
269 13.6409 609.182 1.15029
269.056 13.7004 609.95 1.0002
269.112 13.752 610.722 0.863897
269.169 13.7966 611.496 0.748712
269.225 13.835 612.272 0.642963
269.281 13.8682 613.051 0.558411
269.337 13.8969 613.831 0.479276
269.393 13.9211 614.612 0.400821
269.449 13.9414 615.395 0.333206
269.506 13.9578 616.179 0.263947
269.562 13.9702 616.964 0.190472
269.618 13.9781 617.749 0.105451
269.674 13.9811 618.534 0.019708
269.73 13.9791 619.32 -0.0755131
269.787 13.9714 620.105 -0.179444
269.843 13.9575 620.889 -0.291466
269.899 13.9378 621.673 -0.395975
269.955 13.912 622.455 -0.503259
270.011 13.8802 623.235 -0.609306
270.067 13.8424 624.014 -0.715088
270.124 13.7992 624.79 -0.806561
270.18 13.751 625.564 -0.888936
270.236 13.6984 626.334 -0.966595
270.292 13.6423 627.102 -1.0188
270.348 13.5838 627.867 -1.05317
270.404 13.5238 628.628 -1.07557
270.461 13.4631 629.385 -1.08402
270.517 13.4025 630.14 -1.0749
270.573 13.3423 630.891 -1.06705
270.629 13.2827 631.638 -1.05787
270.685 13.2239 632.382 -1.03625
270.742 13.1663 633.123 -1.02083
270.798 13.1095 633.861 -1.00047
270.854 13.0538 634.596 -0.988114
270.91 12.9987 635.327 -0.980198
270.966 12.9437 636.056 -0.980858
271.022 12.8888 636.781 -0.977409
271.079 12.8338 637.503 -0.981627
271.135 12.7788 638.222 -0.979149
271.191 12.7238 638.938 -0.979853
271.247 12.6685 639.651 -0.97984
271.303 12.6144 640.361 -0.95756
271.36 12.562 641.068 -0.916726
271.416 12.5119 641.772 -0.868606
271.472 12.4656 642.474 -0.793104
271.528 12.4244 643.172 -0.691055
271.584 12.3895 643.869 -0.572605
271.64 12.362 644.564 -0.42954
271.697 12.3436 645.258 -0.258598
271.753 12.3354 645.951 -0.0694947
271.809 12.3385 646.644 0.139241
271.865 12.353 647.338 0.344474
271.921 12.3801 648.033 0.569989
271.978 12.4198 648.73 0.796295
272.034 12.4722 649.429 1.021
272.09 12.5361 650.132 1.2189
272.146 12.6111 650.839 1.40821
272.202 12.696 651.55 1.57271
272.258 12.7887 652.266 1.6931
272.315 12.8863 652.988 1.75978
272.371 12.9863 653.715 1.78627
272.427 13.0869 654.448 1.78559
272.483 13.1852 655.187 1.71221
272.539 13.2777 655.931 1.59819
272.596 13.3626 656.68 1.4416
272.652 13.4364 657.433 1.22121
272.708 13.4977 658.19 1.0018
272.764 13.545 658.95 0.728668
272.82 13.5768 659.712 0.453479
272.876 13.5918 660.475 0.140166
272.933 13.5894 661.239 -0.161146
272.989 13.5701 662.002 -0.467743
273.045 13.5334 662.763 -0.776605
273.101 13.4796 663.521 -1.07937
273.157 13.4085 664.276 -1.39398
273.213 13.3194 665.027 -1.71603
273.267 13.2169 665.736 -2.04906
273.317 13.1057 666.388 -2.37836
273.369 12.9707 667.065 -2.75096
273.422 12.8118 667.752 -3.13229
273.476 12.6281 668.445 -3.52848
273.531 12.421 669.13 -3.93869
273.587 12.1873 669.816 -4.34838
273.643 11.9313 670.487 -4.74729
273.699 11.6523 671.144 -5.16983
273.754 11.3482 671.784 -5.64326
273.81 11.0153 672.406 -6.18968
273.866 10.65 673.009 -6.79173
273.922 10.2495 673.59 -7.4454
273.978 9.8099 674.148 -8.16911
274.034 9.32607 674.681 -8.95191
274.09 8.79624 675.188 -9.75266
274.146 8.22087 675.663 -10.5613
274.202 7.60108 676.104 -11.3458
274.258 6.94056 676.509 -12.0241
274.315 6.24483 676.875 -12.6026
274.371 5.52244 677.202 -13.0077
274.427 4.78357 677.487 -13.2191
274.483 4.04035 677.731 -13.2018
274.539 3.30563 677.933 -12.9694
274.596 2.59159 678.095 -12.5156
274.652 1.90956 678.217 -11.8663
274.708 1.26984 678.303 -11.0413
274.764 0.68191 678.354 -10.0594
274.82 0.153797 678.374 -8.94128
274.876 -0.309662 678.367 -7.77181
274.933 -0.704515 678.336 -6.52435
274.989 -1.02683 678.285 -5.19539
275.045 -1.27249 678.219 -3.80983
275.101 -1.43938 678.141 -2.41233
275.157 -1.52951 678.057 -1.07332
275.213 -1.54858 677.97 0.122248
275.27 -1.50686 677.884 1.13079
275.325 -1.41617 677.803 1.93495
275.379 -1.2916 677.731 2.54114
275.433 -1.13986 677.666 2.9598
275.488 -0.969361 677.609 3.22347
275.542 -0.787837 677.562 3.35719
275.597 -0.604025 677.525 3.37182
275.651 -0.42261 677.498 3.28785
275.706 -0.248374 677.481 3.13013
275.76 -0.0850531 677.473 2.90925
275.815 0.0652853 677.473 2.6581
275.869 0.200783 677.481 2.37325
275.921 0.314523 677.495 2.10002
275.97 0.41091 677.514 1.84858
276.022 0.498885 677.538 1.58686
276.078 0.577893 677.568 1.31278
276.134 0.642603 677.603 1.05232
276.19 0.692513 677.641 0.780845
276.246 0.727062 677.681 0.502623
276.303 0.745949 677.722 0.225999
276.359 0.7492 677.764 -0.0546059
276.415 0.737459 677.806 -0.311645
276.471 0.711648 677.847 -0.552398
276.528 0.673072 677.886 -0.767464
276.584 0.623697 677.922 -0.942345
276.64 0.566381 677.955 -1.05912
276.696 0.504602 677.985 -1.11732
276.753 0.441606 678.011 -1.1125
276.809 0.381396 678.034 -1.03786
276.865 0.327967 678.054 -0.883891
276.921 0.285674 678.071 -0.65694
276.978 0.257991 678.086 -0.378362
277.034 0.248054 678.1 -0.033352
277.09 0.258895 678.114 0.352118
277.146 0.292925 678.129 0.776684
277.202 0.35142 678.148 1.22067
277.258 0.435605 678.17 1.69462
277.315 0.546315 678.198 2.1665
277.371 0.684747 678.234 2.66405
277.427 0.851721 678.278 3.1832
277.483 1.04839 678.332 3.7155
277.539 1.27609 678.398 4.28103
277.596 1.53587 678.479 4.85228
277.652 1.82769 678.575 5.42115
277.708 2.15158 678.688 5.99236
277.764 2.50686 678.821 6.54217
277.82 2.89153 678.974 7.04296
277.876 3.30218 679.151 7.46809
277.933 3.73376 679.351 7.82095
277.989 4.18316 679.575 8.10622
278.045 4.64529 679.826 8.2936
278.101 5.11572 680.103 8.41339
278.157 5.58919 680.406 8.42707
278.208 6.01669 680.704 8.32585
278.258 6.42898 681.018 8.14389
278.311 6.84565 681.368 7.81775
278.365 7.25113 681.749 7.35117
278.419 7.63627 682.159 6.79583
278.474 7.98613 682.589 6.09966
278.53 8.30079 683.047 5.28978
278.586 8.56625 683.52 4.37088
278.642 8.77964 684.007 3.44749
278.698 8.94091 684.504 2.5032
278.754 9.05022 685.008 1.59157
278.803 9.10647 685.455 0.852916
278.85 9.12843 685.88 0.22467
278.898 9.12171 686.318 -0.371371
278.94 9.09345 686.706 -0.849758
278.983 9.04606 687.093 -1.27262
279.031 8.97147 687.529 -1.71062
279.085 8.8659 688.007 -2.13791
279.14 8.73582 688.487 -2.53774
279.195 8.58403 688.964 -2.89044
279.25 8.41337 689.435 -3.17797
279.306 8.22795 689.9 -3.39426
279.362 8.03261 690.354 -3.54935
279.418 7.83093 690.796 -3.63605
279.474 7.62644 691.228 -3.65815
279.53 7.42189 691.647 -3.64795
279.586 7.21882 692.056 -3.62078
279.642 7.01835 692.453 -3.54629
279.698 6.82385 692.839 -3.41378
279.754 6.63847 693.214 -3.23101
279.81 6.46549 693.58 -2.99177
279.866 6.30817 693.936 -2.68014
279.922 6.17069 694.285 -2.30022
279.978 6.05678 694.626 -1.84848
