# i t cells coeurs_suggere(~100k/coeur)
13960 160.009 1047299 11
13980 160.17 1048146 11
14000 160.385 1051611 11
14020 160.608 1051527 11
14040 160.832 1047782 11
14060 161.056 1044177 11
14080 161.281 1041097 11
14100 161.506 1036757 11
14120 161.73 1031444 11
14140 161.955 1024766 11
14160 162.18 1021420 11
14180 162.404 1019509 11
14200 162.629 1019152 11
14220 162.854 1020034 11
14240 163.079 1024983 11
14260 163.303 1026131 11
14280 163.528 1027503 11
14300 163.753 1028014 11
14320 163.978 1026642 11
14340 164.202 1027692 11
14360 164.427 1029008 11
14380 164.652 1032060 11
14400 164.876 1034244 11
14420 165.101 1037828 11
14440 165.326 1043869 11
14460 165.551 1047376 11
14480 165.775 1046935 11
14500 166 1046550 11
14520 166.225 1041650 11
14540 166.449 1037135 11
14560 166.674 1035413 11
14580 166.899 1032095 11
14600 167.124 1033719 11
14620 167.348 1037184 11
14640 167.573 1041286 11
14660 167.798 1042280 11
14680 168.022 1041335 11
14700 168.247 1040089 11
14720 168.472 1038878 11
14740 168.697 1038836 11
14760 168.921 1037548 11
14780 169.146 1038444 11
14800 169.371 1038066 11
14820 169.596 1039711 11
14840 169.82 1042623 11
14860 170.033 1046613 11
14880 170.257 1051282 11
14900 170.482 1057981 11
14920 170.707 1064617 11
14940 170.932 1069300 11
14960 171.157 1069741 11
14980 171.382 1070819 11
15000 171.604 1068929 11
15020 171.824 1067410 11
15040 172.045 1066017 11
15060 172.27 1062762 11
15080 172.494 1057932 11
15100 172.719 1054117 11
15120 172.944 1048804 11
15140 173.169 1045241 11
15160 173.393 1041041 11
15180 173.618 1038192 11
15200 173.843 1038290 11
15220 174.067 1039774 11
15240 174.292 1043645 11
15260 174.517 1048146 11
15280 174.742 1050190 11
15300 174.966 1054096 11
15320 175.191 1055755 11
15340 175.416 1058135 11
15360 175.64 1056714 11
15380 175.865 1054831 11
15400 176.09 1054894 11
15420 176.315 1052633 11
15440 176.539 1052619 11
15460 176.764 1054327 11
15480 176.989 1054005 11
15500 177.213 1057288 11
15520 177.438 1061033 11
15540 177.663 1064162 11
15560 177.888 1065828 11
15580 178.112 1065079 11
15600 178.337 1062741 11
15620 178.562 1059339 11
15640 178.787 1053998 11
15660 179.011 1051296 11
15680 179.236 1047194 11
15700 179.461 1043365 11
15720 179.685 1039879 11
15740 179.91 1035028 11
15760 180.135 1030744 11
15780 180.36 1030891 11
15800 180.584 1030184 11
15820 180.809 1035749 11
15840 181.034 1044254 11
15860 181.258 1048307 11
15880 181.483 1054845 11
15900 181.708 1063931 11
15920 181.933 1071519 11
15940 182.157 1078778 11
15960 182.382 1081340 11
15980 182.607 1081977 11
16000 182.831 1080402 11
16020 183.056 1081907 11
16040 183.281 1081788 11
16060 183.506 1078260 11
16080 183.73 1074088 11
16100 183.955 1075537 11
16120 184.18 1075096 11
16140 184.404 1070644 11
16160 184.629 1067872 11
16180 184.854 1064050 11
16200 185.079 1065779 11
16220 185.303 1067949 11
16240 185.528 1067991 11
16260 185.753 1068341 11
16280 185.978 1067991 11
16300 186.202 1061726 11
16320 186.427 1056266 11
16340 186.652 1051282 11
16360 186.876 1047677 11
16380 187.101 1043022 11
16400 187.326 1040929 11
16420 187.551 1041510 11
16440 187.775 1041867 11
16460 188 1043351 11
16480 188.225 1044779 11
16500 188.449 1044121 11
16520 188.674 1044555 11
16540 188.899 1049028 11
16560 189.124 1050498 11
16580 189.348 1050505 11
16600 189.573 1052570 11
16620 189.798 1051044 11
16640 190.022 1048846 11
16660 190.247 1042707 11
16680 190.472 1036253 11
16700 190.697 1033516 11
16720 190.921 1027286 11
16740 191.146 1028623 11
16760 191.371 1024843 11
16780 191.596 1020993 11
16800 191.82 1018550 11
16820 192.045 1019390 11
16840 192.27 1022302 11
16860 192.494 1023702 11
16880 192.719 1025676 11
16900 192.944 1026341 11
16920 193.169 1024430 11
16940 193.393 1020853 11
16960 193.618 1017157 11
16980 193.843 1014574 11
17000 194.067 1014553 11
17020 194.292 1018172 11
17040 194.517 1019992 11
17060 194.742 1021280 11
17080 194.966 1019159 11
17100 195.191 1014308 11
17120 195.416 1008883 11
17140 195.64 1007350 11
17160 195.865 1008071 11
17180 196.09 1005124 11
17200 196.315 1004627 11
17220 196.539 1004760 11
17240 196.764 1004900 11
17260 196.989 1000483 11
17280 197.213 992412 10
17300 197.41 985349 10
17320 197.586 979539 10
17340 197.796 977544 10
17360 198.011 976347 10
17380 198.236 973687 10
17400 198.461 975129 10
17420 198.685 973939 10
17440 198.91 976403 10
17460 199.135 975703 10
17480 199.36 975395 10
17500 199.584 979763 10
17520 199.809 981898 10
17540 200.034 984173 10
17560 200.258 985237 10
17580 200.483 983725 10
17600 200.708 984670 10
17620 200.933 984446 10
17640 201.157 985769 10
17660 201.382 981583 10
17680 201.607 975976 10
17700 201.831 972084 10
17720 202.056 968045 10
17740 202.281 963488 10
17760 202.506 957762 10
17780 202.73 956705 10
17800 202.955 957230 10
17820 203.18 959624 10
17840 203.404 963537 10
17860 203.629 970495 10
17880 203.854 977222 10
17900 204.079 984271 10
17920 204.303 992566 10
17940 204.528 1002030 11
17960 204.753 1006027 11
17980 204.978 1008218 11
18000 205.199 1006048 11
18020 205.42 1003920 11
18040 205.643 998467 10
18060 205.866 992279 10
18080 206.09 987036 10
18100 206.315 982878 10
18120 206.539 980302 10
18140 206.764 981786 10
18160 206.989 986203 10
18180 207.213 990417 10
18200 207.438 997424 10
18220 207.663 1000784 11
18240 207.888 1002632 11
18260 208.112 1004627 11
18280 208.337 1006986 11
18300 208.562 1010766 11
18320 208.787 1012327 11
18340 209.011 1012768 11
18360 209.236 1015428 11
18380 209.461 1019635 11
18400 209.685 1023688 11
18420 209.91 1021049 11
18440 210.135 1019782 11
18460 210.36 1019502 11
18480 210.584 1020895 11
18500 210.809 1024262 11
18520 211.034 1028406 11
18540 211.258 1031010 11
18560 211.483 1030961 11
18580 211.708 1032333 11
18600 211.933 1035189 11
18620 212.157 1035742 11
18640 212.382 1039130 11
18660 212.607 1043645 11
18680 212.831 1047824 11
18700 213.056 1051758 11
18720 213.281 1056574 11
18740 213.506 1057981 11
18760 213.73 1056539 11
18780 213.955 1054383 11
18800 214.18 1053788 11
18820 214.404 1052402 11
18840 214.629 1052633 11
18860 214.854 1049133 11
18880 215.079 1043673 11
18900 215.303 1042364 11
18920 215.528 1040859 11
18940 215.753 1041832 11
18960 215.978 1041293 11
18980 216.202 1042413 11
19000 216.427 1045493 11
19020 216.652 1050834 11
19040 216.876 1060928 11
19060 217.101 1068509 11
19080 217.326 1075488 11
19100 217.551 1080073 11
19120 217.775 1082551 11
19140 218 1080444 11
19160 218.225 1075516 11
19180 218.449 1068754 11
19200 218.674 1061810 11
19220 218.899 1060130 11
19240 219.124 1054117 11
19260 219.348 1052241 11
19280 219.573 1051184 11
19300 219.798 1050309 11
19320 220.022 1048874 11
19340 220.247 1046109 11
19360 220.472 1048419 11
19380 220.697 1051653 11
19400 220.921 1053305 11
19420 221.146 1054831 11
19440 221.371 1057092 11
19460 221.596 1061558 11
19480 221.82 1059297 11
19500 222.045 1063084 11
19520 222.27 1065800 11
19540 222.494 1067487 11
19560 222.719 1066997 11
19580 222.944 1068488 11
19600 223.169 1069769 11
19620 223.393 1072401 11
19640 223.618 1072807 11
19660 223.843 1073157 11
19680 224.067 1073843 11
19700 224.292 1076188 11
19720 224.517 1080906 11
19740 224.742 1082677 11
19760 224.966 1082523 11
19780 225.191 1081984 11
19800 225.416 1083790 11
19820 225.64 1088340 11
19840 225.865 1091315 11
19860 226.09 1092323 11
19880 226.315 1093317 11
19900 226.539 1093240 11
19920 226.764 1091245 11
19940 226.989 1088004 11
19960 227.213 1083601 11
19980 227.438 1076860 11
20000 227.663 1073087 11
20020 227.888 1069972 11
20040 228.112 1065023 11
20060 228.337 1061110 11
20080 228.562 1061033 11
20100 228.787 1060725 11
20120 229.011 1065226 11
20140 229.236 1069188 11
20160 229.461 1074942 11
20180 229.685 1082019 11
20200 229.91 1080969 11
20220 230.135 1081004 11
20240 230.36 1076846 11
20260 230.584 1071274 11
20280 230.809 1068096 11
20300 231.034 1066150 11
20320 231.258 1065044 11
20340 231.483 1061530 11
20360 231.708 1058380 11
20380 231.933 1055181 11
20400 232.157 1049035 11
20420 232.382 1042707 11
20440 232.607 1041265 11
20460 232.831 1038717 11
20480 233.056 1035616 11
20500 233.281 1034237 11
20520 233.506 1035399 11
20540 233.73 1037086 11
20560 233.955 1034832 11
20580 234.18 1033971 11
20600 234.404 1030625 11
20620 234.629 1028574 11
20640 234.854 1027972 11
20660 235.079 1024332 11
20680 235.303 1022099 11
20700 235.528 1020181 11
20720 235.753 1017234 11
20740 235.978 1016975 11
20760 236.202 1016079 11
20780 236.427 1015827 11
20800 236.652 1017465 11
20820 236.876 1019446 11
20840 237.101 1019348 11
20860 237.326 1017395 11
20880 237.551 1013685 11
20900 237.775 1012348 11
20920 238 1012614 11
20940 238.225 1014728 11
20960 238.449 1019803 11
20980 238.674 1025291 11
21000 238.899 1029071 11
21020 239.124 1034118 11
21040 239.348 1039662 11
21060 239.573 1042343 11
21080 239.798 1044387 11
21100 240.022 1048594 11
21120 240.247 1052843 11
21140 240.472 1054467 11
21160 240.697 1055727 11
21180 240.921 1055489 11
21200 241.146 1052843 11
21220 241.371 1046627 11
21240 241.596 1044814 11
21260 241.82 1042469 11
21280 242.045 1040117 11
21300 242.27 1038171 11
21320 242.494 1035896 11
21340 242.719 1038269 11
21360 242.944 1042434 11
21380 243.169 1045640 11
21400 243.393 1050239 11
21420 243.618 1051982 11
21440 243.843 1051254 11
21460 244.067 1049028 11
21480 244.292 1048923 11
21500 244.517 1049987 11
21520 244.742 1050190 11
21540 244.966 1054502 11
21560 245.191 1057778 11
21580 245.416 1062286 11
21600 245.64 1066206 11
21620 245.865 1068782 11
21640 246.09 1075684 11
21660 246.315 1078834 11
21680 246.539 1083111 11
21700 246.763 1087458 11
21720 246.978 1087528 11
21740 247.202 1087941 11
21760 247.427 1084539 11
21780 247.652 1080654 11
21800 247.876 1079387 11
21820 248.101 1077119 11
21840 248.326 1078673 11
21860 248.551 1082684 11
21880 248.775 1085281 11
21900 249 1090405 11
21920 249.225 1096999 11
21940 249.449 1099981 11
21960 249.674 1104076 12
21980 249.899 1109340 12
22000 250.124 1114366 12
22020 250.348 1117530 12
22040 250.573 1118713 12
22060 250.798 1119203 12
22080 251.022 1114492 12
22100 251.247 1105966 12
22120 251.472 1100989 12
22140 251.697 1100548 12
22160 251.921 1102809 12
22180 252.146 1106610 12
22200 252.371 1108031 12
22220 252.596 1109837 12
22240 252.82 1104069 12
22260 253.045 1100254 12
22280 253.27 1093982 11
22300 253.494 1091301 11
22320 253.719 1090391 11
22340 253.944 1090475 11
22360 254.169 1090482 11
22380 254.393 1090909 11
22400 254.618 1089712 11
22420 254.843 1089082 11
22440 255.067 1089054 11
22460 255.291 1090965 11
22480 255.516 1095361 11
22500 255.741 1098903 11
22520 255.966 1100065 12
22540 256.191 1103082 12
22560 256.416 1105371 12
22580 256.64 1104153 12
22600 256.865 1103915 12
22620 257.09 1101584 12
22640 257.315 1100947 12
22660 257.539 1102326 12
22680 257.764 1102690 12
22700 257.989 1103565 12
22720 258.213 1103341 12
22740 258.438 1101395 12
22760 258.663 1095438 11
22780 258.888 1090608 11
22800 259.112 1084483 11
22820 259.337 1077966 11
22840 259.562 1077385 11
22860 259.787 1080199 11
22880 260.011 1085939 11
22900 260.236 1089082 11
22920 260.461 1092498 11
22940 260.685 1092043 11
22960 260.91 1091707 11
22980 261.135 1090853 11
23000 261.36 1088977 11
23020 261.584 1086394 11
23040 261.809 1080626 11
23060 262.034 1078351 11
23080 262.258 1074809 11
23100 262.483 1073479 11
23120 262.708 1071337 11
23140 262.933 1070721 11
23160 263.157 1071729 11
23180 263.382 1072653 11
23200 263.607 1074452 11
23220 263.831 1078736 11
23240 264.056 1080493 11
23260 264.281 1080598 11
23280 264.506 1080003 11
23300 264.73 1079912 11
23320 264.955 1077896 11
23340 265.18 1073836 11
23360 265.404 1072079 11
23380 265.629 1073318 11
23400 265.854 1077924 11
23420 266.079 1082509 11
23440 266.303 1086835 11
23460 266.528 1088039 11
23480 266.753 1091336 11
23500 266.978 1087836 11
23520 267.202 1082320 11
23540 267.427 1076797 11
23560 267.652 1069363 11
23580 267.876 1068537 11
23600 268.101 1062622 11
23620 268.326 1058499 11
23640 268.551 1057281 11
23660 268.775 1055629 11
23680 269 1059059 11
23700 269.225 1065457 11
23720 269.449 1070917 11
23740 269.674 1075159 11
23760 269.899 1076055 11
23780 270.124 1079597 11
23800 270.348 1085526 11
23820 270.573 1088256 11
23840 270.798 1086009 11
23860 271.022 1084784 11
23880 271.247 1087787 11
23900 271.472 1090881 11
23920 271.697 1090559 11
23940 271.921 1088844 11
23960 272.146 1090153 11
23980 272.371 1090615 11
24000 272.596 1095676 11
24020 272.82 1099351 11
24040 273.034 1105798 12
24060 273.258 1110411 12
24080 273.477 1114296 12
24100 273.699 1117782 12
24120 273.922 1117957 12
24140 274.144 1122101 12
24160 274.365 1123032 12
24180 274.584 1123298 12
24200 274.791 1120043 12
24220 275 1115031 12
24240 275.225 1108094 12
24260 275.44 1103719 12
24280 275.657 1103089 12
24300 275.878 1103306 12
24320 276.101 1106911 12
24340 276.326 1110740 12
24360 276.551 1115787 12
24380 276.775 1118496 12
24400 277 1127211 12
24420 277.225 1135254 12
24440 277.449 1137438 12
24460 277.674 1140301 12
24480 277.899 1141505 12
24500 278.124 1143850 12
24520 278.348 1146867 12
24540 278.573 1148155 12
24560 278.798 1150304 12
24580 279.022 1150605 12
24600 279.247 1147448 12
24620 279.472 1143486 12
24640 279.697 1135520 12
24660 279.921 1129941 12
