# t frame_uz frame_z ub_dans_repere
160.001 -3.67268e-06 -3.78237e-09 -0.00356617
160.019 0.00105397 8.27128e-06 0.102964
160.051 0.00928738 0.000181365 0.353364
160.092 0.0316955 0.00108499 0.653158
160.14 0.0712511 0.00364228 0.964973
160.19 0.129802 0.00895297 1.28358
160.243 0.207213 0.018184 1.5855
160.297 0.301872 0.0323603 1.86529
160.352 0.413359 0.0525565 2.13377
160.407 0.538369 0.0793321 2.3651
160.463 0.677547 0.114093 2.56508
160.519 0.827448 0.157007 2.75227
160.575 0.986979 0.208643 2.91165
160.631 1.15473 0.269489 3.0507
160.687 1.32947 0.339966 3.16791
160.743 1.51009 0.420427 3.26268
160.798 1.69543 0.511161 3.34048
160.854 1.88477 0.612406 3.40827
160.91 2.07725 0.72436 3.45672
160.966 2.27204 0.847169 3.49253
161.022 2.46852 0.981137 3.51262
161.079 2.66652 1.12649 3.53189
161.135 2.86558 1.283 3.54164
161.191 3.06461 1.4507 3.54319
161.247 3.26383 1.62958 3.54763
161.303 3.463 1.81966 3.54257
161.36 3.66138 2.0209 3.52526
161.416 3.85841 2.23324 3.49612
161.472 4.05414 2.45661 3.47682
161.528 4.24881 2.69094 3.45669
161.584 4.4422 2.93616 3.43264
161.64 4.63415 3.1922 3.40581
161.697 4.82411 3.45896 3.3647
161.753 5.01172 3.73631 3.32088
161.809 5.19657 4.02411 3.26845
161.865 5.37836 4.3222 3.21331
161.921 5.55653 4.63038 3.14059
161.978 5.73077 4.94843 3.07665
162.034 5.90145 5.27616 3.00981
162.09 6.06796 5.61333 2.93352
162.146 6.23054 5.95972 2.86848
162.202 6.38937 6.31513 2.79807
162.258 6.54409 6.67931 2.72664
162.315 6.69493 7.05206 2.65583
162.371 6.84143 7.43314 2.57607
162.427 6.9838 7.8223 2.5053
162.483 7.12233 8.21934 2.44041
162.539 7.25684 8.62402 2.36536
162.596 7.38754 9.03613 2.3012
162.652 7.51484 9.45547 2.24103
162.708 7.63872 9.88184 2.18028
162.764 7.75912 10.3151 2.11642
162.82 7.87557 10.7549 2.0457
162.876 7.98865 11.2012 1.99201
162.933 8.09891 11.6537 1.94434
162.989 8.20656 12.1123 1.89788
163.045 8.31162 12.5769 1.85239
163.101 8.41415 13.0474 1.80435
163.157 8.51383 13.5234 1.75465
163.213 8.6105 14.005 1.69994
163.27 8.7042 14.4919 1.64378
163.326 8.7947 14.984 1.58856
163.382 8.88215 15.481 1.53698
163.438 8.96672 15.9829 1.48625
163.494 9.04881 16.4894 1.44414
163.551 9.1285 17.0005 1.40167
163.607 9.20581 17.5159 1.36044
163.663 9.28081 18.0356 1.31598
163.719 9.35339 18.5595 1.27676
163.775 9.42389 19.0873 1.23939
163.831 9.49227 19.6191 1.19582
163.888 9.5581 20.1546 1.15733
163.944 9.62154 20.6937 1.11319
164 9.68293 21.2363 1.07849
164.056 9.74203 21.7823 1.03697
164.112 9.79917 22.3316 1.00247
164.169 9.85463 22.884 0.977382
164.225 9.9087 23.4394 0.951719
164.281 9.96121 23.9979 0.920884
164.337 10.0125 24.5592 0.906179
164.393 10.0627 25.1234 0.88534
164.449 10.1115 25.6904 0.851436
164.506 10.1593 26.2601 0.844283
164.562 10.2063 26.8324 0.833536
164.618 10.2526 27.4073 0.816427
164.674 10.298 27.9849 0.799789
164.73 10.3424 28.5649 0.780336
164.787 10.3856 29.1474 0.7595
164.843 10.4278 29.7323 0.741674
164.899 10.4685 30.3195 0.714504
164.955 10.5078 30.909 0.689627
165.011 10.5459 31.5006 0.669532
165.067 10.5827 32.0943 0.647104
165.124 10.6184 32.69 0.626625
165.18 10.653 33.2877 0.611633
165.236 10.6868 33.8874 0.593773
165.292 10.7196 34.4888 0.57782
165.348 10.7517 35.0922 0.56417
165.404 10.7828 35.6972 0.548479
165.461 10.8126 36.304 0.522035
165.517 10.8414 36.9125 0.504944
165.573 10.8691 37.5225 0.486459
165.629 10.8959 38.134 0.46871
165.685 10.9217 38.747 0.454391
165.742 10.9467 39.3614 0.440432
165.798 10.9711 39.9772 0.427664
165.854 10.9947 40.5944 0.418495
165.91 11.0178 41.2128 0.405953
165.966 11.0402 41.8326 0.392784
166.022 11.0618 42.4535 0.37901
166.079 11.0824 43.0757 0.35942
166.135 11.102 43.699 0.338976
166.191 11.1203 44.3233 0.318354
166.247 11.1375 44.9486 0.29516
166.303 11.1532 45.5748 0.268294
166.36 11.1674 46.2019 0.244484
166.416 11.1803 46.8297 0.220025
166.472 11.1919 47.4582 0.194982
166.528 11.2021 48.0873 0.175633
166.584 11.2112 48.717 0.152747
166.64 11.2192 49.3471 0.133748
166.697 11.226 49.9776 0.114808
166.753 11.2319 50.6085 0.0994882
166.809 11.2371 51.2397 0.0889904
166.865 11.2416 51.8711 0.0740378
166.921 11.2452 52.5028 0.0570589
166.978 11.2478 53.1347 0.0393334
167.034 11.2495 53.7666 0.0249636
167.09 11.2502 54.3987 0.00535658
167.146 11.2502 55.0307 -0.00894189
167.202 11.2495 55.6627 -0.0149021
167.258 11.2484 56.2947 -0.021845
167.315 11.2469 56.9265 -0.0293898
167.371 11.2451 57.5583 -0.0346162
167.427 11.2428 58.19 -0.0462652
167.483 11.24 58.8215 -0.0534316
167.539 11.2366 59.4529 -0.0653985
167.596 11.2324 60.084 -0.0783663
167.652 11.2278 60.7149 -0.0841324
167.708 11.2229 61.3455 -0.0869804
167.764 11.2178 61.9758 -0.0933531
167.82 11.2123 62.6059 -0.102212
167.876 11.2063 63.2356 -0.109571
167.933 11.1998 63.8649 -0.118335
167.989 11.1929 64.4939 -0.126666
168.045 11.1855 65.1225 -0.133996
168.101 11.1777 65.7506 -0.138927
168.157 11.17 66.3783 -0.135225
168.213 11.1626 67.0056 -0.129594
168.27 11.1554 67.6324 -0.128499
168.326 11.1483 68.2589 -0.12545
168.382 11.1413 68.885 -0.12355
168.438 11.1342 69.5107 -0.125923
168.494 11.1272 70.1359 -0.125902
168.551 11.1202 70.7608 -0.12228
168.607 11.1133 71.3853 -0.120356
168.663 11.1068 72.0095 -0.113639
168.719 11.1006 72.6332 -0.106834
168.775 11.0947 73.2567 -0.104959
168.831 11.0891 73.8798 -0.100094
168.888 11.0837 74.5026 -0.0915592
168.944 11.0787 75.1251 -0.0875602
169 11.0742 75.7473 -0.0765114
169.056 11.07 76.3693 -0.0705092
169.112 11.0661 76.9911 -0.0689784
169.169 11.0625 77.6127 -0.0633534
169.225 11.059 78.234 -0.0597705
169.281 11.0556 78.8552 -0.0608999
169.337 11.0523 79.4762 -0.0606657
169.393 11.0491 80.097 -0.0534094
169.449 11.0463 80.7177 -0.05137
169.506 11.0436 81.3381 -0.0458912
169.562 11.041 81.9585 -0.0457076
169.618 11.0384 82.5787 -0.0464629
169.674 11.036 83.1987 -0.0416568
169.73 11.0337 83.8187 -0.0386343
169.787 11.0318 84.4385 -0.0318663
169.843 11.0304 85.0582 -0.0207461
169.899 11.0296 85.6778 -0.00798375
169.955 11.0295 86.2975 0.00467381
170.011 11.0303 86.9171 0.0189273
170.067 11.0318 87.5368 0.0306536
170.124 11.0338 88.1567 0.0393918
170.18 11.0365 88.7766 0.0518691
170.236 11.0398 89.3968 0.0644797
170.292 11.0437 90.0171 0.0745487
170.348 11.0482 90.6377 0.0829103
170.404 11.0532 91.2586 0.0944404
170.461 11.0588 91.8797 0.102279
170.517 11.0649 92.5012 0.113475
170.573 11.0718 93.123 0.126373
170.629 11.079 93.7453 0.131197
170.685 11.0867 94.368 0.141795
170.742 11.0952 94.9911 0.156663
170.798 11.1046 95.6147 0.173656
170.854 11.1149 96.2389 0.189452
170.91 11.1261 96.8637 0.205619
170.966 11.1381 97.4892 0.219181
171.022 11.151 98.1154 0.23478
171.079 11.1648 98.7423 0.253945
171.135 11.1796 99.37 0.271487
171.191 11.1955 99.9986 0.289931
171.247 11.2124 100.628 0.303522
171.303 11.2297 101.259 0.314403
171.36 11.2478 101.89 0.324497
171.416 11.2663 102.523 0.333839
171.472 11.2854 103.156 0.344205
171.528 11.3052 103.791 0.355809
171.584 11.3256 104.427 0.369678
171.64 11.3465 105.064 0.37385
171.697 11.3678 105.702 0.378485
171.753 11.3892 106.341 0.382725
171.809 11.4107 106.982 0.383249
171.865 11.4325 107.624 0.3903
171.921 11.4543 108.267 0.384354
171.978 11.4756 108.911 0.378667
172.034 11.4967 109.556 0.369818
172.09 11.5175 110.203 0.369049
172.146 11.5379 110.851 0.35994
172.202 11.5581 111.499 0.357416
172.258 11.578 112.149 0.352853
172.315 11.5974 112.801 0.339442
172.371 11.6162 113.453 0.331024
172.427 11.6345 114.106 0.320484
172.483 11.6522 114.76 0.310511
172.539 11.6693 115.415 0.298981
172.596 11.6857 116.071 0.287321
172.652 11.7014 116.728 0.274584
172.708 11.7165 117.386 0.263092
172.764 11.7308 118.045 0.250028
172.82 11.7444 118.705 0.238801
172.876 11.7575 119.365 0.227852
172.933 11.77 120.026 0.219542
172.989 11.7819 120.687 0.20839
173.045 11.7931 121.35 0.194594
173.101 11.8038 122.013 0.18911
173.157 11.8143 122.676 0.186327
173.213 11.8248 123.34 0.18646
173.27 11.8352 124.005 0.183995
173.326 11.8453 124.67 0.17891
173.382 11.8552 125.336 0.171843
173.438 11.8647 126.002 0.167063
173.494 11.874 126.669 0.166936
173.551 11.8836 127.336 0.171645
173.607 11.8933 128.004 0.171278
173.663 11.9027 128.673 0.167161
173.719 11.9121 129.342 0.164791
173.775 11.9212 130.011 0.16242
173.831 11.9303 130.681 0.162101
173.888 11.9394 131.352 0.162415
173.944 11.9486 132.023 0.163531
174 11.9577 132.695 0.163159
174.056 11.9669 133.367 0.163107
174.112 11.9761 134.039 0.163502
174.169 11.9854 134.712 0.168749
174.225 11.9951 135.386 0.176996
174.281 12.0052 136.06 0.183065
174.337 12.0154 136.735 0.181379
174.393 12.0256 137.411 0.182513
174.449 12.036 138.086 0.188059
174.506 12.0467 138.763 0.189454
174.562 12.0575 139.44 0.193156
174.618 12.0687 140.118 0.205151
174.674 12.0805 140.796 0.213661
174.73 12.0926 141.475 0.215586
174.787 12.1048 142.155 0.220291
174.843 12.1173 142.836 0.225894
174.899 12.1303 143.517 0.232509
174.955 12.1435 144.199 0.236085
175.011 12.1568 144.881 0.239085
175.067 12.1706 145.565 0.247123
175.124 12.1846 146.249 0.252637
175.18 12.199 146.934 0.256181
175.236 12.2135 147.62 0.258634
175.292 12.228 148.307 0.259011
175.348 12.2426 148.994 0.258445
175.404 12.257 149.682 0.254192
175.461 12.2712 150.371 0.253021
175.517 12.2853 151.061 0.251109
175.573 12.2994 151.752 0.248949
175.629 12.3134 152.443 0.25021
175.685 12.3274 153.136 0.249349
175.742 12.3414 153.829 0.246998
175.798 12.3552 154.522 0.24196
175.854 12.3684 155.217 0.230605
175.91 12.3811 155.912 0.221748
175.966 12.3932 156.608 0.213405
176.022 12.4049 157.305 0.203974
176.079 12.4161 158.002 0.194574
176.135 12.427 158.7 0.191464
176.191 12.4373 159.399 0.179412
176.247 12.4471 160.098 0.170192
176.303 12.4564 160.797 0.163317
176.36 12.4652 161.497 0.152684
176.416 12.4734 162.198 0.13946
176.472 12.4809 162.899 0.129483
176.528 12.4876 163.6 0.114543
176.584 12.4933 164.302 0.0941163
176.64 12.4981 165.004 0.0757028
176.697 12.5017 165.706 0.055795
176.753 12.5042 166.409 0.0340593
176.809 12.5055 167.111 0.0159458
176.865 12.5056 167.814 -0.00702139
176.921 12.5045 168.516 -0.029089
176.978 12.5021 169.219 -0.0525967
177.034 12.4985 169.921 -0.0721209
177.09 12.4937 170.623 -0.0969402
177.146 12.4876 171.325 -0.118806
177.202 12.4801 172.026 -0.142329
177.258 12.4715 172.727 -0.16247
177.315 12.4619 173.427 -0.176854
177.371 12.4514 174.127 -0.194048
177.427 12.44 174.826 -0.207616
177.483 12.4281 175.525 -0.21596
177.539 12.4156 176.222 -0.223489
177.596 12.403 176.919 -0.227667
177.652 12.3901 177.616 -0.230566
177.708 12.3769 178.311 -0.238094
177.764 12.3636 179.006 -0.23732
177.82 12.3503 179.7 -0.232753
177.876 12.3373 180.394 -0.229878
177.933 12.3245 181.087 -0.227328
177.989 12.3121 181.779 -0.218502
178.045 12.2997 182.47 -0.217886
178.101 12.2877 183.16 -0.214083
178.157 12.2759 183.85 -0.205961
178.213 12.2645 184.54 -0.201416
178.27 12.2533 185.228 -0.200647
178.326 12.2424 185.916 -0.190957
178.382 12.2319 186.604 -0.183388
178.438 12.222 187.291 -0.172029
178.494 12.2126 187.977 -0.162027
178.551 12.2038 188.663 -0.15209
178.607 12.1956 189.348 -0.141511
178.663 12.1878 190.033 -0.137553
178.719 12.1804 190.717 -0.128648
178.775 12.1735 191.401 -0.118861
178.831 12.1672 192.085 -0.106824
178.888 12.1615 192.768 -0.095961
178.944 12.1565 193.451 -0.0872852
179 12.152 194.134 -0.0756501
179.056 12.1481 194.817 -0.0645839
179.112 12.1448 195.499 -0.054761
179.169 12.1422 196.181 -0.0434209
179.225 12.1401 196.863 -0.0334339
179.281 12.1384 197.545 -0.0258181
179.337 12.1373 198.227 -0.0148998
179.393 12.1366 198.909 -0.0112925
179.449 12.1361 199.591 -0.00859
179.506 12.1359 200.273 0.00255727
179.562 12.1359 200.955 0.00230861
179.618 12.136 201.636 0.00177085
179.674 12.1363 202.318 0.00738339
179.73 12.1369 203 0.0129123
179.787 12.1377 203.682 0.0188595
179.843 12.1389 204.364 0.0232704
179.899 12.1404 205.046 0.0292337
179.955 12.142 205.728 0.0303696
180.011 12.144 206.41 0.03532
180.067 12.1461 207.092 0.036371
180.124 12.1483 207.775 0.0397838
180.18 12.1505 208.457 0.040547
180.236 12.1528 209.14 0.042986
180.292 12.1554 209.823 0.0481496
180.348 12.1584 210.506 0.0572046
180.404 12.1617 211.189 0.0645464
180.461 12.1656 211.872 0.0715804
180.517 12.1701 212.556 0.0849247
180.573 12.1752 213.24 0.0974028
180.629 12.1809 213.924 0.108204
180.685 12.1875 214.609 0.121824
180.742 12.1946 215.294 0.130317
180.798 12.2022 215.979 0.136013
180.854 12.21 216.665 0.143138
180.91 12.2184 217.351 0.15329
180.966 12.2273 218.038 0.160428
181.022 12.2367 218.725 0.173551
181.079 12.2466 219.413 0.183689
181.135 12.2569 220.101 0.182291
181.191 12.2674 220.79 0.190984
181.247 12.2783 221.48 0.195993
181.303 12.2896 222.17 0.202441
181.36 12.3012 222.861 0.211494
181.416 12.3135 223.552 0.222965
181.472 12.3263 224.244 0.226817
181.528 12.3393 224.937 0.233576
181.584 12.3524 225.631 0.233342
181.64 12.3656 226.325 0.235948
181.697 12.379 227.02 0.238701
181.753 12.3924 227.716 0.242014
181.809 12.4062 228.413 0.248315
181.865 12.4203 229.11 0.251687
181.921 12.4344 229.809 0.25118
181.978 12.4486 230.508 0.253248
182.034 12.463 231.208 0.259269
182.09 12.4777 231.908 0.259903
182.146 12.4923 232.61 0.260434
182.202 12.507 233.312 0.261727
182.258 12.5215 234.015 0.257114
182.315 12.5359 234.719 0.255226
182.371 12.5502 235.424 0.252509
182.427 12.5644 236.129 0.251687
182.483 12.5784 236.836 0.246953
182.539 12.5924 237.543 0.250902
182.596 12.6063 238.251 0.246424
182.652 12.6198 238.959 0.234808
182.708 12.6325 239.669 0.223841
182.764 12.6448 240.379 0.214879
182.82 12.6565 241.09 0.203966
182.876 12.6678 241.801 0.201612
182.933 12.6788 242.513 0.190932
182.989 12.689 243.226 0.174224
183.045 12.6984 243.939 0.163274
183.101 12.7071 244.653 0.147547
183.157 12.7148 245.367 0.128461
183.213 12.7216 246.081 0.117465
183.27 12.7278 246.796 0.1056
183.326 12.7334 247.512 0.0950287
183.382 12.7385 248.227 0.088005
183.438 12.7429 248.943 0.0708304
183.494 12.7464 249.659 0.0541951
183.551 12.7489 250.375 0.0402702
183.607 12.7509 251.091 0.0345131
183.663 12.7527 251.808 0.0255147
183.719 12.754 252.524 0.0226526
183.775 12.7551 253.241 0.0195147
183.831 12.7558 253.957 0.0113246
183.888 12.7565 254.674 0.0120755
183.944 12.7569 255.391 0.00412835
184 12.7568 256.107 -0.00718879
184.056 12.7561 256.824 -0.0188233
184.112 12.7548 257.541 -0.0242672
184.169 12.7533 258.257 -0.0276742
184.225 12.7515 258.974 -0.0356554
184.281 12.7494 259.69 -0.0383225
184.337 12.7472 260.406 -0.0407515
184.393 12.7449 261.122 -0.0431213
184.449 12.742 261.838 -0.0552241
184.506 12.7386 262.554 -0.0624093
184.562 12.7351 263.269 -0.0656409
184.618 12.7312 263.985 -0.0671277
184.674 12.7274 264.7 -0.0684993
184.73 12.7235 265.415 -0.0751271
184.787 12.7191 266.129 -0.0805757
184.843 12.7146 266.844 -0.0812456
184.899 12.7097 267.558 -0.0901519
184.955 12.7042 268.272 -0.0993275
185.011 12.6984 268.985 -0.107136
185.067 12.6921 269.698 -0.114539
185.124 12.6852 270.411 -0.126214
185.18 12.678 271.124 -0.130226
185.236 12.6704 271.836 -0.137214
185.292 12.6624 272.547 -0.145299
185.348 12.6541 273.258 -0.153274
185.404 12.6449 273.969 -0.166444
185.461 12.635 274.679 -0.181882
185.517 12.6245 275.388 -0.195637
185.573 12.613 276.097 -0.209667
185.629 12.6008 276.805 -0.224067
185.685 12.5876 277.513 -0.242218
185.742 12.5736 278.22 -0.256349
185.798 12.5584 278.925 -0.277646
185.854 12.542 279.63 -0.300659
185.91 12.5243 280.334 -0.324995
185.966 12.5052 281.037 -0.348159
186.022 12.485 281.739 -0.369396
186.079 12.4636 282.44 -0.386741
186.135 12.4409 283.139 -0.40986
186.191 12.4171 283.838 -0.436889
186.247 12.3918 284.534 -0.458176
186.303 12.3653 285.23 -0.476523
186.36 12.3377 285.923 -0.503111
186.416 12.3085 286.615 -0.527315
186.472 12.2782 287.306 -0.549729
186.528 12.2467 287.995 -0.570024
186.584 12.2137 288.682 -0.595295
186.64 12.1795 289.367 -0.619138
186.697 12.1439 290.05 -0.642782
186.753 12.1071 290.731 -0.660615
186.809 12.0694 291.41 -0.679807
186.865 12.0303 292.086 -0.707229
186.921 11.9897 292.761 -0.732996
186.978 11.9475 293.433 -0.762057
187.034 11.9041 294.103 -0.778653
187.09 11.8598 294.77 -0.793882
187.146 11.8148 295.435 -0.80816
187.202 11.769 296.097 -0.820195
187.258 11.7226 296.757 -0.829656
187.315 11.6755 297.414 -0.843821
187.371 11.6277 298.068 -0.855359
187.427 11.5794 298.72 -0.863672
187.483 11.5305 299.368 -0.872307
187.539 11.4816 300.015 -0.869486
187.596 11.433 300.658 -0.860914
187.652 11.3847 301.299 -0.85752
187.708 11.3369 301.937 -0.849013
187.764 11.2893 302.572 -0.845627
187.82 11.2422 303.205 -0.833873
187.876 11.1961 303.835 -0.812029
187.933 11.1511 304.462 -0.795284
187.989 11.1068 305.087 -0.781876
188.045 11.0633 305.71 -0.769639
188.101 11.0208 306.33 -0.750074
188.157 10.9789 306.947 -0.741618
188.213 10.9378 307.563 -0.724783
188.27 10.8976 308.176 -0.707617
188.326 10.8584 308.787 -0.690843
188.382 10.8202 309.396 -0.674765
188.438 10.7831 310.002 -0.648536
188.494 10.7475 310.607 -0.62429
188.551 10.713 311.209 -0.608166
188.607 10.6794 311.81 -0.591242
188.663 10.6469 312.409 -0.570905
188.719 10.6156 313.006 -0.546573
188.775 10.586 313.601 -0.512387
188.831 10.5582 314.195 -0.487032
188.888 10.5314 314.787 -0.467282
188.944 10.506 315.378 -0.440381
189 10.4822 315.968 -0.413681
189.056 10.4599 316.556 -0.386889
189.112 10.439 317.143 -0.362999
189.169 10.4193 317.728 -0.340719
189.225 10.401 318.313 -0.316058
189.281 10.3841 318.897 -0.291675
189.337 10.3686 319.48 -0.263991
189.393 10.3544 320.062 -0.247537
189.449 10.3413 320.643 -0.222353
189.506 10.3295 321.224 -0.201644
189.562 10.3188 321.804 -0.184432
189.618 10.3092 322.383 -0.161316
189.674 10.3006 322.962 -0.146291
189.73 10.2927 323.54 -0.136739
189.787 10.2856 324.118 -0.117802
189.843 10.2795 324.696 -0.102956
189.899 10.2744 325.273 -0.0833575
189.955 10.2705 325.85 -0.0634747
190.011 10.2672 326.427 -0.0530448
190.067 10.2646 327.004 -0.0424536
190.124 10.2629 327.58 -0.023511
190.18 10.2619 328.157 -0.0105027
190.236 10.262 328.734 0.006572
190.292 10.2627 329.31 0.0188206
190.348 10.264 329.887 0.0280525
190.404 10.2661 330.463 0.0434869
190.461 10.2693 331.04 0.0642583
190.517 10.2733 331.617 0.0777312
190.573 10.2783 332.195 0.094885
190.629 10.2841 332.772 0.111564
190.685 10.2905 333.35 0.118255
190.742 10.2976 333.929 0.131213
190.798 10.3056 334.507 0.151847
190.854 10.3145 335.087 0.163768
190.91 10.3242 335.666 0.178364
190.966 10.3348 336.247 0.195226
191.022 10.3462 336.828 0.209606
191.079 10.3584 337.409 0.220701
191.135 10.3711 337.992 0.230467
191.191 10.3843 338.575 0.237236
191.247 10.3979 339.159 0.24539
191.303 10.4118 339.743 0.248779
191.36 10.4258 340.329 0.250411
191.416 10.4401 340.915 0.257055
191.472 10.4549 341.502 0.266817
191.528 10.4701 342.09 0.276478
191.584 10.486 342.679 0.284628
191.64 10.5022 343.268 0.292234
191.697 10.5188 343.859 0.297144
191.753 10.5356 344.45 0.299902
191.809 10.5526 345.043 0.303353
191.865 10.5696 345.636 0.302178
191.921 10.5865 346.23 0.300862
191.978 10.6035 346.826 0.302799
192.034 10.6206 347.422 0.307412
192.09 10.638 348.019 0.308841
192.146 10.6554 348.618 0.307711
192.202 10.6723 349.217 0.298241
192.258 10.6888 349.817 0.291946
192.315 10.7052 350.418 0.290268
192.371 10.7213 351.02 0.285075
192.427 10.7372 351.623 0.279827
192.483 10.7526 352.226 0.269848
192.539 10.7674 352.831 0.259722
192.596 10.7816 353.436 0.247525
192.652 10.7951 354.043 0.236045
192.708 10.8081 354.65 0.226887
192.764 10.8206 355.257 0.220117
192.82 10.8329 355.865 0.215347
192.876 10.8445 356.474 0.201872
192.933 10.8554 357.084 0.187371
192.989 10.8656 357.694 0.176247
193.045 10.875 358.305 0.160577
193.101 10.8837 358.916 0.150581
193.157 10.8917 359.528 0.138658
193.213 10.8988 360.14 0.118654
193.27 10.9049 360.753 0.101626
193.326 10.9103 361.365 0.0906851
193.382 10.915 361.979 0.0789579
193.438 10.919 362.592 0.0651589
193.494 10.9221 363.205 0.048535
193.551 10.9241 363.819 0.0297566
193.607 10.9255 364.433 0.0190159
193.663 10.9263 365.047 0.0113572
193.719 10.9265 365.661 -0.00139787
193.775 10.9259 366.274 -0.0190782
193.831 10.9241 366.888 -0.0355106
193.888 10.9219 367.502 -0.0416085
193.944 10.9194 368.115 -0.0474234
194 10.9165 368.729 -0.053405
194.056 10.9131 369.342 -0.0646251
194.112 10.909 369.955 -0.0778134
194.169 10.9044 370.567 -0.0824836
194.225 10.8995 371.18 -0.0879382
194.281 10.8945 371.792 -0.0908822
194.337 10.8891 372.404 -0.101073
194.393 10.8833 373.015 -0.105027
194.449 10.8774 373.627 -0.107839
194.506 10.8711 374.238 -0.112596
194.562 10.8645 374.848 -0.120548
194.618 10.8574 375.458 -0.129434
194.674 10.8498 376.068 -0.137671
194.73 10.8418 376.677 -0.141406
194.787 10.8337 377.286 -0.149881
194.843 10.8252 377.894 -0.153194
194.899 10.8164 378.502 -0.16193
194.955 10.8071 379.11 -0.167122
195.011 10.7977 379.716 -0.16663
195.067 10.7883 380.323 -0.164393
195.124 10.7791 380.928 -0.166208
195.18 10.7693 381.534 -0.178523
195.236 10.7591 382.138 -0.182256
195.292 10.7489 382.743 -0.182801
195.348 10.7388 383.346 -0.17753
195.404 10.729 383.949 -0.169629
195.461 10.7197 384.551 -0.164222
195.517 10.7107 385.153 -0.157669
195.573 10.7021 385.755 -0.152929
195.629 10.6937 386.356 -0.145012
195.685 10.6862 386.956 -0.126918
195.742 10.6795 387.556 -0.111988
195.798 10.6738 388.156 -0.0962805
195.854 10.6688 388.756 -0.0835375
195.91 10.6645 389.355 -0.0721199
195.966 10.661 389.954 -0.0550715
196.022 10.6585 390.553 -0.0378316
196.079 10.6569 391.151 -0.0230329
196.135 10.6561 391.75 -0.00688084
196.191 10.6563 392.349 0.00731566
196.247 10.657 392.947 0.01547
196.303 10.6583 393.546 0.0288102
196.36 10.6603 394.145 0.0394729
196.416 10.6628 394.744 0.0499706
196.472 10.6661 395.343 0.0654296
196.528 10.6704 395.943 0.0828753
196.584 10.6754 396.542 0.0926631
196.64 10.681 397.142 0.102248
196.697 10.6871 397.742 0.114379
196.753 10.6937 398.343 0.11881
196.809 10.7007 398.944 0.125788
196.865 10.7082 399.545 0.139885
196.921 10.7164 400.147 0.154252
196.978 10.7256 400.75 0.167931
197.034 10.7357 401.352 0.18481
197.09 10.7464 401.956 0.195894
197.146 10.7579 402.56 0.208941
197.202 10.77 403.165 0.218709
197.258 10.7825 403.77 0.228823
197.315 10.7958 404.377 0.242573
197.371 10.8099 404.984 0.255881
197.427 10.8246 405.591 0.266131
197.483 10.8399 406.2 0.276905
197.539 10.856 406.809 0.288316
197.596 10.8722 407.42 0.290923
197.652 10.8886 408.031 0.290151
197.708 10.905 408.644 0.291604
197.764 10.9213 409.257 0.290905
197.82 10.9377 409.871 0.290791
197.876 10.9541 410.486 0.294017
197.933 10.9704 411.102 0.287611
197.989 10.9865 411.719 0.283606
198.045 11.0023 412.336 0.281045
198.101 11.0178 412.955 0.273338
198.157 11.033 413.575 0.267689
198.213 11.0479 414.195 0.262014
198.27 11.0623 414.816 0.252313
198.326 11.0762 415.438 0.243096
198.382 11.0894 416.061 0.230079
198.438 11.1017 416.684 0.211337
198.494 11.113 417.308 0.191042
198.551 11.1232 417.933 0.17484
198.607 11.1324 418.558 0.157849
198.663 11.1408 419.184 0.138683
198.719 11.148 419.81 0.120143
198.775 11.1539 420.436 0.0955412
198.831 11.1585 421.063 0.0723984
198.888 11.1618 421.69 0.0478483
198.944 11.1634 422.317 0.0179838
199 11.1637 422.945 -0.00463455
199.056 11.1627 423.572 -0.026961
199.112 11.1603 424.199 -0.0515471
199.169 11.1567 424.826 -0.0752731
199.225 11.1516 425.452 -0.0987967
199.281 11.1455 426.078 -0.115648
199.337 11.1384 426.704 -0.133835
199.393 11.1304 427.33 -0.1474
199.449 11.1216 427.955 -0.161127
199.506 11.1122 428.579 -0.171267
199.562 11.1024 429.203 -0.177492
199.618 11.0921 429.827 -0.187322
199.674 11.0813 430.45 -0.19571
199.73 11.0702 431.072 -0.196908
199.787 11.059 431.693 -0.199177
199.843 11.0481 432.314 -0.19267
199.899 11.0375 432.934 -0.184966
199.955 11.0273 433.554 -0.181108
200.011 11.0174 434.173 -0.171741
200.067 11.0083 434.792 -0.156734
200.124 11 435.41 -0.140873
200.18 10.9929 436.028 -0.120242
200.236 10.9867 436.645 -0.102433
200.292 10.9814 437.262 -0.0885111
200.348 10.9771 437.879 -0.0687086
200.404 10.974 438.496 -0.0451956
200.461 10.9725 439.112 -0.0144635
200.517 10.9726 439.729 0.0119476
200.573 10.9739 440.345 0.033105
200.629 10.9765 440.962 0.0555183
200.685 10.9803 441.578 0.0759772
200.742 10.9853 442.195 0.0992933
200.798 10.9918 442.813 0.126175
200.854 10.9999 443.431 0.15325
200.91 11.0092 444.049 0.17495
200.966 11.0198 444.668 0.198573
201.022 11.0318 445.287 0.223921
201.079 11.0452 445.907 0.248117
201.135 11.06 446.528 0.273034
201.191 11.0761 447.15 0.297343
201.247 11.0938 447.773 0.326469
201.303 11.1129 448.397 0.348934
201.36 11.1332 449.022 0.368872
201.416 11.1546 449.648 0.386304
201.472 11.1767 450.276 0.399633
201.528 11.1998 450.904 0.417261
201.584 11.2238 451.534 0.433981
201.64 11.2486 452.166 0.446766
201.697 11.2742 452.799 0.458954
201.753 11.3004 453.433 0.470301
201.809 11.3269 454.069 0.47809
201.865 11.3542 454.706 0.490638
201.921 11.3823 455.345 0.504983
201.978 11.4107 455.985 0.508163
202.034 11.4396 456.627 0.51658
202.09 11.4689 457.271 0.524129
202.146 11.4986 457.916 0.532126
202.202 11.5285 458.563 0.533042
202.258 11.5583 459.212 0.524784
202.315 11.5874 459.862 0.513102
202.371 11.6162 460.514 0.511979
202.427 11.6451 461.168 0.516482
202.483 11.6742 461.823 0.518337
202.539 11.7032 462.48 0.515087
202.596 11.7322 463.138 0.516097
202.652 11.7609 463.798 0.50843
202.708 11.7892 464.46 0.50038
202.764 11.8171 465.123 0.490133
202.82 11.8443 465.788 0.48066
202.876 11.871 466.454 0.4678
202.933 11.8967 467.122 0.453502
202.989 11.9218 467.791 0.441292
203.045 11.9462 468.462 0.428395
203.101 11.9698 469.134 0.4151
203.157 11.9927 469.807 0.403286
203.213 12.0149 470.481 0.390551
203.27 12.0366 471.157 0.381816
203.326 12.0575 471.834 0.368
203.382 12.0777 472.512 0.351999
203.438 12.0969 473.191 0.332931
203.494 12.1147 473.872 0.306564
203.551 12.1311 474.553 0.281224
203.607 12.146 475.235 0.256254
203.663 12.16 475.918 0.245222
203.719 12.1732 476.601 0.226266
203.775 12.1851 477.285 0.205623
203.831 12.1961 477.97 0.191607
203.888 12.2064 478.656 0.176701
203.944 12.2156 479.342 0.153306
204 12.2232 480.028 0.126847
204.056 12.2298 480.715 0.110267
204.112 12.2354 481.403 0.093716
204.169 12.24 482.09 0.0788117
204.225 12.2438 482.778 0.0559964
204.281 12.2463 483.466 0.0377716
204.337 12.2478 484.154 0.0210554
204.393 12.2484 484.842 0.001984
204.449 12.248 485.53 -0.0159601
204.506 12.2465 486.218 -0.0320608
204.562 12.2443 486.906 -0.0426132
204.618 12.2411 487.594 -0.0662582
204.674 12.2365 488.281 -0.0903171
204.73 12.2311 488.969 -0.0994596
204.787 12.2249 489.656 -0.118258
204.843 12.2179 490.342 -0.134163
204.899 12.2097 491.028 -0.153012
204.955 12.2005 491.714 -0.169324
205.011 12.1905 492.399 -0.182384
205.067 12.1797 493.084 -0.199478
205.124 12.1682 493.767 -0.209705
205.18 12.1561 494.451 -0.217388
205.236 12.1437 495.133 -0.224122
205.292 12.1306 495.815 -0.239719
205.348 12.1165 496.496 -0.256467
205.404 12.1018 497.176 -0.264647
205.461 12.0869 497.856 -0.264714
205.517 12.0719 498.534 -0.270806
205.573 12.0565 499.212 -0.276421
205.629 12.0409 499.889 -0.278304
205.685 12.0253 500.565 -0.274838
205.742 12.0102 501.24 -0.265844
205.798 11.9953 501.914 -0.264485
205.854 11.9806 502.587 -0.257496
205.91 11.9665 503.26 -0.247645
205.966 11.9529 503.932 -0.236535
206.022 11.94 504.603 -0.226565
206.079 11.9277 505.273 -0.213416
206.135 11.9161 505.943 -0.202579
206.191 11.9052 506.612 -0.186278
206.247 11.8955 507.28 -0.163322
206.303 11.8872 507.948 -0.139535
206.36 11.8799 508.616 -0.123755
206.416 11.8735 509.283 -0.107044
206.472 11.8683 509.95 -0.0825734
206.528 11.8644 510.617 -0.0622994
206.584 11.8614 511.283 -0.0469821
206.64 11.8594 511.949 -0.0247052
206.697 11.8587 512.616 -0.00473732
206.753 11.8593 513.282 0.0209622
206.809 11.8613 513.948 0.0463512
206.865 11.8645 514.615 0.0643045
206.921 11.8689 515.281 0.0856605
206.978 11.8746 515.948 0.114652
207.034 11.882 516.616 0.141835
207.09 11.8909 517.283 0.168523
207.146 11.9007 517.952 0.18019
207.202 11.9112 518.621 0.19292
207.258 11.9229 519.29 0.217123
207.315 11.9358 519.96 0.237546
207.371 11.9497 520.632 0.254094
207.427 11.9646 521.303 0.269345
207.483 11.9802 521.976 0.284932
207.539 11.9965 522.65 0.291992
207.596 12.0132 523.324 0.301904
207.652 12.0304 524 0.305802
207.708 12.0473 524.676 0.297196
207.764 12.0639 525.353 0.292746
207.82 12.0802 526.032 0.288288
207.876 12.096 526.711 0.277633
207.933 12.1113 527.391 0.267015
207.989 12.1259 528.072 0.25501
208.045 12.1398 528.754 0.239097
208.101 12.1526 529.436 0.219158
208.157 12.1643 530.119 0.200162
208.213 12.1744 530.803 0.169712
208.27 12.183 531.487 0.1389
208.326 12.1898 532.172 0.111728
208.382 12.1951 532.857 0.0801686
208.438 12.1986 533.542 0.0489268
208.494 12.2003 534.227 0.0195246
208.551 12.2004 534.913 -0.00961127
208.607 12.199 535.598 -0.0353439
208.663 12.1961 536.284 -0.0598998
208.719 12.1918 536.969 -0.0884225
208.775 12.1859 537.653 -0.118075
208.831 12.1783 538.338 -0.146666
208.888 12.169 539.022 -0.17925
208.944 12.158 539.705 -0.207206
209 12.1456 540.387 -0.229777
209.056 12.1318 541.069 -0.256197
209.112 12.1167 541.75 -0.276025
209.169 12.1005 542.431 -0.29624
209.225 12.0834 543.11 -0.310589
209.281 12.0656 543.788 -0.325036
209.337 12.0466 544.465 -0.344038
209.393 12.0268 545.141 -0.35838
209.449 12.0063 545.816 -0.369932
209.506 11.9854 546.49 -0.372546
209.562 11.9644 547.163 -0.373014
209.618 11.9434 547.834 -0.374263
209.674 11.9224 548.504 -0.373168
209.73 11.9013 549.174 -0.374912
209.787 11.8804 549.841 -0.370092
209.843 11.8599 550.508 -0.359161
209.899 11.8403 551.174 -0.34014
209.955 11.8218 551.838 -0.323515
210.011 11.804 552.502 -0.311504
210.067 11.7872 553.164 -0.288887
210.124 11.7717 553.826 -0.265923
210.18 11.7579 554.487 -0.232687
210.236 11.7459 555.147 -0.203119
210.292 11.7352 555.807 -0.181583
210.348 11.726 556.466 -0.152181
210.404 11.7183 557.124 -0.125408
210.461 11.7124 557.782 -0.0917526
210.517 11.7084 558.44 -0.0557352
210.573 11.7062 559.098 -0.0289007
210.629 11.7058 559.755 0.00445421
210.685 11.7071 560.413 0.0373407
210.742 11.7103 561.071 0.0693551
210.798 11.7154 561.729 0.101139
210.854 11.7221 562.387 0.13478
210.91 11.7307 563.046 0.166085
210.966 11.7411 563.706 0.197713
211.022 11.7534 564.366 0.232068
211.079 11.7676 565.026 0.264626
211.135 11.7834 565.688 0.294433
211.191 11.8011 566.351 0.328007
211.247 11.8207 567.014 0.363499
211.303 11.8421 567.679 0.392979
211.36 11.8653 568.345 0.42802
211.416 11.8903 569.012 0.454648
211.472 11.9166 569.681 0.477919
211.528 11.9442 570.352 0.502362
211.584 11.9732 571.024 0.523851
211.64 12.0033 571.697 0.540524
211.697 12.0345 572.373 0.564933
211.753 12.0669 573.05 0.584819
211.809 12.1005 573.729 0.603195
211.865 12.1348 574.41 0.615061
211.921 12.1695 575.093 0.620208
211.978 12.2048 575.778 0.633263
212.034 12.2407 576.465 0.639007
212.09 12.2767 577.153 0.639921
212.146 12.3126 577.844 0.637534
212.202 12.3484 578.537 0.63625
212.258 12.3839 579.232 0.629057
212.315 12.4195 579.929 0.633195
212.371 12.4548 580.628 0.62686
212.427 12.4898 581.329 0.621277
212.483 12.5246 582.032 0.614148
212.539 12.5589 582.737 0.609653
212.596 12.5929 583.443 0.602209
212.652 12.6264 584.152 0.591421
212.708 12.6593 584.862 0.579875
212.764 12.6914 585.575 0.568715
212.82 12.7231 586.289 0.560556
212.876 12.7543 587.005 0.55169
212.933 12.7851 587.722 0.543783
212.989 12.8151 588.441 0.526852
213.045 12.8444 589.162 0.514828
213.101 12.8728 589.885 0.502317
213.157 12.9006 590.609 0.48862
213.213 12.9279 591.335 0.481237
213.27 12.9544 592.062 0.467582
213.326 12.9803 592.791 0.457833
213.382 13.0055 593.521 0.444551
213.438 13.03 594.252 0.431001
213.494 13.0538 594.985 0.41667
213.551 13.0771 595.719 0.411077
213.607 13.0998 596.455 0.402995
213.663 13.1221 597.191 0.39182
213.719 13.1436 597.929 0.375509
213.775 13.1641 598.668 0.356919
213.831 13.1835 599.408 0.336207
213.888 13.2018 600.15 0.318726
213.944 13.219 600.892 0.297757
214 13.2352 601.635 0.280902
214.056 13.2504 602.379 0.265592
214.112 13.2647 603.124 0.247591
214.169 13.278 603.87 0.22837
214.225 13.2902 604.616 0.210572
214.281 13.3013 605.363 0.188581
214.337 13.3111 606.111 0.163357
214.393 13.3193 606.859 0.134459
214.449 13.3258 607.607 0.105168
214.506 13.331 608.356 0.0804634
214.562 13.3348 609.105 0.0593303
214.618 13.3374 609.854 0.0373837
214.674 13.3386 610.604 0.0103241
214.73 13.3383 611.353 -0.0151876
214.787 13.3365 612.102 -0.0448744
214.843 13.3329 612.852 -0.0750677
214.899 13.3279 613.6 -0.098619
214.955 13.3213 614.349 -0.128364
215.011 13.3134 615.097 -0.150917
215.067 13.3044 615.845 -0.165872
215.124 13.2942 616.592 -0.189294
215.18 13.2829 617.338 -0.211135
215.236 13.2704 618.084 -0.228849
215.292 13.2569 618.829 -0.247284
215.348 13.2427 619.574 -0.258444
215.404 13.2277 620.317 -0.272473
215.461 13.212 621.06 -0.283801
215.517 13.1958 621.801 -0.292055
215.573 13.1794 622.542 -0.295219
215.629 13.1624 623.282 -0.303452
215.685 13.1454 624.021 -0.302565
215.742 13.1286 624.759 -0.296836
215.798 13.1118 625.496 -0.29702
215.854 13.0951 626.232 -0.29485
215.91 13.079 626.967 -0.284277
215.966 13.0635 627.701 -0.268122
216.022 13.0491 628.435 -0.249875
216.079 13.0356 629.167 -0.236708
216.135 13.0229 629.899 -0.216793
216.191 13.0115 630.63 -0.194419
216.247 13.0012 631.361 -0.175728
216.303 12.9917 632.091 -0.162393
216.36 12.9835 632.821 -0.137175
216.416 12.9767 633.55 -0.111171
216.472 12.971 634.279 -0.093714
216.528 12.9664 635.007 -0.0778514
216.584 12.9626 635.736 -0.0578449
216.64 12.96 636.464 -0.0385064
216.697 12.9583 637.192 -0.0241888
216.753 12.9574 637.92 -0.0094973
216.809 12.9572 638.648 0.00158849
216.865 12.9577 639.376 0.012339
216.921 12.959 640.104 0.028448
216.978 12.9608 640.832 0.0331839
217.034 12.9627 641.56 0.0325486
217.09 12.9644 642.288 0.0299171
217.146 12.966 643.017 0.0268558
217.202 12.9673 643.745 0.018017
217.258 12.9682 644.474 0.0151221
217.315 12.9687 645.202 0.00662381
217.371 12.9687 645.931 -0.00813796
217.427 12.9678 646.659 -0.0216547
217.483 12.966 647.388 -0.0378252
217.539 12.9632 648.116 -0.060239
217.596 12.9593 648.844 -0.0755271
217.652 12.9543 649.572 -0.0988351
217.708 12.948 650.3 -0.122498
217.764 12.9401 651.027 -0.151411
217.82 12.9305 651.754 -0.184477
217.876 12.9192 652.48 -0.211785
217.933 12.9063 653.205 -0.238572
217.989 12.8922 653.93 -0.257379
218.045 12.8766 654.653 -0.292005
218.101 12.859 655.376 -0.330195
218.157 12.8393 656.098 -0.363046
218.213 12.818 656.819 -0.391238
218.27 12.7954 657.538 -0.409653
218.326 12.7717 658.256 -0.430072
218.382 12.7467 658.973 -0.454424
218.438 12.7206 659.688 -0.472923
218.494 12.6934 660.402 -0.487956
218.551 12.6653 661.114 -0.508808
218.607 12.6364 661.824 -0.517816
218.663 12.6067 662.533 -0.53282
218.719 12.5765 663.24 -0.542085
218.775 12.5461 663.946 -0.540397
218.831 12.5158 664.65 -0.541308
218.888 12.4852 665.352 -0.542637
218.944 12.4551 666.052 -0.532584
219 12.4253 666.751 -0.525055
219.056 12.3963 667.448 -0.513197
219.112 12.3677 668.144 -0.505076
219.169 12.3397 668.837 -0.493309
219.225 12.3126 669.53 -0.474446
219.281 12.2869 670.221 -0.444853
219.337 12.2624 670.91 -0.430632
219.393 12.239 671.598 -0.409182
219.449 12.2167 672.285 -0.387433
219.506 12.1959 672.971 -0.355677
219.562 12.1771 673.655 -0.32229
219.618 12.1597 674.339 -0.298989
219.674 12.1438 675.021 -0.267766
219.73 12.1302 675.703 -0.22817
219.787 12.1185 676.384 -0.195738
219.843 12.1086 677.064 -0.161837
219.899 12.1006 677.744 -0.128442
219.955 12.0946 678.424 -0.0893362
220.011 12.0909 679.103 -0.0533868
220.067 12.0891 679.783 -0.0139227
220.124 12.0896 680.462 0.0294021
220.18 12.0927 681.141 0.0693482
220.236 12.0979 681.821 0.108743
220.292 12.1051 682.5 0.14187
220.348 12.1144 683.181 0.183241
220.404 12.1259 683.862 0.212552
220.461 12.1391 684.543 0.25331
220.517 12.154 685.226 0.276681
220.573 12.1704 685.909 0.30166
220.629 12.1882 686.594 0.327882
220.685 12.2071 687.279 0.344967
220.742 12.2271 687.965 0.362717
220.798 12.2479 688.653 0.373241
220.854 12.2694 689.342 0.388057
220.91 12.2912 690.032 0.385776
220.966 12.313 690.723 0.389919
221.022 12.335 691.416 0.391806
221.079 12.3568 692.109 0.385712
221.135 12.3785 692.804 0.38719
221.191 12.4001 693.5 0.38194
221.247 12.4215 694.198 0.382317
221.303 12.443 694.896 0.382112
221.36 12.4643 695.596 0.377143
221.416 12.4852 696.297 0.366543
221.472 12.5054 696.999 0.353171
221.528 12.5248 697.702 0.340339
221.584 12.5435 698.407 0.325981
221.64 12.5615 699.112 0.318092
221.697 12.579 699.818 0.307896
221.753 12.596 700.526 0.296203
221.809 12.6124 701.234 0.289456
221.865 12.6282 701.943 0.277616
221.921 12.6434 702.653 0.264005
221.978 12.6578 703.364 0.251593
222.034 12.6714 704.075 0.239093
222.09 12.6842 704.787 0.222656
222.146 12.6963 705.5 0.212275
222.202 12.7075 706.214 0.192631
222.258 12.7177 706.928 0.174383
222.315 12.727 707.643 0.161226
222.371 12.7357 708.358 0.149528
222.427 12.7438 709.074 0.135808
222.483 12.7513 709.79 0.132232
222.539 12.7583 710.507 0.11754
222.596 12.7644 711.224 0.0988053
222.652 12.7694 711.941 0.08484
222.708 12.7735 712.659 0.0657763
222.764 12.7769 713.377 0.0568341
222.82 12.7799 714.094 0.0501423
222.876 12.7824 714.812 0.0427205
222.933 12.7847 715.531 0.0409078
222.989 12.787 716.249 0.0393627
223.045 12.7891 716.967 0.035365
223.101 12.7909 717.686 0.0318228
223.157 12.7928 718.405 0.0388308
223.213 12.7948 719.123 0.0349926
223.27 12.7967 719.842 0.0337886
223.326 12.7987 720.561 0.0343878
223.382 12.8004 721.28 0.0310828
223.438 12.802 722 0.0270503
223.494 12.8037 722.719 0.0306967
223.551 12.8054 723.438 0.0319628
223.607 12.8074 724.158 0.0380851
223.663 12.8098 724.877 0.0470554
223.719 12.8125 725.597 0.0520604
223.775 12.8157 726.317 0.0580111
223.831 12.8191 727.037 0.0623476
223.888 12.8226 727.757 0.0620166
223.944 12.8261 728.478 0.0613981
224 12.8296 729.198 0.0662458
224.056 12.8335 729.919 0.0711497
224.112 12.8378 730.64 0.0798806
224.169 12.8426 731.362 0.088945
224.225 12.8478 732.083 0.0960225
224.281 12.8536 732.805 0.106429
224.337 12.8601 733.528 0.120208
224.393 12.867 734.25 0.129774
224.449 12.8745 734.974 0.134432
224.506 12.8822 735.697 0.14255
224.562 12.8905 736.421 0.149925
224.618 12.8993 737.146 0.160492
224.674 12.9088 737.871 0.175817
224.73 12.919 738.596 0.187018
224.787 12.9297 739.322 0.191091
224.843 12.9408 740.049 0.20154
224.899 12.9523 740.776 0.208757
224.955 12.9643 741.505 0.216449
225.011 12.9765 742.233 0.216321
225.067 12.9885 742.963 0.210172
225.124 13.0004 743.693 0.212479
225.18 13.0122 744.424 0.209619
225.236 13.0238 745.155 0.205716
225.292 13.0353 745.887 0.202796
225.348 13.0467 746.62 0.203793
225.404 13.0581 747.353 0.202398
225.461 13.0694 748.087 0.198435
225.517 13.0804 748.822 0.193027
225.573 13.091 749.557 0.188624
225.629 13.1015 750.293 0.184213
225.685 13.1118 751.029 0.182811
225.742 13.1221 751.766 0.182062
225.798 13.132 752.504 0.17166
225.854 13.1414 753.242 0.166136
225.91 13.1504 753.98 0.156399
225.966 13.1588 754.719 0.14438
226.022 13.1666 755.459 0.134799
226.079 13.1738 756.199 0.122751
226.135 13.1801 756.939 0.104923
226.191 13.1855 757.68 0.0916201
226.247 13.1902 758.421 0.0804247
226.303 13.1942 759.162 0.061533
226.36 13.1972 759.903 0.0501844
226.416 13.1992 760.645 0.0267987
226.472 13.2002 761.386 0.0111873
226.528 13.2002 762.128 -0.00736864
226.584 13.199 762.869 -0.0283012
226.64 13.197 763.611 -0.0424139
226.697 13.194 764.352 -0.0604814
226.753 13.1901 765.093 -0.075407
226.809 13.1853 765.834 -0.0922537
226.865 13.1795 766.575 -0.112127
226.921 13.1725 767.315 -0.133329
226.978 13.1642 768.055 -0.159104
227.034 13.1546 768.794 -0.180043
227.09 13.1435 769.532 -0.207172
227.146 13.1312 770.27 -0.226842
227.202 13.1177 771.008 -0.24603
227.258 13.1031 771.744 -0.270556
227.315 13.087 772.48 -0.296847
227.371 13.0694 773.214 -0.323221
227.427 13.0502 773.948 -0.353911
227.483 13.0296 774.68 -0.375966
227.539 13.0076 775.412 -0.402892
227.596 12.9837 776.142 -0.440776
227.652 12.9579 776.87 -0.469962
227.708 12.9305 777.597 -0.499617
227.764 12.9015 778.323 -0.526297
227.82 12.8708 779.047 -0.563131
227.876 12.838 779.769 -0.594654
227.933 12.8034 780.489 -0.629622
227.989 12.7671 781.207 -0.659505
228.045 12.7294 781.923 -0.679444
228.101 12.6903 782.637 -0.70501
228.157 12.6503 783.348 -0.717968
228.213 12.6094 784.057 -0.735348
228.27 12.5675 784.764 -0.750309
228.326 12.525 785.469 -0.762878
228.382 12.4818 786.171 -0.769246
228.438 12.4385 786.871 -0.769437
228.494 12.3954 787.568 -0.767898
228.551 12.3524 788.263 -0.761251
228.607 12.3097 788.956 -0.75932
228.663 12.2674 789.646 -0.747385
228.719 12.2257 790.334 -0.740364
228.775 12.1844 791.019 -0.729952
228.831 12.144 791.702 -0.71117
228.888 12.1049 792.383 -0.689493
228.944 12.067 793.062 -0.66489
229 12.0306 793.739 -0.639824
229.056 11.9954 794.413 -0.614144
229.112 11.9618 795.086 -0.59084
229.169 11.9294 795.757 -0.56652
229.225 11.8985 796.426 -0.536811
229.281 11.8693 797.094 -0.507738
229.337 11.8417 797.759 -0.481628
229.393 11.8156 798.424 -0.449006
229.449 11.7914 799.087 -0.418192
229.506 11.7692 799.749 -0.380133
229.562 11.7492 800.409 -0.342915
229.618 11.7309 801.068 -0.313295
229.674 11.7144 801.727 -0.28179
229.73 11.6996 802.385 -0.251302
229.787 11.6863 803.041 -0.224997
229.843 11.6747 803.698 -0.195363
229.899 11.6648 804.353 -0.16632
229.955 11.6566 805.008 -0.132398
230.011 11.6501 805.663 -0.106081
230.067 11.6449 806.317 -0.0793871
230.124 11.6411 806.971 -0.0582719
230.18 11.6389 807.625 -0.0293586
230.236 11.6383 808.279 0.00321602
230.292 11.6395 808.933 0.0365946
230.348 11.6427 809.587 0.0714987
230.404 11.6477 810.241 0.100438
230.461 11.6544 810.896 0.130117
230.517 11.6628 811.551 0.162495
230.573 11.6728 812.206 0.188596
230.629 11.6842 812.862 0.210036
230.685 11.6967 813.519 0.235304
230.742 11.7106 814.177 0.253585
230.798 11.7256 814.835 0.275487
230.854 11.7416 815.494 0.291876
230.91 11.7586 816.155 0.30851
230.966 11.7764 816.816 0.319503
231.022 11.7948 817.478 0.332974
231.079 11.8138 818.141 0.343296
231.135 11.8333 818.806 0.350958
231.191 11.8533 819.471 0.357145
231.247 11.8736 820.138 0.36552
231.303 11.8944 820.805 0.37541
231.36 11.9158 821.474 0.384288
231.416 11.9374 822.145 0.387535
231.472 11.9593 822.816 0.389594
231.528 11.9813 823.489 0.393768
231.584 12.0037 824.162 0.400393
231.64 12.0262 824.838 0.400845
231.697 12.0488 825.514 0.400281
231.753 12.0714 826.192 0.402051
231.809 12.0938 826.87 0.39816
231.865 12.116 827.551 0.394469
231.921 12.1382 828.232 0.39382
231.978 12.1601 828.915 0.389256
232.034 12.1817 829.599 0.378091
232.09 12.2028 830.284 0.369817
232.146 12.2229 830.97 0.354005
232.202 12.2422 831.657 0.333732
232.258 12.2606 832.346 0.323692
232.315 12.2783 833.035 0.310315
232.371 12.2954 833.725 0.299958
232.427 12.3119 834.417 0.288921
232.483 12.3275 835.109 0.269127
232.539 12.3418 835.802 0.246727
232.596 12.355 836.496 0.228062
232.652 12.3672 837.19 0.209239
232.708 12.3784 837.885 0.192426
232.764 12.3891 838.581 0.185486
232.82 12.3996 839.278 0.188962
232.876 12.41 839.975 0.183868
232.933 12.4202 840.672 0.181438
232.989 12.4301 841.37 0.172623
233.045 12.4396 842.069 0.165989
233.101 12.4486 842.768 0.157484
233.157 12.4571 843.468 0.148533
233.213 12.4652 844.168 0.142787
233.27 12.4733 844.868 0.144475
233.326 12.4812 845.569 0.138732
233.382 12.4889 846.271 0.135991
233.438 12.4964 846.973 0.130348
233.494 12.5032 847.675 0.118316
233.551 12.5097 848.378 0.113055
233.607 12.5158 849.081 0.106717
233.663 12.5214 849.784 0.0989981
233.719 12.5268 850.488 0.0932213
233.775 12.5319 851.192 0.0860909
233.831 12.5365 851.896 0.0789442
233.888 12.5406 852.6 0.0675649
233.944 12.5442 853.305 0.0619585
234 12.5473 854.01 0.0531179
234.056 12.5501 854.715 0.0462166
234.112 12.5526 855.42 0.0452898
234.169 12.555 856.125 0.0413478
234.225 12.5572 856.83 0.0375479
234.281 12.5593 857.536 0.0365262
234.337 12.5611 858.242 0.0324116
234.393 12.5629 858.947 0.0305503
234.449 12.5648 859.653 0.0326197
234.506 12.5666 860.359 0.0319677
234.562 12.5682 861.065 0.026512
234.618 12.5696 861.771 0.0260159
234.674 12.5711 862.478 0.025976
234.73 12.5725 863.184 0.024459
234.787 12.574 863.89 0.0274815
234.843 12.5755 864.597 0.0266342
234.899 12.577 865.303 0.0250432
234.955 12.5784 866.01 0.0270324
235.011 12.5799 866.717 0.0275747
235.067 12.5816 867.423 0.0315503
235.124 12.5835 868.13 0.0353171
235.18 12.5854 868.837 0.036544
235.236 12.5876 869.544 0.039961
235.292 12.5901 870.252 0.0466591
235.348 12.5927 870.959 0.0459209
235.404 12.5952 871.667 0.043644
235.461 12.5975 872.374 0.0420889
235.517 12.5997 873.082 0.0366721
235.573 12.6018 873.79 0.0357232
235.629 12.6038 874.498 0.0371343
235.685 12.606 875.206 0.0424864
235.742 12.6086 875.914 0.048383
235.798 12.6114 876.623 0.051757
235.854 12.6144 877.331 0.0534594
235.91 12.6174 878.04 0.0515362
235.966 12.6204 878.749 0.053658
236.022 12.6231 879.458 0.0466678
236.079 12.6258 880.168 0.0462443
236.135 12.6285 880.877 0.0505698
236.191 12.6314 881.586 0.0557423
236.247 12.6348 882.296 0.0605076
236.303 12.6383 883.006 0.0638124
236.36 12.6415 883.716 0.0521102
236.416 12.6443 884.427 0.0449032
236.472 12.6465 885.137 0.038647
236.528 12.6485 885.848 0.0331265
236.584 12.6502 886.558 0.0283338
236.64 12.6518 887.269 0.0273398
236.697 12.6531 887.98 0.0202902
236.753 12.6538 888.691 0.00864008
236.809 12.6541 889.402 0.000986906
236.865 12.6539 890.112 -0.00470141
236.921 12.6534 890.823 -0.0110206
236.978 12.6526 891.534 -0.0162126
237.034 12.6515 892.245 -0.0228028
237.09 12.6499 892.956 -0.0314804
237.146 12.648 893.666 -0.033676
237.202 12.646 894.377 -0.0359162
237.258 12.6441 895.087 -0.0350446
237.315 12.6423 895.797 -0.0304573
237.371 12.6405 896.508 -0.0325561
237.427 12.6385 897.218 -0.0368393
237.483 12.6364 897.928 -0.0392467
237.539 12.6344 898.637 -0.0324483
237.596 12.6328 899.347 -0.0283768
237.652 12.6315 900.057 -0.0172793
237.708 12.6307 900.766 -0.00970349
237.764 12.6307 901.476 0.0051679
237.82 12.6313 902.186 0.0143792
237.876 12.6322 902.895 0.0179459
237.933 12.6335 903.605 0.0248375
237.989 12.6351 904.315 0.0338946
238.045 12.6373 905.025 0.0406608
238.101 12.6397 905.735 0.0458904
238.157 12.6428 906.445 0.060788
238.213 12.6465 907.155 0.0705973
238.27 12.6506 907.866 0.0715937
238.326 12.655 908.577 0.0812557
238.382 12.6597 909.288 0.0848605
238.438 12.6646 909.999 0.0884756
238.494 12.6696 910.711 0.0878386
238.551 12.6745 911.423 0.0878622
238.607 12.6795 912.135 0.0894991
238.663 12.6847 912.848 0.0939975
238.719 12.6899 913.56 0.09357
238.775 12.6953 914.274 0.0942918
238.831 12.7006 914.987 0.0954502
238.888 12.7059 915.701 0.0972947
238.944 12.7112 916.415 0.0886139
239 12.7157 917.129 0.0777794
239.056 12.7195 917.843 0.059426
239.112 12.7223 918.558 0.0443489
239.169 12.7242 919.273 0.0278358
239.225 12.7252 919.988 0.0108469
239.281 12.725 920.703 -0.0184895
239.337 12.7233 921.418 -0.0379281
239.393 12.7205 922.132 -0.0566636
239.449 12.7166 922.847 -0.0784431
239.506 12.7115 923.561 -0.0997244
239.562 12.7049 924.275 -0.128873
239.618 12.697 924.988 -0.149153
239.674 12.6879 925.701 -0.164333
239.73 12.6781 926.414 -0.17955
239.787 12.6677 927.126 -0.191186
239.843 12.6567 927.837 -0.198654
239.899 12.645 928.548 -0.214029
239.955 12.6331 929.258 -0.210918
240.011 12.6213 929.967 -0.210739
240.067 12.6095 930.676 -0.207273
240.124 12.598 931.384 -0.203133
240.18 12.587 932.091 -0.191208
240.236 12.5763 932.798 -0.185666
240.292 12.5665 933.504 -0.171134
240.348 12.5573 934.21 -0.157449
240.404 12.549 934.915 -0.140693
240.461 12.5415 935.62 -0.128658
240.517 12.5349 936.324 -0.108556
240.573 12.5291 937.028 -0.0960872
240.629 12.5242 937.732 -0.0845793
240.685 12.5198 938.435 -0.0728271
240.742 12.5159 939.138 -0.0695234
240.798 12.5124 939.841 -0.0586149
240.854 12.5092 940.544 -0.0561926
240.91 12.5061 941.247 -0.0554125
240.966 12.503 941.949 -0.0563973
241.022 12.5 942.652 -0.0516448
241.079 12.497 943.354 -0.0534845
241.135 12.4939 944.056 -0.0585514
241.191 12.4906 944.758 -0.0579066
241.247 12.4872 945.459 -0.0601149
241.303 12.4841 946.161 -0.0542482
241.36 12.4813 946.862 -0.0469481
241.416 12.4788 947.563 -0.041214
241.472 12.4766 948.264 -0.0399429
241.528 12.4747 948.965 -0.0289249
241.584 12.4733 949.666 -0.0238886
241.64 12.4722 950.366 -0.0176601
241.697 12.4715 951.067 -0.0102651
241.753 12.4708 951.768 -0.0107479
241.809 12.4702 952.468 -0.0111736
241.865 12.4697 953.169 -0.00728672
241.921 12.4693 953.869 -0.00507102
241.978 12.4692 954.57 -0.002267
242.034 12.4688 955.27 -0.0113762
242.09 12.4679 955.971 -0.0182965
242.146 12.4669 956.671 -0.0196706
242.202 12.4658 957.372 -0.0199332
242.258 12.4646 958.072 -0.022401
242.315 12.463 958.772 -0.0326806
242.371 12.4611 959.472 -0.0367473
242.427 12.4589 960.172 -0.0409272
242.483 12.4566 960.872 -0.0391449
242.539 12.4543 961.572 -0.0438891
242.596 12.4516 962.271 -0.0487735
242.652 12.4489 962.971 -0.0513988
242.708 12.4461 963.67 -0.0505101
242.764 12.4428 964.369 -0.0630174
242.82 12.4389 965.068 -0.072406
242.876 12.4348 965.767 -0.0705064
242.933 12.4309 966.465 -0.0675558
242.989 12.4272 967.163 -0.0639231
243.045 12.4238 967.862 -0.0600192
243.101 12.4204 968.559 -0.0595112
243.157 12.417 969.257 -0.0599001
243.213 12.4139 969.955 -0.0559209
243.27 12.4108 970.652 -0.0529306
243.326 12.4081 971.349 -0.0464834
243.382 12.4057 972.046 -0.0430018
243.438 12.4034 972.743 -0.041036
243.494 12.4012 973.44 -0.0385651
243.551 12.3993 974.136 -0.0310384
243.607 12.3974 974.833 -0.0314361
243.663 12.3958 975.529 -0.0291229
243.719 12.3944 976.226 -0.023097
243.775 12.3933 976.922 -0.0159793
243.831 12.3925 977.618 -0.0126147
243.888 12.392 978.314 -0.00568792
243.944 12.3918 979.01 0.000107033
244 12.3921 979.707 0.00739164
244.056 12.3927 980.403 0.0129026
244.112 12.3936 981.099 0.0180516
244.169 12.395 981.795 0.0284019
244.225 12.397 982.492 0.039027
244.281 12.3992 983.188 0.0424584
244.337 12.4019 983.885 0.0531091
244.393 12.4053 984.582 0.0668661
244.449 12.4095 985.279 0.0825547
244.506 12.4148 985.976 0.0987788
244.562 12.4208 986.674 0.111639
244.618 12.4275 987.372 0.125092
244.674 12.4349 988.07 0.137439
244.73 12.4432 988.769 0.154277
244.787 12.4524 989.468 0.172195
244.843 12.4624 990.168 0.18138
244.899 12.473 990.869 0.196114
244.955 12.4843 991.57 0.205616
245.011 12.4962 992.272 0.215684
245.067 12.5086 992.974 0.223565
245.124 12.5213 993.677 0.228153
245.18 12.5344 994.381 0.236529
245.236 12.5482 995.086 0.250509
245.292 12.5625 995.791 0.258807
245.348 12.5774 996.498 0.267117
245.404 12.5926 997.205 0.27082
245.461 12.6078 997.913 0.269268
245.517 12.6226 998.621 0.260128
245.573 12.637 999.331 0.253358
245.629 12.6508 1000.04 0.241112
245.685 12.664 1000.75 0.229854
245.742 12.6767 1001.46 0.221306
245.798 12.6885 1002.18 0.203148
245.854 12.6994 1002.89 0.187856
245.91 12.7094 1003.6 0.168823
245.966 12.7179 1004.32 0.14053
246.022 12.7251 1005.03 0.118979
246.079 12.7312 1005.75 0.100289
246.135 12.7359 1006.46 0.0758278
246.191 12.7395 1007.18 0.0527703
246.247 12.7414 1007.9 0.0226875
246.303 12.7418 1008.61 -0.00496404
246.36 12.7407 1009.33 -0.0296246
246.416 12.7382 1010.04 -0.05289
246.472 12.7342 1010.76 -0.083455
246.528 12.7286 1011.47 -0.10816
246.584 12.7218 1012.19 -0.129548
246.64 12.7139 1012.9 -0.148377
246.697 12.705 1013.62 -0.165388
246.753 12.6951 1014.33 -0.183832
246.809 12.6841 1015.04 -0.200548
246.865 12.6724 1015.75 -0.214492
246.921 12.6598 1016.47 -0.227771
246.978 12.6466 1017.18 -0.239247
247.034 12.6331 1017.89 -0.242385
247.09 12.6193 1018.6 -0.247585
247.146 12.6051 1019.3 -0.252563
247.202 12.5911 1020.01 -0.249006
247.258 12.5773 1020.72 -0.245131
247.315 12.5636 1021.43 -0.240879
247.371 12.5501 1022.13 -0.240569
247.427 12.5369 1022.84 -0.233946
247.483 12.524 1023.54 -0.226154
247.539 12.5117 1024.24 -0.21596
247.596 12.5 1024.95 -0.202246
247.652 12.489 1025.65 -0.188478
247.708 12.479 1026.35 -0.170753
247.764 12.4703 1027.05 -0.145884
247.82 12.4628 1027.75 -0.122305
247.876 12.4565 1028.45 -0.106569
247.933 12.4514 1029.15 -0.0815126
247.989 12.4473 1029.85 -0.0637567
248.045 12.4447 1030.55 -0.0371758
248.101 12.4435 1031.25 -0.0107579
248.157 12.4438 1031.95 0.0175425
248.213 12.4457 1032.64 0.044895
248.27 12.4494 1033.34 0.0794736
248.326 12.4548 1034.04 0.107522
248.382 12.4616 1034.74 0.127999
248.438 12.4695 1035.44 0.150071
248.494 12.4786 1036.14 0.168811
248.551 12.4889 1036.85 0.191507
248.607 12.5004 1037.55 0.213289
248.663 12.513 1038.25 0.230476
248.719 12.5266 1038.95 0.248774
248.775 12.5413 1039.66 0.270006
248.831 12.557 1040.36 0.284016
248.888 12.5733 1041.07 0.295813
248.944 12.5903 1041.78 0.306469
249 12.6078 1042.48 0.315492
249.056 12.6258 1043.19 0.321239
249.112 12.6441 1043.9 0.330222
249.169 12.6629 1044.61 0.337638
249.225 12.682 1045.33 0.341573
249.281 12.7012 1046.04 0.341799
249.337 12.7202 1046.75 0.338882
249.393 12.7392 1047.47 0.337608
249.449 12.7583 1048.19 0.341282
249.506 12.7776 1048.9 0.344066
249.562 12.7972 1049.62 0.347929
249.618 12.8169 1050.34 0.354449
249.674 12.8371 1051.06 0.362308
249.73 12.8577 1051.78 0.369093
249.787 12.8786 1052.51 0.37354
249.843 12.8998 1053.23 0.380701
249.899 12.9215 1053.96 0.390527
249.955 12.9436 1054.68 0.397919
250.011 12.9661 1055.41 0.402716
250.067 12.989 1056.14 0.40764
250.124 13.0121 1056.87 0.415509
250.18 13.0355 1057.6 0.420673
250.236 13.0593 1058.34 0.424247
250.292 13.0835 1059.07 0.434408
250.348 13.1081 1059.81 0.440366
250.404 13.1329 1060.54 0.441894
250.461 13.1578 1061.28 0.443872
250.517 13.1827 1062.02 0.442377
250.573 13.2078 1062.76 0.445423
250.629 13.2328 1063.51 0.447801
250.685 13.2577 1064.25 0.442208
250.742 13.2825 1065 0.437688
250.798 13.3069 1065.74 0.433272
250.854 13.3308 1066.49 0.424135
250.91 13.3545 1067.24 0.417103
250.966 13.3778 1067.99 0.415715
251.022 13.4006 1068.74 0.397972
251.079 13.4228 1069.5 0.384729
251.135 13.4441 1070.25 0.374566
251.191 13.4641 1071.01 0.347615
251.247 13.4832 1071.77 0.330467
251.303 13.5012 1072.52 0.311779
251.36 13.518 1073.28 0.291305
251.416 13.5338 1074.04 0.267559
251.472 13.5483 1074.8 0.250371
251.528 13.5614 1075.57 0.223465
251.584 13.573 1076.33 0.194198
251.64 13.583 1077.09 0.166046
251.697 13.5913 1077.85 0.13557
251.753 13.5977 1078.62 0.100096
251.809 13.6025 1079.38 0.0751981
251.865 13.6055 1080.15 0.0396499
251.921 13.6066 1080.91 0.00576596
251.978 13.606 1081.67 -0.0247473
252.034 13.6035 1082.44 -0.0551247
252.09 13.5992 1083.2 -0.0898969
252.146 13.5931 1083.97 -0.123673
252.202 13.5847 1084.73 -0.164006
252.258 13.5744 1085.49 -0.196668
252.315 13.562 1086.26 -0.236261
252.371 13.5475 1087.02 -0.271479
252.427 13.5311 1087.78 -0.307638
252.483 13.5131 1088.54 -0.329261
252.539 13.4935 1089.3 -0.35653
252.596 13.4728 1090.05 -0.380113
252.652 13.4505 1090.81 -0.407951
252.708 13.4266 1091.56 -0.438138
252.764 13.4013 1092.32 -0.45647
252.82 13.3752 1093.07 -0.471755
252.876 13.3481 1093.82 -0.484967
252.933 13.3205 1094.57 -0.497973
252.989 13.2925 1095.32 -0.497241
253.045 13.2646 1096.06 -0.49555
253.101 13.2369 1096.81 -0.491679
253.157 13.2094 1097.55 -0.487425
253.213 13.1824 1098.29 -0.476724
253.27 13.1558 1099.03 -0.473525
253.326 13.1297 1099.77 -0.458681
253.382 13.1044 1100.5 -0.442315
253.438 13.0804 1101.24 -0.41856
253.494 13.0577 1101.97 -0.393614
253.551 13.0362 1102.71 -0.374374
253.607 13.0158 1103.44 -0.35597
253.663 12.997 1104.17 -0.321735
253.719 12.9794 1104.9 -0.306955
253.775 12.963 1105.63 -0.278597
253.831 12.9486 1106.36 -0.245724
253.888 12.9355 1107.08 -0.223563
253.944 12.9239 1107.81 -0.197074
254 12.9139 1108.53 -0.165183
254.056 12.9055 1109.26 -0.136044
254.112 12.8987 1109.98 -0.113209
254.169 12.8933 1110.71 -0.08453
254.225 12.8895 1111.43 -0.0550936
254.281 12.8876 1112.16 -0.0235441
254.337 12.887 1112.88 -0.00192817
254.393 12.8876 1113.61 0.0211407
254.449 12.8898 1114.33 0.0516706
254.506 12.8938 1115.05 0.0839574
254.562 12.8992 1115.78 0.102967
254.618 12.9056 1116.5 0.120963
254.674 12.9132 1117.23 0.143215
254.73 12.9218 1117.95 0.159883
254.787 12.9314 1118.68 0.176271
254.843 12.9417 1119.41 0.187614
254.899 12.9525 1120.13 0.19792
254.955 12.964 1120.86 0.206576
255.011 12.9758 1121.59 0.215047
255.067 12.9879 1122.32 0.216999
255.124 13.0002 1123.05 0.219002
255.18 13.0127 1123.78 0.228103
255.236 13.0254 1124.51 0.224893
255.292 13.038 1125.25 0.218964
255.348 13.0501 1125.98 0.216176
255.404 13.062 1126.71 0.209623
255.461 13.0735 1127.45 0.198467
255.517 13.0843 1128.18 0.189351
255.573 13.0945 1128.92 0.180634
255.629 13.1043 1129.65 0.167201
255.685 13.1135 1130.39 0.16179
255.742 13.1221 1131.13 0.148352
255.798 13.1298 1131.86 0.127079
255.854 13.1363 1132.6 0.108449
255.91 13.1417 1133.34 0.0896184
255.966 13.1463 1134.08 0.0753626
256.022 13.1499 1134.82 0.0574725
256.079 13.1524 1135.56 0.0368342
256.135 13.154 1136.29 0.0201093
256.191 13.1545 1137.03 0.00438469
256.247 13.1543 1137.77 -0.00821133
256.303 13.1534 1138.51 -0.0228287
256.36 13.1518 1139.25 -0.031512
256.416 13.1495 1139.99 -0.0449768
256.472 13.1466 1140.73 -0.0542636
256.528 13.1433 1141.47 -0.0623066
256.584 13.1395 1142.2 -0.0694594
256.64 13.1354 1142.94 -0.0766293
256.697 13.131 1143.68 -0.0792977
256.753 13.126 1144.42 -0.0899126
256.809 13.1209 1145.15 -0.094072
256.865 13.1157 1145.89 -0.0904894
256.921 13.1104 1146.63 -0.0940609
256.978 13.1052 1147.36 -0.0939036
257.034 13.0998 1148.1 -0.0952171
257.09 13.0942 1148.84 -0.0984967
257.146 13.0889 1149.57 -0.0947608
257.202 13.0838 1150.31 -0.0898625
257.258 13.0789 1151.04 -0.0827656
257.315 13.0744 1151.78 -0.0810885
257.371 13.07 1152.51 -0.0753004
257.427 13.0656 1153.25 -0.079129
257.483 13.0612 1153.98 -0.0790596
257.539 13.0571 1154.71 -0.0677861
257.596 13.0533 1155.45 -0.0660805
257.652 13.0497 1156.18 -0.0655657
257.708 13.046 1156.91 -0.0658839
257.764 13.0421 1157.65 -0.0704241
257.82 13.038 1158.38 -0.0754252
257.876 13.0337 1159.11 -0.0739134
257.933 13.0294 1159.84 -0.0764437
257.989 13.0252 1160.57 -0.073816
258.045 13.0213 1161.31 -0.0680244
258.101 13.0172 1162.04 -0.0772903
258.157 13.0126 1162.77 -0.0865764
258.213 13.0076 1163.5 -0.0895638
258.27 13.0025 1164.23 -0.0894215
258.326 12.9978 1164.96 -0.0788056
258.382 12.9937 1165.69 -0.0668506
258.438 12.9903 1166.42 -0.0579954
258.494 12.9874 1167.15 -0.0471987
258.551 12.985 1167.88 -0.0377915
258.607 12.9829 1168.61 -0.0352708
258.663 12.9814 1169.34 -0.0239406
258.719 12.9804 1170.07 -0.0115989
258.775 12.9799 1170.8 6.52334e-06
258.831 12.9805 1171.53 0.0122724
258.888 12.9819 1172.25 0.0347295
258.944 12.9842 1172.98 0.0482296
259 12.9874 1173.71 0.0602248
259.056 12.9913 1174.44 0.0770085
259.112 12.9962 1175.17 0.0941613
259.169 13.002 1175.9 0.108753
259.225 13.0089 1176.63 0.132091
259.281 13.0168 1177.37 0.147839
259.337 13.0255 1178.1 0.155891
259.393 13.0347 1178.83 0.16749
259.449 13.0441 1179.56 0.172267
259.506 13.054 1180.29 0.176853
259.562 13.0646 1181.03 0.194008
259.618 13.0758 1181.76 0.205085
259.674 13.0878 1182.5 0.214497
259.73 13.1005 1183.23 0.235771
259.787 13.1141 1183.97 0.246487
259.843 13.1283 1184.71 0.255252
259.899 13.1433 1185.45 0.27567
259.955 13.1593 1186.18 0.291593
260.011 13.1763 1186.92 0.305956
260.067 13.1943 1187.66 0.332103
260.124 13.2134 1188.41 0.349109
260.18 13.2336 1189.15 0.363059
260.236 13.2545 1189.89 0.378939
260.292 13.2763 1190.64 0.391044
260.348 13.2985 1191.39 0.397135
260.404 13.321 1192.13 0.402543
260.461 13.3434 1192.88 0.398091
260.517 13.3657 1193.63 0.392328
260.573 13.3875 1194.39 0.383968
260.629 13.4086 1195.14 0.370302
260.685 13.4288 1195.89 0.350827
260.742 13.4479 1196.65 0.335123
260.798 13.4661 1197.4 0.316512
260.854 13.4833 1198.16 0.300679
260.91 13.4996 1198.92 0.283695
260.966 13.5147 1199.68 0.258149
261.022 13.5281 1200.44 0.226364
261.079 13.5401 1201.2 0.204846
261.135 13.5505 1201.96 0.173798
261.191 13.5593 1202.72 0.140322
261.247 13.5659 1203.48 0.104661
261.303 13.5706 1204.24 0.069115
261.36 13.5734 1205.01 0.0388032
261.416 13.5748 1205.77 0.0153621
261.472 13.5745 1206.53 -0.0149804
261.528 13.5725 1207.29 -0.0498809
261.584 13.5687 1208.06 -0.079512
261.64 13.5633 1208.82 -0.107806
261.697 13.556 1209.58 -0.143481
261.753 13.547 1210.34 -0.173389
261.809 13.5361 1211.1 -0.205544
261.865 13.5233 1211.86 -0.243633
261.921 13.5086 1212.62 -0.276073
261.978 13.4915 1213.38 -0.314812
262.034 13.4731 1214.14 -0.338641
262.09 13.4531 1214.89 -0.366789
262.146 13.4315 1215.65 -0.394159
262.202 13.4087 1216.4 -0.416373
262.258 13.3844 1217.16 -0.439971
262.315 13.3587 1217.91 -0.463284
262.371 13.3322 1218.66 -0.482508
262.427 13.3046 1219.4 -0.494728
262.483 13.2763 1220.15 -0.507513
262.539 13.2476 1220.9 -0.51962
262.596 13.2181 1221.64 -0.52773
262.652 13.1881 1222.38 -0.534541
262.708 13.1581 1223.12 -0.535833
262.764 13.1279 1223.86 -0.537235
262.82 13.0976 1224.59 -0.537413
262.876 13.0675 1225.33 -0.538202
262.933 13.0374 1226.06 -0.531271
262.989 13.0079 1226.79 -0.524247
263.045 12.9783 1227.52 -0.525925
263.101 12.9491 1228.25 -0.51729
263.157 12.9201 1228.98 -0.516355
263.213 12.891 1229.7 -0.51542
263.27 12.8625 1230.43 -0.503303
263.326 12.8342 1231.15 -0.504406
263.382 12.8058 1231.87 -0.501008
263.438 12.7777 1232.59 -0.496808
263.494 12.7496 1233.3 -0.498109
263.551 12.7219 1234.02 -0.494568
263.607 12.6939 1234.73 -0.499291
263.663 12.6656 1235.45 -0.505433
263.719 12.6372 1236.16 -0.509135
263.775 12.6084 1236.86 -0.518097
263.831 12.5793 1237.57 -0.514273
263.888 12.5502 1238.28 -0.521645
263.944 12.5205 1238.98 -0.528203
264 12.4907 1239.68 -0.530366
264.056 12.4607 1240.38 -0.535842
264.112 12.4304 1241.08 -0.538621
264.169 12.3999 1241.78 -0.543275
264.225 12.3691 1242.48 -0.553131
264.281 12.3378 1243.17 -0.560536
264.337 12.3063 1243.86 -0.56159
264.393 12.274 1244.55 -0.582372
264.449 12.241 1245.24 -0.590921
264.506 12.2077 1245.93 -0.594986
264.562 12.1739 1246.61 -0.606598
264.618 12.1396 1247.3 -0.612842
264.674 12.1046 1247.98 -0.626301
264.73 12.0692 1248.66 -0.637309
264.787 12.0332 1249.33 -0.640269
264.843 11.9971 1250.01 -0.647403
264.899 11.9604 1250.68 -0.66004
264.955 11.9233 1251.35 -0.661568
265.011 11.8857 1252.02 -0.672096
265.067 11.848 1252.69 -0.670449
265.124 11.8105 1253.35 -0.665456
265.18 11.7729 1254.01 -0.670468
265.236 11.7357 1254.67 -0.659055
265.292 11.6988 1255.33 -0.654813
265.348 11.662 1255.99 -0.651422
265.404 11.6257 1256.64 -0.645446
265.461 11.5898 1257.29 -0.634021
265.517 11.5544 1257.94 -0.627833
265.573 11.5197 1258.59 -0.611889
265.629 11.4857 1259.24 -0.598342
265.685 11.4525 1259.88 -0.584602
265.742 11.4202 1260.52 -0.570738
265.798 11.3888 1261.16 -0.550571
265.854 11.3586 1261.8 -0.52783
265.91 11.3299 1262.44 -0.501776
265.966 11.3023 1263.07 -0.482988
266.022 11.2757 1263.71 -0.467075
266.079 11.2504 1264.34 -0.441144
266.135 11.2263 1264.97 -0.418863
266.191 11.2032 1265.6 -0.405914
266.247 11.1809 1266.23 -0.388027
266.303 11.16 1266.86 -0.362682
266.36 11.1403 1267.48 -0.341852
266.416 11.1218 1268.11 -0.323553
266.472 11.1042 1268.73 -0.303031
266.528 11.088 1269.36 -0.282529
266.584 11.0726 1269.98 -0.270432
266.64 11.058 1270.6 -0.248489
266.697 11.0448 1271.22 -0.222101
266.753 11.0331 1271.84 -0.201027
266.809 11.0221 1272.46 -0.190091
266.865 11.0121 1273.08 -0.167169
266.921 11.0037 1273.7 -0.141444
266.978 10.9966 1274.32 -0.117195
267.034 10.9906 1274.93 -0.0993037
267.09 10.9859 1275.55 -0.0708199
267.146 10.9832 1276.17 -0.0338998
267.202 10.9821 1276.79 -0.0115586
267.258 10.9822 1277.4 0.00909965
267.315 10.9837 1278.02 0.0399289
267.371 10.9867 1278.64 0.0631111
267.427 10.9909 1279.25 0.0801273
267.483 10.996 1279.87 0.101478
267.539 11.0025 1280.49 0.129752
267.596 11.0112 1281.11 0.170625
267.652 11.0219 1281.73 0.19829
267.708 11.0336 1282.35 0.215988
267.764 11.0466 1282.97 0.242012
267.82 11.0611 1283.59 0.268943
267.876 11.077 1284.21 0.293741
267.933 11.0944 1284.83 0.31897
267.989 11.1133 1285.46 0.347474
268.045 11.1337 1286.08 0.374443
268.101 11.1555 1286.71 0.396082
268.157 11.1783 1287.34 0.413451
268.213 11.202 1287.96 0.429348
268.27 11.2269 1288.59 0.450735
268.326 11.2531 1289.23 0.477245
268.382 11.2804 1289.86 0.493478
268.438 11.3087 1290.49 0.508459
268.494 11.3378 1291.13 0.524242
268.551 11.3677 1291.77 0.538202
268.607 11.3985 1292.41 0.557217
268.663 11.4306 1293.05 0.582353
268.719 11.464 1293.69 0.603639
268.775 11.4983 1294.34 0.614096
268.831 11.533 1294.98 0.621802
268.888 11.5681 1295.63 0.627471
268.944 11.6037 1296.29 0.636199
269 11.6398 1296.94 0.644769
269.056 11.6764 1297.59 0.653709
269.112 11.7131 1298.25 0.65141
269.169 11.7499 1298.91 0.653645
269.225 11.7864 1299.57 0.64332
269.281 11.8223 1300.23 0.637247
269.337 11.858 1300.9 0.633847
269.393 11.8935 1301.57 0.631744
269.449 11.9288 1302.24 0.623358
269.506 11.9635 1302.91 0.613529
269.562 11.9975 1303.58 0.599528
269.618 12.0308 1304.26 0.588287
269.674 12.0634 1304.93 0.576139
269.73 12.0953 1305.61 0.561932
269.787 12.1265 1306.29 0.547611
269.843 12.1568 1306.97 0.534453
269.899 12.1861 1307.66 0.514844
269.955 12.2143 1308.34 0.490187
270.011 12.241 1309.03 0.466238
270.067 12.2662 1309.72 0.436978
270.124 12.2899 1310.41 0.409381
270.18 12.3121 1311.1 0.386699
270.236 12.3329 1311.79 0.359674
270.292 12.3521 1312.49 0.328363
270.348 12.3695 1313.18 0.299194
270.404 12.3852 1313.88 0.265017
270.461 12.3988 1314.57 0.227069
270.517 12.4102 1315.27 0.185223
270.573 12.4191 1315.97 0.140762
270.629 12.4257 1316.67 0.103414
270.685 12.4304 1317.36 0.0710517
270.742 12.4331 1318.06 0.0323131
270.798 12.4336 1318.76 -0.00724216
270.854 12.432 1319.46 -0.041236
270.91 12.4284 1320.16 -0.078601
270.966 12.4228 1320.86 -0.114975
271.022 12.4153 1321.55 -0.144375
271.079 12.4062 1322.25 -0.173246
271.135 12.3954 1322.95 -0.20866
271.191 12.3825 1323.64 -0.240888
271.247 12.3677 1324.34 -0.275055
271.303 12.3513 1325.03 -0.306269
271.36 12.3331 1325.73 -0.336111
271.416 12.3133 1326.42 -0.362951
271.472 12.2919 1327.11 -0.393395
271.528 12.269 1327.8 -0.417724
271.584 12.2442 1328.49 -0.454557
271.64 12.2177 1329.17 -0.483419
271.697 12.1897 1329.86 -0.507303
271.753 12.1604 1330.54 -0.530952
271.809 12.1298 1331.23 -0.555439
271.865 12.098 1331.91 -0.573049
271.921 12.0652 1332.58 -0.588279
271.978 12.0316 1333.26 -0.60661
272.034 11.9971 1333.94 -0.617216
272.09 11.962 1334.61 -0.628005
272.146 11.9266 1335.28 -0.630754
272.202 11.8912 1335.95 -0.628354
272.258 11.8559 1336.62 -0.623695
272.315 11.8215 1337.28 -0.603906
272.371 11.7885 1337.94 -0.579649
272.427 11.7564 1338.6 -0.561286
272.483 11.7254 1339.26 -0.545266
272.539 11.6956 1339.92 -0.51728
272.596 11.6677 1340.58 -0.478871
272.652 11.6423 1341.23 -0.438952
272.708 11.6189 1341.89 -0.399752
272.764 11.5975 1342.54 -0.372853
272.82 11.5777 1343.19 -0.336547
272.876 11.5603 1343.84 -0.29532
272.933 11.5449 1344.49 -0.258956
272.989 11.5319 1345.14 -0.216359
273.045 11.5209 1345.78 -0.178121
273.101 11.5124 1346.43 -0.135945
273.157 11.506 1347.08 -0.102439
273.213 11.5014 1347.72 -0.0702626
273.27 11.4985 1348.37 -0.0377083
273.326 11.4976 1349.01 -0.00261674
273.382 11.4984 1349.66 0.023048
273.438 11.5004 1350.31 0.0446598
273.494 11.5037 1350.95 0.0665829
273.551 11.5083 1351.6 0.0923463
273.607 11.514 1352.25 0.104221
273.663 11.5203 1352.89 0.116134
273.719 11.5273 1353.54 0.131127
273.775 11.5348 1354.19 0.133708
273.831 11.5426 1354.84 0.139403
273.888 11.5504 1355.49 0.141834
273.944 11.5584 1356.13 0.142391
274 11.5663 1356.78 0.139199
274.056 11.5736 1357.43 0.123342
274.112 11.58 1358.08 0.107526
274.169 11.5858 1358.74 0.0959619
274.225 11.5906 1359.39 0.0799264
274.281 11.5942 1360.04 0.050575
274.337 11.5964 1360.69 0.0277789
274.393 11.5972 1361.34 0.00435236
274.449 11.5964 1361.99 -0.0280292
274.506 11.5937 1362.64 -0.0623768
274.562 11.5891 1363.29 -0.0950051
274.618 11.5823 1363.95 -0.137092
274.674 11.5731 1364.6 -0.183318
274.73 11.5614 1365.25 -0.223447
274.787 11.5475 1365.9 -0.263123
274.843 11.5314 1366.54 -0.302913
274.899 11.5128 1367.19 -0.348179
274.955 11.4916 1367.84 -0.396357
275.011 11.4682 1368.48 -0.429965
275.067 11.4429 1369.12 -0.46407
275.124 11.4157 1369.77 -0.498258
275.18 11.3865 1370.41 -0.538111
275.236 11.3551 1371.05 -0.568331
275.292 11.3223 1371.68 -0.59466
275.348 11.2882 1372.32 -0.614775
275.404 11.253 1372.95 -0.635286
275.461 11.2164 1373.58 -0.657183
275.517 11.1793 1374.21 -0.664217
275.573 11.1417 1374.84 -0.670561
275.629 11.104 1375.46 -0.672852
275.685 11.0662 1376.08 -0.674528
275.742 11.0285 1376.7 -0.666102
275.798 10.9914 1377.32 -0.656321
275.854 10.9552 1377.94 -0.636609
275.91 10.9199 1378.55 -0.62357
275.966 10.8853 1379.17 -0.607209
276.022 10.8523 1379.78 -0.579898
276.079 10.8204 1380.38 -0.555072
276.135 10.7904 1380.99 -0.523023
276.191 10.762 1381.6 -0.492249
276.247 10.7358 1382.2 -0.44923
276.303 10.7117 1382.8 -0.416489
276.36 10.6894 1383.4 -0.383494
276.416 10.6695 1384 -0.333543
276.472 10.6522 1384.6 -0.293604
276.528 10.6368 1385.2 -0.259604
276.584 10.6235 1385.8 -0.220547
276.64 10.6126 1386.39 -0.175021
276.697 10.6041 1386.99 -0.139111
276.753 10.5975 1387.59 -0.101268
276.809 10.5935 1388.18 -0.053043
276.865 10.5917 1388.78 -0.0207994
276.921 10.5917 1389.37 0.014464
276.978 10.5936 1389.97 0.0474396
277.034 10.5975 1390.56 0.0829804
277.09 10.6032 1391.16 0.115157
277.146 10.6106 1391.75 0.141315
277.202 10.6197 1392.35 0.177064
277.258 10.6305 1392.95 0.201316
277.315 10.6427 1393.54 0.225126
277.371 10.6562 1394.14 0.25228
277.427 10.6715 1394.74 0.286347
277.483 10.6885 1395.34 0.311807
277.539 10.7066 1395.94 0.327162
277.596 10.7255 1396.54 0.345786
277.652 10.7457 1397.15 0.366692
277.708 10.7664 1397.75 0.368764
277.764 10.7876 1398.36 0.383187
277.82 10.8096 1398.96 0.397205
277.876 10.8325 1399.57 0.411874
277.933 10.8559 1400.18 0.417212
277.989 10.8795 1400.79 0.424967
278.045 10.9041 1401.4 0.443372
278.101 10.9292 1402.02 0.447332
278.157 10.9544 1402.63 0.449901
278.213 10.9798 1403.25 0.453313
278.27 11.0054 1403.87 0.459009
278.326 11.0312 1404.49 0.458427
278.382 11.057 1405.11 0.460446
278.438 11.0831 1405.73 0.465284
278.494 11.1093 1406.35 0.46643
278.551 11.1355 1406.98 0.464248
278.607 11.1616 1407.6 0.466221
278.663 11.1878 1408.23 0.468415
278.719 11.2142 1408.86 0.469577
278.775 11.2408 1409.49 0.474687
278.831 11.2673 1410.12 0.470187
278.888 11.2936 1410.76 0.467094
278.944 11.3196 1411.39 0.462112
279 11.3454 1412.03 0.458545
279.056 11.3711 1412.67 0.453475
279.112 11.3966 1413.31 0.455656
279.169 11.422 1413.95 0.448577
279.225 11.4472 1414.59 0.446588
279.281 11.4722 1415.24 0.444154
279.337 11.4969 1415.88 0.438789
279.393 11.5215 1416.53 0.433932
279.449 11.5457 1417.18 0.431553
279.506 11.5696 1417.83 0.420419
279.562 11.5928 1418.48 0.408733
279.618 11.6159 1419.13 0.410615
279.674 11.6388 1419.78 0.405917
279.73 11.6613 1420.44 0.394069
279.787 11.6835 1421.09 0.392492
279.843 11.7051 1421.75 0.380088
279.899 11.7261 1422.41 0.370038
279.955 11.7466 1423.07 0.360658
