# t frame_uz frame_z ub_dans_repere
160.001 0.000225874 2.3262e-07 0.219324
160.019 0.0727228 0.000777181 4.16588
160.051 0.212182 0.00581895 4.4053
160.092 0.400471 0.0192766 4.62105
160.14 0.624732 0.0444572 4.84706
160.19 0.87583 0.0836 5.03895
160.243 1.14684 0.138345 5.19913
160.297 1.43173 0.209393 5.33485
160.352 1.72802 0.297794 5.4323
160.407 2.02823 0.402616 5.47687
160.463 2.33504 0.526455 5.47399
160.519 2.64036 0.667425 5.43635
160.575 2.94181 0.82537 5.34026
160.631 3.23575 0.999952 5.18685
160.687 3.52013 1.19067 5.00624
160.743 3.79353 1.39695 4.80134
160.798 4.05459 1.61812 4.56765
160.854 4.30204 1.85345 4.3201
160.91 4.53508 2.10215 4.05904
160.966 4.75327 2.3634 3.79293
161.022 4.95648 2.63676 3.51087
161.079 5.14418 2.92161 3.23101
161.135 5.31626 3.21648 2.95151
161.191 5.4724 3.52048 2.66496
161.247 5.61223 3.83271 2.36988
161.303 5.73552 4.15224 2.07642
161.36 5.84217 4.47813 1.78125
161.416 5.93216 4.80945 1.48245
161.472 6.00567 5.14526 1.19655
161.528 6.0635 5.48468 0.92001
161.584 6.10586 5.82682 0.646427
161.64 6.13317 6.17083 0.382279
161.697 6.14623 6.5159 0.134787
161.753 6.14593 6.86124 -0.095397
161.809 6.13344 7.20614 -0.303522
161.865 6.11017 7.54998 -0.486315
161.921 6.07726 7.89218 -0.648273
161.978 6.03645 8.23226 -0.777953
162.034 5.98889 8.56981 -0.884943
162.09 5.93627 8.90451 -0.968707
162.146 5.87962 9.23611 -1.03176
162.202 5.82008 9.56443 -1.07636
162.258 5.75878 9.88934 -1.09991
162.315 5.69633 10.2108 -1.12355
162.371 5.63351 10.5287 -1.11092
162.427 5.57118 10.8431 -1.10693
162.483 5.50967 11.154 -1.0894
162.539 5.44884 11.4614 -1.07543
162.596 5.38939 11.7655 -1.04608
162.652 5.3319 12.0664 -1.00771
162.708 5.27643 12.364 -0.975587
162.764 5.22296 12.6587 -0.93709
162.82 5.17183 12.9503 -0.889763
162.876 5.12361 13.2393 -0.839129
162.933 5.07805 13.5256 -0.794112
162.989 5.03551 13.8094 -0.735813
163.045 4.99611 14.0909 -0.678172
163.101 4.96005 14.3704 -0.618349
163.157 4.92708 14.6479 -0.562545
163.213 4.89774 14.9237 -0.497086
163.27 4.87185 15.198 -0.437766
163.326 4.84927 15.4709 -0.377895
163.382 4.83025 15.7427 -0.312953
163.438 4.81451 16.0135 -0.260801
163.494 4.80135 16.2835 -0.215489
163.551 4.79064 16.5529 -0.172145
163.607 4.7822 16.8217 -0.134894
163.663 4.77587 17.0902 -0.0984647
163.719 4.77139 17.3583 -0.0661641
163.775 4.76857 17.6263 -0.0378743
163.831 4.76722 17.8941 -0.0130964
163.888 4.76749 18.1619 0.0155247
163.944 4.76932 18.4298 0.0454854
164 4.77259 18.6979 0.0668489
164.056 4.77728 18.9662 0.0952552
164.112 4.78344 19.2347 0.119826
164.169 4.79129 19.5037 0.15244
164.225 4.80096 19.7732 0.187003
164.281 4.8127 20.0433 0.229064
164.337 4.82701 20.3142 0.26992
164.393 4.84359 20.5859 0.313115
164.449 4.86287 20.8586 0.365363
164.506 4.88584 21.1326 0.435968
164.562 4.91262 21.408 0.502012
164.618 4.94333 21.685 0.579297
164.674 4.97842 21.9639 0.657156
164.73 5.01829 22.2449 0.749104
164.787 5.06356 22.5283 0.846242
164.843 5.11469 22.8145 0.954141
164.899 5.17186 23.1037 1.05981
164.955 5.23498 23.3964 1.16464
165.011 5.30395 23.6928 1.27065
165.067 5.37918 23.9932 1.38184
165.124 5.45996 24.2981 1.47354
165.18 5.54572 24.6077 1.563
165.236 5.63632 24.9223 1.64274
165.292 5.73081 25.2422 1.70668
165.348 5.82878 25.5674 1.76505
165.404 5.92927 25.8982 1.80346
165.461 6.03177 26.2348 1.83709
165.517 6.13571 26.5771 1.85608
165.573 6.24007 26.9254 1.85242
165.629 6.3433 27.2794 1.82948
165.685 6.44548 27.6392 1.81229
165.742 6.54653 28.0048 1.78663
165.798 6.64545 28.3759 1.74617
165.854 6.74261 28.7525 1.71516
165.91 6.8377 29.1345 1.67878
165.966 6.93092 29.5218 1.64183
166.022 7.02214 29.9143 1.61106
166.079 7.11126 30.3118 1.57076
166.135 7.19812 30.7142 1.52966
166.191 7.28281 31.1215 1.49344
166.247 7.36547 31.5334 1.45708
166.303 7.44592 31.9499 1.41813
166.36 7.52416 32.3709 1.37483
166.416 7.59969 32.7962 1.32679
166.472 7.67238 33.2256 1.27244
166.528 7.74174 33.659 1.21026
166.584 7.80716 34.0961 1.13619
166.64 7.86802 34.5368 1.04809
166.697 7.92344 34.9807 0.949951
166.753 7.97383 35.4276 0.857384
166.809 8.01836 35.8771 0.745904
166.865 8.0562 36.3288 0.624364
166.921 8.08726 36.7825 0.506971
166.978 8.11152 37.2377 0.381664
167.034 8.12888 37.694 0.261265
167.09 8.13922 38.1511 0.131121
167.146 8.14248 38.6085 0.0108145
167.202 8.13953 39.0658 -0.0872519
167.258 8.13084 39.5229 -0.193415
167.315 8.11676 39.9792 -0.284702
167.371 8.09812 40.4346 -0.362014
167.427 8.07556 40.8888 -0.425191
167.483 8.04979 41.3416 -0.478681
167.539 8.02158 41.7929 -0.517531
167.596 7.99154 42.2426 -0.54351
167.652 7.96078 42.6905 -0.547583
167.708 7.93045 43.1367 -0.53249
167.764 7.90155 43.5812 -0.499432
167.82 7.87485 44.0242 -0.458576
167.876 7.85101 44.4658 -0.39875
167.933 7.83087 44.9062 -0.327707
167.989 7.81514 45.3456 -0.246568
168.045 7.80455 45.7842 -0.14819
168.101 7.79973 46.2225 -0.0444106
168.157 7.80103 46.6607 0.0680163
168.213 7.80877 47.0992 0.184333
168.27 7.82336 47.5384 0.317018
168.326 7.84593 47.9786 0.459362
168.382 7.8763 48.4204 0.595081
168.438 7.9141 48.8641 0.728105
168.494 7.95999 49.3102 0.881987
168.551 8.01494 49.7592 1.03912
168.607 8.07843 50.2116 1.18872
168.663 8.15 50.6678 1.32791
168.719 8.22962 51.1283 1.47925
168.775 8.3171 51.5936 1.60659
168.831 8.4119 52.064 1.74285
168.888 8.51348 52.54 1.85072
168.944 8.62113 53.0219 1.95858
169 8.73347 53.51 2.0304
169.056 8.84971 54.0045 2.09229
169.112 8.96921 54.5057 2.14836
169.169 9.09109 55.0137 2.18151
169.225 9.21442 55.5286 2.19962
169.281 9.33812 56.0504 2.19946
169.337 9.46155 56.5792 2.19042
169.393 9.58372 57.1149 2.16451
169.449 9.70429 57.6574 2.13358
169.506 9.82267 58.2065 2.08591
169.562 9.93821 58.7623 2.03855
169.618 10.051 59.3244 1.98641
169.674 10.1607 59.8928 1.92521
169.73 10.2669 60.4672 1.86744
169.787 10.3698 61.0475 1.80605
169.843 10.4694 61.6334 1.75297
169.899 10.5664 62.2249 1.70948
169.955 10.6609 62.8217 1.66499
170.011 10.753 63.4238 1.6188
170.067 10.8424 64.0309 1.57518
170.124 10.9295 64.6429 1.53186
170.18 11.0137 65.2598 1.48016
170.236 11.0952 65.8813 1.43224
170.292 11.1741 66.5073 1.38583
170.348 11.2504 67.1377 1.34223
170.404 11.3243 67.7722 1.29755
170.461 11.3958 68.4108 1.26025
170.517 11.4655 69.0534 1.2281
170.573 11.5335 69.6998 1.19726
170.629 11.5996 70.35 1.1646
170.685 11.6639 71.0039 1.13102
170.742 11.7265 71.6612 1.10777
170.798 11.788 72.3221 1.08558
170.854 11.8481 72.9864 1.05683
170.91 11.9067 73.654 1.03624
170.966 11.9642 74.3249 1.01692
171.022 12.0207 74.9989 0.996737
171.079 12.0764 75.6761 0.986969
171.135 12.1313 76.3564 0.969586
171.191 12.1851 77.0398 0.949464
171.247 12.2381 77.7261 0.943037
171.303 12.2902 78.4154 0.918965
171.36 12.3416 79.1076 0.908621
171.416 12.3923 79.8027 0.898876
171.472 12.442 80.5005 0.877678
171.528 12.4907 81.2012 0.858796
171.584 12.5384 81.9045 0.839487
171.64 12.5844 82.6105 0.806147
171.697 12.6292 83.319 0.787049
171.753 12.6722 84.0299 0.752471
171.809 12.7131 84.7433 0.709821
171.865 12.7514 85.4588 0.660047
171.921 12.7865 86.1763 0.602779
171.978 12.8181 86.8958 0.533252
172.034 12.8455 87.6168 0.453629
172.09 12.868 88.3393 0.364386
172.146 12.8852 89.0628 0.267914
172.202 12.8966 89.7871 0.149916
172.258 12.9011 90.5118 0.0361113
172.315 12.8988 91.2365 -0.0873729
172.371 12.8898 91.9609 -0.209404
172.427 12.874 92.6846 -0.329029
172.483 12.8511 93.4071 -0.462941
172.539 12.8203 94.1281 -0.604122
172.596 12.7814 94.847 -0.754084
172.652 12.7338 95.5635 -0.907226
172.708 12.6776 96.277 -1.06329
172.764 12.6129 96.9871 -1.21152
172.82 12.5398 97.6933 -1.3603
172.876 12.4586 98.3951 -1.50353
172.933 12.3692 99.092 -1.64679
172.989 12.2719 99.7837 -1.78698
173.045 12.167 100.47 -1.92193
173.101 12.0547 101.149 -2.05153
173.157 11.9349 101.823 -2.18701
173.213 11.8076 102.489 -2.31907
173.27 11.673 103.148 -2.44219
173.326 11.5317 103.799 -2.56456
173.382 11.3835 104.442 -2.69033
173.438 11.2287 105.076 -2.80252
173.494 11.0674 105.701 -2.9132
173.551 10.9003 106.318 -3.01443
173.607 10.7278 106.924 -3.11257
173.663 10.5497 107.521 -3.20533
173.719 10.3668 108.107 -3.28947
173.775 10.1796 108.683 -3.35883
173.831 9.98903 109.249 -3.40991
173.888 9.79586 109.804 -3.45567
173.944 9.6007 110.347 -3.47745
174 9.40539 110.88 -3.47555
174.056 9.211 111.402 -3.45097
174.112 9.01834 111.913 -3.40955
174.169 8.82905 112.413 -3.34183
174.225 8.64422 112.903 -3.24752
174.281 8.46595 113.383 -3.11754
174.337 8.2953 113.852 -2.98278
174.393 8.13327 114.313 -2.81922
174.449 7.98071 114.765 -2.64351
174.506 7.83839 115.208 -2.45644
174.562 7.70707 115.644 -2.25028
174.618 7.58755 116.073 -2.03887
174.674 7.48027 116.496 -1.81852
174.73 7.38572 116.913 -1.59232
174.787 7.30403 117.325 -1.36462
174.843 7.23553 117.733 -1.11888
174.899 7.18095 118.137 -0.874349
174.955 7.1401 118.539 -0.627494
175.011 7.11311 118.939 -0.382161
175.067 7.09982 119.338 -0.138835
175.124 7.09987 119.737 0.094671
175.18 7.113 120.137 0.325707
175.236 7.13892 120.537 0.551317
175.292 7.17711 120.939 0.76649
175.348 7.22692 121.344 0.966929
175.404 7.28763 121.752 1.1544
175.461 7.35855 122.164 1.33216
175.517 7.4391 122.58 1.50026
175.573 7.52917 123.001 1.66485
175.629 7.62771 123.427 1.81242
175.685 7.73392 123.859 1.93889
175.742 7.84671 124.297 2.05247
175.798 7.96543 124.742 2.15297
175.854 8.08893 125.194 2.2273
175.91 8.21697 125.653 2.31084
175.966 8.34904 126.119 2.37586
176.022 8.48466 126.592 2.4386
176.079 8.62359 127.074 2.48667
176.135 8.76443 127.563 2.51556
176.191 8.90605 128.06 2.52827
176.247 9.04819 128.565 2.52941
176.303 9.18996 129.078 2.51882
176.36 9.33059 129.599 2.4934
176.416 9.46948 130.128 2.4555
176.472 9.60584 130.665 2.40847
176.528 9.73928 131.209 2.35453
176.584 9.86961 131.76 2.29401
176.64 9.99621 132.319 2.22457
176.697 10.1187 132.885 2.15096
176.753 10.2369 133.457 2.07042
176.809 10.3502 134.036 1.97893
176.865 10.4581 134.622 1.88454
176.921 10.5608 135.213 1.79198
176.978 10.6587 135.809 1.70904
177.034 10.7515 136.411 1.61198
177.09 10.8386 137.018 1.50686
177.146 10.9197 137.63 1.40186
177.202 10.9947 138.246 1.29198
177.258 11.0636 138.866 1.18412
177.315 11.1264 139.49 1.07286
177.371 11.1826 140.117 0.952034
177.427 11.2319 140.746 0.83101
177.483 11.2744 141.379 0.703561
177.539 11.3094 142.014 0.572443
177.596 11.3371 142.65 0.441775
177.652 11.3574 143.287 0.309008
177.708 11.3709 143.926 0.187182
177.764 11.3776 144.565 0.0766607
177.82 11.378 145.204 -0.0387893
177.876 11.3721 145.843 -0.146743
177.933 11.3607 146.482 -0.242427
177.989 11.3442 147.12 -0.325883
178.045 11.3237 147.756 -0.385965
178.101 11.3003 148.392 -0.432439
178.157 11.2748 149.026 -0.468123
178.213 11.2481 149.658 -0.47701
178.27 11.2214 150.289 -0.472135
178.326 11.1954 150.919 -0.454477
178.382 11.1707 151.547 -0.423416
178.438 11.1487 152.174 -0.372105
178.494 11.1297 152.799 -0.315382
178.551 11.1142 153.424 -0.247785
178.607 11.1029 154.048 -0.165413
178.663 11.0964 154.672 -0.0793768
178.719 11.0948 155.295 0.00742151
178.775 11.0983 155.918 0.0974008
178.831 11.1069 156.542 0.189841
178.888 11.121 157.166 0.288715
178.944 11.1403 157.792 0.378394
179 11.1645 158.418 0.468405
179.056 11.1935 159.047 0.543474
179.112 11.2267 159.677 0.624409
179.169 11.2644 160.309 0.70218
179.225 11.3062 160.943 0.773855
179.281 11.3518 161.58 0.838319
179.337 11.4014 162.219 0.911043
179.393 11.4548 162.861 0.977342
179.449 11.5117 163.507 1.03189
179.506 11.5713 164.155 1.08103
179.562 11.6331 164.808 1.1117
179.618 11.6965 165.463 1.137
179.674 11.7612 166.122 1.1588
179.73 11.8264 166.785 1.16006
179.787 11.8912 167.452 1.1488
179.843 11.9551 168.122 1.13047
179.899 12.0174 168.796 1.09081
179.955 12.0769 169.473 1.03745
180.011 12.1331 170.154 0.970298
180.067 12.1846 170.837 0.880865
180.124 12.2308 171.523 0.780619
180.18 12.2707 172.212 0.65976
180.236 12.3032 172.902 0.52158
180.292 12.3276 173.594 0.372676
180.348 12.3432 174.287 0.211109
180.404 12.3492 174.981 0.0364288
180.461 12.3447 175.675 -0.158492
180.517 12.3294 176.368 -0.349444
180.573 12.3029 177.059 -0.553568
180.629 12.2647 177.749 -0.763947
180.685 12.2148 178.437 -0.971143
180.742 12.1534 179.121 -1.17479
180.798 12.0806 179.801 -1.37487
180.854 11.9972 180.477 -1.55823
180.91 11.9042 181.148 -1.71728
180.966 11.8026 181.814 -1.86701
181.022 11.6933 182.473 -1.99042
181.079 11.5787 183.126 -2.06637
181.135 11.4607 183.773 -2.11823
181.191 11.3411 184.412 -2.1329
181.247 11.2219 185.046 -2.10972
181.303 11.1052 185.672 -2.04891
181.36 10.9931 186.292 -1.95131
181.416 10.8876 186.906 -1.83129
181.472 10.79 187.514 -1.67286
181.528 10.7021 188.118 -1.49133
181.584 10.6245 188.716 -1.30307
181.64 10.5584 189.311 -1.09269
181.697 10.504 189.902 -0.886113
181.753 10.462 190.491 -0.659721
181.809 10.432 191.077 -0.452363
181.865 10.4133 191.663 -0.257016
181.921 10.4052 192.247 -0.0672536
181.978 10.4073 192.832 0.10776
182.034 10.4185 193.417 0.260209
182.09 10.4379 194.003 0.40267
182.146 10.4649 194.59 0.530256
182.202 10.4988 195.179 0.649077
182.258 10.5386 195.77 0.745413
182.315 10.5837 196.364 0.841248
182.371 10.634 196.96 0.928113
182.427 10.6888 197.56 1.00307
182.483 10.7474 198.162 1.0711
182.539 10.8094 198.768 1.12484
182.596 10.8742 199.377 1.16857
182.652 10.9413 199.99 1.21118
182.708 11.0105 200.607 1.24166
182.764 11.081 201.228 1.26237
182.82 11.1524 201.853 1.278
182.876 11.2243 202.482 1.27798
182.933 11.2956 203.115 1.26556
182.989 11.3661 203.752 1.2442
183.045 11.4347 204.393 1.20425
183.101 11.5006 205.038 1.14979
183.157 11.5629 205.686 1.07879
183.213 11.6211 206.338 1.00394
183.27 11.6744 206.992 0.909525
183.326 11.7219 207.65 0.799624
183.382 11.7629 208.31 0.680244
183.438 11.7964 208.972 0.536508
183.494 11.8216 209.635 0.388311
183.551 11.8374 210.3 0.208835
183.607 11.843 210.965 0.0242118
183.663 11.8381 211.63 -0.157914
183.719 11.8226 212.295 -0.355487
183.775 11.7958 212.958 -0.559352
183.831 11.758 213.62 -0.747575
183.888 11.7101 214.279 -0.923931
183.944 11.6523 214.935 -1.09531
184 11.5857 215.587 -1.24436
184.056 11.5114 216.236 -1.36948
184.112 11.4303 216.88 -1.49056
184.169 11.3435 217.519 -1.58284
184.225 11.2521 218.153 -1.65565
184.281 11.1568 218.782 -1.72034
184.337 11.0587 219.406 -1.76284
184.393 10.9584 220.023 -1.7965
184.449 10.8566 220.636 -1.81823
184.506 10.7541 221.242 -1.82661
184.562 10.6514 221.843 -1.82759
184.618 10.549 222.438 -1.81946
184.674 10.4468 223.027 -1.81729
184.73 10.3451 223.61 -1.80341
184.787 10.2442 224.188 -1.7899
184.843 10.1442 224.76 -1.77421
184.899 10.0454 225.327 -1.74976
184.955 9.948 225.888 -1.72162
185.011 9.85263 226.444 -1.67653
185.067 9.76004 226.994 -1.62675
185.124 9.6707 227.539 -1.56501
185.18 9.58538 228.08 -1.48434
185.236 9.50541 228.615 -1.37927
185.292 9.43162 229.147 -1.26751
185.348 9.36437 229.675 -1.15015
185.404 9.30377 230.199 -1.03235
185.461 9.25022 230.719 -0.903479
185.517 9.20392 231.237 -0.771888
185.573 9.16458 231.753 -0.652185
185.629 9.1321 232.267 -0.5315
185.685 9.10592 232.779 -0.42061
185.742 9.08636 233.29 -0.303239
185.798 9.07284 233.8 -0.198376
185.854 9.06504 234.309 -0.0975764
185.91 9.06281 234.819 -0.000451012
185.966 9.06535 235.328 0.0796667
186.022 9.07283 235.837 0.168904
186.079 9.08477 236.347 0.241544
186.135 9.10072 236.858 0.313781
186.191 9.12074 237.37 0.379404
186.247 9.14472 237.883 0.455636
186.303 9.17265 238.398 0.524972
186.36 9.2042 238.914 0.587077
186.416 9.23942 239.433 0.650787
186.472 9.27805 239.953 0.713554
186.528 9.3203 240.476 0.777658
186.584 9.36589 241.001 0.834995
186.64 9.41441 241.529 0.880404
186.697 9.4652 242.059 0.921534
186.753 9.51814 242.593 0.955126
186.809 9.57209 243.129 0.964169
186.865 9.62667 243.669 0.971656
186.921 9.68074 244.212 0.958954
186.978 9.73406 244.757 0.943958
187.034 9.78613 245.306 0.910148
187.09 9.83629 245.857 0.87872
187.146 9.88387 246.411 0.825282
187.202 9.92865 246.968 0.777119
187.258 9.9707 247.528 0.728921
187.315 10.0098 248.089 0.678154
187.371 10.0462 248.653 0.628672
187.427 10.0797 249.218 0.578643
187.483 10.1111 249.785 0.543211
187.539 10.1404 250.354 0.505762
187.596 10.168 250.925 0.482637
187.652 10.1942 251.497 0.458707
187.708 10.2195 252.071 0.446511
187.764 10.2447 252.646 0.445809
187.82 10.2696 253.222 0.442767
187.876 10.2945 253.8 0.443904
187.933 10.3193 254.379 0.442177
187.989 10.3443 254.96 0.443349
188.045 10.3691 255.542 0.436932
188.101 10.393 256.125 0.418906
188.157 10.4159 256.71 0.394809
188.213 10.437 257.296 0.360638
188.27 10.4558 257.883 0.315454
188.326 10.4716 258.471 0.254606
188.382 10.4839 259.059 0.194973
188.438 10.4929 259.649 0.136236
188.494 10.4982 260.238 0.0678875
188.551 10.5001 260.828 0.0159824
188.607 10.4996 261.418 -0.025177
188.663 10.4971 262.008 -0.054293
188.719 10.4932 262.597 -0.0764823
188.775 10.489 263.187 -0.0707369
188.831 10.4856 263.776 -0.0494473
188.888 10.4837 264.365 -0.0264164
188.944 10.4835 264.954 0.0144653
189 10.4856 265.543 0.056014
189.056 10.4905 266.132 0.106733
189.112 10.4977 266.722 0.139306
189.169 10.5065 267.312 0.166369
189.225 10.516 267.902 0.16869
189.281 10.5246 268.493 0.137088
189.337 10.5303 269.085 0.0756143
189.393 10.5316 269.677 -0.0190074
189.449 10.5266 270.268 -0.133748
189.506 10.5136 270.859 -0.294912
189.562 10.4914 271.449 -0.467132
189.618 10.4587 272.037 -0.66124
189.674 10.4144 272.623 -0.875486
189.73 10.3583 273.207 -1.08597
189.787 10.2901 273.786 -1.29576
189.843 10.2101 274.362 -1.50918
189.899 10.1186 274.932 -1.70632
189.955 10.0164 275.497 -1.89013
190.011 9.90452 276.056 -2.05532
190.067 9.78401 276.609 -2.20179
190.124 9.65618 277.154 -2.32137
190.18 9.52214 277.692 -2.42184
190.236 9.38345 278.223 -2.49458
190.292 9.24187 278.745 -2.53242
190.348 9.09838 279.259 -2.56773
190.404 8.95387 279.766 -2.56907
190.461 8.80993 280.264 -2.55755
190.517 8.66668 280.754 -2.53857
190.573 8.52527 281.236 -2.50317
190.629 8.3865 281.71 -2.44191
190.685 8.25003 282.177 -2.40843
190.742 8.11642 282.636 -2.36753
190.798 7.98501 283.087 -2.31844
190.854 7.85582 283.532 -2.287
190.91 7.72845 283.969 -2.25574
190.966 7.60284 284.398 -2.22594
191.022 7.47839 284.821 -2.20545
191.079 7.35513 285.237 -2.19303
191.135 7.23205 285.646 -2.18613
191.191 7.10967 286.049 -2.17787
191.247 6.98711 286.444 -2.18254
191.303 6.86428 286.832 -2.18746
191.36 6.74174 287.214 -2.17384
191.416 6.62053 287.588 -2.14604
191.472 6.50004 287.956 -2.1429
191.528 6.38115 288.317 -2.10153
191.584 6.26377 288.672 -2.07016
191.64 6.14963 289.02 -2.0065
191.697 6.03877 289.362 -1.94954
191.753 5.93134 289.697 -1.88443
191.809 5.82843 290.027 -1.79256
191.865 5.7308 290.351 -1.70082
191.921 5.63823 290.67 -1.60828
191.978 5.55123 290.984 -1.50678
192.034 5.47025 291.293 -1.39872
192.09 5.39515 291.598 -1.29459
192.146 5.3261 291.898 -1.18702
192.202 5.26303 292.196 -1.07806
192.258 5.20591 292.489 -0.978517
192.315 5.15421 292.78 -0.879643
192.371 5.10806 293.068 -0.783209
192.427 5.06719 293.354 -0.690628
192.483 5.03101 293.637 -0.613908
192.539 4.99914 293.919 -0.538209
192.596 4.97123 294.198 -0.466935
192.652 4.94715 294.477 -0.404093
192.708 4.92589 294.754 -0.362368
192.764 4.90698 295.03 -0.324096
192.82 4.88965 295.305 -0.297133
192.876 4.87292 295.579 -0.296015
192.933 4.85629 295.853 -0.298315
192.989 4.83911 296.125 -0.311645
193.045 4.82137 296.396 -0.320033
193.101 4.80257 296.666 -0.344569
193.157 4.78234 296.935 -0.371967
193.213 4.76071 297.203 -0.391788
193.27 4.73799 297.47 -0.412499
193.326 4.71439 297.735 -0.423269
193.382 4.69053 298 -0.423467
193.438 4.66687 298.262 -0.420476
193.494 4.64358 298.524 -0.409095
193.551 4.62122 298.784 -0.389765
193.607 4.60006 299.043 -0.36877
193.663 4.58017 299.3 -0.343052
193.719 4.56159 299.557 -0.317588
193.775 4.54478 299.813 -0.288022
193.831 4.52935 300.068 -0.263401
193.888 4.51556 300.322 -0.233413
193.944 4.50347 300.575 -0.208407
194 4.49238 300.827 -0.190729
194.056 4.48239 301.079 -0.172567
194.112 4.47314 301.331 -0.159537
194.169 4.46489 301.582 -0.140337
194.225 4.45713 301.833 -0.140661
194.281 4.4498 302.083 -0.125609
194.337 4.44293 302.332 -0.117908
194.393 4.43679 302.582 -0.104885
194.449 4.43121 302.831 -0.0945602
194.506 4.42648 303.08 -0.0783882
194.562 4.4225 303.328 -0.0637016
194.618 4.4199 303.577 -0.0354056
194.674 4.41904 303.825 -0.00635216
194.73 4.41951 304.073 0.0181783
194.787 4.42174 304.322 0.0581242
194.843 4.42635 304.57 0.100879
194.899 4.43343 304.819 0.142058
194.955 4.44295 305.068 0.187697
195.011 4.45492 305.318 0.231561
195.067 4.46972 305.569 0.284423
195.124 4.48723 305.821 0.328825
195.18 4.50745 306.074 0.383264
195.236 4.53082 306.328 0.437805
195.292 4.55718 306.583 0.489821
195.348 4.58662 306.84 0.548717
195.404 4.61942 307.099 0.604101
195.461 4.65514 307.359 0.655996
195.517 4.69343 307.622 0.700878
195.573 4.73428 307.887 0.746694
195.629 4.77795 308.155 0.793129
195.685 4.82386 308.425 0.83246
195.742 4.8721 308.697 0.875743
195.798 4.92267 308.973 0.913114
195.854 4.97492 309.251 0.940055
195.91 5.02898 309.532 0.977104
195.966 5.08489 309.817 1.00246
196.022 5.14195 310.104 1.02375
196.079 5.20001 310.395 1.04195
196.135 5.25859 310.689 1.04126
196.191 5.31717 310.987 1.04436
196.247 5.37581 311.287 1.04287
196.303 5.43424 311.591 1.03878
196.36 5.49264 311.899 1.0375
196.416 5.55067 312.209 1.03091
196.472 5.60819 312.523 1.02072
196.528 5.66528 312.84 1.01419
196.584 5.72162 313.16 1.00058
196.64 5.77752 313.483 0.991768
196.697 5.83326 313.81 0.992623
196.753 5.8887 314.139 0.985728
196.809 5.944 314.472 0.981716
196.865 5.99917 314.808 0.980916
196.921 6.05433 315.147 0.980041
196.978 6.10952 315.489 0.984056
197.034 6.16531 315.834 1.00042
197.09 6.22185 316.182 1.01456
197.146 6.27961 316.534 1.03729
197.202 6.33912 316.888 1.07487
197.258 6.40012 317.247 1.09507
197.315 6.46236 317.608 1.11983
197.371 6.52677 317.974 1.16186
197.427 6.59303 318.342 1.19525
197.483 6.66176 318.715 1.24029
197.539 6.73307 319.092 1.28801
197.596 6.80691 319.472 1.33256
197.652 6.88396 319.857 1.39592
197.708 6.9643 320.247 1.45166
197.764 7.04755 320.641 1.50029
197.82 7.13379 321.04 1.552
197.876 7.22262 321.444 1.60074
197.933 7.31419 321.852 1.64887
197.989 7.40821 322.266 1.69052
198.045 7.50438 322.686 1.72343
198.101 7.60172 323.111 1.73852
198.157 7.69994 323.541 1.74847
198.213 7.79827 323.977 1.74699
198.27 7.89564 324.418 1.72162
198.326 7.99092 324.865 1.67707
198.382 8.08315 325.317 1.61545
198.438 8.17089 325.774 1.52709
198.494 8.25319 326.236 1.42378
198.551 8.32902 326.702 1.30027
198.607 8.39749 327.173 1.16816
198.663 8.45828 327.647 1.01946
198.719 8.51059 328.124 0.871613
198.775 8.5542 328.603 0.712229
198.831 8.58842 329.085 0.536916
198.888 8.61228 329.568 0.350152
198.944 8.62526 330.053 0.152513
199 8.62703 330.537 -0.0498731
199.056 8.61746 331.022 -0.248912
199.112 8.59656 331.505 -0.453831
199.169 8.5645 331.987 -0.649587
199.225 8.52195 332.467 -0.831708
199.281 8.46964 332.944 -0.993435
199.337 8.40874 333.418 -1.14196
199.393 8.34023 333.888 -1.26924
199.449 8.26531 334.354 -1.36945
199.506 8.18594 334.816 -1.44426
199.562 8.10291 335.273 -1.49851
199.618 8.01738 335.725 -1.535
199.674 7.93064 336.172 -1.54937
199.73 7.84362 336.615 -1.5469
199.787 7.7569 337.053 -1.53933
199.843 7.67138 337.486 -1.50834
199.899 7.58769 337.914 -1.47575
199.955 7.50586 338.337 -1.44458
200.011 7.42596 338.756 -1.40214
200.067 7.34866 339.171 -1.35781
200.124 7.27363 339.581 -1.31885
200.18 7.20129 339.987 -1.269
200.236 7.13175 340.39 -1.21738
200.292 7.06517 340.788 -1.16037
200.348 7.00194 341.183 -1.104
200.404 6.94185 341.574 -1.04326
200.461 6.88546 341.962 -0.978059
200.517 6.83192 342.347 -0.931178
200.573 6.78211 342.729 -0.856012
200.629 6.73614 343.109 -0.794972
200.685 6.69438 343.486 -0.707203
200.742 6.65712 343.861 -0.636608
200.798 6.62414 344.233 -0.550547
200.854 6.59571 344.605 -0.471668
200.91 6.57189 344.974 -0.391291
200.966 6.55272 345.343 -0.308526
201.022 6.5384 345.71 -0.219656
201.079 6.52887 346.077 -0.136038
201.135 6.52405 346.444 -0.0524094
201.191 6.52401 346.811 0.0325691
201.247 6.52869 347.177 0.11703
201.303 6.53843 347.544 0.207912
201.36 6.55305 347.912 0.296118
201.416 6.57248 348.281 0.374599
201.472 6.59613 348.651 0.449818
201.528 6.62386 349.022 0.525058
201.584 6.65596 349.396 0.601011
201.64 6.69206 349.771 0.669396
201.697 6.73179 350.148 0.732856
201.753 6.77542 350.528 0.80635
201.809 6.82285 350.91 0.871084
201.865 6.87387 351.295 0.930275
201.921 6.92792 351.683 0.980901
201.978 6.98443 352.074 1.02549
202.034 7.0435 352.468 1.06953
202.09 7.1051 352.866 1.11453
202.146 7.16927 353.267 1.15696
202.202 7.23519 353.672 1.18443
202.258 7.30292 354.081 1.21953
202.315 7.37245 354.494 1.25362
202.371 7.44462 354.91 1.30727
202.427 7.51945 355.331 1.35088
202.483 7.59711 355.756 1.40134
202.539 7.67752 356.186 1.45017
202.596 7.76097 356.62 1.50929
202.652 7.84775 357.059 1.56914
202.708 7.93769 357.503 1.62179
202.764 8.03023 357.952 1.66643
202.82 8.12547 358.406 1.71232
202.876 8.22325 358.866 1.75846
202.933 8.32362 359.331 1.80452
202.989 8.42592 359.802 1.83215
203.045 8.52988 360.279 1.8615
203.101 8.63526 360.762 1.8788
203.157 8.7408 361.25 1.87683
203.213 8.84578 361.745 1.86297
203.27 8.94866 362.246 1.80928
203.326 9.04839 362.752 1.74766
203.382 9.14349 363.263 1.65083
203.438 9.23222 363.78 1.52824
203.494 9.3128 364.301 1.3665
203.551 9.38339 364.827 1.17803
203.607 9.44229 365.356 0.957845
203.663 9.48825 365.888 0.720111
203.719 9.51986 366.422 0.452772
203.775 9.53576 366.958 0.167474
203.831 9.53484 367.494 -0.139857
203.888 9.51574 368.029 -0.474132
203.944 9.47761 368.562 -0.818836
204 9.41967 369.093 -1.17123
204.056 9.34173 369.619 -1.5334
204.112 9.24393 370.141 -1.87953
204.169 9.12622 370.656 -2.23566
204.225 8.98937 371.165 -2.57208
204.281 8.83411 371.664 -2.88859
204.337 8.66137 372.155 -3.19043
204.393 8.47247 372.635 -3.47736
204.449 8.26899 373.104 -3.7157
204.506 8.05245 373.562 -3.94224
204.562 7.82608 374.007 -4.08954
204.618 7.59331 374.438 -4.18412
204.674 7.35683 374.857 -4.22243
204.73 7.11939 375.262 -4.21381
204.787 6.88496 375.654 -4.1325
204.843 6.65703 376.033 -4.00047
204.899 6.43841 376.4 -3.81036
204.955 6.2322 376.755 -3.57356
205.011 6.03995 377.098 -3.31425
205.067 5.86346 377.432 -3.02672
205.124 5.70392 377.756 -2.71585
205.18 5.56156 378.071 -2.41522
205.236 5.43562 378.379 -2.12235
205.292 5.32606 378.681 -1.84139
205.348 5.23163 378.977 -1.57688
205.404 5.15064 379.268 -1.35766
205.461 5.08086 379.555 -1.17063
205.517 5.02074 379.838 -1.00301
205.573 4.96926 380.119 -0.866166
205.629 4.9247 380.396 -0.743022
205.685 4.88687 380.672 -0.627968
205.742 4.85527 380.945 -0.517767
205.798 4.83043 381.217 -0.391458
205.854 4.81274 381.488 -0.261769
205.91 4.80232 381.758 -0.135894
205.966 4.79895 382.027 -0.0110927
206.022 4.80251 382.297 0.113823
206.079 4.81291 382.567 0.229345
206.135 4.82924 382.838 0.331787
206.191 4.85122 383.11 0.431325
206.247 4.87803 383.383 0.505345
206.303 4.90826 383.659 0.559323
206.36 4.94124 383.935 0.60057
206.416 4.9759 384.214 0.628724
206.472 5.01179 384.495 0.642097
206.528 5.04803 384.778 0.646766
206.584 5.08458 385.063 0.64827
206.64 5.12106 385.349 0.650965
206.697 5.15751 385.638 0.645049
206.753 5.19363 385.929 0.643743
206.809 5.22998 386.222 0.650333
206.865 5.26637 386.517 0.64578
206.921 5.30268 386.814 0.645138
206.978 5.33903 387.114 0.648743
207.034 5.37547 387.415 0.644189
207.09 5.41135 387.718 0.634638
207.146 5.447 388.023 0.632022
207.202 5.48219 388.33 0.625282
207.258 5.51719 388.64 0.616261
207.315 5.55105 388.951 0.592977
207.371 5.58311 389.264 0.55487
207.427 5.61332 389.578 0.52602
207.483 5.64218 389.895 0.504148
207.539 5.66922 390.212 0.461881
207.596 5.69386 390.532 0.42462
207.652 5.7172 390.852 0.411663
207.708 5.73944 391.174 0.387199
207.764 5.76079 391.498 0.375957
207.82 5.78176 391.822 0.375955
207.876 5.80332 392.147 0.393565
207.933 5.82628 392.474 0.417279
207.989 5.85049 392.802 0.441519
208.045 5.8766 393.132 0.480107
208.101 5.9049 393.463 0.515658
208.157 5.93553 393.796 0.563183
208.213 5.96836 394.13 0.598476
208.27 6.00323 394.467 0.637926
208.326 6.04087 394.805 0.691883
208.382 6.08134 395.146 0.739221
208.438 6.12453 395.489 0.787622
208.494 6.17055 395.835 0.839157
208.551 6.21895 396.183 0.87717
208.607 6.2697 396.534 0.919923
208.663 6.32264 396.888 0.955871
208.719 6.37758 397.245 0.994461
208.775 6.43493 397.605 1.03618
208.831 6.49424 397.969 1.07153
208.888 6.55569 398.336 1.10766
208.944 6.61888 398.706 1.1332
209 6.68359 399.08 1.16492
209.056 6.74983 399.458 1.18962
209.112 6.81762 399.839 1.21647
209.169 6.88688 400.225 1.24313
209.225 6.95726 400.614 1.26242
209.281 7.02899 401.007 1.28144
209.337 7.10198 401.405 1.31135
209.393 7.17622 401.806 1.3327
209.449 7.25194 402.212 1.3561
209.506 7.3291 402.622 1.38579
209.562 7.40796 403.036 1.42075
209.618 7.48919 403.455 1.46093
209.674 7.5726 403.879 1.50481
209.73 7.65832 404.307 1.54623
209.787 7.7461 404.74 1.5778
209.843 7.83568 405.178 1.60939
209.899 7.9267 405.622 1.62881
209.955 8.01873 406.07 1.64056
210.011 8.11117 406.524 1.6534
210.067 8.20407 406.983 1.65193
210.124 8.29663 407.447 1.64175
210.18 8.38813 407.916 1.61801
210.236 8.4777 408.39 1.57708
210.292 8.56465 408.869 1.52327
210.348 8.64859 409.353 1.474
210.404 8.72932 409.842 1.41201
210.461 8.80703 410.335 1.35414
210.517 8.88027 410.832 1.27141
210.573 8.9489 411.333 1.18752
210.629 9.01286 411.838 1.10552
210.685 9.07154 412.347 0.998792
210.742 9.12452 412.858 0.903008
210.798 9.17132 413.372 0.785137
210.854 9.21153 413.889 0.66869
210.91 9.24498 414.408 0.548062
210.966 9.27185 414.928 0.431504
211.022 9.29225 415.45 0.317285
211.079 9.30631 415.972 0.206072
211.135 9.3144 416.495 0.103211
211.191 9.31679 417.019 0.00498252
211.247 9.31384 417.542 -0.0870475
211.303 9.30618 418.065 -0.168442
211.36 9.2944 418.587 -0.237712
211.416 9.27856 419.109 -0.306582
211.472 9.25944 419.63 -0.364375
211.528 9.23752 420.149 -0.407243
211.584 9.21365 420.667 -0.434484
211.64 9.18868 421.184 -0.453663
211.697 9.16319 421.699 -0.450195
211.753 9.13799 422.213 -0.445598
211.809 9.11361 422.726 -0.426476
211.865 9.09043 423.237 -0.398931
211.921 9.06843 423.747 -0.379451
211.978 9.04821 424.256 -0.347246
212.034 9.02994 424.764 -0.314368
212.09 9.01356 425.27 -0.273245
212.146 8.99991 425.776 -0.225459
212.202 8.98861 426.281 -0.179787
212.258 8.98036 426.786 -0.121274
212.315 8.97545 427.29 -0.068304
212.371 8.9736 427.795 -0.0136514
212.427 8.97422 428.299 0.031574
212.483 8.97805 428.803 0.0916389
212.539 8.9846 429.308 0.133546
212.596 8.9934 429.813 0.17502
212.652 9.00431 430.318 0.206937
212.708 9.01724 430.825 0.249135
212.764 9.03237 431.332 0.2823
212.82 9.04884 431.84 0.297463
212.876 9.06581 432.349 0.307271
212.933 9.08298 432.858 0.300861
212.989 9.0996 433.369 0.289745
213.045 9.11526 433.881 0.275233
213.101 9.13003 434.394 0.254417
213.157 9.14333 434.907 0.220573
213.213 9.155 435.421 0.19926
213.27 9.16512 435.936 0.166709
213.326 9.17323 436.451 0.124029
213.382 9.1788 436.966 0.0853564
213.438 9.18233 437.482 0.0482323
213.494 9.1833 437.998 -0.00466803
213.551 9.18166 438.514 -0.0469326
213.607 9.17757 439.03 -0.092032
213.663 9.17123 439.545 -0.129903
213.719 9.16229 440.06 -0.178894
213.775 9.15091 440.574 -0.218641
213.831 9.13704 441.088 -0.264595
213.888 9.12125 441.601 -0.292823
213.944 9.10377 442.113 -0.325633
214 9.08424 442.624 -0.359814
214.056 9.06293 443.133 -0.390116
214.112 9.04025 443.642 -0.41223
214.169 9.0163 444.149 -0.43756
214.225 8.99111 444.654 -0.454901
214.281 8.96486 445.159 -0.477695
214.337 8.93749 445.661 -0.494931
214.393 8.90968 446.162 -0.495747
214.449 8.88149 446.662 -0.50499
214.506 8.85289 447.16 -0.514961
214.562 8.82352 447.656 -0.527419
214.618 8.7933 448.151 -0.541889
214.674 8.7623 448.644 -0.559637
214.73 8.73033 449.135 -0.579293
214.787 8.69671 449.625 -0.609961
214.843 8.66136 450.112 -0.644953
214.899 8.62377 450.597 -0.685743
214.955 8.58306 451.08 -0.753509
215.011 8.53818 451.561 -0.828528
215.067 8.48869 452.039 -0.916383
215.124 8.43388 452.514 -1.01482
215.18 8.37331 452.986 -1.12118
215.236 8.30675 453.454 -1.22324
215.292 8.23472 453.919 -1.31959
215.348 8.15732 454.379 -1.41569
215.404 8.07469 454.834 -1.50904
215.461 7.98726 455.285 -1.58833
215.517 7.8956 455.73 -1.65622
215.573 7.80114 456.171 -1.69742
215.629 7.7041 456.606 -1.74809
215.685 7.60463 457.035 -1.78505
215.742 7.50329 457.459 -1.816
215.798 7.40042 457.877 -1.84167
215.854 7.29607 458.289 -1.86728
215.91 7.1905 458.696 -1.88383
215.966 7.08415 459.096 -1.8982
216.022 6.9773 459.491 -1.90495
216.079 6.8699 459.879 -1.91229
216.135 6.7624 460.261 -1.91143
216.191 6.65506 460.638 -1.91001
216.247 6.54787 461.008 -1.90721
216.303 6.44099 461.372 -1.90118
216.36 6.33441 461.73 -1.8925
216.416 6.22885 462.083 -1.87312
216.472 6.1241 462.429 -1.85838
216.528 6.02048 462.77 -1.83633
216.584 5.9183 463.104 -1.80559
216.64 5.81788 463.433 -1.77432
216.697 5.7196 463.757 -1.73004
216.753 5.62392 464.075 -1.68513
216.809 5.53101 464.388 -1.63252
216.865 5.44126 464.696 -1.57377
216.921 5.35507 464.998 -1.5075
216.978 5.27274 465.296 -1.43616
217.034 5.19468 465.59 -1.3586
217.09 5.12119 465.879 -1.2711
217.146 5.05275 466.165 -1.18306
217.202 4.98923 466.446 -1.09617
217.258 4.93079 466.725 -1.00312
217.315 4.87761 467 -0.906828
217.371 4.82992 467.272 -0.811731
217.427 4.78771 467.542 -0.712137
217.483 4.75087 467.81 -0.616568
217.539 4.71984 468.076 -0.509754
217.596 4.69472 468.34 -0.405742
217.652 4.67541 468.603 -0.30292
217.708 4.66168 468.865 -0.205522
217.764 4.65341 469.127 -0.108717
217.82 4.65053 469.388 -0.0133551
217.876 4.6531 469.649 0.083788
217.933 4.66096 469.911 0.176048
217.989 4.67373 470.173 0.26165
218.045 4.69115 470.436 0.342575
218.101 4.71301 470.701 0.422319
218.157 4.73887 470.966 0.487473
218.213 4.76817 471.234 0.541966
218.27 4.80039 471.503 0.595063
218.326 4.83494 471.773 0.629286
218.382 4.87153 472.046 0.663074
218.438 4.90976 472.321 0.69143
218.494 4.94933 472.598 0.715066
218.551 4.98988 472.878 0.726209
218.607 5.03114 473.159 0.741876
218.663 5.07297 473.444 0.744989
218.719 5.11492 473.73 0.744786
218.775 5.15693 474.019 0.746662
218.831 5.19886 474.31 0.746803
218.888 5.24068 474.603 0.742635
218.944 5.28234 474.899 0.740777
219 5.32368 475.197 0.735959
219.056 5.36457 475.498 0.723704
219.112 5.40507 475.8 0.718601
219.169 5.44516 476.105 0.714911
219.225 5.48516 476.413 0.709303
219.281 5.52501 476.722 0.709459
219.337 5.56457 477.034 0.701184
219.393 5.60371 477.348 0.694138
219.449 5.64272 477.664 0.694669
219.506 5.6815 477.982 0.687595
219.562 5.72012 478.303 0.684865
219.618 5.75851 478.626 0.682558
219.674 5.79639 478.95 0.672215
219.73 5.83385 479.277 0.664098
219.787 5.87105 479.606 0.658511
219.843 5.90801 479.937 0.659578
219.899 5.94483 480.27 0.652587
219.955 5.98105 480.606 0.639029
220.011 6.01644 480.943 0.625783
220.067 6.05129 481.282 0.616047
220.124 6.0857 481.623 0.614981
220.18 6.12042 481.966 0.619901
220.236 6.15545 482.311 0.625715
220.292 6.19082 482.658 0.633584
220.348 6.22669 483.007 0.642334
220.404 6.26331 483.358 0.656876
220.461 6.3006 483.711 0.666463
220.517 6.33828 484.067 0.675527
220.573 6.37652 484.424 0.684427
220.629 6.41544 484.784 0.698781
220.685 6.45486 485.145 0.705049
220.742 6.4949 485.509 0.717296
220.798 6.53558 485.876 0.728719
220.854 6.57631 486.244 0.723614
220.91 6.61703 486.615 0.724225
220.966 6.65753 486.988 0.717804
221.022 6.69712 487.363 0.693217
221.079 6.73517 487.741 0.668858
221.135 6.77198 488.121 0.644605
221.191 6.80704 488.502 0.609623
221.247 6.83997 488.886 0.569946
221.303 6.87058 489.271 0.524324
221.36 6.89792 489.658 0.460572
221.416 6.92218 490.046 0.413459
221.472 6.94358 490.436 0.356786
221.528 6.96155 490.827 0.296366
221.584 6.97636 491.218 0.239542
221.64 6.98778 491.611 0.17944
221.697 6.99558 492.003 0.117657
221.753 7.0005 492.397 0.0643527
221.809 7.00243 492.79 0.0102719
221.865 7.00113 493.183 -0.0437268
221.921 6.99676 493.577 -0.100611
221.978 6.98962 493.969 -0.14634
222.034 6.97991 494.362 -0.185748
222.09 6.96856 494.753 -0.212691
222.146 6.9559 495.145 -0.232291
222.202 6.94217 495.535 -0.250154
222.258 6.92858 495.924 -0.235239
222.315 6.91649 496.313 -0.200751
222.371 6.90659 496.701 -0.154934
222.427 6.90017 497.089 -0.0854565
222.483 6.89832 497.477 0.00535083
222.539 6.90223 497.864 0.115291
222.596 6.91252 498.253 0.228295
222.652 6.92999 498.641 0.365543
222.708 6.95459 499.032 0.487714
222.764 6.98588 499.423 0.604017
222.82 7.02348 499.817 0.710693
222.876 7.06674 500.213 0.809075
222.933 7.11541 500.612 0.900375
222.989 7.16844 501.013 0.972671
223.045 7.22451 501.418 1.01476
223.101 7.28213 501.826 1.02919
223.157 7.34004 502.237 1.02857
223.213 7.39706 502.651 1.00463
223.27 7.45236 503.068 0.967994
223.326 7.50502 503.489 0.909691
223.382 7.55408 503.912 0.850126
223.438 7.59935 504.338 0.774025
223.494 7.64059 504.766 0.704441
223.551 7.67727 505.197 0.618086
223.607 7.70879 505.629 0.526413
223.663 7.73561 506.063 0.444058
223.719 7.75777 506.499 0.363408
223.775 7.77543 506.935 0.278497
223.831 7.7883 507.372 0.196795
223.888 7.79642 507.81 0.111141
223.944 7.80088 508.248 0.0650878
224 7.80252 508.687 0.00183238
224.056 7.8011 509.125 -0.0417778
224.112 7.79736 509.563 -0.0823389
224.169 7.79193 510.001 -0.103573
224.225 7.78551 510.439 -0.118438
224.281 7.779 510.876 -0.113283
224.337 7.77354 511.313 -0.0805305
224.393 7.77107 511.749 -0.013395
224.449 7.77308 512.186 0.0708693
224.506 7.78035 512.623 0.175768
224.562 7.79523 513.06 0.324861
224.618 7.81919 513.499 0.4954
224.674 7.85321 513.939 0.681077
224.73 7.8989 514.382 0.907168
224.787 7.9575 514.828 1.13366
224.843 8.02858 515.277 1.35402
224.899 8.11237 515.731 1.5921
224.955 8.20893 516.19 1.80214
225.011 8.31659 516.655 1.98763
225.067 8.43346 517.126 2.14129
225.124 8.55824 517.604 2.27278
225.18 8.68938 518.089 2.37131
225.236 8.8247 518.582 2.42878
225.292 8.96216 519.082 2.45264
225.348 9.0998 519.59 2.44913
225.404 9.23656 520.106 2.42073
225.461 9.37122 520.629 2.37897
225.517 9.5026 521.16 2.30265
225.573 9.62828 521.698 2.19126
225.629 9.74777 522.243 2.08273
225.685 9.86045 522.795 1.94821
225.742 9.96461 523.352 1.79885
225.798 10.0609 523.915 1.65545
225.854 10.1488 524.484 1.49851
225.91 10.2269 525.057 1.32462
225.966 10.2961 525.633 1.16958
226.022 10.3563 526.214 1.00815
226.079 10.4071 526.798 0.835944
226.135 10.4486 527.384 0.671341
226.191 10.4811 527.972 0.518934
226.247 10.5047 528.561 0.351869
226.303 10.5191 529.152 0.195225
226.36 10.5249 529.743 0.033141
226.416 10.5207 530.335 -0.14381
226.472 10.5067 530.925 -0.325075
226.528 10.482 531.515 -0.514446
226.584 10.446 532.102 -0.726163
226.64 10.398 532.688 -0.941769
226.697 10.3372 533.27 -1.1786
226.753 10.2631 533.848 -1.41438
226.809 10.1758 534.422 -1.64583
226.865 10.0753 534.99 -1.8849
226.921 9.96156 535.552 -2.11455
226.978 9.83509 536.108 -2.3399
227.034 9.69636 536.656 -2.55081
227.09 9.5463 537.195 -2.74806
227.146 9.38572 537.726 -2.92663
227.202 9.21568 538.248 -3.08839
227.258 9.03722 538.76 -3.23193
227.315 8.85122 539.261 -3.35689
227.371 8.65915 539.752 -3.46084
227.427 8.46236 540.232 -3.53053
227.483 8.26226 540.701 -3.58545
227.539 8.05949 541.158 -3.62351
227.596 7.85528 541.604 -3.63798
227.652 7.65053 542.038 -3.64534
227.708 7.44643 542.461 -3.61778
227.764 7.24442 542.873 -3.57807
227.82 7.04514 543.273 -3.52288
227.876 6.84931 543.662 -3.45778
227.933 6.65766 544.04 -3.37837
227.989 6.47077 544.408 -3.2937
228.045 6.2891 544.765 -3.19577
228.101 6.11265 545.113 -3.09539
228.157 5.94287 545.45 -2.97748
228.213 5.77958 545.779 -2.85857
228.27 5.62296 546.098 -2.74101
228.326 5.47311 546.409 -2.61885
228.382 5.33094 546.712 -2.47257
228.438 5.19651 547.007 -2.33831
228.494 5.06972 547.294 -2.20266
228.551 4.9506 547.575 -2.06701
228.607 4.83933 547.849 -1.92446
228.663 4.73586 548.118 -1.78572
228.719 4.64035 548.38 -1.64252
228.775 4.553 548.638 -1.49799
228.831 4.47341 548.891 -1.3627
228.888 4.40164 549.14 -1.21998
228.944 4.33772 549.385 -1.08111
229 4.28197 549.627 -0.932236
229.056 4.23446 549.866 -0.788333
229.112 4.19481 550.102 -0.648192
229.169 4.16336 550.337 -0.500002
229.225 4.14036 550.57 -0.350654
229.281 4.12501 550.802 -0.218224
229.337 4.11769 551.034 -0.0745637
229.393 4.1185 551.265 0.0739777
229.449 4.12718 551.497 0.207887
229.506 4.14324 551.729 0.33845
229.562 4.16653 551.962 0.465587
229.618 4.19689 552.198 0.588116
229.674 4.23376 552.435 0.699931
229.73 4.27682 552.674 0.81221
229.787 4.3258 552.916 0.911392
229.843 4.38052 553.161 1.01302
229.899 4.44028 553.409 1.09774
229.955 4.50487 553.66 1.18257
230.011 4.57423 553.916 1.2668
230.067 4.6482 554.175 1.34922
230.124 4.72591 554.439 1.40691
230.18 4.80693 554.707 1.46497
230.236 4.89097 554.98 1.51581
230.292 4.9776 555.258 1.55853
230.348 5.06607 555.54 1.58484
230.404 5.15594 555.828 1.61058
230.461 5.24742 556.121 1.63726
230.517 5.33993 556.418 1.65257
230.573 5.43338 556.722 1.66747
230.629 5.5273 557.03 1.67661
230.685 5.62149 557.344 1.67781
230.742 5.71583 557.663 1.67728
230.798 5.80984 557.987 1.67069
230.854 5.90338 558.317 1.65965
230.91 5.99602 558.651 1.64187
230.966 6.08757 558.991 1.62452
231.022 6.17808 559.336 1.60277
231.079 6.26745 559.686 1.58443
231.135 6.35586 560.042 1.56748
231.191 6.44329 560.402 1.54888
231.247 6.52998 560.766 1.53726
231.303 6.61591 561.136 1.52458
231.36 6.70117 561.511 1.51273
231.416 6.78541 561.89 1.48883
231.472 6.86817 562.274 1.46368
231.528 6.94924 562.663 1.43165
231.584 7.02835 563.056 1.39309
231.64 7.10561 563.453 1.36046
231.697 7.18055 563.855 1.31597
231.753 7.25314 564.261 1.28001
231.809 7.32358 564.671 1.23366
231.865 7.39185 565.084 1.20203
231.921 7.45801 565.502 1.16248
231.978 7.52207 565.923 1.1223
232.034 7.5839 566.348 1.08535
232.09 7.64289 566.776 1.0297
232.146 7.69913 567.207 0.983744
232.202 7.75258 567.641 0.93095
232.258 7.80375 568.079 0.898302
232.315 7.85299 568.519 0.862553
232.371 7.89997 568.962 0.822275
232.427 7.94487 569.407 0.788971
232.483 7.98845 569.855 0.768021
232.539 8.03148 570.305 0.757734
232.596 8.07358 570.758 0.744756
232.652 8.11487 571.213 0.732033
232.708 8.15669 571.67 0.748392
232.764 8.19876 572.13 0.751874
232.82 8.24103 572.592 0.757569
232.876 8.28425 573.056 0.775121
232.933 8.32854 573.523 0.796095
232.989 8.37401 573.992 0.818917
233.045 8.421 574.464 0.849463
233.101 8.46966 574.939 0.877557
233.157 8.51995 575.417 0.907049
233.213 8.57187 575.897 0.935908
233.27 8.62527 576.38 0.957637
233.326 8.6802 576.867 0.994274
233.382 8.73688 577.356 1.01034
233.438 8.79401 577.849 1.0225
233.494 8.85144 578.345 1.02667
233.551 8.90923 578.844 1.02781
233.607 8.96691 579.347 1.02504
233.663 9.02421 579.852 1.01489
233.719 9.08026 580.361 0.990127
233.775 9.13487 580.873 0.957405
233.831 9.18761 581.388 0.926224
233.888 9.23861 581.906 0.89382
233.944 9.28757 582.427 0.854415
234 9.33451 582.95 0.818279
234.056 9.37925 583.476 0.78504
234.112 9.42177 584.004 0.738472
234.169 9.46222 584.535 0.705035
234.225 9.50058 585.068 0.667026
234.281 9.53699 585.603 0.636387
234.337 9.57181 586.14 0.606631
234.393 9.60522 586.679 0.586126
234.449 9.63769 587.22 0.571022
234.506 9.66887 587.762 0.5492
234.562 9.69968 588.306 0.542606
234.618 9.72964 588.852 0.531998
234.674 9.75942 589.4 0.528942
234.73 9.78911 589.949 0.529243
234.787 9.8188 590.5 0.528856
234.843 9.84849 591.053 0.526299
234.899 9.87805 591.607 0.525445
234.955 9.90743 592.163 0.520142
235.011 9.93629 592.721 0.509785
235.067 9.96449 593.28 0.495975
235.124 9.99171 593.84 0.476013
235.18 10.0178 594.403 0.454392
235.236 10.0425 594.966 0.431817
235.292 10.0659 595.531 0.403667
235.348 10.0877 596.097 0.3776
235.404 10.108 596.665 0.35005
235.461 10.1268 597.233 0.324199
235.517 10.1438 597.803 0.290845
235.573 10.1592 598.373 0.264629
235.629 10.1734 598.945 0.243249
235.685 10.1862 599.517 0.219017
235.742 10.1979 600.089 0.201811
235.798 10.2085 600.662 0.17979
235.854 10.2178 601.236 0.160308
235.91 10.2266 601.811 0.151413
235.966 10.2345 602.385 0.134555
236.022 10.2417 602.961 0.120561
236.079 10.2479 603.536 0.101678
236.135 10.253 604.112 0.0850972
236.191 10.2571 604.688 0.0622448
236.247 10.2599 605.265 0.0436412
236.303 10.2617 605.841 0.0223764
236.36 10.262 606.418 -0.0063928
236.416 10.2605 606.994 -0.0423286
236.472 10.2568 607.57 -0.0845166
236.528 10.2508 608.146 -0.119935
236.584 10.2425 608.722 -0.168768
236.64 10.2313 609.297 -0.219319
236.697 10.2174 609.871 -0.265534
236.753 10.201 610.445 -0.311369
236.809 10.1819 611.017 -0.357996
236.865 10.1604 611.589 -0.398569
236.921 10.1368 612.159 -0.434532
236.978 10.1113 612.727 -0.465015
237.034 10.0844 613.294 -0.488442
237.09 10.0564 613.86 -0.504856
237.146 10.0277 614.424 -0.511761
237.202 9.99901 614.986 -0.510008
237.258 9.97057 615.547 -0.501924
237.315 9.94322 616.106 -0.474758
237.371 9.91756 616.664 -0.444571
237.427 9.8938 617.221 -0.403987
237.483 9.87253 617.776 -0.35818
237.539 9.85415 618.33 -0.302547
237.596 9.83918 618.883 -0.238829
237.652 9.8277 619.435 -0.180114
237.708 9.81977 619.987 -0.116209
237.764 9.81575 620.538 -0.0412222
237.82 9.81599 621.09 0.0366734
237.876 9.82055 621.641 0.111188
237.933 9.8295 622.193 0.188564
237.989 9.84304 622.746 0.274865
238.045 9.86127 623.3 0.356211
238.101 9.88424 623.854 0.444096
238.157 9.9122 624.411 0.536342
238.213 9.94529 624.969 0.625939
238.27 9.98348 625.529 0.714142
238.326 10.0266 626.091 0.803897
238.382 10.0746 626.656 0.886745
238.438 10.127 627.224 0.962599
238.494 10.1832 627.794 1.02678
238.551 10.2425 628.368 1.07244
238.607 10.3039 628.946 1.10494
238.663 10.3667 629.527 1.12532
238.719 10.43 630.111 1.12563
238.775 10.4926 630.7 1.1003
238.831 10.5529 631.291 1.05432
238.888 10.6101 631.886 0.989788
238.944 10.6627 632.484 0.898883
239 10.7099 633.084 0.797866
239.056 10.7507 633.687 0.676027
239.112 10.7843 634.293 0.545326
239.169 10.8098 634.899 0.391901
239.225 10.8264 635.507 0.229969
239.281 10.8337 636.116 0.0599659
239.337 10.831 636.724 -0.122118
239.393 10.8176 637.332 -0.314843
239.449 10.7934 637.939 -0.511452
239.506 10.7579 638.545 -0.714602
239.562 10.7105 639.147 -0.929387
239.618 10.651 639.747 -1.1465
239.674 10.5792 640.343 -1.36566
239.73 10.4949 640.935 -1.58987
239.787 10.3982 641.521 -1.80615
239.843 10.2896 642.102 -2.01562
239.899 10.1693 642.676 -2.22464
239.955 10.038 643.243 -2.41349
240.011 9.89638 643.802 -2.59257
240.067 9.7447 644.353 -2.76741
240.124 9.584 644.895 -2.91701
240.18 9.41535 645.428 -3.05371
240.236 9.23981 645.951 -3.1697
240.292 9.05857 646.464 -3.26176
240.348 8.87268 646.966 -3.33582
240.404 8.68359 647.458 -3.38449
240.461 8.49194 647.94 -3.42668
240.517 8.29915 648.41 -3.43117
240.573 8.10613 648.87 -3.43773
240.629 7.91364 649.319 -3.41655
240.685 7.72261 649.757 -3.39009
240.742 7.53365 650.185 -3.34377
240.798 7.34715 650.602 -3.30633
240.854 7.16312 651.008 -3.25358
240.91 6.98215 651.405 -3.19906
240.966 6.80495 651.791 -3.12669
241.022 6.63138 652.167 -3.06819
241.079 6.46204 652.534 -2.98309
241.135 6.29677 652.891 -2.91597
241.191 6.13587 653.24 -2.83259
241.247 5.97945 653.579 -2.75112
241.303 5.82699 653.91 -2.68824
241.36 5.6779 654.232 -2.62862
241.416 5.53285 654.546 -2.54942
241.472 5.39202 654.852 -2.48077
241.528 5.25489 655.151 -2.41529
241.584 5.12098 655.441 -2.36397
241.64 4.98999 655.725 -2.31106
241.697 4.86196 656.001 -2.2599
241.753 4.73615 656.27 -2.21859
241.809 4.61346 656.532 -2.16723
241.865 4.49309 656.787 -2.13055
241.921 4.37479 657.035 -2.08494
241.978 4.25902 657.277 -2.04726
242.034 4.14566 657.512 -1.99713
242.09 4.0354 657.742 -1.93676
242.146 3.9288 657.965 -1.8717
242.202 3.82593 658.182 -1.80197
242.258 3.72737 658.393 -1.72167
242.315 3.63331 658.6 -1.64342
242.371 3.54404 658.801 -1.55041
242.427 3.45999 658.997 -1.45744
242.483 3.3818 659.189 -1.34973
242.539 3.30919 659.376 -1.25085
242.596 3.24242 659.56 -1.14278
242.652 3.18224 659.74 -1.0284
242.708 3.12817 659.917 -0.916983
242.764 3.08033 660.091 -0.809137
242.82 3.03879 660.263 -0.695412
242.876 3.0035 660.432 -0.583754
242.933 2.97416 660.6 -0.480908
242.989 2.95066 660.766 -0.372996
243.045 2.93336 660.931 -0.269713
243.101 2.92145 661.096 -0.172705
243.157 2.91498 661.26 -0.0732654
243.213 2.91408 661.423 0.0202489
243.27 2.91847 661.587 0.118401
243.326 2.92881 661.751 0.226967
243.382 2.94462 661.916 0.320446
243.438 2.96588 662.083 0.416686
243.494 2.99276 662.25 0.518453
243.551 3.02523 662.419 0.617689
243.607 3.06306 662.59 0.710808
243.663 3.1063 662.764 0.808752
243.719 3.15486 662.94 0.900291
243.775 3.20854 663.119 0.987938
243.831 3.26707 663.301 1.07731
243.888 3.3306 663.487 1.16333
243.944 3.39871 663.676 1.24342
244 3.47097 663.87 1.31428
244.056 3.54798 664.067 1.40024
244.112 3.62923 664.269 1.47634
244.169 3.71473 664.476 1.54888
244.225 3.80409 664.688 1.62154
244.281 3.89743 664.905 1.68374
244.337 3.99442 665.127 1.75268
244.393 4.09468 665.355 1.80457
244.449 4.19799 665.588 1.86284
244.506 4.30496 665.828 1.9323
244.562 4.41578 666.073 1.99743
244.618 4.52984 666.325 2.05367
244.674 4.64745 666.583 2.11706
244.73 4.7681 666.849 2.16831
244.787 4.89193 667.121 2.22955
244.843 5.01879 667.4 2.27938
244.899 5.14886 667.686 2.34047
244.955 5.28241 667.98 2.40014
245.011 5.41962 668.281 2.47125
245.067 5.56109 668.59 2.55385
245.124 5.70721 668.908 2.63641
245.18 5.85864 669.233 2.73007
245.236 6.01527 669.568 2.8231
245.292 6.17653 669.911 2.90282
245.348 6.3423 670.264 2.97948
245.404 6.51189 670.626 3.044
245.461 6.68487 670.997 3.10074
245.517 6.86014 671.379 3.12931
245.573 7.03637 671.77 3.13973
245.629 7.21201 672.171 3.11097
245.685 7.38473 672.582 3.04454
245.742 7.55236 673.003 2.93862
245.798 7.71295 673.433 2.8005
245.854 7.86436 673.871 2.62115
245.91 8.00456 674.318 2.40706
245.966 8.13164 674.772 2.16232
246.022 8.24488 675.233 1.91524
246.079 8.34365 675.699 1.65052
246.135 8.42669 676.171 1.36665
246.191 8.49343 676.646 1.06953
246.247 8.54402 677.125 0.79277
246.303 8.57965 677.607 0.532202
246.36 8.60073 678.089 0.272577
246.416 8.60744 678.573 0.0264144
246.472 8.60157 679.056 -0.197475
246.528 8.58368 679.539 -0.398697
246.584 8.55429 680.02 -0.602897
246.64 8.51423 680.5 -0.782958
246.697 8.46492 680.976 -0.938645
246.753 8.40685 681.45 -1.09132
246.809 8.34075 681.92 -1.23102
246.865 8.26703 682.386 -1.36442
246.921 8.18591 682.848 -1.49619
246.978 8.09704 683.305 -1.63607
247.034 8.00118 683.756 -1.75344
247.09 7.89875 684.203 -1.87049
247.146 7.78974 684.643 -1.98703
247.202 7.6744 685.076 -2.09794
247.258 7.55292 685.504 -2.20652
247.315 7.42488 685.924 -2.32528
247.371 7.29048 686.336 -2.43624
247.427 7.15033 686.741 -2.53294
247.483 7.00489 687.138 -2.62767
247.539 6.85591 687.526 -2.67225
247.596 6.70413 687.906 -2.71699
247.652 6.55055 688.278 -2.74116
247.708 6.39611 688.641 -2.7512
247.764 6.24217 688.995 -2.73672
247.82 6.08944 689.34 -2.70327
247.876 5.93901 689.677 -2.6593
247.933 5.79163 690.006 -2.5962
247.989 5.64837 690.327 -2.52487
248.045 5.50924 690.639 -2.44419
248.101 5.37453 690.944 -2.36792
248.157 5.24413 691.242 -2.28782
248.213 5.11879 691.532 -2.19089
248.27 4.99899 691.816 -2.09325
248.326 4.88452 692.093 -1.99848
248.382 4.77547 692.363 -1.9032
248.438 4.67196 692.628 -1.80481
248.494 4.57387 692.887 -1.70754
248.551 4.48081 693.141 -1.62328
248.607 4.39236 693.39 -1.53959
248.663 4.30853 693.634 -1.46251
248.719 4.22872 693.873 -1.39365
248.775 4.15262 694.108 -1.32914
248.831 4.07977 694.339 -1.27511
248.888 4.00986 694.566 -1.22425
248.944 3.94272 694.789 -1.17389
249 3.8784 695.008 -1.1232
249.056 3.81711 695.224 -1.06992
249.112 3.75875 695.436 -1.01862
249.169 3.7033 695.645 -0.965329
249.225 3.65091 695.852 -0.910266
249.281 3.60175 696.055 -0.851272
249.337 3.55585 696.256 -0.793484
249.393 3.51322 696.454 -0.736123
249.449 3.47386 696.65 -0.678107
249.506 3.43737 696.844 -0.62687
249.562 3.40397 697.036 -0.574762
249.618 3.3736 697.226 -0.517896
249.674 3.34615 697.415 -0.470758
249.73 3.321 697.602 -0.434501
249.787 3.29805 697.788 -0.391857
249.843 3.27719 697.972 -0.358118
249.899 3.25848 698.156 -0.317587
249.955 3.24164 698.338 -0.288498
250.011 3.22636 698.52 -0.260738
250.067 3.21258 698.701 -0.238845
250.124 3.20019 698.881 -0.210608
250.18 3.18972 699.06 -0.171966
250.236 3.18136 699.239 -0.13273
250.292 3.17502 699.418 -0.100933
250.348 3.17038 699.596 -0.0700174
250.404 3.16771 699.774 -0.0311998
250.461 3.16721 699.952 0.00597164
250.517 3.16866 700.13 0.0389905
250.573 3.17202 700.308 0.0734079
250.629 3.17724 700.486 0.104001
250.685 3.18411 700.665 0.136489
250.742 3.1929 700.844 0.16768
250.798 3.20348 701.024 0.201092
250.854 3.21561 701.204 0.226286
250.91 3.22909 701.385 0.248655
250.966 3.24384 701.567 0.277391
251.022 3.2604 701.75 0.307553
251.079 3.2789 701.934 0.344282
251.135 3.29932 702.119 0.376422
251.191 3.32165 702.305 0.412628
251.247 3.34594 702.492 0.447185
251.303 3.37234 702.681 0.484447
251.36 3.40085 702.872 0.524626
251.416 3.43167 703.064 0.564832
251.472 3.46489 703.258 0.609005
251.528 3.50069 703.453 0.654966
251.584 3.53892 703.651 0.697472
251.64 3.57977 703.852 0.745384
251.697 3.62289 704.054 0.78091
251.753 3.66772 704.259 0.80756
251.809 3.71396 704.467 0.833305
251.865 3.76174 704.677 0.860914
251.921 3.81093 704.89 0.88188
251.978 3.86141 705.106 0.908714
252.034 3.91275 705.324 0.917848
252.09 3.9646 705.546 0.925593
252.146 4.01676 705.77 0.930431
252.202 4.06884 705.998 0.925648
252.258 4.12062 706.228 0.91837
252.315 4.17161 706.461 0.899377
252.371 4.22179 706.697 0.887967
252.427 4.27105 706.936 0.871674
252.483 4.31947 707.178 0.855708
252.539 4.36677 707.422 0.832875
252.596 4.41269 707.669 0.805388
252.652 4.45698 707.918 0.778734
252.708 4.49992 708.17 0.753824
252.764 4.54155 708.425 0.731032
252.82 4.58179 708.681 0.706802
252.876 4.62058 708.94 0.682718
252.933 4.65827 709.201 0.662996
252.989 4.69498 709.464 0.646926
253.045 4.7309 709.729 0.635503
253.101 4.76625 709.995 0.622673
253.157 4.80078 710.264 0.610809
253.213 4.83491 710.535 0.605117
253.27 4.86885 710.808 0.605714
253.326 4.90316 711.083 0.615257
253.382 4.93801 711.359 0.625093
253.438 4.97351 711.638 0.636138
253.494 5.00972 711.919 0.651193
253.551 5.04725 712.201 0.679112
253.607 5.0863 712.486 0.706474
253.663 5.12708 712.773 0.743303
253.719 5.16996 713.063 0.778685
253.775 5.21497 713.355 0.81791
253.831 5.26245 713.649 0.865944
253.888 5.31277 713.947 0.915533
253.944 5.36619 714.247 0.975059
254 5.42327 714.55 1.04307
254.056 5.48417 714.857 1.1128
254.112 5.54932 715.167 1.19342
254.169 5.61855 715.481 1.25925
254.225 5.69165 715.799 1.32911
254.281 5.76875 716.122 1.40129
254.337 5.85007 716.449 1.48161
254.393 5.93572 716.78 1.54981
254.449 6.02521 717.117 1.62037
254.506 6.11859 717.458 1.69316
254.562 6.21595 717.805 1.76026
254.618 6.31694 718.158 1.82138
254.674 6.42133 718.516 1.88342
254.73 6.52919 718.881 1.94244
254.787 6.63992 719.251 1.98761
254.843 6.75345 719.628 2.04073
254.899 6.86933 720.011 2.07788
254.955 6.98743 720.401 2.11858
255.011 7.10765 720.798 2.15195
255.067 7.22935 721.201 2.17416
255.124 7.3524 721.611 2.19765
255.18 7.47621 722.029 2.2093
255.236 7.60047 722.453 2.21244
255.292 7.72477 722.884 2.21317
255.348 7.8493 723.322 2.21732
255.404 7.97373 723.767 2.2117
255.461 8.09768 724.219 2.2
255.517 8.22109 724.679 2.19614
255.573 8.34341 725.145 2.1641
255.629 8.46399 725.617 2.13475
255.685 8.58306 726.097 2.10404
255.742 8.69983 726.583 2.06288
255.798 8.81415 727.076 2.01648
255.854 8.92628 727.575 1.98327
255.91 9.03661 728.08 1.95195
255.966 9.14534 728.591 1.92536
256.022 9.25284 729.109 1.90509
256.079 9.35885 729.632 1.87468
256.135 9.46315 730.161 1.84486
256.191 9.56589 730.696 1.81638
256.247 9.66666 731.237 1.77883
256.303 9.76492 731.784 1.72628
256.36 9.85987 732.335 1.66698
256.416 9.95148 732.892 1.60768
256.472 10.0395 733.454 1.53736
256.528 10.1235 734.021 1.46166
256.584 10.2026 734.593 1.37167
256.64 10.2763 735.168 1.26987
256.697 10.3438 735.748 1.15445
256.753 10.4046 736.331 1.03664
256.809 10.4589 736.918 0.917164
256.865 10.5063 737.507 0.795227
256.921 10.5469 738.098 0.670726
256.978 10.5805 738.692 0.550053
257.034 10.608 739.288 0.45332
257.09 10.6298 739.884 0.344575
257.146 10.6457 740.482 0.241598
257.202 10.656 741.08 0.145223
257.258 10.6607 741.679 0.0437735
257.315 10.6603 742.278 -0.0383004
257.371 10.6554 742.877 -0.123665
257.427 10.6458 743.475 -0.20764
257.483 10.6313 744.073 -0.287169
257.539 10.6116 744.67 -0.39787
257.596 10.5854 745.265 -0.506328
257.652 10.5527 745.858 -0.640403
257.708 10.5117 746.45 -0.79091
257.764 10.4618 747.039 -0.954075
257.82 10.402 747.625 -1.14261
257.876 10.3311 748.207 -1.34429
257.933 10.2479 748.784 -1.57296
257.989 10.1519 749.357 -1.80608
258.045 10.0421 749.924 -2.05454
258.101 9.91815 750.484 -2.30624
258.157 9.78023 751.036 -2.55651
258.213 9.62832 751.581 -2.80287
258.27 9.46257 752.116 -3.04866
258.326 9.28306 752.642 -3.29141
258.382 9.09075 753.157 -3.50831
258.438 8.88689 753.661 -3.70433
258.494 8.67303 754.153 -3.86748
258.551 8.45105 754.632 -4.00955
258.607 8.22134 755.1 -4.13858
258.663 7.98541 755.553 -4.23863
258.719 7.74482 755.994 -4.30505
258.775 7.50167 756.421 -4.33518
258.831 7.25716 756.834 -4.36117
258.888 7.01143 757.234 -4.38053
258.944 6.76531 757.619 -4.37857
259 6.51998 757.991 -4.35595
259.056 6.27605 758.349 -4.33536
259.112 6.0342 758.693 -4.28379
259.169 5.79489 759.024 -4.24324
259.225 5.55901 759.342 -4.16578
259.281 5.32776 759.646 -4.08269
259.337 5.10146 759.938 -3.99007
259.393 4.88061 760.217 -3.88671
259.449 4.66646 760.484 -3.76073
259.506 4.45959 760.739 -3.62924
259.562 4.2608 760.983 -3.47747
259.618 4.07078 761.216 -3.31444
259.674 3.89055 761.439 -3.13487
259.73 3.72078 761.651 -2.94621
259.787 3.56174 761.855 -2.75278
259.843 3.41362 762.05 -2.55799
259.899 3.27681 762.237 -2.35352
259.955 3.15139 762.417 -2.15276
260.011 3.03737 762.59 -1.94721
260.067 2.93505 762.757 -1.7387
260.124 2.84408 762.919 -1.54056
260.18 2.76429 763.076 -1.34069
260.236 2.69566 763.229 -1.14237
260.292 2.63805 763.379 -0.949036
260.348 2.59116 763.525 -0.759581
260.404 2.55468 763.669 -0.574913
260.461 2.529 763.812 -0.381595
260.517 2.51386 763.954 -0.195159
260.573 2.50908 764.095 -0.0104986
260.629 2.51486 764.236 0.177076
260.685 2.53065 764.377 0.348981
260.742 2.55584 764.52 0.514603
260.798 2.59023 764.665 0.676848
260.854 2.63334 764.812 0.826768
260.91 2.68446 764.962 0.965699
260.966 2.74319 765.114 1.09778
261.022 2.80886 765.271 1.21521
261.079 2.88069 765.431 1.31814
261.135 2.95767 765.595 1.40292
261.191 3.03903 765.764 1.47712
261.247 3.12418 765.938 1.53961
261.303 3.21203 766.116 1.5787
261.36 3.30216 766.3 1.6203
261.416 3.39441 766.488 1.65748
261.472 3.48849 766.682 1.68543
261.528 3.58375 766.881 1.70207
261.584 3.68005 767.086 1.7236
261.64 3.77751 767.296 1.74145
261.697 3.87595 767.512 1.75569
261.753 3.97497 767.733 1.7692
261.809 4.07412 767.959 1.76503
261.865 4.17333 768.192 1.76832
261.921 4.27308 768.429 1.7782
261.978 4.37324 768.673 1.78683
262.034 4.47386 768.922 1.7938
262.09 4.57487 769.177 1.79927
262.146 4.67583 769.437 1.79604
262.202 4.7769 769.703 1.80209
262.258 4.87849 769.975 1.80716
262.315 4.98044 770.252 1.81742
262.371 5.08259 770.536 1.81925
262.427 5.18493 770.825 1.82288
262.483 5.28743 771.119 1.82437
262.539 5.38973 771.42 1.81822
262.596 5.49194 771.726 1.82158
262.652 5.59433 772.038 1.82159
262.708 5.69649 772.356 1.81797
262.764 5.79912 772.679 1.83258
262.82 5.90231 773.009 1.83871
262.876 6.00602 773.344 1.84934
262.933 6.11022 773.685 1.85826
262.989 6.21489 774.031 1.8693
263.045 6.3204 774.384 1.8845
263.101 6.4267 774.743 1.89214
263.157 6.53326 775.107 1.90034
263.213 6.64029 775.478 1.90806
263.27 6.74745 775.855 1.90718
263.326 6.85433 776.237 1.89526
263.382 6.96047 776.626 1.88549
263.438 7.06566 777.021 1.86236
263.494 7.16914 777.421 1.82805
263.551 7.27035 777.827 1.77888
263.607 7.36827 778.239 1.71738
263.663 7.46197 778.656 1.63178
263.719 7.55031 779.078 1.53148
263.775 7.63233 779.505 1.41888
263.831 7.70876 779.937 1.31767
263.888 7.77857 780.372 1.19329
263.944 7.84154 780.811 1.07055
264 7.89697 781.254 0.938352
264.056 7.94564 781.699 0.817164
264.112 7.98761 782.147 0.695752
264.169 8.02228 782.597 0.563524
264.225 8.05019 783.048 0.454276
264.281 8.07228 783.502 0.353936
264.337 8.08889 783.956 0.259572
264.393 8.10099 784.41 0.186909
264.449 8.10965 784.866 0.132866
264.506 8.11565 785.322 0.0932169
264.562 8.12012 785.778 0.0694424
264.618 8.12381 786.234 0.0651931
264.674 8.12759 786.691 0.0655689
264.73 8.13205 787.147 0.0884402
264.787 8.13757 787.604 0.105364
264.843 8.14461 788.062 0.137362
264.899 8.15328 788.52 0.165711
264.955 8.16339 788.978 0.188707
265.011 8.17446 789.437 0.204221
265.067 8.18632 789.897 0.214204
265.124 8.19894 790.357 0.23186
265.18 8.21226 790.818 0.237977
265.236 8.22606 791.28 0.2487
265.292 8.24031 791.742 0.257724
265.348 8.2551 792.206 0.269957
265.404 8.27031 792.67 0.272919
265.461 8.28591 793.135 0.283529
265.517 8.30229 793.601 0.297372
265.573 8.31985 794.068 0.321693
265.629 8.33877 794.536 0.349859
265.685 8.35985 795.006 0.389559
265.742 8.38299 795.476 0.426613
265.798 8.40868 795.948 0.477023
265.854 8.43734 796.421 0.534471
265.91 8.46967 796.896 0.605318
265.966 8.50662 797.373 0.692199
266.022 8.54847 797.853 0.784538
266.079 8.59617 798.334 0.893071
266.135 8.65014 798.819 1.00534
266.191 8.71053 799.307 1.12074
266.247 8.7776 799.799 1.24547
266.303 8.85208 800.294 1.37844
266.36 8.93415 800.794 1.51141
266.416 9.02326 801.299 1.63882
266.472 9.11975 801.809 1.77108
266.528 9.22386 802.325 1.90778
266.584 9.33547 802.847 2.03949
266.64 9.45495 803.376 2.18221
266.697 9.58185 803.911 2.30853
266.753 9.71559 804.454 2.42376
266.809 9.85545 805.004 2.53447
266.865 10.0012 805.563 2.6396
266.921 10.1526 806.13 2.73065
266.978 10.3089 806.705 2.81159
267.034 10.4691 807.29 2.8721
267.09 10.6316 807.884 2.90732
267.146 10.7959 808.486 2.93567
267.202 10.9612 809.098 2.94567
267.258 11.1265 809.72 2.93259
267.315 11.2904 810.35 2.90815
267.371 11.4523 810.99 2.8623
267.427 11.6113 811.639 2.80608
267.483 11.7664 812.297 2.72712
267.539 11.9166 812.963 2.63761
267.596 12.0617 813.637 2.54802
267.652 12.2021 814.319 2.46409
267.708 12.3376 815.01 2.37912
267.764 12.468 815.707 2.28472
267.82 12.5932 816.412 2.18939
267.876 12.7136 817.123 2.11432
267.933 12.8302 817.842 2.04999
267.989 12.9433 818.566 1.99025
268.045 13.0536 819.297 1.94706
268.101 13.1621 820.034 1.92403
268.157 13.2697 820.777 1.91209
268.213 13.3769 821.526 1.906
268.27 13.484 822.281 1.90571
268.326 13.5912 823.042 1.91021
268.382 13.6988 823.81 1.91917
268.438 13.8067 824.583 1.9197
268.494 13.9143 825.362 1.91542
268.551 14.0214 826.148 1.89714
268.607 14.1271 826.939 1.87247
268.663 14.2311 827.736 1.83525
268.719 14.3319 828.539 1.76605
268.775 14.4286 829.347 1.68989
268.831 14.5204 830.161 1.59494
268.888 14.6068 830.98 1.49798
268.944 14.6875 831.803 1.39353
269 14.7619 832.631 1.27695
269.056 14.8298 833.462 1.16422
269.112 14.8914 834.298 1.05088
269.169 14.9469 835.136 0.947136
269.225 14.9966 835.978 0.849155
269.281 15.0413 836.822 0.755813
269.337 15.0811 837.668 0.681333
269.393 15.1171 838.516 0.615549
269.449 15.15 839.367 0.566578
269.506 15.1808 840.219 0.539417
269.562 15.2104 841.073 0.520107
269.618 15.2399 841.928 0.526335
269.674 15.2699 842.786 0.5418
269.73 15.3008 843.644 0.559322
269.787 15.3333 844.505 0.586992
269.843 15.3677 845.368 0.630076
269.899 15.4039 846.232 0.656212
269.955 15.4414 847.099 0.675719
270.011 15.4806 847.968 0.707646
270.067 15.5212 848.839 0.730833
270.124 15.5625 849.712 0.743221
270.18 15.604 850.588 0.736518
270.236 15.6454 851.466 0.732796
270.292 15.6859 852.346 0.706885
270.348 15.7248 853.229 0.682288
270.404 15.7622 854.113 0.654437
270.461 15.7967 855 0.583647
270.517 15.8274 855.889 0.519946
270.573 15.854 856.779 0.43925
270.629 15.8758 857.67 0.352872
270.685 15.8923 858.563 0.252498
270.742 15.9029 859.456 0.144274
270.798 15.9075 860.349 0.0385616
270.854 15.9061 861.243 -0.0662454
270.91 15.8989 862.137 -0.166146
270.966 15.8862 863.029 -0.265407
271.022 15.8681 863.921 -0.361451
271.079 15.8445 864.812 -0.451456
271.135 15.8169 865.701 -0.520529
271.191 15.7848 866.589 -0.60298
271.247 15.7481 867.474 -0.688831
271.303 15.707 868.358 -0.759608
271.36 15.6619 869.238 -0.840503
271.416 15.6132 870.117 -0.892368
271.472 15.5607 870.992 -0.965392
271.528 15.5045 871.864 -1.02063
271.584 15.445 872.734 -1.08105
271.64 15.3819 873.599 -1.15603
271.697 15.3149 874.461 -1.2156
271.753 15.2445 875.319 -1.27591
271.809 15.1707 876.173 -1.33745
271.865 15.0936 877.023 -1.39961
271.921 15.0124 877.868 -1.47262
271.978 14.9274 878.708 -1.54295
272.034 14.8387 879.544 -1.59984
272.09 14.7462 880.375 -1.68267
272.146 14.6487 881.2 -1.77198
272.202 14.5461 882.019 -1.86526
272.258 14.4386 882.833 -1.94567
272.315 14.3258 883.64 -2.05061
272.371 14.2074 884.441 -2.15112
272.427 14.0826 885.235 -2.27072
272.483 13.951 886.022 -2.3901
272.539 13.813 886.801 -2.50128
272.596 13.6681 887.572 -2.62656
272.652 13.5165 888.335 -2.75095
272.708 13.3578 889.089 -2.87385
272.764 13.1922 889.834 -2.99773
272.82 13.0197 890.569 -3.11615
272.876 12.8409 891.295 -3.22722
272.933 12.6562 892.01 -3.32729
272.989 12.4663 892.715 -3.41487
273.045 12.2717 893.408 -3.49074
273.101 12.0735 894.091 -3.55618
273.157 11.8722 894.763 -3.60168
273.213 11.6686 895.423 -3.63736
273.27 11.4634 896.071 -3.65928
273.326 11.2574 896.709 -3.67187
273.382 11.0509 897.334 -3.67453
273.438 10.8453 897.948 -3.65294
273.494 10.6407 898.55 -3.62878
273.551 10.4381 899.141 -3.58949
273.607 10.2379 899.721 -3.54569
273.663 10.0407 900.289 -3.48439
273.719 9.84725 900.847 -3.41516
273.775 9.65791 901.394 -3.33951
273.831 9.4735 901.93 -3.24303
273.888 9.29494 902.456 -3.13373
273.944 9.12308 902.973 -3.00777
274 8.9588 903.48 -2.86691
274.056 8.80272 903.978 -2.71491
274.112 8.65546 904.467 -2.55807
274.169 8.51762 904.949 -2.38147
274.225 8.3901 905.423 -2.19409
274.281 8.27336 905.89 -1.99914
274.337 8.16796 906.351 -1.794
274.393 8.07419 906.807 -1.58575
274.449 7.99219 907.258 -1.37593
274.506 7.92212 907.704 -1.16278
274.562 7.86402 908.147 -0.952099
274.618 7.81779 908.588 -0.738105
274.674 7.78355 909.026 -0.523398
274.73 7.76131 909.462 -0.310779
274.787 7.75097 909.898 -0.105715
274.843 7.75225 910.333 0.108089
274.899 7.76499 910.769 0.308653
274.955 7.78926 911.206 0.51735
275.011 7.82508 911.645 0.713513
275.067 7.87146 912.086 0.904081
275.124 7.92824 912.53 1.08118
275.18 7.99455 912.978 1.25019
275.236 8.07024 913.429 1.41436
275.292 8.15451 913.886 1.55534
275.348 8.24641 914.347 1.68888
275.404 8.34541 914.813 1.80961
275.461 8.4509 915.286 1.92012
275.517 8.56211 915.764 2.01734
275.573 8.67816 916.249 2.09663
275.629 8.79809 916.741 2.15898
275.685 8.92112 917.239 2.20556
275.742 9.04658 917.744 2.24864
275.798 9.17375 918.257 2.27051
275.854 9.30136 918.777 2.26985
275.91 9.42861 919.303 2.26166
275.966 9.55501 919.837 2.24195
276.022 9.68002 920.378 2.21246
276.079 9.80295 920.926 2.17292
276.135 9.92327 921.481 2.12114
276.191 10.0404 922.043 2.05512
276.247 10.1534 922.611 1.97789
276.303 10.2612 923.185 1.87984
276.36 10.3633 923.765 1.77542
276.416 10.4592 924.35 1.65805
276.472 10.548 924.941 1.53143
276.528 10.6292 925.536 1.3865
276.584 10.702 926.136 1.23716
276.64 10.7664 926.739 1.08343
276.697 10.822 927.346 0.927672
276.753 10.8686 927.955 0.762008
276.809 10.9056 928.567 0.588403
276.865 10.9329 929.181 0.416018
276.921 10.9505 929.796 0.247155
276.978 10.9589 930.411 0.085943
277.034 10.9587 931.027 -0.0645241
277.09 10.9502 931.642 -0.211186
277.146 10.9334 932.257 -0.354884
277.202 10.9089 932.871 -0.489298
277.258 10.8772 933.482 -0.613437
277.315 10.8386 934.092 -0.736927
277.371 10.7932 934.7 -0.852175
277.427 10.7418 935.304 -0.953189
277.483 10.6851 935.906 -1.04715
277.539 10.6232 936.504 -1.13838
277.596 10.5563 937.099 -1.22549
277.652 10.4848 937.689 -1.30458
277.708 10.409 938.276 -1.37611
277.764 10.3295 938.858 -1.44023
277.82 10.2466 939.435 -1.49544
277.876 10.1609 940.008 -1.54687
277.933 10.0729 940.576 -1.5796
277.989 9.98301 941.139 -1.61294
278.045 9.8917 941.697 -1.63425
278.101 9.79979 942.249 -1.63677
278.157 9.70771 942.797 -1.63725
278.213 9.61602 943.339 -1.62548
278.27 9.52539 943.876 -1.6009
278.326 9.43639 944.408 -1.57043
278.382 9.34968 944.936 -1.52545
278.438 9.26559 945.458 -1.4747
278.494 9.18486 945.976 -1.4108
278.551 9.10793 946.489 -1.33931
278.607 9.03524 946.998 -1.26275
278.663 8.96701 947.504 -1.18156
278.719 8.90374 948.005 -1.08916
278.775 8.84565 948.504 -0.994261
278.831 8.79302 948.999 -0.893008
278.888 8.74637 949.491 -0.785294
278.944 8.70578 949.981 -0.678771
279 8.67129 950.469 -0.570204
279.056 8.64296 950.955 -0.462244
279.112 8.62126 951.44 -0.336473
279.169 8.60637 951.924 -0.217972
279.225 8.59833 952.407 -0.0912279
279.281 8.59772 952.89 0.041938
279.337 8.60453 953.373 0.176349
279.393 8.61914 953.857 0.318369
279.449 8.64202 954.342 0.463806
279.506 8.67303 954.828 0.608733
279.562 8.7123 955.317 0.761359
279.618 8.76041 955.808 0.916916
279.674 8.81728 956.302 1.07312
279.73 8.88287 956.8 1.23148
279.787 8.95707 957.301 1.38021
279.843 9.03938 957.807 1.51711
279.899 9.12867 958.318 1.63647
279.955 9.22494 958.834 1.76339
