160.001 0.00102987 0 0 0 0 0 0 1295239 3.59036 360755 6 360755
160.003 0.00196261 7 5 0 0 3 2 1296590 12.0525 215044 6 153222
160.006 0.00281641 8 6 0 0 5 2 1296933 19.5764 198646 6 172377
160.009 0.00358914 4 5 0 0 5 2 1297157 26.0271 199251 6 201086
160.014 0.00428832 5 4 0 0 5 2 1297010 32.6024 198848 6 197256
160.019 0.00493157 9 5 0 0 6 2 1297038 40.3158 192975 6 168153
160.024 0.00551338 3 5 0 0 7 2 1297493 47.5384 190950 6 179645
160.03 0.00602388 3 4 0 0 4 2 1297080 53.3471 194472 6 223298
160.037 0.00650903 4 4 0 0 8 2 1296996 60.9531 191484 6 170524
160.044 0.00693047 5 3 0 0 4 2 1296681 67.0071 193535 6 214184
160.051 0.00735696 5 3 0 0 8 2 1296443 74.5833 191258 6 171122
160.059 0.00771584 8 2 0 0 23 2 1296268 88.5999 175632 6 92481.1
160.067 0.00804558 6 2 0 0 4 2 1296422 94.7246 177962 6 211669
160.075 0.00833292 5 3 0 0 5 2 1295974 101.206 179371 6 199962
160.084 0.00856439 6 2 0 0 7 2 1295225 108.407 179403 6 179861
160.092 0.00881144 6 2 0 0 21 2 1294959 121.418 170844 6 99526.4
160.101 0.00907578 6 2 0 0 7 2 1295505 128.904 170973 6 173068
160.111 0.00926291 4 3 0 0 7 2 1295421 135.936 171658 6 184215
160.12 0.00945999 6 2 0 0 7 2 1294840 143.265 171915 6 176680
160.13 0.00956282 4 3 0 0 7 2 1294497 150.468 172288 6 179709
160.14 0.00977772 4 3 0 0 8 2 1294203 157.887 172389 6 174445
160.149 0.0098901 6 2 0 0 8 2 1294322 165.945 171818 6 160625
160.159 0.0100065 6 2 0 0 8 2 1294532 173.64 171659 6 168237
160.17 0.010127 6 2 0 0 8 2 1295218 181.286 171563 6 169389
160.18 0.010127 6 2 0 0 8 2 1295344 188.72 171669 6 174239
160.19 0.0102536 6 2 0 0 8 2 1294714 196.37 171575 6 169259
160.2 0.0103851 6 2 0 0 9 2 1294770 204.767 170862 6 154185
160.211 0.0103851 6 2 0 0 9 2 1294679 213.005 170332 6 157169
160.221 0.0105235 5 2 0 0 9 2 1294511 221.028 170006 6 161337
160.232 0.0105235 5 2 0 0 10 2 1294224 229.376 169461 6 155046
160.242 0.0106697 5 2 0 0 10 2 1293664 237.928 168807 6 151263
160.253 0.0106697 6 2 0 0 10 2 1292908 246.876 167926 6 144486
160.264 0.0106697 6 2 0 0 9 2 1292712 255.107 167575 6 157057
160.275 0.0108266 6 2 0 0 9 2 1292390 263.182 167344 6 160040
160.285 0.0108266 6 2 0 0 9 2 1292523 271.349 167070 6 158263
160.296 0.0108266 6 2 0 0 9 2 1293034 279.553 166793 6 157627
160.307 0.0108266 6 2 0 0 9 2 1292579 287.749 166534 6 157691
160.318 0.0109984 6 2 0 0 9 2 1293279 295.774 166388 6 161159
160.329 0.0109984 6 2 0 0 9 2 1292887 303.951 166166 6 158128
160.34 0.0109984 7 2 0 0 9 2 1292474 312.162 165936 6 157406
160.351 0.0109984 7 2 0 0 9 2 1292495 320.325 165742 6 158330
160.362 0.0109984 6 2 0 0 10 2 1292929 329.156 165223 6 146413
160.373 0.0109984 6 2 0 0 18 2 1292803 341.188 163186 6 107445
160.384 0.0109984 5 2 0 0 10 2 1293461 349.555 162980 6 154586
160.395 0.0109984 6 2 0 0 10 2 1293153 357.924 162782 6 154527
160.406 0.0109984 6 2 0 0 10 2 1293811 366.158 162655 6 157119
160.417 0.0109984 8 2 0 0 10 2 1293783 375.008 162266 6 146194
160.428 0.0109984 7 2 0 0 10 2 1294903 383.473 162061 6 152978
160.439 0.0112141 6 2 0 0 10 2 1293573 391.595 162003 6 159265
160.451 0.0112141 7 2 0 0 10 2 1293685 400.017 161827 6 153611
160.462 0.0112141 5 2 0 0 10 2 1293510 408.144 161773 6 159147
160.473 0.0112141 5 2 0 0 10 2 1292852 416.533 161619 6 154120
160.484 0.0112141 6 2 0 0 9 2 1292446 424.376 161678 6 164794
160.495 0.0112141 6 2 0 0 9 2 1292817 432.213 161737 6 164970
160.507 0.0112141 6 2 0 0 9 2 1292565 440.073 161786 6 164437
160.518 0.0112141 6 2 0 0 9 2 1292530 447.891 161847 6 165321
160.529 0.0112141 6 2 0 0 9 2 1293097 455.967 161817 6 160124
160.54 0.0112141 6 2 0 0 9 2 1292649 463.856 161851 6 163849
160.551 0.0112141 6 2 0 0 9 2 1292621 471.67 161911 6 165434
160.563 0.0112141 6 2 0 0 8 2 1292320 479.313 162025 6 169085
160.574 0.0112141 6 2 0 0 8 2 1292313 486.799 162188 6 172622
160.585 0.0112141 6 2 0 0 8 2 1291788 494.228 162364 6 173894
160.596 0.0112141 6 2 0 0 9 2 1292180 502.08 162398 6 164551
160.608 0.0112141 6 2 0 0 9 2 1292194 509.899 162442 6 165276
160.619 0.0112141 6 2 0 0 9 2 1291620 517.765 162469 6 164196
160.63 0.0112141 6 2 0 0 9 2 1291403 525.557 162517 6 165732
160.641 0.0112141 6 2 0 0 10 2 1290843 534.2 162304 6 149350
160.652 0.0112141 6 2 0 0 9 2 1290836 542.107 162318 6 163258
160.664 0.0112141 6 2 0 0 9 2 1290710 550.054 162320 6 162409
160.675 0.0112141 6 2 0 0 9 2 1290941 557.974 162329 6 163001
160.686 0.0112141 6 2 0 0 8 2 1290682 565.376 162487 6 174365
160.697 0.0112141 6 2 0 0 8 2 1290780 573.108 162547 6 166943
160.708 0.0112141 6 2 0 0 8 2 1291466 580.628 162666 6 171739
160.72 0.0112141 6 2 0 0 8 2 1291284 588.139 162784 6 171928
160.731 0.0112141 6 2 0 0 8 2 1290976 595.422 162961 6 177251
160.742 0.0112141 6 2 0 0 7 2 1290612 602.509 163186 6 182103
160.753 0.0112141 6 2 0 0 7 2 1291662 609.811 163351 6 176911
160.765 0.0112141 6 2 0 0 7 2 1291417 616.897 163568 6 182250
160.776 0.0112141 6 2 0 0 7 2 1291088 624.036 163765 6 180827
160.787 0.0112141 7 2 0 0 7 2 1290962 631.22 163947 6 179703
160.798 0.0112141 6 2 0 0 8 2 1291557 638.691 164051 6 172891
160.809 0.0112141 7 2 0 0 8 2 1291914 646.535 164059 6 164696
160.821 0.0112141 7 2 0 0 8 2 1291991 654.111 164134 6 170533
160.832 0.0112141 6 2 0 0 8 2 1292390 661.51 164252 6 174686
160.843 0.0112141 6 2 0 0 8 2 1292089 669.084 164324 6 170594
160.854 0.0112141 6 2 0 0 8 2 1291396 676.479 164437 6 174631
160.865 0.0112141 6 2 0 0 8 2 1291067 684.232 164460 6 166517
160.877 0.0112141 5 2 0 0 8 2 1291088 691.592 164577 6 175425
160.888 0.0112141 6 2 0 0 9 2 1291774 699.327 164604 6 166990
160.899 0.0112141 6 2 0 0 9 2 1292397 707.287 164578 6 162375
160.91 0.0112141 6 2 0 0 9 2 1292390 715.21 164562 6 163117
160.922 0.0112141 6 2 0 0 9 2 1292124 723.445 164475 6 156896
160.933 0.0112141 5 2 0 0 9 2 1292383 731.206 164497 6 166521
160.944 0.0112141 6 2 0 0 8 2 1292271 738.525 164617 6 176584
160.955 0.0112141 6 2 0 0 8 2 1292390 745.992 164701 6 173061
160.966 0.0112141 6 2 0 0 8 2 1292677 753.45 164787 6 173342
160.978 0.0112141 5 3 0 0 8 2 1292243 761.412 164760 6 162289
160.989 0.0112141 5 2 0 0 8 2 1291781 768.845 164848 6 173788
161 0.0112141 6 2 0 0 7 2 1292306 775.849 165025 6 184528
161.011 0.011236 6 2 0 0 7 2 1290913 783.189 165127 6 175877
161.022 0.011236 6 2 0 0 7 2 1290710 790.437 165246 6 178057
161.034 0.011236 6 2 0 0 7 2 1290962 797.516 165398 6 182370
161.045 0.011236 6 2 0 0 13 2 1291179 807.135 165026 6 134235
161.056 0.011236 6 2 0 0 9 2 1291060 815.062 165005 6 162862
161.067 0.011236 6 2 0 0 10 2 1290941 823.378 164907 6 155245
161.079 0.011236 6 2 0 0 9 2 1290332 831.331 164881 6 162254
161.09 0.011236 6 2 0 0 9 2 1290381 839.505 164813 6 157847
161.101 0.011236 6 2 0 0 9 2 1289779 847.379 164803 6 163806
161.112 0.011236 6 2 0 0 10 2 1289205 855.757 164697 6 153891
161.124 0.011236 6 2 0 0 10 2 1289569 864.087 164601 6 154807
161.135 0.011236 6 2 0 0 9 2 1289632 872.046 164578 6 162023
161.146 0.011236 6 2 0 0 9 2 1289212 880.312 164497 6 155976
161.157 0.011236 6 2 0 0 9 2 1289394 888.31 164467 6 161215
161.169 0.011236 6 2 0 0 9 2 1288736 896.171 164463 6 163938
161.18 0.011236 6 2 0 0 9 2 1288792 904.084 164449 6 162877
161.191 0.011236 6 2 0 0 9 2 1288281 912.071 164421 6 161291
161.202 0.011236 6 2 0 0 9 2 1287742 920.239 164361 6 157661
161.213 0.011236 6 2 0 0 8 2 1287826 927.802 164409 6 170279
161.225 0.011236 6 2 0 0 7 2 1287798 934.959 164528 6 179932
161.236 0.011236 6 2 0 0 8 2 1287637 942.576 164565 6 169041
161.247 0.011236 6 2 0 0 8 2 1287763 950.211 164598 6 168678
161.258 0.011236 6 2 0 0 8 2 1288008 958.094 164588 6 163379
161.269 0.0109055 7 2 0 0 8 2 1288344 965.792 164610 6 167361
161.28 0.0110707 7 2 0 0 8 2 1287497 973.528 164624 6 166425
161.291 0.0110707 6 2 0 0 8 2 1287581 981.15 164658 6 168930
161.303 0.0110707 6 2 0 0 8 2 1286720 988.746 164694 6 169404
161.314 0.0110707 6 2 0 0 8 2 1286860 996.512 164702 6 165695
161.325 0.0110707 6 2 0 0 8 2 1287238 1003.78 164792 6 177064
161.336 0.0110707 7 2 0 0 8 2 1286804 1011.52 164803 6 166293
161.347 0.0110707 6 2 0 0 8 2 1286699 1019.07 164845 6 170433
161.358 0.0110707 6 2 0 0 9 2 1286594 1027.03 164820 6 161622
161.369 0.0110707 5 2 0 0 9 2 1286440 1035.08 164781 6 159828
161.38 0.0110707 5 2 0 0 9 2 1286013 1042.84 164788 6 165697
161.391 0.0110707 6 2 0 0 9 2 1285502 1050.87 164752 6 160059
161.402 0.0110707 6 2 0 0 8 2 1285208 1058.43 164790 6 170157
161.413 0.0110707 6 2 0 0 8 2 1285418 1065.99 164826 6 169888
161.424 0.0110707 6 2 0 0 8 2 1285691 1073.86 164815 6 163300
161.435 0.0110707 6 2 0 0 8 2 1285208 1081.46 164846 6 169255
161.446 0.0110707 6 2 0 0 7 2 1285208 1088.61 164944 6 179790
161.458 0.0110707 6 2 0 0 7 2 1285411 1095.79 165036 6 178826
161.468 0.0108493 6 2 0 0 7 2 1285054 1102.79 165153 6 183581
161.479 0.0108493 6 2 0 0 8 2 1285243 1110.55 165157 6 165749
161.49 0.0108493 6 2 0 0 8 2 1285292 1118.17 165181 6 168587
161.501 0.0106233 6 2 0 0 9 2 1284830 1126.18 165148 6 160525
161.511 0.0106233 7 2 0 0 7 2 1285635 1133.43 165225 6 177236
161.522 0.0103973 5 2 0 0 7 2 1284536 1140.57 165316 6 179818
161.532 0.010176 5 2 0 0 8 2 1284403 1148.33 165319 6 165661
161.542 0.0104022 6 2 0 0 8 2 1284753 1156.01 165331 6 167112
161.553 0.0104022 6 2 0 0 9 2 1284263 1164.09 165287 6 159029
161.563 0.0104022 6 2 0 0 9 2 1284501 1172.1 165254 6 160445
161.574 0.0106559 6 2 0 0 10 2 1284515 1180.52 165162 6 152414
161.584 0.0106559 6 2 0 0 28 2 1283556 1196.66 164008 6 79535.5
161.595 0.0106559 6 2 0 0 9 2 1283962 1204.51 164005 6 163673
161.606 0.0106559 6 2 0 0 9 2 1283311 1212.52 163980 6 160169
161.616 0.0106559 6 2 0 0 9 2 1283640 1220.75 163926 6 155913
161.627 0.0106559 6 2 0 0 17 2 1283430 1232.26 163436 6 111498
161.638 0.0106559 6 2 0 0 18 2 1283157 1244.49 162861 6 104960
161.649 0.0109788 6 2 0 0 20 2 1282387 1257.34 162217 6 99804.9
161.66 0.0109788 6 2 0 0 21 2 1281757 1270.62 161530 6 96499
161.671 0.0109788 6 2 0 0 24 2 1281379 1285.21 160694 6 87838.6
161.682 0.0109788 6 2 0 0 28 2 1281351 1301.34 159686 6 79428.5
161.693 0.0109788 6 2 0 0 32 2 1281617 1319.22 158494 6 71691.4
161.704 0.0109788 6 2 0 0 34 2 1280896 1337.81 157249 6 68900.5
161.715 0.0109788 6 2 0 0 8 2 1280637 1345.46 157306 6 167254
161.726 0.0109788 6 2 0 0 8 2 1280532 1353.19 157354 6 165695
161.737 0.0109788 6 2 0 0 9 2 1280693 1361.31 157356 6 157727
161.747 0.0109788 6 2 0 0 9 2 1280168 1369.75 157321 6 151674
161.758 0.0109788 6 2 0 0 9 2 1280000 1377.75 157336 6 159947
161.769 0.0109788 6 2 0 0 9 2 1279566 1386.21 157299 6 151252
161.78 0.0109788 10 3 0 0 9 2 1279755 1394.99 157227 6 145833
161.791 0.0109788 9 4 0 0 8 2 1279076 1403.47 157188 6 150820
161.802 0.0109788 5 3 0 0 9 2 1279412 1411.61 157188 6 157146
161.813 0.0109788 5 2 0 0 29 2 1278971 1427.46 156338 6 80687.6
161.824 0.0109788 5 2 0 0 44 2 1278481 1449.59 154833 6 57768.6
161.835 0.0109788 6 2 0 0 43 2 1279181 1471.51 153397 6 58373.9
161.846 0.0109788 6 2 0 0 43 2 1278999 1493.41 152004 6 58391.1
161.857 0.0109788 6 2 0 0 42 2 1278152 1514.95 150687 6 59354.7
161.868 0.0109788 6 2 0 0 42 2 1277977 1536.32 149422 6 59794.8
161.879 0.0109788 6 2 0 0 42 2 1278376 1557.78 148184 6 59562
161.89 0.0109788 6 2 0 0 42 2 1277305 1579.02 147000 6 60145.7
161.901 0.0109788 5 2 0 0 42 2 1277305 1600.24 145849 6 60190.5
161.912 0.0109788 6 2 0 0 43 2 1277487 1622.09 144672 6 58469.9
161.923 0.0109788 6 2 0 0 43 2 1277508 1644.69 143461 6 56533.1
161.934 0.0109788 6 2 0 0 43 2 1277557 1667.32 142280 6 56445.9
161.945 0.0109788 6 2 0 0 44 2 1277823 1690.51 141083 6 55094
161.956 0.0109788 6 2 0 0 44 2 1278334 1713.42 139943 6 55794
161.967 0.0109788 6 2 0 0 44 2 1277718 1736.68 138805 6 54949.8
161.978 0.0109788 5 2 0 0 44 2 1278047 1759.5 137731 6 56005.3
161.989 0.0109788 6 2 0 0 44 2 1278215 1782.45 136675 6 55691.9
162 0.0109788 6 2 0 0 43 2 1277767 1805.29 135653 6 55935.2
162.011 0.011236 6 2 0 0 44 2 1277326 1828.28 134646 6 55567.6
162.022 0.011236 6 2 0 0 43 2 1276430 1850.88 133692 6 56478.7
162.034 0.011236 6 2 0 0 43 2 1276178 1873.49 132760 6 56453.7
162.045 0.011236 6 2 0 0 44 2 1276262 1896.38 131830 6 55734.7
162.056 0.011236 6 2 0 0 44 2 1276150 1919.39 130914 6 55463.3
162.067 0.011236 6 2 0 0 44 2 1276087 1942.3 130027 6 55713.5
162.079 0.011236 6 2 0 0 45 2 1276416 1965.96 129111 6 53932.5
162.09 0.011236 6 2 0 0 46 2 1276199 1989.72 128211 6 53724.3
162.101 0.011236 6 2 0 0 46 2 1276136 2013.75 127315 6 53104.8
162.112 0.011236 6 2 0 0 47 2 1275604 2037.78 126439 6 53073
162.124 0.011236 6 2 0 0 48 2 1275583 2062.36 125551 6 51907.8
162.135 0.011236 6 2 0 0 48 2 1275597 2087.56 124647 6 50614.2
162.146 0.011236 6 2 0 0 48 2 1275534 2112.3 123791 6 51561.8
162.157 0.011236 6 2 0 0 48 2 1275072 2136.95 122959 6 51727.1
162.169 0.011236 7 2 0 0 47 2 1275142 2161.39 122159 6 52162.4
162.18 0.011236 7 2 0 0 47 2 1275114 2185.77 121380 6 52306.4
162.191 0.011236 6 2 0 0 47 2 1274806 2210.58 120594 6 51395.5
162.202 0.011236 6 2 0 0 46 2 1274715 2234.49 119874 6 53304.7
162.213 0.011236 6 2 0 0 46 2 1274470 2258.21 119179 6 53723.1
162.225 0.011236 6 2 0 0 8 2 1274638 2265.95 119335 6 164757
162.236 0.011236 6 2 0 0 8 2 1273595 2273.77 119484 6 162739
162.247 0.011236 6 2 0 0 8 2 1273868 2281.9 119617 6 156879
162.258 0.011236 6 2 0 0 8 2 1273490 2289.71 119765 6 162887
162.27 0.011236 6 2 0 0 29 2 1273448 2306.57 119442 6 75535
162.281 0.011236 6 2 0 0 8 2 1273854 2314.33 119592 6 164243
162.292 0.011236 6 2 0 0 8 2 1273903 2322.03 119744 6 165315
162.303 0.011236 6 2 0 0 8 2 1273917 2330.08 119877 6 158289
162.315 0.011236 6 2 0 0 23 2 1274400 2343.95 119711 6 91906.5
162.326 0.011236 6 2 0 0 10 2 1274883 2352.69 119809 6 145840
162.337 0.011236 6 2 0 0 11 2 1274246 2361.87 119882 6 138819
162.348 0.011236 6 2 0 0 11 2 1274169 2370.99 119959 6 139720
162.36 0.011236 5 2 0 0 11 2 1274547 2380.14 120033 6 139334
162.371 0.011236 6 2 0 0 10 2 1274134 2388.78 120132 6 147461
162.382 0.011236 5 2 0 0 10 2 1273175 2397.4 120231 6 147627
162.393 0.011236 6 2 0 0 9 2 1273231 2405.7 120346 6 153359
162.404 0.011236 6 2 0 0 9 2 1272804 2413.96 120461 6 154224
162.416 0.011236 6 2 0 0 8 2 1272475 2422.04 120585 6 157434
162.427 0.011236 7 2 0 0 8 2 1272790 2430.23 120702 6 155344
162.438 0.011236 6 2 0 0 8 2 1272181 2438.14 120832 6 160822
162.449 0.011236 7 2 0 0 8 2 1271600 2446.1 120959 6 159893
162.461 0.011236 7 2 0 0 8 2 1271411 2453.79 121098 6 165315
162.472 0.011236 7 2 0 0 9 2 1270956 2462.36 121193 6 148231
162.483 0.011236 6 2 0 0 9 2 1270403 2470.46 121309 6 156795
162.494 0.011236 7 2 0 0 9 2 1269899 2478.88 121410 6 150922
162.506 0.011236 6 2 0 0 9 2 1270942 2487.23 121513 6 152148
162.517 0.011236 7 2 0 0 14 2 1270200 2497.76 121509 6 120611
162.528 0.011236 6 2 0 0 20 2 1270872 2510.95 121377 6 96344
162.539 0.011236 7 2 0 0 20 2 1270480 2524.07 121250 6 96891.7
162.551 0.011236 7 2 0 0 19 2 1270571 2536.58 121152 6 101492
162.562 0.011236 7 2 0 0 10 2 1269955 2545.27 121238 6 146138
162.573 0.011236 7 2 0 0 10 2 1270032 2553.82 121329 6 148538
162.584 0.011236 6 2 0 0 12 2 1269934 2563.52 121366 6 130982
162.596 0.011236 6 2 0 0 11 2 1270116 2572.66 121428 6 139021
162.607 0.011236 6 2 0 0 11 2 1269731 2581.71 121494 6 140257
162.618 0.011236 6 2 0 0 11 2 1269920 2590.83 121557 6 139167
162.629 0.011236 6 2 0 0 11 2 1270501 2599.89 121622 6 140275
162.64 0.011236 5 2 0 0 10 2 1270725 2608.64 121701 6 145204
162.652 0.011236 6 2 0 0 9 2 1270130 2616.84 121805 6 154964
162.663 0.011236 6 2 0 0 9 2 1270354 2625.08 121907 6 154182
162.674 0.011236 6 2 0 0 9 2 1270249 2633.25 122011 6 155471
162.685 0.011236 6 2 0 0 8 2 1270242 2641.14 122127 6 160940
162.697 0.011236 7 2 0 0 8 2 1270256 2649.39 122226 6 153953
162.708 0.011236 7 2 0 0 8 2 1270487 2657.11 122349 6 164597
162.719 0.011236 6 2 0 0 8 2 1270487 2664.83 122472 6 164562
162.73 0.011236 6 2 0 0 8 2 1271222 2672.7 122587 6 161650
162.742 0.011236 6 2 0 0 7 2 1270830 2680 122727 6 174066
162.753 0.011236 7 2 0 0 7 2 1270900 2687.73 122847 6 164356
162.764 0.011236 9 3 0 0 7 2 1269962 2695.52 122963 6 163027
162.775 0.011236 8 3 0 0 9 2 1269416 2704.01 123046 6 149429
162.787 0.011236 5 3 0 0 11 2 1269073 2713.2 123097 6 138122
162.798 0.011236 5 3 0 0 12 2 1268968 2722.68 123135 6 133812
162.809 0.011236 4 3 0 0 11 2 1269178 2731.86 123186 6 138316
162.82 0.011236 5 2 0 0 10 2 1268772 2740.37 123266 6 149043
162.831 0.011236 6 2 0 0 10 2 1268891 2748.84 123348 6 149954
162.843 0.011236 6 2 0 0 10 2 1267274 2757.06 123440 6 154039
162.854 0.011236 7 2 0 0 9 2 1267561 2764.82 123552 6 163332
162.865 0.011236 7 2 0 0 8 2 1267820 2772.69 123658 6 161086
162.876 0.011236 7 2 0 0 8 2 1268107 2780.38 123773 6 165054
162.888 0.011236 6 2 0 0 8 2 1268149 2787.83 123897 6 170196
162.899 0.011236 6 2 0 0 8 2 1268086 2795.2 124024 6 172038
162.91 0.011236 6 2 0 0 8 2 1267722 2802.7 124144 6 168929
162.921 0.011236 6 2 0 0 8 2 1268212 2810.5 124251 6 162661
162.933 0.011236 6 2 0 0 8 2 1268548 2817.91 124374 6 171224
162.944 0.011236 6 2 0 0 8 2 1268408 2825.36 124495 6 170267
162.955 0.011236 6 2 0 0 9 2 1268779 2833.15 124601 6 162843
162.966 0.011236 7 2 0 0 12 2 1269171 2842.38 124643 6 137522
162.978 0.011236 7 2 0 0 12 2 1269752 2851.89 124672 6 133503
162.989 0.011236 7 2 0 0 11 2 1269346 2860.65 124734 6 144846
163 0.011236 6 2 0 0 10 2 1269493 2868.79 124823 6 156090
163.011 0.011236 7 2 0 0 9 2 1269360 2876.96 124910 6 155366
163.022 0.011236 6 2 0 0 9 2 1269080 2884.8 125010 6 161717
163.034 0.011236 7 2 0 0 10 2 1269045 2893.51 125072 6 145766
163.045 0.011236 6 2 0 0 10 2 1268709 2901.8 125152 6 153096
163.056 0.011236 7 2 0 0 10 2 1269122 2910.22 125226 6 150706
163.067 0.011236 6 2 0 0 10 2 1269647 2918.5 125306 6 153241
163.079 0.011236 6 2 0 0 10 2 1270200 2926.75 125387 6 154063
163.09 0.011236 7 2 0 0 10 2 1270214 2935.39 125450 6 146904
163.101 0.011236 7 2 0 0 11 2 1270515 2944.27 125504 6 143172
163.112 0.011236 8 2 0 0 11 2 1270060 2953.24 125552 6 141566
163.124 0.011236 7 2 0 0 12 2 1270620 2962.53 125587 6 136713
163.135 0.011236 6 2 0 0 12 2 1271348 2971.53 125635 6 141318
163.146 0.011236 6 2 0 0 13 2 1271425 2981.41 125645 6 128724
163.157 0.011236 6 2 0 0 13 2 1272293 2990.91 125671 6 133882
163.169 0.011236 6 2 0 0 13 2 1272867 3000.47 125695 6 133213
163.18 0.011236 6 2 0 0 13 2 1272629 3010.05 125718 6 132750
163.191 0.011236 7 2 0 0 13 2 1273084 3019.86 125731 6 129799
163.202 0.011236 7 2 0 0 13 2 1273126 3029.91 125734 6 126746
163.213 0.011236 7 2 0 0 13 2 1273238 3039.6 125752 6 131296
163.225 0.011236 6 2 0 0 13 2 1273511 3049.18 125775 6 132993
163.236 0.011236 6 2 0 0 12 2 1273455 3058.34 125814 6 138958
163.247 0.011236 6 2 0 0 12 2 1273623 3067.21 125866 6 143660
163.258 0.011236 6 2 0 0 9 2 1273294 3075.37 125946 6 155981
163.27 0.011236 6 2 0 0 9 2 1273609 3083.38 126032 6 159033
163.281 0.011236 7 2 0 0 7 2 1273875 3090.54 126152 6 177915
163.292 0.011236 6 2 0 0 9 2 1274477 3098.45 126241 6 161090
163.303 0.011236 6 2 0 0 9 2 1273714 3106.33 126331 6 161569
163.315 0.011236 6 2 0 0 9 2 1274267 3114.51 126408 6 155802
163.326 0.011236 6 2 0 0 9 2 1274120 3122.49 126494 6 159733
163.337 0.011236 6 2 0 0 8 2 1273714 3130.08 126594 6 167823
163.348 0.011236 6 2 0 0 8 2 1273875 3137.72 126691 6 166689
163.36 0.011236 6 2 0 0 7 2 1273231 3144.82 126810 6 179422
163.371 0.011236 5 2 0 0 8 2 1273322 3152.59 126902 6 163942
163.382 0.011236 6 2 0 0 8 2 1273742 3160.18 127000 6 167783
163.393 0.011236 6 2 0 0 8 2 1273987 3167.79 127097 6 167398
163.404 0.011236 6 2 0 0 8 2 1272902 3175.19 127202 6 171921
163.416 0.011236 6 2 0 0 8 2 1273084 3182.8 127297 6 167268
163.427 0.011236 6 2 0 0 8 2 1273357 3190.69 127382 6 161462
163.438 0.011236 6 2 0 0 8 2 1273623 3198.4 127473 6 165106
163.449 0.011236 6 2 0 0 8 2 1273826 3205.96 127570 6 168461
163.461 0.011236 6 2 0 0 8 2 1273406 3213.63 127661 6 166018
163.472 0.011236 6 2 0 0 8 2 1273399 3221.18 127758 6 168774
163.483 0.011236 6 2 0 0 9 2 1272769 3229.45 127825 6 153948
163.494 0.011236 6 2 0 0 8 2 1272741 3237.04 127918 6 167543
163.506 0.011236 5 2 0 0 9 2 1272601 3244.95 127999 6 161057
163.517 0.011236 6 2 0 0 8 2 1272811 3252.61 128088 6 166026
163.528 0.011236 6 2 0 0 8 2 1272790 3260.21 128180 6 167537
163.539 0.011236 6 2 0 0 8 2 1272930 3268.14 128258 6 160410
163.551 0.011236 6 2 0 0 9 2 1273140 3276.04 128338 6 161265
163.562 0.011236 6 2 0 0 9 2 1272720 3284.26 128404 6 154784
163.573 0.011236 6 2 0 0 10 2 1273427 3292.8 128458 6 149127
163.584 0.011236 6 2 0 0 10 2 1273392 3301.41 128509 6 147869
163.596 0.011236 6 2 0 0 10 2 1273462 3310.35 128546 6 142484
163.607 0.011236 6 2 0 0 10 2 1273308 3318.78 128603 6 150977
163.618 0.011236 6 2 0 0 11 2 1273385 3327.83 128636 6 140802
163.629 0.011236 6 2 0 0 11 2 1273238 3336.69 128676 6 143637
163.64 0.011236 6 2 0 0 10 2 1273490 3345.35 128724 6 147024
163.652 0.011236 6 2 0 0 11 2 1274092 3354.58 128750 6 138121
163.663 0.011236 6 2 0 0 11 2 1274288 3363.67 128780 6 140188
163.674 0.011236 6 2 0 0 11 2 1274036 3372.68 128814 6 141302
163.685 0.011236 6 2 0 0 12 2 1273294 3381.97 128837 6 137100
163.697 0.011236 6 2 0 0 12 2 1273469 3391.41 128854 6 134901
163.708 0.011236 6 2 0 0 12 2 1273217 3401.19 128857 6 130176
163.719 0.011236 6 2 0 0 12 2 1274358 3410.66 128873 6 134642
163.73 0.011236 6 2 0 0 12 2 1273735 3420.23 128885 6 133063
163.742 0.011236 6 2 0 0 13 2 1274071 3429.96 128891 6 130917
163.753 0.011236 6 2 0 0 13 2 1274659 3439.96 128887 6 127485
163.764 0.011236 6 2 0 0 13 2 1274232 3450 128881 6 126921
163.775 0.011236 6 2 0 0 12 2 1274302 3459.44 128898 6 135035
163.787 0.011236 6 2 0 0 12 2 1274414 3468.87 128915 6 135053
163.798 0.011236 5 2 0 0 12 2 1274666 3478.09 128940 6 138307
163.809 0.011236 5 2 0 0 28 2 1274365 3494.27 128707 6 78740.2
163.82 0.011236 7 2 0 0 12 2 1274246 3504.3 128702 6 127054
163.831 0.011236 6 2 0 0 12 2 1274400 3513.76 128719 6 134712
163.843 0.011236 6 2 0 0 12 2 1274568 3523.25 128734 6 134402
163.854 0.011236 6 2 0 0 12 2 1274771 3533.05 128738 6 130082
163.865 0.011236 5 3 0 0 12 2 1275387 3542.63 128749 6 132998
163.876 0.011236 5 2 0 0 15 2 1274841 3553.71 128706 6 115073
163.888 0.011236 6 2 0 0 12 2 1274715 3563.52 128710 6 129968
163.899 0.011236 5 2 0 0 12 2 1274302 3572.96 128726 6 134956
163.91 0.011236 6 2 0 0 12 2 1274365 3582.3 128747 6 136449
163.921 0.011236 5 3 0 0 11 2 1274267 3591.48 128772 6 138849
163.933 0.011236 4 3 0 0 11 2 1275114 3600.77 128794 6 137211
163.944 0.011236 4 3 0 0 11 2 1274981 3609.75 128827 6 141980
163.955 0.011236 6 2 0 0 12 2 1274414 3619.33 128838 6 133117
163.966 0.011236 6 2 0 0 12 2 1274239 3629.03 128845 6 131375
163.978 0.011236 6 2 0 0 12 2 1274624 3638.79 128850 6 130580
163.989 0.011236 6 2 0 0 13 2 1274953 3649.02 128838 6 124657
164 0.011236 6 2 0 0 13 2 1274225 3659.06 128833 6 126865
164.011 0.011236 6 2 0 0 12 2 1273854 3668.93 128833 6 129090
164.022 0.011236 6 2 0 0 12 2 1273063 3678.6 128841 6 131666
164.034 0.011236 6 2 0 0 20 2 1273336 3691.3 128742 6 100246
164.045 0.011236 6 2 0 0 31 2 1273665 3709.39 128458 6 70411.5
164.056 0.011236 6 2 0 0 12 2 1273791 3719.11 128464 6 130979
164.067 0.011236 5 3 0 0 12 2 1273427 3728.72 128475 6 132589
164.079 0.011236 4 3 0 0 12 2 1272867 3738.24 128488 6 133658
164.09 0.011236 5 2 0 0 12 2 1272937 3747.82 128500 6 132922
164.101 0.011236 5 2 0 0 12 2 1272405 3757.56 128505 6 130611
164.112 0.011236 6 2 0 0 12 2 1272104 3767.47 128505 6 128329
164.124 0.011236 5 2 0 0 12 2 1271985 3776.97 128518 6 133857
164.135 0.011236 6 2 0 0 12 2 1272069 3786.26 128539 6 137020
164.146 0.011236 6 2 0 0 12 2 1271656 3795.63 128557 6 135745
164.157 0.011236 7 2 0 0 11 2 1272097 3804.98 128575 6 135966
164.169 0.011236 6 2 0 0 11 2 1272216 3813.93 128607 6 142156
164.18 0.011236 6 2 0 0 11 2 1272720 3822.85 128640 6 142686
164.191 0.011236 6 2 0 0 11 2 1272755 3831.89 128668 6 140845
164.202 0.011236 6 2 0 0 11 2 1272069 3840.87 128699 6 141676
164.213 0.011236 7 2 0 0 10 2 1272496 3849.85 128729 6 141691
164.225 0.011236 7 2 0 0 10 2 1272531 3858.53 128769 6 146637
164.236 0.011236 6 2 0 0 10 2 1272405 3867.03 128815 6 149541
164.247 0.011236 6 2 0 0 10 2 1273098 3875.57 128860 6 149069
164.258 0.011236 6 2 0 0 29 2 1273133 3891.94 128645 6 77813.4
164.27 0.011236 6 2 0 0 9 2 1272251 3900.1 128702 6 155841
164.281 0.011236 5 2 0 0 9 2 1272258 3908.18 128761 6 157394
164.292 0.011236 5 2 0 0 9 2 1271936 3916.12 128825 6 160165
164.303 0.011236 5 2 0 0 9 2 1271922 3924.08 128888 6 159806
164.315 0.011236 5 2 0 0 9 2 1271551 3932.17 128946 6 157277
164.326 0.011236 5 2 0 0 25 2 1271152 3947.11 128780 6 85053.9
164.337 0.011236 6 2 0 0 9 2 1271439 3955.43 128831 6 152836
164.348 0.011236 6 2 0 0 8 2 1271306 3963.21 128899 6 163441
164.36 0.011236 5 3 0 0 8 2 1271117 3970.85 128971 6 166339
164.371 0.011236 6 2 0 0 27 2 1270767 3986.69 128777 6 80232.4
164.382 0.011236 7 2 0 0 8 2 1270424 3994.62 128839 6 160178
164.393 0.011236 6 2 0 0 8 2 1271061 4002.21 128913 6 167417
164.404 0.011236 6 2 0 0 7 2 1270648 4009.51 128995 6 174120
164.416 0.011236 6 2 0 0 8 2 1270396 4017.18 129065 6 165758
164.427 0.011236 6 2 0 0 7 2 1269885 4024.45 129147 6 174619
164.438 0.011236 6 2 0 0 7 2 1269500 4032.08 129218 6 166410
164.449 0.011236 6 2 0 0 7 2 1268765 4039.47 129296 6 171677
164.461 0.011236 6 2 0 0 7 2 1268359 4046.83 129374 6 172163
164.472 0.011236 6 2 0 0 7 2 1267862 4054.09 129455 6 174651
164.483 0.011236 6 2 0 0 7 2 1266973 4061.27 129538 6 176503
164.494 0.011236 6 2 0 0 8 2 1266770 4069.17 129598 6 160438
164.506 0.011236 6 2 0 0 7 2 1267148 4076.43 129678 6 174526
164.517 0.011236 5 2 0 0 7 2 1266406 4083.48 129764 6 179712
164.528 0.011236 5 2 0 0 7 2 1266070 4090.69 129845 6 175472
164.539 0.011236 5 2 0 0 7 2 1265244 4097.86 129926 6 176422
164.551 0.011236 5 2 0 0 7 2 1265370 4105.35 129998 6 169082
164.562 0.011236 5 2 0 0 8 2 1264957 4112.88 130067 6 167988
164.573 0.011236 5 2 0 0 8 2 1264411 4120.18 130143 6 173023
164.584 0.011236 5 2 0 0 8 2 1264593 4127.97 130204 6 162496
164.596 0.011236 5 3 0 0 8 2 1264831 4135.71 130267 6 163414
164.607 0.011236 4 3 0 0 8 2 1264621 4143.49 130327 6 162442
164.618 0.011236 4 3 0 0 8 2 1264313 4151 130396 6 168280
164.629 0.011236 5 2 0 0 9 2 1264810 4159.09 130446 6 156398
164.64 0.011236 5 2 0 0 22 2 1265111 4172.52 130330 6 94200.1
164.652 0.011236 5 2 0 0 35 2 1264733 4191.51 130041 6 66617.5
164.663 0.011236 5 3 0 0 33 2 1263676 4209.68 129780 6 69550.1
164.674 0.011236 4 3 0 0 32 2 1263781 4227.33 129537 6 71568.7
164.685 0.011236 4 3 0 0 32 2 1263515 4245.03 129294 6 71384.2
164.697 0.011236 4 3 0 0 31 2 1263893 4262.32 129066 6 73098.8
164.708 0.011236 4 2 0 0 31 2 1264005 4279.59 128841 6 73219.9
164.719 0.011236 5 2 0 0 30 2 1263130 4296.47 128629 6 74834.6
164.73 0.011236 5 2 0 0 29 2 1262948 4312.76 128436 6 77523.8
164.742 0.011236 4 2 0 0 29 2 1262801 4329.09 128243 6 77335.8
164.753 0.011236 4 2 0 0 28 2 1262892 4345.22 128058 6 78278.7
164.764 0.011236 4 2 0 0 27 2 1262626 4360.88 127887 6 80617.5
164.775 0.011236 4 2 0 0 26 2 1262927 4376.61 127716 6 80298.6
164.787 0.011236 5 2 0 0 26 2 1263389 4391.97 127557 6 82245.3
164.798 0.011236 4 2 0 0 25 2 1262948 4406.66 127418 6 85955.7
164.809 0.011236 5 2 0 0 24 2 1263319 4421.14 127287 6 87252.1
164.82 0.011236 6 2 0 0 8 2 1263144 4428.96 127347 6 161557
164.831 0.011236 5 2 0 0 9 2 1263340 4437.28 127393 6 151935
164.843 0.011236 5 2 0 0 8 2 1263291 4444.97 127457 6 164222
164.854 0.011236 5 2 0 0 9 2 1263172 4453.06 127509 6 156174
164.865 0.011236 5 2 0 0 9 2 1263340 4461.15 127561 6 156171
164.876 0.011236 5 2 0 0 9 2 1263361 4469.21 127614 6 156702
164.888 0.011236 5 2 0 0 9 2 1263501 4477.51 127659 6 152161
164.899 0.011236 5 2 0 0 9 2 1263480 4485.53 127713 6 157658
164.91 0.011236 5 2 0 0 8 2 1263501 4493.24 127775 6 163884
164.921 0.011236 5 2 0 0 8 2 1263235 4500.88 127839 6 165265
164.933 0.011236 6 2 0 0 8 2 1263361 4508.5 127903 6 165735
164.944 0.011236 5 2 0 0 8 2 1263606 4516.32 127961 6 161651
164.955 0.011236 5 2 0 0 9 2 1262633 4524.41 128011 6 155986
164.966 0.011236 5 2 0 0 8 2 1262850 4532.05 128074 6 165317
164.978 0.011236 5 2 0 0 8 2 1262885 4539.85 128132 6 161939
164.989 0.011236 5 2 0 0 9 2 1262311 4547.96 128182 6 155704
165 0.011236 5 2 0 0 9 2 1262955 4556.38 128222 6 150045
165.011 0.011236 5 2 0 0 9 2 1263760 4564.71 128265 6 151600
165.022 0.011236 5 2 0 0 9 2 1264047 4572.78 128315 6 156708
165.034 0.011236 4 2 0 0 10 2 1263312 4581.06 128359 6 152516
165.045 0.011236 4 2 0 0 9 2 1262885 4589.26 128405 6 154073
165.056 0.011236 5 2 0 0 9 2 1262598 4597.47 128450 6 153824
165.067 0.011236 5 2 0 0 9 2 1262808 4605.4 128503 6 159156
165.079 0.011236 5 2 0 0 8 2 1262885 4613.08 128563 6 164554
165.09 0.011236 5 2 0 0 8 2 1263039 4620.8 128621 6 163538
165.101 0.011236 5 2 0 0 8 2 1263102 4628.44 128682 6 165353
165.112 0.011236 5 2 0 0 8 2 1263753 4636.31 128736 6 160534
165.124 0.011236 4 3 0 0 8 2 1263949 4643.94 128796 6 165575
165.135 0.011236 4 3 0 0 8 2 1264187 4651.67 128854 6 163607
165.146 0.011236 4 3 0 0 8 2 1263697 4659.35 128913 6 164612
165.157 0.011236 4 2 0 0 8 2 1263942 4667.09 128970 6 163142
165.169 0.011236 5 2 0 0 8 2 1264187 4675.06 129021 6 158755
165.18 0.011236 5 2 0 0 8 2 1264355 4682.95 129073 6 160287
165.191 0.011236 5 2 0 0 8 2 1264208 4690.67 129130 6 163601
165.202 0.011236 5 2 0 0 9 2 1264439 4698.88 129174 6 153999
165.213 0.011236 5 2 0 0 8 2 1264747 4706.76 129226 6 160640
165.225 0.011236 5 2 0 0 8 2 1264887 4714.58 129280 6 161579
165.236 0.011236 6 2 0 0 8 2 1265188 4722.48 129332 6 160185
165.247 0.011236 5 2 0 0 10 2 1265447 4730.99 129367 6 148697
165.258 0.011236 6 2 0 0 8 2 1265888 4738.84 129419 6 161244
165.27 0.011236 5 2 0 0 8 2 1265846 4746.62 129474 6 162724
165.281 0.011236 6 2 0 0 8 2 1265580 4754.79 129518 6 154959
165.292 0.011236 6 2 0 0 9 2 1265587 4763.04 129559 6 153462
165.303 0.011236 6 2 0 0 9 2 1265524 4771.63 129591 6 147215
165.315 0.011236 6 2 0 0 9 2 1265293 4780.06 129627 6 150167
165.326 0.011236 6 2 0 0 9 2 1265125 4788.39 129666 6 151859
165.337 0.011236 5 2 0 0 9 2 1264453 4796.78 129703 6 150734
165.348 0.011236 5 2 0 0 9 2 1264033 4804.87 129748 6 156248
165.36 0.011236 5 2 0 0 9 2 1264138 4812.87 129795 6 158092
165.371 0.011236 5 2 0 0 9 2 1264299 4821.02 129837 6 154955
165.382 0.011236 5 2 0 0 9 2 1264572 4829.15 129881 6 155699
165.393 0.011236 5 2 0 0 9 2 1264390 4837.49 129918 6 151522
165.404 0.011236 5 2 0 0 9 2 1264299 4845.34 129968 6 161024
165.416 0.011236 5 2 0 0 9 2 1264201 4853.3 130016 6 158885
165.427 0.011236 5 2 0 0 9 2 1264264 4861.25 130063 6 158974
165.438 0.011236 5 2 0 0 9 2 1264530 4869.14 130112 6 160217
165.449 0.011236 5 2 0 0 9 2 1264390 4877.48 130149 6 151723
165.461 0.011236 5 2 0 0 10 2 1264138 4885.82 130186 6 151495
165.472 0.011236 5 2 0 0 9 2 1263900 4893.82 130231 6 157972
165.483 0.011236 5 2 0 0 9 2 1263921 4901.83 130276 6 157859
165.494 0.011236 5 2 0 0 9 2 1264012 4909.82 130322 6 158267
165.506 0.011236 5 2 0 0 9 2 1263578 4917.8 130367 6 158196
165.517 0.011236 5 2 0 0 9 2 1263865 4925.75 130413 6 159116
165.528 0.011236 5 2 0 0 9 2 1263872 4933.72 130459 6 158591
165.539 0.011236 5 2 0 0 9 2 1263753 4941.68 130504 6 158685
165.551 0.011236 6 2 0 0 13 2 1263529 4951.51 130500 6 128480
165.562 0.011236 5 2 0 0 9 2 1263816 4959.65 130541 6 155263
165.573 0.011236 6 2 0 0 9 2 1264796 4967.74 130583 6 156398
165.584 0.011236 6 2 0 0 8 2 1265167 4975.52 130633 6 162670
165.596 0.011236 6 2 0 0 8 2 1265188 4983.23 130685 6 164017
165.607 0.011236 5 2 0 0 8 2 1265433 4990.86 130739 6 165934
165.618 0.011236 5 2 0 0 8 2 1265944 4998.58 130790 6 163912
165.629 0.011236 5 3 0 0 7 2 1265286 5005.81 130854 6 175180
165.64 0.011236 5 2 0 0 7 2 1264999 5013.01 130918 6 175681
165.652 0.011236 6 2 0 0 7 2 1264901 5020.22 130982 6 175354
165.663 0.011236 6 2 0 0 7 2 1264586 5027.58 131042 6 171695
165.674 0.011236 6 2 0 0 7 2 1265650 5035.13 131097 6 167642
165.685 0.011236 6 2 0 0 7 2 1265398 5042.45 131157 6 172927
165.697 0.011236 6 2 0 0 7 2 1265342 5049.65 131221 6 175679
165.708 0.011236 6 2 0 0 7 2 1265867 5056.9 131283 6 174693
165.719 0.011236 6 2 0 0 7 2 1264838 5064.21 131343 6 172964
165.73 0.011236 6 2 0 0 7 2 1264481 5071.9 131394 6 164514
165.742 0.011236 7 2 0 0 7 2 1264369 5079.35 131450 6 169776
165.753 0.011236 6 2 0 0 7 2 1263753 5086.56 131512 6 175230
165.764 0.011236 5 3 0 0 8 2 1263557 5094.23 131562 6 164727
165.775 0.011236 6 2 0 0 8 2 1262962 5101.86 131613 6 165447
165.787 0.011236 6 3 0 0 8 2 1261737 5109.88 131653 6 157369
165.798 0.011236 6 2 0 0 8 2 1261639 5117.62 131700 6 162944
165.809 0.011236 7 2 0 0 8 2 1261289 5125.29 131750 6 164598
165.82 0.011236 7 2 0 0 8 2 1260617 5133.13 131794 6 160624
165.831 0.011236 7 2 0 0 7 2 1259987 5140.48 131851 6 171622
165.843 0.011236 6 3 0 0 8 2 1259868 5148.55 131889 6 156053
165.854 0.011236 5 3 0 0 8 2 1259497 5156.07 131941 6 167438
165.865 0.011236 6 2 0 0 8 2 1259546 5163.77 131988 6 163651
165.876 0.011236 6 2 0 0 9 2 1259525 5171.84 132025 6 156001
165.888 0.011236 6 2 0 0 9 2 1259294 5179.84 132065 6 157447
165.899 0.011236 6 2 0 0 10 2 1259154 5188.66 132083 6 142728
165.91 0.011236 6 2 0 0 10 2 1258937 5197.18 132109 6 147888
165.921 0.011236 6 2 0 0 10 2 1258097 5205.61 132136 6 149110
165.933 0.011236 5 2 0 0 10 2 1257859 5214.06 132163 6 148869
165.944 0.011236 5 2 0 0 10 2 1257642 5222.45 132192 6 149875
165.955 0.011236 6 2 0 0 9 2 1257040 5230.68 132224 6 152801
165.966 0.011236 6 2 0 0 9 2 1257362 5238.77 132260 6 155461
165.978 0.011236 6 2 0 0 8 2 1256718 5246.49 132305 6 162837
165.989 0.011236 6 2 0 0 8 2 1256459 5254.11 132352 6 164846
166 0.011236 6 2 0 0 8 2 1256319 5261.83 132397 6 162777
166.011 0.011236 6 2 0 0 7 2 1256067 5269.44 132444 6 164923
166.022 0.011236 6 2 0 0 7 2 1255850 5276.53 132504 6 177059
166.034 0.011236 6 2 0 0 7 2 1255570 5283.74 132561 6 174366
166.045 0.011236 6 2 0 0 7 2 1255283 5291.14 132613 6 169599
166.056 0.011236 6 2 0 0 7 2 1255255 5298.58 132663 6 168560
166.067 0.011236 6 2 0 0 8 2 1254702 5306.44 132703 6 159723
166.079 0.011236 6 2 0 0 8 2 1254030 5314.12 132747 6 163179
166.09 0.011236 6 2 0 0 8 2 1253323 5321.83 132790 6 162563
166.101 0.011236 6 2 0 0 9 2 1253666 5329.81 132827 6 157199
166.112 0.011236 6 2 0 0 9 2 1253309 5337.82 132862 6 156454
166.124 0.011236 6 2 0 0 8 2 1252826 5345.64 132902 6 160176
166.135 0.011236 6 2 0 0 8 2 1252266 5353.41 132943 6 161144
166.146 0.011236 6 2 0 0 8 2 1252889 5361.13 132986 6 162392
166.157 0.011236 6 2 0 0 8 2 1252546 5369.01 133024 6 158902
166.169 0.011236 6 2 0 0 8 2 1252651 5376.68 133067 6 163368
166.18 0.011236 6 2 0 0 9 2 1252784 5385.08 133092 6 149139
166.191 0.011236 6 2 0 0 9 2 1252399 5393.22 133123 6 153784
166.202 0.011236 6 2 0 0 10 2 1252196 5401.78 133144 6 146250
166.213 0.011236 5 2 0 0 12 2 1252182 5410.97 133150 6 136375
166.225 0.011236 6 2 0 0 16 2 1252245 5421.96 133111 6 113873
166.236 0.011236 6 2 0 0 9 2 1252462 5430.22 133139 6 151671
166.247 0.011236 6 2 0 0 9 2 1252266 5438.32 133171 6 154586
166.258 0.011236 7 2 0 0 9 2 1252070 5446.53 133200 6 152575
166.27 0.011236 7 2 0 0 9 2 1251566 5454.83 133227 6 150757
166.281 0.011236 7 2 0 0 9 2 1250880 5463.09 133254 6 151481
166.292 0.011236 6 2 0 0 9 2 1251216 5471.54 133277 6 147932
166.303 0.011236 7 2 0 0 9 2 1251244 5479.82 133304 6 151144
166.315 0.011236 6 2 0 0 9 2 1251279 5487.95 133335 6 154047
166.326 0.011236 6 2 0 0 9 2 1251412 5496.1 133365 6 153403
166.337 0.011236 6 2 0 0 9 2 1251335 5504.3 133393 6 152621
166.348 0.011236 6 2 0 0 9 2 1251223 5512.7 133417 6 149012
166.36 0.011236 6 2 0 0 9 2 1251251 5520.9 133445 6 152535
166.371 0.011236 6 2 0 0 8 2 1252063 5528.66 133485 6 161481
166.382 0.011236 6 2 0 0 8 2 1252651 5536.14 133531 6 167463
166.393 0.011236 6 2 0 0 8 2 1252245 5543.83 133571 6 162669
166.404 0.011236 6 2 0 0 8 2 1251734 5551.93 133602 6 154573
166.416 0.011236 7 2 0 0 8 2 1251804 5559.8 133638 6 159008
166.427 0.011236 7 2 0 0 7 2 1252175 5567.37 133681 6 165486
166.438 0.011236 6 2 0 0 7 2 1252238 5574.63 133731 6 172470
166.449 0.011236 7 2 0 0 9 2 1251818 5583.02 133755 6 149263
166.461 0.011236 7 2 0 0 10 2 1251678 5591.98 133764 6 139696
166.472 0.011236 7 2 0 0 10 2 1251895 5600.76 133778 6 142612
166.483 0.011236 7 2 0 0 12 2 1251608 5610.38 133772 6 130131
166.494 0.011236 7 2 0 0 9 2 1252203 5618.77 133795 6 149129
166.506 0.011236 7 2 0 0 9 2 1251811 5627.11 133819 6 150073
166.517 0.011236 7 2 0 0 8 2 1251496 5635.06 133852 6 157466
166.528 0.011236 7 2 0 0 8 2 1251265 5642.9 133888 6 159523
166.539 0.011236 5 2 0 0 8 2 1251118 5650.64 133926 6 161803
166.551 0.011236 6 2 0 0 8 2 1251510 5658.43 133963 6 160541
166.562 0.011236 6 2 0 0 7 2 1251097 5665.76 134011 6 170764
166.573 0.011236 7 2 0 0 7 2 1250964 5673.55 134047 6 160592
166.584 0.011236 6 2 0 0 7 2 1250215 5680.81 134096 6 172094
166.596 0.011236 6 2 0 0 7 2 1250145 5688.12 134143 6 171192
166.607 0.011236 6 2 0 0 7 2 1250474 5695.54 134188 6 168431
166.618 0.011236 6 2 0 0 7 2 1249431 5703.04 134231 6 166523
166.629 0.011236 6 2 0 0 7 2 1248948 5710.65 134270 6 164104
166.64 0.011236 6 2 0 0 9 2 1248556 5718.84 134297 6 152553
166.652 0.011236 6 2 0 0 7 2 1247177 5726.25 134341 6 168345
166.663 0.011236 6 2 0 0 7 2 1247492 5733.71 134383 6 167157
166.674 0.011236 6 2 0 0 7 2 1247037 5740.87 134433 6 174184
166.685 0.011236 6 2 0 0 8 2 1246596 5749.07 134458 6 151931
166.697 0.011236 6 2 0 0 8 2 1246393 5756.96 134490 6 158139
166.708 0.011236 6 2 0 0 10 2 1245994 5765.66 134503 6 143223
166.719 0.011236 6 2 0 0 9 2 1245511 5773.8 134529 6 152921
166.73 0.011236 7 2 0 0 9 2 1245189 5782.3 134547 6 146485
166.742 0.011236 6 2 0 0 8 2 1244853 5790.44 134573 6 153026
166.753 0.011236 6 2 0 0 8 2 1245350 5798.24 134607 6 159626
166.764 0.011236 6 2 0 0 8 2 1244545 5806.15 134638 6 157331
166.775 0.011236 6 2 0 0 9 2 1244524 5814.45 134660 6 149984
166.787 0.011236 6 2 0 0 9 2 1244755 5822.76 134681 6 149633
166.798 0.011236 7 2 0 0 16 2 1245042 5834.6 134621 6 105204
166.808 0.0106446 7 2 0 0 17 2 1245245 5846.16 134568 6 107707
166.819 0.0106446 6 2 0 0 19 2 1244580 5858.8 134490 6 98442.1
166.83 0.0106446 6 2 0 0 21 2 1243586 5872.37 134391 6 91675
166.84 0.0106446 6 2 0 0 23 2 1243544 5886.57 134278 6 87572.2
166.851 0.0106446 6 2 0 0 24 2 1243271 5901.32 134153 6 84296.4
166.862 0.0106446 6 2 0 0 27 2 1242781 5916.92 134010 6 79657.6
166.872 0.0106446 7 2 0 0 30 2 1242676 5933.95 133834 6 72947
166.883 0.0106446 7 2 0 0 30 2 1242473 5950.7 133666 6 74197.6
166.894 0.0106446 7 2 0 0 26 2 1242249 5966.12 133529 6 80538.7
166.904 0.0106446 7 2 0 0 19 2 1241864 5978.84 133453 6 97676.1
166.915 0.0106446 7 2 0 0 13 2 1240695 5988.84 133437 6 124014
166.925 0.0106446 7 2 0 0 10 2 1241045 5997.65 133448 6 140935
166.936 0.0106446 8 2 0 0 8 2 1241486 6005.55 133479 6 157145
166.947 0.0106446 7 2 0 0 7 2 1241143 6012.84 133524 6 170168
166.957 0.0106446 7 2 0 0 7 2 1241871 6020.58 133558 6 160443
166.968 0.0106446 7 2 0 0 8 2 1241374 6028.44 133590 6 158002
166.979 0.0106446 6 2 0 0 7 2 1240786 6035.64 133636 6 172285
166.989 0.0106446 6 2 0 0 7 2 1240569 6042.95 133680 6 169752
167 0.0106446 6 2 0 0 8 2 1240632 6050.47 133719 6 164896
167.011 0.011236 7 2 0 0 28 2 1240121 6067.14 133556 6 74393.3
167.022 0.011236 6 2 0 0 8 2 1240254 6074.82 133591 6 161491
167.034 0.011236 6 2 0 0 8 2 1239939 6082.39 133629 6 163813
167.045 0.011236 7 2 0 0 7 2 1240177 6089.85 133669 6 166232
167.056 0.011236 7 2 0 0 7 2 1240156 6097.26 133710 6 167466
167.067 0.011236 6 2 0 0 7 2 1239421 6104.88 133746 6 162583
167.079 0.011236 6 2 0 0 7 2 1239078 6112.11 133790 6 171293
167.09 0.011236 6 2 0 0 7 2 1238504 6119.34 133835 6 171377
167.101 0.011236 6 2 0 0 8 2 1238441 6126.98 133870 6 162063
167.112 0.011236 6 2 0 0 8 2 1238770 6134.67 133904 6 161210
167.124 0.011236 6 2 0 0 9 2 1238693 6142.91 133926 6 150256
167.135 0.011236 7 2 0 0 9 2 1238119 6150.91 133953 6 154773
167.146 0.011236 7 2 0 0 10 2 1238455 6159.49 133968 6 144416
167.157 0.011236 7 2 0 0 10 2 1238427 6168.23 133979 6 141632
167.169 0.011236 6 2 0 0 10 2 1237545 6176.82 133993 6 144110
167.18 0.011236 6 2 0 0 11 2 1237055 6185.97 133994 6 135133
167.191 0.011236 6 2 0 0 12 2 1236334 6195.32 133992 6 132200
167.202 0.011236 7 2 0 0 11 2 1236446 6204.38 133995 6 136580
167.213 0.011236 7 2 0 0 11 2 1236047 6213.55 133997 6 134762
167.225 0.011236 7 2 0 0 11 2 1236607 6222.84 133995 6 133160
167.236 0.011236 7 2 0 0 10 2 1236761 6231.89 133999 6 136593
167.247 0.011236 6 2 0 0 8 2 1237328 6239.79 134028 6 156691
167.258 0.011236 6 2 0 0 7 2 1237223 6246.93 134073 6 173146
167.27 0.011236 6 2 0 0 7 2 1237902 6254.09 134117 6 172951
167.281 0.011236 7 2 0 0 7 2 1237643 6261.43 134157 6 168537
167.292 0.011236 7 2 0 0 7 2 1238084 6269.16 134190 6 160187
167.303 0.011236 7 2 0 0 7 2 1237867 6276.37 134233 6 171771
167.315 0.011236 11 4 0 0 33 2 1238112 6295.51 134021 6 64693.5
167.326 0.011236 10 4 0 0 10 2 1238168 6304.73 134022 6 134303
167.337 0.011236 5 3 0 0 10 2 1238679 6313.34 134035 6 143878
167.348 0.011236 5 3 0 0 11 2 1238616 6322.47 134037 6 135658
167.36 0.011236 5 3 0 0 11 2 1238630 6331.48 134042 6 137426
167.371 0.011236 5 3 0 0 10 2 1238896 6339.91 134059 6 146901
167.382 0.011236 5 3 0 0 10 2 1238973 6348.45 134074 6 145097
167.393 0.011236 6 2 0 0 10 2 1238665 6356.75 134094 6 149238
167.404 0.011236 6 2 0 0 10 2 1238455 6365.29 134109 6 145005
167.416 0.011236 6 2 0 0 11 2 1238476 6374.27 134114 6 137949
167.427 0.011236 7 2 0 0 10 2 1238553 6383.02 134124 6 141515
167.438 0.011236 6 2 0 0 11 2 1238014 6391.82 134133 6 140741
167.449 0.011236 6 2 0 0 12 2 1237853 6401.15 134131 6 132643
167.461 0.011236 10 4 0 0 11 2 1238147 6411.04 134117 6 125208
167.472 0.011236 5 3 0 0 11 2 1238105 6420.09 134121 6 136823
167.483 0.011236 6 2 0 0 11 2 1238693 6429.19 134124 6 136136
167.494 0.011236 6 2 0 0 11 2 1238763 6438.11 134131 6 138851
167.506 0.011236 7 2 0 0 12 2 1238644 6447.64 134124 6 129972
167.517 0.011236 7 2 0 0 11 2 1238735 6456.88 134124 6 134071
167.528 0.011236 7 2 0 0 13 2 1239106 6466.69 134113 6 126292
167.539 0.011236 6 2 0 0 15 2 1239379 6477.38 134083 6 115935
167.551 0.011236 6 2 0 0 15 2 1239099 6488.12 134052 6 115408
167.562 0.011236 7 2 0 0 15 2 1239505 6498.93 134019 6 114613
167.573 0.011236 6 2 0 0 15 2 1239680 6509.84 133985 6 113625
167.584 0.011236 6 2 0 0 14 2 1239708 6519.98 133967 6 122294
167.596 0.011236 7 2 0 0 14 2 1239645 6530.52 133940 6 117576
167.607 0.011236 8 2 0 0 11 2 1240296 6539.81 133940 6 133570
167.618 0.011236 7 2 0 0 11 2 1240352 6549.18 133938 6 132286
167.629 0.011236 6 2 0 0 12 2 1239960 6558.84 133929 6 128379
167.64 0.011236 6 2 0 0 11 2 1239841 6567.79 133936 6 138560
167.652 0.011236 6 2 0 0 12 2 1240394 6577.22 133932 6 131493
167.663 0.011236 7 2 0 0 9 2 1241157 6585.64 133950 6 147522
167.674 0.011236 7 2 0 0 9 2 1241031 6594.01 133968 6 148241
167.685 0.011236 8 2 0 0 9 2 1242095 6603.05 133972 6 137416
167.697 0.011236 7 2 0 0 10 2 1242389 6611.92 133981 6 140026
167.708 0.011236 7 2 0 0 12 2 1242921 6621.51 133974 6 129555
167.719 0.011236 7 2 0 0 12 2 1242592 6631.31 133964 6 126812
167.73 0.011236 6 2 0 0 11 2 1242487 6640.4 133967 6 136809
167.742 0.011236 6 2 0 0 15 2 1242081 6651.38 133933 6 113074
167.753 0.011236 7 2 0 0 9 2 1241850 6659.87 133949 6 146220
167.764 0.011236 6 2 0 0 10 2 1242438 6668.26 133966 6 148092
167.775 0.011236 7 2 0 0 10 2 1242270 6676.99 133977 6 142407
167.787 0.011236 6 2 0 0 11 2 1242389 6686.03 133982 6 137436
167.798 0.011236 6 2 0 0 12 2 1242655 6695.66 133975 6 129013
167.809 0.011236 6 2 0 0 12 2 1242732 6705.11 133971 6 131439
167.82 0.011236 6 2 0 0 8 2 1243012 6713.19 133995 6 153859
167.831 0.011236 7 2 0 0 8 2 1243320 6721.18 134021 6 155704
167.843 0.011236 7 2 0 0 7 2 1243971 6728.98 134051 6 159381
167.854 0.011236 7 2 0 0 7 2 1244286 6736.88 134078 6 157483
167.865 0.011236 7 2 0 0 8 2 1243544 6744.8 134105 6 157055
167.876 0.011236 6 2 0 0 9 2 1243929 6753.18 134123 6 148418
167.888 0.011236 6 2 0 0 10 2 1244188 6762.08 134130 6 139779
167.899 0.011236 7 2 0 0 10 2 1244622 6770.69 134144 6 144650
167.91 0.011236 7 2 0 0 24 2 1245413 6785.95 134025 6 81617.7
167.921 0.011236 7 2 0 0 10 2 1245609 6794.81 134034 6 140560
167.933 0.011236 8 2 0 0 11 2 1245637 6804.44 134027 6 129274
167.944 0.011236 7 2 0 0 12 2 1245658 6814.22 134018 6 127358
167.955 0.011236 7 2 0 0 13 2 1245854 6824.33 134002 6 123274
167.966 0.011236 7 2 0 0 10 2 1246078 6833.66 134001 6 133508
167.978 0.011236 6 2 0 0 10 2 1246582 6842.41 134012 6 142507
167.989 0.011236 7 2 0 0 8 2 1247128 6850.49 134036 6 154357
168 0.011236 7 2 0 0 8 2 1247051 6858.57 134060 6 154278
168.011 0.011236 7 2 0 0 7 2 1246813 6866.37 134089 6 160017
168.022 0.011236 7 2 0 0 7 2 1246323 6874 134122 6 163236
168.034 0.011236 7 2 0 0 7 2 1246316 6881.58 134155 6 164512
168.045 0.011236 7 2 0 0 8 2 1246652 6889.64 134179 6 154599
168.056 0.011236 7 2 0 0 19 2 1247317 6902.56 134109 6 96568.3
168.067 0.011236 7 2 0 0 9 2 1246610 6911.1 134123 6 145968
168.079 0.011236 6 2 0 0 9 2 1246778 6919.75 134136 6 144039
168.09 0.011236 6 2 0 0 10 2 1246645 6928.61 134144 6 140743
168.101 0.011236 7 2 0 0 10 2 1246750 6937.53 134151 6 139788
168.112 0.011236 7 2 0 0 12 2 1246442 6947.36 134141 6 126796
168.122 0.00934358 6 2 0 0 14 2 1246547 6957.62 134122 6 121519
168.131 0.00954671 6 2 0 0 8 2 1246554 6965.53 134149 6 157612
168.141 0.00965278 6 2 0 0 7 2 1246890 6972.58 134192 6 176682
168.151 0.00987468 6 2 0 0 6 2 1247478 6979.27 134242 6 186478
168.161 0.00999086 6 2 0 0 7 2 1247996 6986.69 134278 6 168183
168.171 0.0101112 7 2 0 0 7 2 1247338 6994.27 134311 6 164748
168.181 0.0102361 6 2 0 0 8 2 1246827 7002.17 134338 6 157687
168.191 0.0102361 7 2 0 0 7 2 1246848 7009.56 134374 6 168839
168.202 0.0103673 7 2 0 0 7 2 1247205 7016.88 134412 6 170360
168.212 0.0105037 6 2 0 0 7 2 1247632 7024.17 134450 6 171177
168.223 0.0105037 6 2 0 0 7 2 1248031 7031.52 134487 6 169667
168.233 0.0106476 6 2 0 0 7 2 1247513 7039.22 134517 6 162015
168.244 0.0106476 7 2 0 0 7 2 1248297 7046.68 134551 6 167376
168.255 0.0106476 7 2 0 0 7 2 1248437 7054.08 134587 6 168759
168.265 0.0108019 7 2 0 0 8 2 1248311 7061.87 134616 6 160304
168.276 0.0108019 6 2 0 0 7 2 1248143 7069.1 134654 6 172546
168.287 0.0108019 6 2 0 0 8 2 1248829 7076.91 134682 6 159923
168.298 0.0108019 7 2 0 0 8 2 1248976 7084.7 134710 6 160197
168.309 0.0109707 7 2 0 0 9 2 1249277 7093.01 134729 6 150408
168.32 0.0109707 6 2 0 0 9 2 1248871 7101.3 134747 6 150668
168.331 0.0109707 6 2 0 0 10 2 1248388 7109.9 134760 6 145081
168.342 0.0109707 6 2 0 0 10 2 1248472 7118.65 134770 6 142685
168.353 0.0109707 6 2 0 0 11 2 1248892 7127.6 134776 6 139668
168.364 0.0109707 7 2 0 0 11 2 1248955 7136.73 134778 6 136776
168.375 0.0109707 7 2 0 0 11 2 1248563 7145.83 134781 6 137228
168.386 0.0109707 7 2 0 0 10 2 1248339 7154.53 134792 6 143494
168.397 0.0109707 7 2 0 0 9 2 1248360 7162.94 134808 6 148388
168.408 0.0111738 8 2 0 0 10 2 1248388 7171.84 134815 6 140225
168.419 0.0111738 8 2 0 0 10 2 1248164 7180.41 134828 6 145662
168.43 0.0111738 7 2 0 0 8 2 1247856 7188.15 134856 6 161236
168.441 0.0111738 7 2 0 0 8 2 1247933 7196.04 134882 6 158124
168.452 0.0111738 7 2 0 0 9 2 1247436 7204.59 134895 6 145882
168.464 0.0111738 7 2 0 0 9 2 1247450 7212.84 134913 6 151284
168.475 0.0111738 6 2 0 0 9 2 1247835 7221.03 134933 6 152349
168.486 0.0111738 6 2 0 0 8 2 1247926 7228.68 134963 6 163162
168.497 0.0111738 6 2 0 0 8 2 1248353 7236.47 134990 6 160112
168.508 0.0111738 6 2 0 0 8 2 1248514 7244.34 135016 6 158747
168.52 0.0111738 6 2 0 0 24 2 1248717 7258.74 134920 6 86691.7
168.531 0.0111738 7 2 0 0 9 2 1248486 7266.96 134939 6 151938
168.542 0.0111738 7 2 0 0 9 2 1249172 7275.18 134959 6 152004
168.553 0.0111738 6 2 0 0 10 2 1249214 7283.75 134971 6 145728
168.564 0.0111738 6 2 0 0 9 2 1249893 7292.07 134989 6 150283
168.575 0.0111738 6 2 0 0 9 2 1249865 7300.11 135011 6 155455
168.587 0.0111738 6 2 0 0 10 2 1249396 7308.61 135025 6 146970
168.598 0.0111738 5 2 0 0 10 2 1249473 7317.01 135041 6 148703
168.609 0.0111738 6 2 0 0 10 2 1249725 7325.59 135053 6 145748
168.62 0.0111738 6 2 0 0 10 2 1249452 7334.39 135062 6 141965
168.631 0.0111738 7 2 0 0 11 2 1249991 7343.44 135065 6 138119
168.642 0.0111738 7 2 0 0 11 2 1249522 7352.55 135068 6 137106
168.654 0.0111738 6 2 0 0 11 2 1249396 7361.47 135074 6 139991
168.665 0.0111738 6 2 0 0 10 2 1249872 7370.23 135083 6 142797
168.676 0.0111738 7 2 0 0 10 2 1250005 7379.15 135089 6 140140
168.687 0.0111738 7 2 0 0 9 2 1250768 7387.34 135109 6 152626
168.698 0.0111738 6 2 0 0 9 2 1250397 7395.55 135128 6 152278
168.709 0.0111738 6 2 0 0 9 2 1250145 7403.69 135148 6 153568
168.721 0.0111738 6 2 0 0 9 2 1250138 7411.82 135168 6 153758
168.732 0.0111738 6 2 0 0 9 2 1250278 7420.18 135185 6 149587
168.743 0.0111738 6 2 0 0 9 2 1249529 7428.24 135206 6 155168
168.754 0.0111738 6 2 0 0 9 2 1249529 7436.33 135227 6 154288
168.765 0.0111738 6 2 0 0 9 2 1249396 7444.38 135249 6 155211
168.777 0.0111738 7 2 0 0 8 2 1249816 7452.3 135273 6 157899
168.788 0.0111738 8 2 0 0 9 2 1249844 7461.08 135281 6 142259
168.799 0.0111738 8 2 0 0 9 2 1249956 7469.6 135294 6 146730
168.81 0.0111738 8 2 0 0 9 2 1250208 7478.06 135308 6 147898
168.821 0.0111738 9 2 0 0 9 2 1249403 7486.49 135323 6 148236
168.832 0.0111738 8 2 0 0 9 2 1250005 7494.98 135336 6 147162
168.844 0.0111738 8 2 0 0 9 2 1249578 7503.67 135346 6 143804
168.855 0.0111738 8 2 0 0 10 2 1250915 7512.58 135352 6 140354
168.866 0.0111738 8 2 0 0 10 2 1250943 7521.45 135359 6 141057
168.877 0.0111738 7 2 0 0 10 2 1251139 7530.23 135367 6 142491
168.888 0.0111738 7 2 0 0 10 2 1251370 7539.01 135375 6 142503
168.899 0.0111738 7 2 0 0 10 2 1250866 7548.07 135379 6 138106
168.911 0.0111738 6 3 0 0 10 2 1251146 7556.69 135390 6 145131
168.922 0.0111738 5 3 0 0 10 2 1251230 7565.52 135397 6 141628
168.933 0.0111738 5 3 0 0 10 2 1252035 7574.15 135408 6 145128
168.944 0.0111738 6 2 0 0 11 2 1252952 7583.27 135411 6 137479
168.955 0.0111738 6 2 0 0 11 2 1252469 7592.33 135414 6 138114
168.966 0.0111738 6 2 0 0 12 2 1252357 7601.85 135409 6 131571
168.978 0.0111738 7 2 0 0 12 2 1252777 7611.49 135402 6 129982
168.989 0.0111738 6 2 0 0 12 2 1253099 7621.01 135398 6 131675
169 0.0111738 6 2 0 0 10 2 1253435 7629.75 135407 6 143398
169.011 0.011236 6 2 0 0 10 2 1253260 7638.87 135409 6 137408
169.022 0.011236 6 2 0 0 9 2 1253498 7647.15 135426 6 151330
169.034 0.011236 6 2 0 0 9 2 1253645 7655.44 135444 6 151281
169.045 0.011236 6 2 0 0 15 2 1254044 7666.26 135416 6 115851
169.056 0.011236 6 2 0 0 8 2 1254233 7674.15 135440 6 159020
169.067 0.011236 6 2 0 0 8 2 1254380 7682.25 135461 6 154934
169.079 0.011236 6 2 0 0 7 2 1255045 7689.49 135496 6 173341
169.09 0.011236 6 2 0 0 7 2 1254996 7696.83 135530 6 170875
169.101 0.011236 6 2 0 0 8 2 1254443 7704.63 135556 6 160871
169.112 0.011236 7 2 0 0 8 2 1255192 7712.65 135578 6 156488
169.124 0.011236 8 2 0 0 8 2 1254793 7720.97 135594 6 150871
169.135 0.011236 9 2 0 0 8 2 1254240 7729.31 135610 6 150428
