# t dissipation energy Reynolds eta
160.001 15.083 75.0979 36.9702 0.796356
160.003 15.1148 75.1357 36.9498 0.795937
160.006 15.0935 75.1365 36.9764 0.796219
160.009 15.0836 75.1392 36.9898 0.796349
160.014 15.0753 75.1422 37.0014 0.796458
160.019 15.068 75.1455 37.0121 0.796555
160.024 15.0649 75.1494 37.0177 0.796595
160.03 15.0563 75.1519 37.0295 0.796709
160.037 15.0548 75.1562 37.0335 0.796729
160.044 15.0464 75.1586 37.0451 0.796841
160.051 15.0456 75.1626 37.048 0.796851
160.059 15.0433 75.1667 37.0529 0.796882
160.067 15.0339 75.1694 37.0658 0.797006
160.075 15.0286 75.1724 37.0737 0.797076
160.084 15.0358 75.1781 37.0678 0.796981
160.092 15.0416 75.1841 37.0636 0.796905
160.101 15.0279 75.1857 37.0812 0.797086
160.111 15.0363 75.1919 37.074 0.796975
160.12 15.022 75.1934 37.0923 0.797164
160.13 15.0193 75.1971 37.0975 0.7972
160.14 15.0288 75.2031 37.0887 0.797073
160.149 15.015 75.2051 37.1067 0.797256
160.159 15.0119 75.2092 37.1125 0.797298
160.17 15.0113 75.2133 37.1153 0.797306
160.18 15.0022 75.2154 37.1276 0.797426
160.19 14.9946 75.2176 37.1382 0.797528
160.2 14.9896 75.2207 37.1458 0.797594
160.211 14.9853 75.224 37.1528 0.797651
160.221 14.9817 75.2272 37.1588 0.797699
160.232 14.9778 75.2305 37.1653 0.797752
160.242 14.9743 75.234 37.1714 0.797798
160.253 14.9701 75.2373 37.1782 0.797853
160.264 14.9655 75.2407 37.1856 0.797915
160.275 14.9612 75.2439 37.1926 0.797973
160.285 14.9591 75.2477 37.1971 0.798001
160.296 14.9542 75.2508 37.2046 0.798066
160.307 14.9498 75.2537 37.2116 0.798125
160.318 14.9534 75.2587 37.2096 0.798077
160.329 14.9439 75.2615 37.2228 0.798203
160.34 14.9391 75.2648 37.2304 0.798268
160.351 14.935 75.268 37.2371 0.798322
160.362 14.9345 75.2719 37.2396 0.798329
160.373 14.9481 75.2781 37.2258 0.798148
160.384 14.9293 75.2791 37.2497 0.798399
160.395 14.9234 75.2826 37.2587 0.798477
160.406 14.9205 75.286 37.2641 0.798516
160.417 14.9171 75.2894 37.2701 0.798562
160.428 14.9151 75.2932 37.2744 0.798589
160.439 14.9107 75.2959 37.2813 0.798647
160.451 14.9078 75.299 37.2864 0.798686
160.462 14.9047 75.3021 37.2918 0.798727
160.473 14.9037 75.3058 37.2949 0.798741
160.484 14.8992 75.3087 37.302 0.798802
160.495 14.8966 75.3122 37.307 0.798837
160.507 14.8948 75.3156 37.3109 0.79886
160.518 14.8906 75.3183 37.3175 0.798917
160.529 14.8883 75.3211 37.3218 0.798948
160.54 14.8851 75.3235 37.3269 0.79899
160.551 14.8829 75.3262 37.3311 0.79902
160.563 14.8806 75.3288 37.3352 0.799051
160.574 14.8801 75.3315 37.3373 0.799058
160.585 14.8774 75.3343 37.342 0.799094
160.596 14.8765 75.3372 37.3446 0.799106
160.608 14.8757 75.34 37.3469 0.799116
160.619 14.8725 75.3418 37.3519 0.79916
160.63 14.8705 75.3443 37.3556 0.799187
160.641 14.8685 75.3463 37.3591 0.799214
160.652 14.8669 75.3489 37.3623 0.799235
160.664 14.8759 75.3526 37.3529 0.799113
160.675 14.8704 75.3545 37.3608 0.799188
160.686 14.866 75.3564 37.3673 0.799248
160.697 14.8646 75.3588 37.3702 0.799266
160.708 14.8676 75.362 37.3681 0.799226
160.72 14.8651 75.3639 37.3721 0.79926
160.731 14.8625 75.3659 37.3764 0.799295
160.742 14.8645 75.3688 37.3753 0.799267
160.753 14.8682 75.3718 37.3721 0.799217
160.765 14.8625 75.3733 37.38 0.799294
160.776 14.8608 75.3753 37.3832 0.799317
160.787 14.8601 75.3776 37.3852 0.799326
160.798 14.8603 75.3803 37.3863 0.799324
160.809 14.86 75.3826 37.3877 0.799327
160.821 14.86 75.3852 37.3891 0.799328
160.832 14.8627 75.3881 37.3871 0.799292
160.843 14.8604 75.3906 37.3912 0.799322
160.854 14.8595 75.3926 37.3933 0.799334
160.865 14.8599 75.3951 37.3941 0.799329
160.877 14.8602 75.3976 37.395 0.799325
160.888 14.8612 75.4005 37.3951 0.799312
160.899 14.8624 75.4035 37.3952 0.799296
160.91 14.8636 75.4062 37.395 0.79928
160.922 14.8643 75.409 37.3955 0.799271
160.933 14.8729 75.4131 37.3866 0.799154
160.944 14.8682 75.4147 37.3933 0.799217
160.955 14.8711 75.4177 37.3912 0.799179
160.966 14.8686 75.4196 37.3953 0.799212
160.978 14.8696 75.4226 37.3955 0.799199
160.989 14.8705 75.4257 37.396 0.799187
161 14.8723 75.4289 37.3953 0.799163
161.011 14.8727 75.4313 37.3959 0.799157
161.022 14.8736 75.4345 37.3963 0.799144
161.034 14.8753 75.4377 37.3958 0.799122
161.045 14.8823 75.4417 37.3891 0.799028
161.056 14.8793 75.4441 37.394 0.799068
161.067 14.8798 75.4473 37.395 0.799062
161.079 14.8805 75.4503 37.3956 0.799052
161.09 14.8824 75.4537 37.3949 0.799027
161.101 14.884 75.457 37.3945 0.799005
161.112 14.8948 75.4615 37.3832 0.79886
161.124 14.8878 75.4636 37.393 0.798954
161.135 14.8885 75.4668 37.3938 0.798945
161.146 14.8975 75.4708 37.3844 0.798824
161.157 14.8924 75.473 37.3919 0.798893
161.169 14.8925 75.476 37.3932 0.798891
161.18 14.8942 75.4798 37.393 0.798868
161.191 14.8963 75.4833 37.3921 0.798841
161.202 14.8979 75.4866 37.3917 0.798819
161.213 14.908 75.4917 37.3815 0.798684
161.225 14.9027 75.4944 37.3895 0.798754
161.236 14.9038 75.498 37.39 0.79874
161.247 14.9056 75.5018 37.3896 0.798715
161.258 14.9095 75.5057 37.3867 0.798664
161.269 14.9075 75.5083 37.3905 0.798691
161.28 14.9058 75.511 37.394 0.798714
161.291 14.9061 75.5139 37.3949 0.798709
161.303 14.9064 75.517 37.3962 0.798705
161.314 14.9072 75.5202 37.3967 0.798694
161.325 14.9085 75.5239 37.3969 0.798677
161.336 14.9113 75.5274 37.3951 0.798639
161.347 14.9124 75.5304 37.3952 0.798625
161.358 14.9169 75.5341 37.3914 0.798564
161.369 14.9172 75.5369 37.3924 0.79856
161.38 14.9167 75.5403 37.3948 0.798567
161.391 14.9173 75.5434 37.3954 0.798558
161.402 14.9192 75.5469 37.3948 0.798533
161.413 14.9211 75.5501 37.3941 0.798509
161.424 14.9249 75.5537 37.3911 0.798457
161.435 14.9257 75.5568 37.3916 0.798446
161.446 14.9273 75.5602 37.3912 0.798425
161.458 14.93 75.5638 37.3896 0.798389
161.468 14.9297 75.5664 37.3913 0.798393
161.479 14.931 75.5698 37.3914 0.798376
161.49 14.9321 75.5728 37.3915 0.798361
161.501 14.9459 75.5775 37.3765 0.798176
161.511 14.9399 75.5803 37.3854 0.798257
161.522 14.9411 75.5828 37.3852 0.798241
161.532 14.9315 75.5834 37.3975 0.798369
161.542 14.9324 75.5855 37.3975 0.798358
161.553 14.9278 75.5869 37.4039 0.798419
161.563 14.9271 75.5888 37.4057 0.798427
161.574 14.9268 75.5907 37.407 0.798432
161.584 14.948 75.5951 37.3826 0.798148
161.595 14.934 75.5955 37.4004 0.798336
161.606 14.9279 75.5967 37.4086 0.798418
161.616 14.9336 75.6004 37.4032 0.798341
161.627 14.9282 75.6009 37.4103 0.798413
161.638 14.9276 75.6026 37.4119 0.798421
161.649 14.9273 75.6045 37.4132 0.798425
161.66 14.9284 75.6061 37.4126 0.79841
161.671 14.9261 75.6074 37.4161 0.798441
161.682 14.9255 75.609 37.4176 0.798449
161.693 14.926 75.6109 37.4179 0.798442
161.704 14.9257 75.6122 37.419 0.798447
161.715 14.9243 75.613 37.4212 0.798466
161.726 14.9268 75.6145 37.4188 0.798432
161.737 14.9245 75.6156 37.4223 0.798463
161.747 14.9208 75.6164 37.4272 0.798512
161.758 14.9198 75.6177 37.4292 0.798526
161.769 14.9207 75.6193 37.4288 0.798514
161.78 14.9201 75.6208 37.4303 0.798521
161.791 14.9338 75.6253 37.4154 0.798338
161.802 14.9218 75.6248 37.4302 0.798499
161.813 14.9223 75.6263 37.4303 0.798492
161.824 14.9191 75.6273 37.4348 0.798535
161.835 14.9184 75.6286 37.4363 0.798544
161.846 14.9206 75.6301 37.4343 0.798515
161.857 14.9199 75.6312 37.4357 0.798524
161.868 14.9145 75.6322 37.4429 0.798596
161.879 14.9179 75.6349 37.44 0.79855
161.89 14.9129 75.6353 37.4465 0.798618
161.901 14.9138 75.6366 37.4461 0.798606
161.912 14.9118 75.6384 37.4494 0.798632
161.923 14.9113 75.6398 37.4507 0.798639
161.934 14.9178 75.6423 37.4438 0.798552
161.945 14.9107 75.6429 37.4531 0.798648
161.956 14.9239 75.6465 37.4382 0.79847
161.967 14.9166 75.6468 37.4476 0.798569
161.978 14.9073 75.6469 37.4593 0.798693
161.989 14.9055 75.6486 37.4624 0.798717
162 14.9043 75.6499 37.4646 0.798734
162.011 14.9227 75.6538 37.4434 0.798487
162.022 14.9314 75.6566 37.4339 0.798371
162.034 14.9064 75.6545 37.4642 0.798705
162.045 14.9007 75.6551 37.4717 0.798782
162.056 14.8984 75.6564 37.4753 0.798813
162.067 14.9007 75.6581 37.4731 0.798781
162.079 14.8957 75.659 37.4798 0.798848
162.09 14.8937 75.6597 37.4827 0.798875
162.101 14.8949 75.6616 37.4821 0.798859
162.112 14.8913 75.6623 37.4871 0.798908
162.124 14.8901 75.6641 37.4894 0.798923
162.135 14.9009 75.6683 37.4779 0.798778
162.146 14.8958 75.6687 37.4845 0.798847
162.157 14.8888 75.6689 37.4934 0.798941
162.169 14.8885 75.67 37.4944 0.798945
162.18 14.8849 75.671 37.4994 0.798993
162.191 14.8834 75.6728 37.5021 0.799013
162.202 14.8816 75.6743 37.5052 0.799037
162.213 14.8987 75.6792 37.4861 0.798808
162.225 14.8812 75.6778 37.5074 0.799043
162.236 14.8754 75.6786 37.5151 0.79912
162.247 14.8737 75.6805 37.5182 0.799143
162.258 14.8727 75.6819 37.5202 0.799156
162.27 14.9037 75.6874 37.484 0.798742
162.281 14.875 75.6852 37.519 0.799126
162.292 14.8692 75.6865 37.5268 0.799204
162.303 14.8664 75.6881 37.5312 0.799241
162.315 14.8699 75.6905 37.528 0.799194
162.326 14.8629 75.6923 37.5377 0.799288
162.337 14.8694 75.6949 37.5308 0.799201
162.348 14.8593 75.6962 37.5442 0.799338
162.36 14.8562 75.698 37.549 0.799379
162.371 14.8537 75.6999 37.5531 0.799412
162.382 14.851 75.7016 37.5573 0.799448
162.393 14.8508 75.7041 37.5589 0.799452
162.404 14.8486 75.7059 37.5625 0.799481
162.416 14.8459 75.7077 37.5668 0.799517
162.427 14.8449 75.7103 37.5695 0.799532
162.438 14.8416 75.712 37.5744 0.799575
162.449 14.8382 75.7134 37.5794 0.799621
162.461 14.835 75.7151 37.5843 0.799664
162.472 14.8315 75.7169 37.5896 0.799711
162.483 14.8294 75.7188 37.5933 0.79974
162.494 14.8253 75.7201 37.5991 0.799795
162.506 14.8236 75.7226 37.6025 0.799818
162.517 14.8217 75.7245 37.6058 0.799843
162.528 14.8181 75.7266 37.6115 0.799893
162.539 14.8143 75.7282 37.6171 0.799943
162.551 14.8113 75.7297 37.6216 0.799984
162.562 14.8066 75.7304 37.628 0.800048
162.573 14.8023 75.7322 37.6342 0.800105
162.584 14.7988 75.7341 37.6397 0.800153
162.596 14.8118 75.7383 37.6252 0.799977
162.607 14.7956 75.7382 37.6458 0.800196
162.618 14.7884 75.7393 37.6556 0.800294
162.629 14.7848 75.7413 37.6611 0.800342
162.64 14.7811 75.743 37.6667 0.800393
162.652 14.7776 75.7446 37.6719 0.80044
162.663 14.7744 75.7465 37.6769 0.800483
162.674 14.7708 75.7483 37.6824 0.800532
162.685 14.7669 75.7499 37.6882 0.800585
162.697 14.7629 75.7516 37.6941 0.800639
162.708 14.7593 75.7531 37.6995 0.800687
162.719 14.7555 75.7545 37.7051 0.80074
162.73 14.7521 75.7563 37.7102 0.800785
162.742 14.7481 75.7578 37.7161 0.800839
162.753 14.7442 75.7592 37.7218 0.800892
162.764 14.7398 75.7603 37.728 0.800952
162.775 14.7354 75.7615 37.7343 0.801013
162.787 14.7311 75.7626 37.7403 0.801071
162.798 14.7274 75.7642 37.7458 0.801121
162.809 14.7228 75.765 37.7522 0.801184
162.82 14.718 75.7662 37.7589 0.801248
162.831 14.7141 75.7674 37.7644 0.801301
162.843 14.7119 75.769 37.7681 0.801332
162.854 14.7056 75.7695 37.7765 0.801418
162.865 14.7017 75.7707 37.7821 0.801471
162.876 14.6987 75.7716 37.7864 0.801512
162.888 14.6941 75.7721 37.7925 0.801574
162.899 14.6912 75.7724 37.7964 0.801614
162.91 14.677 75.7715 37.8142 0.801807
162.921 14.6694 75.7716 37.824 0.801911
162.933 14.6632 75.7725 37.8325 0.801996
162.944 14.6573 75.7732 37.8404 0.802076
162.955 14.652 75.7737 37.8475 0.802149
162.966 14.6467 75.7743 37.8547 0.802222
162.978 14.6447 75.7754 37.8578 0.802249
162.989 14.6365 75.775 37.8682 0.802361
163 14.6311 75.7751 37.8753 0.802435
163.011 14.6259 75.7751 37.882 0.802507
163.022 14.6205 75.7747 37.8888 0.802581
163.034 14.6154 75.7748 37.8955 0.802652
163.045 14.6178 75.7758 37.8929 0.802619
163.056 14.6069 75.7753 37.9067 0.802768
163.067 14.6021 75.7758 37.9132 0.802833
163.079 14.599 75.7762 37.9175 0.802877
163.09 14.5935 75.7759 37.9245 0.802953
163.101 14.5874 75.7753 37.9321 0.803036
163.112 14.5847 75.7753 37.9356 0.803074
163.124 14.5781 75.7747 37.9439 0.803164
163.135 14.5761 75.7753 37.9468 0.803192
163.146 14.5707 75.7751 37.9538 0.803267
163.157 14.5675 75.7752 37.9579 0.80331
163.169 14.5623 75.7748 37.9645 0.803382
163.18 14.5609 75.7749 37.9663 0.803401
163.191 14.5602 75.7752 37.9674 0.80341
163.202 14.5508 75.774 37.979 0.80354
163.213 14.5462 75.7739 37.9851 0.803604
163.225 14.55 75.7747 37.9805 0.803551
163.236 14.539 75.773 37.994 0.803704
163.247 14.5344 75.7728 38 0.803768
163.258 14.5299 75.7722 38.0055 0.803829
163.27 14.5419 75.7743 37.9909 0.803664
163.281 14.5264 75.7724 38.0102 0.803878
163.292 14.5197 75.772 38.0188 0.803971
163.303 14.5153 75.7715 38.0243 0.804032
163.315 14.5123 75.7715 38.0281 0.804072
163.326 14.5091 75.7715 38.0325 0.804118
163.337 14.5084 75.7715 38.0333 0.804127
163.348 14.5027 75.7712 38.0406 0.804206
163.36 14.4965 75.7703 38.0483 0.804292
163.371 14.4934 75.7704 38.0524 0.804335
163.382 14.4931 75.7712 38.0533 0.80434
163.393 14.4887 75.771 38.0589 0.8044
163.404 14.4866 75.7712 38.0618 0.80443
163.416 14.4835 75.7712 38.0658 0.804472
163.427 14.4821 75.772 38.0681 0.804492
163.438 14.4813 75.7726 38.0695 0.804503
163.449 14.4763 75.7729 38.0761 0.804572
163.461 14.4729 75.7732 38.0808 0.80462
163.472 14.4706 75.7738 38.0841 0.804652
163.483 14.4683 75.7743 38.0873 0.804683
163.494 14.4662 75.7749 38.0905 0.804713
163.506 14.4661 75.7763 38.0913 0.804715
163.517 14.4626 75.7771 38.0963 0.804763
163.528 14.4604 75.778 38.0996 0.804793
163.539 14.4586 75.7788 38.1024 0.804819
163.551 14.4561 75.7794 38.106 0.804853
163.562 14.4533 75.7801 38.1101 0.804893
163.573 14.4515 75.7812 38.1129 0.804917
163.584 14.4504 75.7826 38.1152 0.804933
163.596 14.4477 75.7834 38.1191 0.804971
163.607 14.4452 75.7847 38.1231 0.805006
163.618 14.4432 75.7861 38.1264 0.805034
163.629 14.4396 75.7868 38.1314 0.805083
163.64 14.4371 75.7882 38.1355 0.805118
163.652 14.435 75.7894 38.1389 0.805148
163.663 14.4319 75.7907 38.1437 0.805191
163.674 14.4284 75.7915 38.1486 0.805239
163.685 14.4249 75.7925 38.1538 0.805289
163.697 14.4221 75.7939 38.1581 0.805327
163.708 14.4191 75.7951 38.1628 0.805369
163.719 14.4168 75.7968 38.1666 0.805401
163.73 14.4129 75.7978 38.1724 0.805456
163.742 14.4096 75.799 38.1773 0.805502
163.753 14.4068 75.8004 38.1818 0.805541
163.764 14.4031 75.8014 38.1872 0.805593
163.775 14.3999 75.8027 38.1921 0.805638
163.787 14.3963 75.8039 38.1975 0.805688
163.798 14.392 75.8047 38.2036 0.805748
163.809 14.3961 75.8072 38.1993 0.805691
163.82 14.3931 75.8082 38.2038 0.805732
163.831 14.3862 75.8087 38.2132 0.805829
163.843 14.3777 75.809 38.2247 0.805948
163.854 14.3736 75.8103 38.2307 0.806005
163.865 14.3701 75.8118 38.2362 0.806054
163.876 14.3745 75.8138 38.2314 0.805993
163.888 14.364 75.8137 38.2453 0.806141
163.899 14.3606 75.8148 38.2503 0.806188
163.91 14.3579 75.8161 38.2546 0.806226
163.921 14.3519 75.8168 38.263 0.806311
163.933 14.3485 75.8177 38.268 0.806358
163.944 14.3493 75.8194 38.2677 0.806347
163.955 14.3416 75.8191 38.2779 0.806455
163.966 14.3376 75.8198 38.2836 0.806512
163.978 14.3448 75.8229 38.2755 0.80641
163.989 14.3338 75.8227 38.2901 0.806564
164 14.3294 75.8233 38.2963 0.806626
164.011 14.3261 75.8239 38.301 0.806673
164.022 14.3234 75.8244 38.3048 0.806711
164.034 14.327 75.8263 38.301 0.806661
164.045 14.319 75.8263 38.3118 0.806774
164.056 14.3151 75.8268 38.3172 0.806828
164.067 14.3107 75.8275 38.3233 0.806889
164.079 14.3081 75.8286 38.3274 0.806926
164.09 14.3054 75.8295 38.3316 0.806965
164.101 14.3122 75.8319 38.3237 0.806869
164.112 14.3021 75.8314 38.3369 0.807011
164.124 14.2996 75.8322 38.3406 0.807046
164.135 14.2996 75.8338 38.3414 0.807046
164.146 14.2979 75.8347 38.3442 0.80707
164.157 14.2985 75.836 38.344 0.807062
164.169 14.2911 75.8359 38.354 0.807167
164.18 14.2887 75.8371 38.3577 0.8072
164.191 14.2874 75.8383 38.3602 0.807219
164.202 14.285 75.8391 38.3638 0.807253
164.213 14.2864 75.8406 38.3627 0.807234
164.225 14.2827 75.8413 38.3679 0.807285
164.236 14.2806 75.8419 38.3711 0.807315
164.247 14.282 75.8439 38.3702 0.807295
164.258 14.2892 75.8469 38.3621 0.807194
164.27 14.3046 75.8504 38.3431 0.806975
164.281 14.2852 75.8482 38.3681 0.80725
164.292 14.2799 75.8484 38.3754 0.807325
164.303 14.2815 75.85 38.374 0.807303
164.315 14.2796 75.8507 38.3769 0.807329
164.326 14.2865 75.8532 38.3688 0.807231
164.337 14.2783 75.8529 38.3797 0.807347
164.348 14.2774 75.8537 38.3814 0.80736
164.36 14.2775 75.8551 38.3819 0.807358
164.371 14.2981 75.8597 38.3566 0.807067
164.382 14.2815 75.8584 38.3782 0.807302
164.393 14.2798 75.8597 38.3812 0.807326
164.404 14.28 75.861 38.3815 0.807323
164.416 14.2874 75.8631 38.3727 0.807219
164.427 14.2817 75.8634 38.3805 0.8073
164.438 14.2822 75.8647 38.3804 0.807292
164.449 14.2827 75.8656 38.3802 0.807285
164.461 14.2897 75.8681 38.3721 0.807187
164.472 14.2859 75.8684 38.3773 0.80724
164.483 14.2845 75.8688 38.3795 0.80726
164.494 14.2883 75.8706 38.3752 0.807206
164.506 14.2906 75.8718 38.3728 0.807174
164.517 14.2891 75.8722 38.375 0.807195
164.528 14.3043 75.8762 38.3565 0.80698
164.539 14.2941 75.8752 38.3698 0.807124
164.551 14.2963 75.8766 38.3675 0.807093
164.562 14.2948 75.8773 38.3698 0.807114
164.573 14.296 75.8782 38.3687 0.807097
164.584 14.2985 75.8798 38.3662 0.807062
164.596 14.3005 75.881 38.3642 0.807034
164.607 14.3028 75.8824 38.3617 0.807001
164.618 14.3042 75.8834 38.3604 0.806982
164.629 14.3064 75.8851 38.3582 0.80695
164.64 14.3159 75.888 38.3471 0.806817
164.652 14.3133 75.8882 38.3506 0.806853
164.663 14.3144 75.889 38.3495 0.806838
164.674 14.3167 75.8903 38.3471 0.806805
164.685 14.3188 75.8914 38.3449 0.806776
164.697 14.3214 75.8929 38.3421 0.806739
164.708 14.3239 75.8942 38.3395 0.806704
164.719 14.3258 75.8954 38.3374 0.806677
164.73 14.3282 75.8968 38.335 0.806643
164.742 14.3304 75.8983 38.3328 0.806612
164.753 14.3329 75.8999 38.3303 0.806578
164.764 14.3355 75.9014 38.3276 0.806541
164.775 14.3382 75.9027 38.3246 0.806503
164.787 14.3412 75.9043 38.3215 0.806461
164.798 14.3432 75.9055 38.3194 0.806433
164.809 14.3515 75.9079 38.3095 0.806315
164.82 14.3485 75.9084 38.3137 0.806357
164.831 14.352 75.9097 38.3098 0.806309
164.843 14.3523 75.9105 38.3097 0.806305
164.854 14.354 75.9116 38.3081 0.806281
164.865 14.3564 75.9131 38.3056 0.806248
164.876 14.3618 75.9151 38.2994 0.806171
164.888 14.3639 75.9165 38.2973 0.806142
164.899 14.3657 75.9176 38.2955 0.806117
164.91 14.3656 75.9187 38.2962 0.806118
164.921 14.3674 75.9202 38.2946 0.806093
164.933 14.3693 75.922 38.2929 0.806067
164.944 14.3858 75.9267 38.2733 0.805835
164.955 14.3751 75.9256 38.287 0.805985
164.966 14.3755 75.9271 38.2872 0.805979
164.978 14.3775 75.9288 38.2853 0.805951
164.989 14.3811 75.931 38.2816 0.8059
165 14.3846 75.9333 38.2781 0.805851
165.011 14.3872 75.9347 38.2754 0.805815
165.022 14.3865 75.9363 38.2771 0.805825
165.034 14.3874 75.9379 38.2768 0.805813
165.045 14.3889 75.9392 38.2754 0.805791
165.056 14.3974 75.9423 38.2657 0.805673
165.067 14.3933 75.943 38.2715 0.805729
165.079 14.4063 75.9469 38.2562 0.805549
165.09 14.3984 75.9468 38.2666 0.805658
165.101 14.3985 75.9479 38.2671 0.805658
165.112 14.4006 75.9499 38.2653 0.805628
165.124 14.4022 75.9516 38.264 0.805605
165.135 14.403 75.9533 38.2638 0.805594
165.146 14.4063 75.9557 38.2606 0.805548
165.157 14.4057 75.9567 38.262 0.805557
165.169 14.4066 75.9584 38.2617 0.805544
165.18 14.4081 75.9604 38.2607 0.805524
165.191 14.409 75.9621 38.2603 0.805511
165.202 14.4245 75.9659 38.2416 0.805294
165.213 14.4161 75.9669 38.2532 0.805411
165.225 14.4162 75.9684 38.2539 0.805409
165.236 14.4162 75.9708 38.2551 0.805409
165.247 14.4344 75.9758 38.2335 0.805156
165.258 14.4217 75.9756 38.2503 0.805333
165.27 14.4212 75.9775 38.2519 0.80534
165.281 14.4214 75.9794 38.2525 0.805337
165.292 14.4226 75.9818 38.2521 0.80532
165.303 14.4235 75.9835 38.2518 0.805308
165.315 14.4245 75.9858 38.2517 0.805294
165.326 14.432 75.9889 38.2433 0.805189
165.337 14.4275 75.9899 38.2498 0.805252
165.348 14.4275 75.9919 38.2507 0.805251
165.36 14.4286 75.9943 38.2505 0.805237
165.371 14.4297 75.9967 38.2502 0.805221
165.382 14.4305 75.999 38.2503 0.80521
165.393 14.431 76.0011 38.2508 0.805204
165.404 14.4314 76.0031 38.2512 0.805197
165.416 14.4398 76.0066 38.2418 0.80508
165.427 14.4336 76.0074 38.2505 0.805167
165.438 14.4332 76.0095 38.252 0.805172
165.449 14.433 76.0115 38.2534 0.805176
165.461 14.4328 76.0135 38.2545 0.805177
165.472 14.4326 76.0153 38.2558 0.805182
165.483 14.4326 76.0176 38.2569 0.80518
165.494 14.4326 76.0196 38.2579 0.805181
165.506 14.4325 76.0212 38.2589 0.805183
165.517 14.4324 76.0234 38.2601 0.805184
165.528 14.4326 76.0255 38.2609 0.80518
165.539 14.4325 76.0277 38.2621 0.805182
165.551 14.4543 76.0324 38.2355 0.804878
165.562 14.435 76.0319 38.2609 0.805147
165.573 14.436 76.0348 38.261 0.805133
165.584 14.4339 76.0364 38.2647 0.805163
165.596 14.4313 76.038 38.269 0.8052
165.607 14.4307 76.0406 38.271 0.805208
165.618 14.4302 76.043 38.2729 0.805214
165.629 14.4294 76.0447 38.2747 0.805225
165.64 14.4282 76.0466 38.2773 0.805242
165.652 14.4278 76.0488 38.279 0.805248
165.663 14.4265 76.0507 38.2816 0.805265
165.674 14.4263 76.053 38.283 0.805268
165.685 14.4324 76.0564 38.2767 0.805184
165.697 14.4255 76.0574 38.2863 0.805279
165.708 14.4282 76.06 38.284 0.805242
165.719 14.4224 76.061 38.2922 0.805323
165.73 14.424 76.0634 38.2913 0.805301
165.742 14.4199 76.0648 38.2975 0.805357
165.753 14.418 76.0667 38.301 0.805385
165.764 14.4165 76.0687 38.304 0.805406
165.775 14.4144 76.0704 38.3076 0.805435
165.787 14.412 76.0717 38.3115 0.805469
165.798 14.4124 76.0741 38.3121 0.805462
165.809 14.4091 76.0755 38.3173 0.805509
165.82 14.4184 76.0785 38.3065 0.805379
165.831 14.4058 76.0781 38.323 0.805555
165.843 14.4028 76.0799 38.3278 0.805597
165.854 14.4091 76.0835 38.3212 0.805508
165.865 14.3994 76.0838 38.3343 0.805644
165.876 14.3964 76.0854 38.3392 0.805687
165.888 14.3938 76.087 38.3434 0.805723
165.899 14.3952 76.0895 38.3428 0.805704
165.91 14.3902 76.0909 38.3502 0.805774
165.921 14.3869 76.0925 38.3554 0.805819
165.933 14.3845 76.0942 38.3594 0.805853
165.944 14.3821 76.0958 38.3634 0.805886
165.955 14.3798 76.0976 38.3675 0.805919
165.966 14.3863 76.1006 38.3602 0.805827
165.978 14.3767 76.1011 38.3733 0.805962
165.989 14.3734 76.1029 38.3786 0.806008
166 14.3778 76.1058 38.3743 0.805948
166.011 14.371 76.1071 38.3839 0.806042
166.022 14.3695 76.1093 38.387 0.806063
166.034 14.3653 76.1106 38.3934 0.806122
166.045 14.3652 76.1132 38.3947 0.806123
166.056 14.3617 76.1151 38.4004 0.806172
166.067 14.3592 76.1172 38.4048 0.806208
166.079 14.3701 76.1201 38.3917 0.806055
166.09 14.3564 76.1203 38.4102 0.806248
166.101 14.355 76.1231 38.4134 0.806267
166.112 14.3505 76.1242 38.42 0.80633
166.124 14.3487 76.1264 38.4236 0.806356
166.135 14.3462 76.128 38.4277 0.806391
166.146 14.3551 76.132 38.4178 0.806265
166.157 14.3448 76.1324 38.4317 0.80641
166.169 14.3433 76.1348 38.435 0.806432
166.18 14.3419 76.1368 38.4378 0.806451
166.191 14.3406 76.1386 38.4404 0.806469
166.202 14.3447 76.1417 38.4365 0.806411
166.213 14.352 76.1454 38.4287 0.806309
166.225 14.3519 76.1472 38.4297 0.80631
166.236 14.3397 76.1479 38.4464 0.806482
166.247 14.3406 76.1507 38.4466 0.806469
166.258 14.3373 76.153 38.4522 0.806516
166.27 14.3367 76.1553 38.4542 0.806524
166.281 14.3361 76.1575 38.4561 0.806533
166.292 14.3643 76.1635 38.4213 0.806136
166.303 14.342 76.1629 38.4509 0.806449
166.315 14.3393 76.1652 38.4557 0.806487
166.326 14.339 76.1681 38.4576 0.806492
166.337 14.3392 76.1707 38.4586 0.806488
166.348 14.3396 76.1733 38.4594 0.806483
166.36 14.3427 76.1761 38.4567 0.80644
166.371 14.3419 76.1786 38.459 0.806451
166.382 14.3433 76.1815 38.4585 0.806431
166.393 14.3452 76.1839 38.4573 0.806405
166.404 14.3495 76.1867 38.4528 0.806344
166.416 14.3478 76.1889 38.4562 0.806368
166.427 14.3632 76.1942 38.4383 0.806152
166.438 14.3541 76.1956 38.4512 0.806279
166.449 14.3546 76.1985 38.452 0.806272
166.461 14.3561 76.201 38.4513 0.806252
166.472 14.3596 76.2041 38.4481 0.806202
166.483 14.3759 76.2096 38.4291 0.805974
166.494 14.3685 76.2108 38.4396 0.806078
166.506 14.3834 76.2162 38.4224 0.805869
166.517 14.3745 76.2172 38.4349 0.805994
166.528 14.3768 76.2203 38.4332 0.80596
166.539 14.382 76.224 38.4283 0.805889
166.551 14.3934 76.2287 38.4153 0.805728
166.562 14.3898 76.2306 38.4211 0.805778
166.573 14.3933 76.2341 38.4182 0.80573
166.584 14.3966 76.2372 38.4154 0.805684
166.596 14.4006 76.2403 38.4116 0.805628
166.607 14.4073 76.2443 38.4047 0.805535
166.618 14.403 76.2457 38.4111 0.805594
166.629 14.4044 76.2483 38.4106 0.805575
166.64 14.434 76.2547 38.3744 0.805162
166.652 14.4149 76.2545 38.3996 0.805427
166.663 14.4164 76.2572 38.3991 0.805407
166.674 14.4191 76.2598 38.3968 0.805369
166.685 14.4235 76.2632 38.3926 0.805308
166.697 14.4282 76.2669 38.3882 0.805242
166.708 14.4321 76.27 38.3845 0.805187
166.719 14.4364 76.2733 38.3805 0.805127
166.73 14.4471 76.2779 38.3686 0.804978
166.742 14.4468 76.2809 38.3705 0.804983
166.753 14.4516 76.2846 38.366 0.804916
166.764 14.4605 76.2888 38.3563 0.804792
166.775 14.4654 76.2923 38.3516 0.804725
166.787 14.4679 76.2962 38.3503 0.80469
166.798 14.4705 76.299 38.3483 0.804654
166.808 14.4756 76.303 38.3435 0.804583
166.819 14.4801 76.3065 38.3392 0.804519
166.83 14.4843 76.3093 38.3351 0.804462
166.84 14.4895 76.3132 38.3303 0.80439
166.851 14.4958 76.317 38.3237 0.804301
166.862 14.5007 76.3198 38.3187 0.804234
166.872 14.5002 76.3229 38.3209 0.804241
166.883 14.5043 76.3266 38.3173 0.804183
166.894 14.509 76.3302 38.3129 0.804119
166.904 14.5135 76.3338 38.3088 0.804057
166.915 14.5176 76.3367 38.3049 0.804
166.925 14.5231 76.3401 38.2994 0.803924
166.936 14.5293 76.344 38.2931 0.803838
166.947 14.5311 76.3459 38.2917 0.803813
166.957 14.537 76.35 38.286 0.803732
166.968 14.5414 76.3535 38.2819 0.80367
166.979 14.5447 76.3567 38.2792 0.803624
166.989 14.549 76.3599 38.2752 0.803566
167 14.5542 76.3633 38.27 0.803494
167.011 14.5719 76.368 38.249 0.803249
167.022 14.5671 76.3694 38.2561 0.803316
167.034 14.5693 76.3721 38.2546 0.803286
167.045 14.5742 76.3751 38.2497 0.803218
167.056 14.5788 76.3779 38.245 0.803155
167.067 14.5859 76.3809 38.2372 0.803057
167.079 14.589 76.3837 38.2345 0.803014
167.09 14.5932 76.3865 38.2304 0.802956
167.101 14.5984 76.39 38.2254 0.802885
167.112 14.6033 76.393 38.2205 0.802818
167.124 14.6074 76.3953 38.2162 0.802761
167.135 14.6115 76.3977 38.2122 0.802705
167.146 14.6166 76.4008 38.2069 0.802634
167.157 14.6209 76.4037 38.2028 0.802575
167.169 14.6255 76.4062 38.1981 0.802513
167.18 14.6295 76.4083 38.1938 0.802457
167.191 14.6334 76.4105 38.1899 0.802404
167.202 14.6381 76.4134 38.1851 0.802339
167.213 14.6423 76.4156 38.1809 0.802283
167.225 14.6474 76.4181 38.1755 0.802213
167.236 14.651 76.4199 38.1716 0.802163
167.247 14.6556 76.4221 38.1668 0.802101
167.258 14.6594 76.4241 38.1628 0.802048
167.27 14.6644 76.4267 38.1576 0.80198
167.281 14.6681 76.4287 38.1538 0.801929
167.292 14.6745 76.4308 38.1465 0.801842
167.303 14.6763 76.4324 38.1449 0.801817
167.315 14.6956 76.4358 38.1215 0.801553
167.326 14.687 76.4355 38.1326 0.801672
167.337 14.6884 76.4372 38.1316 0.801652
167.348 14.6917 76.4382 38.1279 0.801607
167.36 14.6963 76.4398 38.1227 0.801544
167.371 14.6994 76.4416 38.1195 0.801502
167.382 14.7067 76.4441 38.1113 0.801402
167.393 14.7085 76.4445 38.1093 0.801378
167.404 14.7106 76.4455 38.107 0.801349
167.416 14.7136 76.4464 38.1035 0.801308
167.427 14.7171 76.4477 38.0997 0.801261
167.438 14.7201 76.4487 38.0963 0.80122
167.449 14.7237 76.4497 38.0922 0.801172
167.461 14.7273 76.451 38.0881 0.801122
167.472 14.7307 76.4518 38.0842 0.801077
167.483 14.7347 76.4526 38.0794 0.801022
167.494 14.7379 76.4534 38.0756 0.800978
167.506 14.7481 76.4559 38.0637 0.80084
167.517 14.7468 76.4557 38.0653 0.800857
167.528 14.763 76.4596 38.0463 0.800638
167.539 14.7575 76.4582 38.0527 0.800712
167.551 14.7562 76.4574 38.0541 0.80073
167.562 14.7585 76.458 38.0513 0.800698
167.573 14.7615 76.4582 38.0476 0.800658
167.584 14.764 76.4579 38.0442 0.800624
167.596 14.768 76.4577 38.0389 0.800569
167.607 14.7756 76.4579 38.0292 0.800466
167.618 14.7725 76.4573 38.033 0.800509
167.629 14.7728 76.4564 38.0321 0.800505
167.64 14.778 76.4564 38.0255 0.800435
167.652 14.7791 76.4555 38.0236 0.80042
167.663 14.7781 76.4541 38.0242 0.800433
167.674 14.7794 76.4534 38.0222 0.800416
167.685 14.7819 76.4532 38.0188 0.800381
167.697 14.7838 76.4523 38.016 0.800356
167.708 14.7906 76.4519 38.007 0.800264
167.719 14.7898 76.4502 38.0072 0.800275
167.73 14.789 76.4486 38.0075 0.800286
167.742 14.8049 76.4487 37.987 0.80007
167.753 14.7913 76.4448 38.0026 0.800255
167.764 14.7904 76.4427 38.0026 0.800266
167.775 14.7912 76.4404 38.0005 0.800256
167.787 14.7913 76.4381 37.9993 0.800254
167.798 14.7953 76.4367 37.9934 0.800201
167.809 14.7924 76.434 37.9958 0.80024
167.82 14.7932 76.432 37.9937 0.800228
167.831 14.7968 76.4304 37.9883 0.80018
167.843 14.7991 76.4282 37.9843 0.800149
167.854 14.7978 76.4255 37.9846 0.800166
167.865 14.8043 76.4243 37.9756 0.800078
167.876 14.8039 76.4217 37.9749 0.800084
167.888 14.8016 76.418 37.976 0.800115
167.899 14.8024 76.4157 37.9738 0.800104
167.91 14.8234 76.4154 37.9468 0.799821
167.921 14.8045 76.4104 37.9685 0.800076
167.933 14.8047 76.4079 37.967 0.800073
167.944 14.8 76.4041 37.9711 0.800136
167.955 14.8075 76.4022 37.9605 0.800035
167.966 14.8027 76.3982 37.9648 0.8001
167.978 14.8096 76.3962 37.9549 0.800007
167.989 14.8028 76.3923 37.9616 0.800098
168 14.8023 76.3894 37.9609 0.800106
168.011 14.8023 76.3862 37.9593 0.800105
168.022 14.8112 76.3845 37.9471 0.799986
168.034 14.8041 76.38 37.954 0.800082
168.045 14.8046 76.3774 37.952 0.800074
168.056 14.8209 76.3777 37.9313 0.799855
168.067 14.8078 76.3721 37.9453 0.800032
168.079 14.8077 76.3695 37.9441 0.800033
168.09 14.8089 76.3667 37.9412 0.800016
168.101 14.8135 76.3643 37.9341 0.799954
168.112 14.8387 76.3671 37.9032 0.799614
168.122 14.821 76.3627 37.9237 0.799853
168.131 14.8177 76.3606 37.9268 0.799897
168.141 14.8199 76.3594 37.9234 0.799868
168.151 14.8188 76.3583 37.9243 0.799883
168.161 14.8199 76.357 37.9222 0.799867
168.171 14.8208 76.355 37.9201 0.799856
168.181 14.8372 76.3551 37.8992 0.799635
168.191 14.8294 76.3526 37.9079 0.799739
168.202 14.8296 76.3513 37.907 0.799737
168.212 14.8299 76.3496 37.9057 0.799732
168.223 14.8326 76.3487 37.902 0.799697
168.233 14.8341 76.3469 37.8991 0.799677
168.244 14.8472 76.3471 37.8824 0.7995
168.255 14.8383 76.3438 37.8922 0.79962
168.265 14.8506 76.3441 37.8767 0.799454
168.276 14.842 76.3413 37.8863 0.79957
168.287 14.8421 76.3399 37.8854 0.799569
168.298 14.8436 76.3392 37.8831 0.799548
168.309 14.8457 76.338 37.8799 0.79952
168.32 14.8489 76.3366 37.8751 0.799477
168.331 14.8486 76.3351 37.8747 0.799481
168.342 14.8568 76.3353 37.8643 0.79937
168.353 14.8538 76.3344 37.8678 0.799412
168.364 14.855 76.3336 37.8659 0.799395
168.375 14.8559 76.3326 37.8642 0.799383
168.386 14.8576 76.3323 37.8618 0.799359
168.397 14.8591 76.3317 37.8597 0.79934
168.408 14.86 76.3306 37.8579 0.799327
168.419 14.8614 76.33 37.8558 0.799308
168.43 14.867 76.33 37.8488 0.799234
168.441 14.8645 76.3289 37.8514 0.799268
168.452 14.8649 76.3282 37.8506 0.799262
168.464 14.8658 76.328 37.8494 0.79925
168.475 14.8666 76.3278 37.8481 0.799239
168.486 14.8674 76.3273 37.8469 0.799228
168.497 14.8687 76.3275 37.8453 0.799211
168.508 14.87 76.3279 37.8438 0.799193
168.52 14.9036 76.3355 37.8049 0.798742
168.531 14.8797 76.3306 37.8329 0.799063
168.542 14.8723 76.3297 37.8419 0.799163
168.553 14.8711 76.3294 37.8432 0.799178
168.564 14.8709 76.3296 37.8436 0.799181
168.575 14.8703 76.3294 37.8443 0.79919
168.587 14.8701 76.3298 37.8447 0.799192
168.598 14.8697 76.3303 37.8454 0.799197
168.609 14.8695 76.3308 37.846 0.7992
168.62 14.8687 76.331 37.8471 0.799211
168.631 14.8717 76.3326 37.844 0.79917
168.642 14.8723 76.3337 37.8439 0.799163
168.654 14.8733 76.3348 37.8432 0.799149
168.665 14.8739 76.336 37.8429 0.799141
168.676 14.8745 76.3369 37.8426 0.799133
168.687 14.8759 76.3386 37.8417 0.799115
168.698 14.8754 76.3396 37.8428 0.799121
168.709 14.8748 76.3405 37.8441 0.799129
168.721 14.8744 76.3416 37.8451 0.799134
168.732 14.873 76.3426 37.8474 0.799153
168.743 14.871 76.343 37.8502 0.79918
168.754 14.8707 76.3435 37.8507 0.799183
168.765 14.8604 76.3415 37.8629 0.799322
168.777 14.8554 76.3413 37.8692 0.79939
168.788 14.8518 76.341 37.8736 0.799438
168.799 14.8489 76.3412 37.8774 0.799477
168.81 14.8462 76.3412 37.8808 0.799514
168.821 14.8426 76.3409 37.8852 0.799561
168.832 14.8399 76.341 37.8887 0.799598
168.844 14.8363 76.3405 37.8931 0.799646
168.855 14.8345 76.3407 37.8955 0.799671
168.866 14.8319 76.3411 37.899 0.799706
168.877 14.8295 76.3409 37.902 0.799739
168.888 14.8269 76.3412 37.9054 0.799773
168.899 14.8237 76.3409 37.9095 0.799817
168.911 14.8212 76.3412 37.9128 0.799851
168.922 14.8185 76.3412 37.9162 0.799887
168.933 14.833 76.3445 37.8993 0.799691
168.944 14.8173 76.3429 37.9186 0.799903
168.955 14.812 76.3425 37.9252 0.799975
168.966 14.8093 76.3429 37.9288 0.800011
168.978 14.8077 76.3432 37.931 0.800032
168.989 14.8059 76.3433 37.9334 0.800057
169 14.802 76.3437 37.9386 0.80011
169.011 14.799 76.3435 37.9423 0.80015
169.022 14.7976 76.3441 37.9444 0.800169
169.034 14.7952 76.3446 37.9477 0.800201
169.045 14.8012 76.3469 37.9411 0.80012
169.056 14.7928 76.3465 37.9517 0.800234
169.067 14.7898 76.3466 37.9556 0.800274
169.079 14.7884 76.3477 37.958 0.800293
169.09 14.7879 76.3485 37.9591 0.800301
169.101 14.7863 76.3491 37.9614 0.800321
169.112 14.7923 76.3519 37.9551 0.800241
169.124 14.7849 76.3516 37.9645 0.800341
169.135 14.7821 76.3523 37.9684 0.800379
