# t frame_uz frame_z ub_dans_repere
160.001 -7.21987e-05 -7.4355e-08 -0.0701049
160.019 -0.0213981 -0.000232751 -1.16975
160.051 -0.0536582 -0.00157493 -0.886074
160.092 -0.0818927 -0.0045487 -0.54861
160.14 -0.0975083 -0.00891428 -0.188367
160.19 -0.0958357 -0.0138651 0.18328
160.243 -0.0748761 -0.0183357 0.537107
160.297 -0.0348683 -0.0211574 0.874335
160.352 0.0240037 -0.0212105 1.19997
160.407 0.099997 -0.0174585 1.50139
160.463 0.193445 -0.00879105 1.77718
160.519 0.301574 0.00560724 2.02474
160.575 0.422363 0.0264905 2.24362
160.631 0.554643 0.0545276 2.43663
160.687 0.696643 0.0903028 2.60013
160.743 0.847006 0.134313 2.73991
160.798 1.00423 0.186977 2.8537
160.854 1.16757 0.24865 2.95764
160.91 1.33635 0.319651 3.05055
160.966 1.50952 0.400253 3.11939
161.022 1.68629 0.490804 3.17634
161.079 1.86658 0.591603 3.23095
161.135 2.04964 0.702628 3.27316
161.191 2.23484 0.824009 3.31207
161.247 2.42185 0.955858 3.33972
161.303 2.61007 1.09826 3.35645
161.36 2.79911 1.25126 3.36939
161.416 2.9885 1.4149 3.37422
161.472 3.17846 1.58919 3.38451
161.528 3.36916 1.77418 3.40059
161.584 3.56021 1.9699 3.39922
161.64 3.75103 2.17634 3.39479
161.697 3.94126 2.39349 3.38168
161.753 4.13075 2.6213 3.36919
161.809 4.31966 2.85974 3.35705
161.865 4.50731 3.10875 3.33148
161.921 4.69373 3.36826 3.30616
161.978 4.8782 3.63818 3.27056
162.034 5.06072 3.91839 3.23376
162.09 5.24082 4.20879 3.18596
162.146 5.41793 4.5092 3.13292
162.202 5.59167 4.81945 3.06414
162.258 5.76157 5.13933 2.99765
162.315 5.92781 5.46863 2.93766
162.371 6.09065 5.80716 2.87231
162.427 6.25004 6.15472 2.81704
162.483 6.40628 6.51113 2.75871
162.539 6.55921 6.8762 2.69965
162.596 6.7089 7.24975 2.63927
162.652 6.85526 7.63161 2.58205
162.708 6.99844 8.02158 2.52619
162.764 7.13854 8.41948 2.47166
162.82 7.27522 8.82515 2.4066
162.876 7.40878 9.23839 2.34864
162.933 7.53913 9.65902 2.29746
162.989 7.66592 10.0869 2.23025
163.045 7.79004 10.5217 2.1872
163.101 7.91116 10.9635 2.1357
163.157 8.02952 11.4119 2.08853
163.213 8.14512 11.8669 2.0393
163.27 8.25799 12.3283 1.98856
163.326 8.36844 12.796 1.95124
163.382 8.47673 13.2698 1.91231
163.438 8.583 13.7496 1.87879
163.494 8.68753 14.2353 1.84897
163.551 8.79035 14.7269 1.81894
163.607 8.89043 15.2241 1.76792
163.663 8.98845 15.7269 1.72844
163.719 9.08392 16.2351 1.67863
163.775 9.17702 16.7485 1.64419
163.831 9.26833 17.2672 1.61133
163.888 9.35735 17.7909 1.56913
163.944 9.44465 18.3195 1.54541
164 9.53085 18.853 1.52876
164.056 9.61629 19.3914 1.51968
164.112 9.70139 19.9345 1.512
164.169 9.78597 20.4823 1.49774
164.225 9.86952 21.0349 1.48303
164.281 9.95258 21.5922 1.4778
164.337 10.0356 22.1541 1.47801
164.393 10.1182 22.7207 1.4668
164.449 10.2003 23.2919 1.46041
164.506 10.2824 23.8677 1.46255
164.562 10.3644 24.4482 1.46125
164.618 10.4468 25.0332 1.47002
164.674 10.5298 25.6229 1.48347
164.73 10.6135 26.2173 1.49938
164.787 10.6981 26.8164 1.50618
164.843 10.7832 27.4203 1.51827
164.899 10.8688 28.029 1.52795
164.955 10.9547 28.6425 1.5264
165.011 11.0404 29.2608 1.52257
165.067 11.1257 29.8839 1.51724
165.124 11.2108 30.5118 1.51086
165.18 11.2961 31.1445 1.52066
165.236 11.3812 31.782 1.51223
165.292 11.4662 32.4243 1.51338
165.348 11.5514 33.0713 1.5165
165.404 11.6362 33.7231 1.50744
165.461 11.7206 34.3797 1.49751
165.517 11.8043 35.041 1.48621
165.573 11.8873 35.7069 1.46986
165.629 11.9693 36.3775 1.44955
165.685 12.0499 37.0527 1.42276
165.742 12.1287 37.7323 1.3904
165.798 12.2056 38.4163 1.35324
165.854 12.2806 39.1045 1.32293
165.91 12.3542 39.7969 1.30156
165.966 12.4262 40.4934 1.26861
166.022 12.4962 41.1939 1.2322
166.079 12.5639 41.8982 1.19125
166.135 12.6296 42.6063 1.15347
166.191 12.6933 43.318 1.12064
166.247 12.7549 44.0332 1.07816
166.303 12.8142 44.7518 1.04104
166.36 12.8714 45.4736 1.00415
166.416 12.9267 46.1986 0.972553
166.472 12.9802 46.9266 0.939235
166.528 13.032 47.6576 0.909222
166.584 13.0818 48.3914 0.87451
166.64 13.1299 49.128 0.843527
166.697 13.1761 49.8672 0.805833
166.753 13.22 50.6089 0.767584
166.809 13.2621 51.353 0.738278
166.865 13.3024 52.0994 0.703526
166.921 13.341 52.8481 0.678411
166.978 13.3783 53.5988 0.654138
167.034 13.4144 54.3516 0.633763
167.09 13.4492 55.1064 0.609137
167.146 13.4825 55.8631 0.581882
167.202 13.5144 56.6217 0.556649
167.258 13.5447 57.3819 0.528832
167.315 13.5738 58.1439 0.51089
167.371 13.6019 58.9074 0.494487
167.427 13.6287 59.6724 0.467511
167.483 13.6542 60.439 0.4403
167.539 13.6782 61.2069 0.419931
167.596 13.701 61.9761 0.397191
167.652 13.7225 62.7465 0.376201
167.708 13.7433 63.5182 0.364177
167.764 13.7632 64.2909 0.346221
167.82 13.782 65.0648 0.329259
167.876 13.8002 65.8397 0.31742
167.933 13.8173 66.6155 0.297651
167.989 13.8333 67.3923 0.274055
168.045 13.8483 68.17 0.262129
168.101 13.8626 68.9485 0.251459
168.157 13.8765 69.7278 0.245201
168.213 13.8902 70.5078 0.242339
168.27 13.9035 71.2886 0.232585
168.326 13.9163 72.0701 0.222305
168.382 13.9285 72.8524 0.21393
168.438 13.9399 73.6352 0.194722
168.494 13.9503 74.4187 0.17541
168.551 13.9594 75.2028 0.148866
168.607 13.967 75.9873 0.128124
168.663 13.9736 76.7722 0.108335
168.719 13.9791 77.5574 0.0887185
168.775 13.9832 78.3429 0.0628446
168.831 13.9858 79.1286 0.0326369
168.888 13.9866 79.9143 0.00186072
168.944 13.9853 80.7 -0.0381698
169 13.9818 81.4856 -0.0775101
169.056 13.9762 82.2709 -0.117327
169.112 13.9677 83.0558 -0.169642
169.169 13.9566 83.8402 -0.219301
169.225 13.9428 84.6238 -0.262475
169.281 13.9264 85.4066 -0.309045
169.337 13.9074 86.1883 -0.360747
169.393 13.8854 86.9689 -0.412405
169.449 13.8602 87.7482 -0.470631
169.506 13.8319 88.5259 -0.528104
169.562 13.8002 89.3019 -0.588473
169.618 13.7651 90.076 -0.64887
169.674 13.7268 90.8481 -0.700646
169.73 13.6857 91.6179 -0.75015
169.787 13.642 92.3853 -0.794778
169.843 13.5959 93.1501 -0.839041
169.899 13.5473 93.9123 -0.882685
169.955 13.496 94.6717 -0.932553
170.011 13.4422 95.4281 -0.97582
170.067 13.3863 96.1814 -1.00729
170.124 13.3284 96.9315 -1.04353
170.18 13.2689 97.6783 -1.06937
170.236 13.2081 98.4217 -1.09013
170.292 13.1461 99.1616 -1.10911
170.348 13.0831 99.898 -1.13111
170.404 13.0189 100.631 -1.15006
170.461 12.9537 101.36 -1.16528
170.517 12.8877 102.086 -1.18029
170.573 12.8215 102.807 -1.17959
170.629 12.7549 103.525 -1.18914
170.685 12.6881 104.24 -1.18948
170.742 12.6212 104.95 -1.18562
170.798 12.5548 105.657 -1.18111
170.854 12.4891 106.36 -1.16316
170.91 12.4241 107.06 -1.15288
170.966 12.3599 107.756 -1.13912
171.022 12.2965 108.448 -1.12204
171.079 12.2339 109.136 -1.10673
171.135 12.1723 109.822 -1.09024
171.191 12.1119 110.503 -1.06639
171.247 12.0527 111.182 -1.04225
171.303 11.9952 111.857 -1.01306
171.36 11.9394 112.529 -0.980223
171.416 11.8855 113.198 -0.9438
171.472 11.8335 113.864 -0.909347
171.528 11.7835 114.527 -0.879046
171.584 11.7357 115.187 -0.830491
171.64 11.6905 115.845 -0.78884
171.697 11.6474 116.501 -0.756466
171.753 11.6062 117.153 -0.716509
171.809 11.5674 117.804 -0.669777
171.865 11.5311 118.453 -0.629443
171.921 11.497 119.099 -0.591156
171.978 11.4653 119.744 -0.54332
172.034 11.4363 120.387 -0.501743
172.09 11.4096 121.029 -0.458094
172.146 11.385 121.669 -0.421422
172.202 11.3628 122.308 -0.376545
172.258 11.3431 122.946 -0.337468
172.315 11.3256 123.582 -0.29021
172.371 11.3107 124.218 -0.250699
172.427 11.2979 124.853 -0.21249
172.483 11.2876 125.487 -0.165023
172.539 11.2798 126.121 -0.124019
172.596 11.2739 126.755 -0.086395
172.652 11.2703 127.388 -0.0499386
172.708 11.2689 128.021 -0.00866698
172.764 11.2698 128.654 0.0295695
172.82 11.2726 129.287 0.0625209
172.876 11.2771 129.921 0.0897611
172.933 11.2831 130.555 0.118135
172.989 11.2903 131.189 0.136696
173.045 11.2986 131.823 0.154119
173.101 11.3079 132.458 0.172222
173.157 11.3179 133.094 0.18226
173.213 11.3286 133.73 0.19433
173.27 11.3398 134.367 0.201377
173.326 11.3512 135.004 0.204152
173.382 11.3626 135.643 0.200687
173.438 11.3739 136.281 0.201746
173.494 11.385 136.921 0.195239
173.551 11.3957 137.561 0.185493
173.607 11.4056 138.201 0.174507
173.663 11.4151 138.842 0.162405
173.719 11.4239 139.484 0.153998
173.775 11.4322 140.126 0.143742
173.831 11.4397 140.768 0.127976
173.888 11.4465 141.411 0.113625
173.944 11.4526 142.055 0.106582
174 11.4582 142.698 0.0960579
174.056 11.4633 143.342 0.0851552
174.112 11.4678 143.986 0.0786784
174.169 11.472 144.631 0.0721442
174.225 11.4757 145.275 0.0586128
174.281 11.4786 145.92 0.0497308
174.337 11.4813 146.565 0.0466998
174.393 11.4836 147.21 0.0380415
174.449 11.4856 147.855 0.033621
174.506 11.487 148.501 0.0175319
174.562 11.4877 149.146 0.0121345
174.618 11.4881 149.791 0.00378476
174.674 11.488 150.437 -0.00693797
174.73 11.4873 151.082 -0.0152829
174.787 11.4865 151.727 -0.0148123
174.843 11.4854 152.373 -0.0211648
174.899 11.4839 153.018 -0.0289967
174.955 11.482 153.663 -0.0367063
175.011 11.4794 154.308 -0.0500129
175.067 11.4761 154.953 -0.0655806
175.124 11.4716 155.597 -0.0877543
175.18 11.466 156.242 -0.105521
175.236 11.4595 156.886 -0.121675
175.292 11.4519 157.529 -0.14603
175.348 11.4431 158.172 -0.16131
175.404 11.4335 158.815 -0.178353
175.461 11.4229 159.457 -0.192449
175.517 11.4117 160.098 -0.202115
175.573 11.3999 160.739 -0.216588
175.629 11.3875 161.379 -0.224324
175.685 11.3746 162.018 -0.232527
175.742 11.3613 162.657 -0.237792
175.798 11.3481 163.295 -0.23208
175.854 11.3351 163.932 -0.233486
175.91 11.3221 164.568 -0.227022
175.966 11.3098 165.204 -0.212423
176.022 11.2982 165.839 -0.203557
176.079 11.2876 166.473 -0.177499
176.135 11.2784 167.107 -0.151739
176.191 11.2707 167.74 -0.1285
176.247 11.2647 168.373 -0.0924803
176.303 11.2605 169.006 -0.0618423
176.36 11.2581 169.638 -0.0285245
176.416 11.2579 170.271 0.0105707
176.472 11.2598 170.903 0.0471074
176.528 11.2635 171.536 0.0800426
176.584 11.2693 172.169 0.118907
176.64 11.2773 172.802 0.157949
176.697 11.2871 173.436 0.184444
176.753 11.2983 174.071 0.210371
176.809 11.3113 174.706 0.246761
176.865 11.3262 175.342 0.278018
176.921 11.3427 175.979 0.298892
176.978 11.36 176.617 0.317724
177.034 11.3787 177.255 0.343824
177.09 11.3989 177.895 0.36652
177.146 11.4202 178.536 0.38832
177.202 11.4426 179.179 0.405944
177.258 11.4659 179.822 0.418734
177.315 11.4902 180.467 0.442841
177.371 11.5159 181.114 0.46847
177.427 11.543 181.762 0.490589
177.483 11.5713 182.411 0.511665
177.539 11.6006 183.062 0.529009
177.596 11.6309 183.715 0.545562
177.652 11.6622 184.369 0.565945
177.708 11.6947 185.026 0.584287
177.764 11.7283 185.684 0.607946
177.82 11.7634 186.344 0.635346
177.876 11.7996 187.006 0.652015
177.933 11.8369 187.67 0.67116
177.989 11.8753 188.336 0.691001
178.045 11.9147 189.005 0.709467
178.101 11.9552 189.675 0.728527
178.157 11.9969 190.349 0.753632
178.213 12.0398 191.024 0.769269
178.27 12.0835 191.702 0.781334
178.326 12.1276 192.382 0.78764
178.382 12.1721 193.065 0.795054
178.438 12.2168 193.75 0.792852
178.494 12.2611 194.438 0.787594
178.551 12.305 195.128 0.77925
178.607 12.3486 195.821 0.76982
178.663 12.3917 196.516 0.764011
178.719 12.4341 197.214 0.749274
178.775 12.4754 197.914 0.723055
178.831 12.5151 198.616 0.696553
178.888 12.5535 199.321 0.672028
178.944 12.5903 200.027 0.646337
179 12.6254 200.736 0.608901
179.056 12.6584 201.446 0.569224
179.112 12.6885 202.158 0.514046
179.169 12.7158 202.872 0.465948
179.225 12.7402 203.587 0.412295
179.281 12.7616 204.304 0.357479
179.337 12.7799 205.021 0.306666
179.393 12.7953 205.74 0.253405
179.449 12.8078 206.459 0.203272
179.506 12.8174 207.179 0.147743
179.562 12.8237 207.899 0.0889235
179.618 12.8266 208.62 0.0255196
179.674 12.826 209.34 -0.0349628
179.73 12.8221 210.061 -0.0928584
179.787 12.8148 210.781 -0.154031
179.843 12.804 211.5 -0.219884
179.899 12.7897 212.219 -0.279821
179.955 12.7722 212.937 -0.333022
180.011 12.7517 213.654 -0.388433
180.067 12.7274 214.37 -0.462774
180.124 12.6989 215.084 -0.536954
180.18 12.6664 215.796 -0.604555
180.236 12.6301 216.507 -0.67644
180.292 12.5894 217.215 -0.760479
180.348 12.5439 217.92 -0.840056
180.404 12.4939 218.624 -0.924805
180.461 12.4391 219.324 -1.0108
180.517 12.3795 220.02 -1.09494
180.573 12.3148 220.714 -1.18833
180.629 12.2449 221.403 -1.27979
180.685 12.1697 222.089 -1.37576
180.742 12.0888 222.77 -1.47837
180.798 12.0027 223.446 -1.57001
180.854 11.9113 224.117 -1.66414
180.91 11.8146 224.783 -1.76158
180.966 11.7124 225.443 -1.8554
181.022 11.6054 226.098 -1.93752
181.079 11.4939 226.746 -2.01668
181.135 11.3778 227.388 -2.09515
181.191 11.2578 228.023 -2.16516
181.247 11.1338 228.651 -2.23633
181.303 11.0058 229.273 -2.30634
181.36 10.8742 229.886 -2.36608
181.416 10.7394 230.493 -2.42226
181.472 10.6022 231.092 -2.45513
181.528 10.4635 231.683 -2.47393
181.584 10.3239 232.266 -2.4925
181.64 10.1838 232.841 -2.49282
181.697 10.0442 233.408 -2.47717
181.753 9.90578 233.968 -2.45311
181.809 9.76922 234.52 -2.41678
181.865 9.63521 235.064 -2.36245
181.921 9.50419 235.601 -2.30805
181.978 9.37686 236.131 -2.24172
182.034 9.25349 236.653 -2.1616
182.09 9.13498 237.169 -2.0713
182.146 9.02198 237.678 -1.97371
182.202 8.91477 238.182 -1.86771
182.258 8.81328 238.679 -1.76174
182.315 8.7177 239.171 -1.6621
182.371 8.62757 239.658 -1.56939
182.427 8.54302 240.139 -1.46016
182.483 8.46493 240.617 -1.34533
182.539 8.39296 241.09 -1.23561
182.596 8.32729 241.559 -1.13311
182.652 8.26712 242.025 -1.03076
182.708 8.21263 242.487 -0.927585
182.764 8.16415 242.947 -0.820745
182.82 8.12123 243.404 -0.728657
182.876 8.08383 243.859 -0.625045
182.933 8.05186 244.312 -0.53006
182.989 8.02581 244.764 -0.4202
183.045 8.00554 245.214 -0.321996
183.101 7.99085 245.663 -0.220517
183.157 7.98196 246.112 -0.121288
183.213 7.97839 246.56 -0.0273999
183.27 7.97985 247.008 0.0635841
183.326 7.98664 247.457 0.156871
183.382 7.99862 247.906 0.248949
183.438 8.01539 248.356 0.330412
183.494 8.03673 248.807 0.411093
183.551 8.06246 249.259 0.489383
183.607 8.09224 249.713 0.558482
183.663 8.12594 250.169 0.627563
183.719 8.16324 250.627 0.689607
183.775 8.20407 251.087 0.749989
183.831 8.24806 251.549 0.80393
183.888 8.2949 252.014 0.853076
183.944 8.34447 252.482 0.899931
184 8.39652 252.952 0.943167
184.056 8.4508 253.426 0.980056
184.112 8.5069 253.902 1.01179
184.169 8.5649 254.382 1.04585
184.225 8.62484 254.865 1.08059
184.281 8.68631 255.352 1.10549
184.337 8.74893 255.842 1.11974
184.393 8.81263 256.336 1.13989
184.449 8.87669 256.833 1.1421
184.506 8.94115 257.334 1.14994
184.562 9.00601 257.838 1.15925
184.618 9.07145 258.347 1.17086
184.674 9.13756 258.858 1.17946
184.73 9.20414 259.374 1.18825
184.787 9.27103 259.893 1.19265
184.843 9.33801 260.416 1.19047
184.899 9.40497 260.943 1.19265
184.955 9.47185 261.474 1.18734
185.011 9.5383 262.008 1.1793
185.067 9.60425 262.546 1.16988
185.124 9.66975 263.088 1.16412
185.18 9.73484 263.634 1.15464
185.236 9.79931 264.183 1.14145
185.292 9.86285 264.735 1.12336
185.348 9.92519 265.292 1.09729
185.404 9.98585 265.851 1.07029
185.461 10.0449 266.414 1.03844
185.517 10.1022 266.98 1.00599
185.573 10.1578 267.55 0.983518
185.629 10.2123 268.122 0.960766
185.685 10.2656 268.698 0.940533
185.742 10.3176 269.276 0.917126
185.798 10.3683 269.858 0.893651
185.854 10.4177 270.442 0.866201
185.91 10.4651 271.029 0.831614
185.966 10.5108 271.618 0.801711
186.022 10.5549 272.21 0.770837
186.079 10.5971 272.805 0.738725
186.135 10.6374 273.401 0.704987
186.191 10.676 274 0.674916
186.247 10.7127 274.601 0.638161
186.303 10.7473 275.204 0.601154
186.36 10.7799 275.809 0.566083
186.416 10.8108 276.416 0.539081
186.472 10.8397 277.024 0.497182
186.528 10.8663 277.634 0.456545
186.584 10.8907 278.245 0.421249
186.64 10.9133 278.858 0.388588
186.697 10.9342 279.472 0.362281
186.753 10.9536 280.087 0.33501
186.809 10.9713 280.703 0.299461
186.865 10.987 281.32 0.262548
186.921 11.0007 281.937 0.233466
186.978 11.0127 282.556 0.198715
187.034 11.0226 283.175 0.161469
187.09 11.0307 283.794 0.132739
187.146 11.0372 284.414 0.105177
187.202 11.0423 285.034 0.0791284
187.258 11.046 285.655 0.056692
187.315 11.0483 286.276 0.031678
187.371 11.0493 286.896 0.00663199
187.427 11.0489 287.517 -0.0166926
187.483 11.0469 288.138 -0.0470808
187.539 11.0433 288.758 -0.0781041
187.596 11.0384 289.378 -0.0924972
187.652 11.0326 289.998 -0.110945
187.708 11.0256 290.618 -0.132955
187.764 11.0175 291.237 -0.152485
187.82 11.0081 291.856 -0.177557
187.876 10.9974 292.474 -0.199954
187.933 10.9854 293.091 -0.220965
187.989 10.9724 293.708 -0.238661
188.045 10.9586 294.324 -0.250513
188.101 10.944 294.939 -0.26563
188.157 10.9285 295.553 -0.282137
188.213 10.9122 296.167 -0.297926
188.27 10.895 296.779 -0.311359
188.326 10.8769 297.391 -0.325569
188.382 10.8583 298.001 -0.338226
188.438 10.8392 298.611 -0.339261
188.494 10.8202 299.219 -0.338395
188.551 10.8012 299.826 -0.336935
188.607 10.7824 300.432 -0.33268
188.663 10.7639 301.037 -0.325691
188.719 10.7459 301.642 -0.319716
188.775 10.7282 302.245 -0.310643
188.831 10.7109 302.847 -0.303522
188.888 10.6944 303.448 -0.287238
188.944 10.6791 304.048 -0.263709
189 10.665 304.648 -0.243912
189.056 10.652 305.246 -0.224313
189.112 10.6401 305.844 -0.20142
189.169 10.6295 306.442 -0.179386
189.225 10.6204 307.039 -0.153071
189.281 10.6128 307.635 -0.125175
189.337 10.6062 308.231 -0.110155
189.393 10.6007 308.827 -0.0881585
189.449 10.5966 309.422 -0.0615162
189.506 10.5939 310.017 -0.0400375
189.562 10.5925 310.612 -0.0163642
189.618 10.5923 311.208 0.00635523
189.674 10.5934 311.803 0.0284847
189.73 10.5956 312.398 0.0456898
189.787 10.5986 312.993 0.0604121
189.843 10.6024 313.589 0.0747883
189.899 10.6073 314.185 0.0933539
189.955 10.6131 314.781 0.110925
190.011 10.6199 315.377 0.125836
190.067 10.6275 315.974 0.143076
190.124 10.6358 316.571 0.151963
190.18 10.6445 317.169 0.159263
190.236 10.6538 317.767 0.165644
190.292 10.6634 318.366 0.176171
190.348 10.6735 318.966 0.179988
190.404 10.6836 319.566 0.179363
190.461 10.6935 320.166 0.175964
190.517 10.7032 320.767 0.171582
190.573 10.7127 321.369 0.164716
190.629 10.7216 321.971 0.153869
190.685 10.7295 322.574 0.135403
190.742 10.7364 323.177 0.112752
190.798 10.7421 323.78 0.0964116
190.854 10.7467 324.384 0.0692359
190.91 10.7496 324.988 0.0425407
190.966 10.7512 325.592 0.0177268
191.022 10.7509 326.196 -0.0189458
191.079 10.7487 326.799 -0.054838
191.135 10.7445 327.403 -0.0879175
191.191 10.7382 328.007 -0.131265
191.247 10.7293 328.61 -0.175101
191.303 10.7182 329.212 -0.210451
191.36 10.7049 329.814 -0.254771
191.416 10.6888 330.415 -0.305218
191.472 10.6702 331.014 -0.346681
191.528 10.649 331.613 -0.396654
191.584 10.6253 332.211 -0.441466
191.64 10.599 332.807 -0.483477
191.697 10.5704 333.401 -0.525698
191.753 10.5394 333.994 -0.57051
191.809 10.506 334.585 -0.612952
191.865 10.47 335.174 -0.656652
191.921 10.4318 335.761 -0.696192
191.978 10.3915 336.346 -0.732779
192.034 10.3491 336.928 -0.766774
192.09 10.3047 337.508 -0.80806
192.146 10.2581 338.085 -0.842416
192.202 10.2098 338.66 -0.873695
192.258 10.1594 339.232 -0.910595
192.315 10.1074 339.801 -0.935928
192.371 10.0538 340.367 -0.967159
192.427 9.99881 340.93 -0.986635
192.483 9.94261 341.49 -1.00896
192.539 9.88548 342.046 -1.02368
192.596 9.82737 342.6 -1.04086
192.652 9.76849 343.15 -1.05137
192.708 9.70902 343.697 -1.0611
192.764 9.64965 344.24 -1.05406
192.82 9.5906 344.78 -1.05004
192.876 9.53186 345.317 -1.04089
192.933 9.47397 345.851 -1.02198
192.989 9.41716 346.381 -1.00397
193.045 9.36183 346.908 -0.973414
193.101 9.30806 347.432 -0.946482
193.157 9.25601 347.953 -0.911344
193.213 9.20615 348.472 -0.870102
193.27 9.15896 348.987 -0.819751
193.326 9.11438 349.5 -0.776985
193.382 9.07229 350.011 -0.726608
193.438 9.03343 350.519 -0.669376
193.494 8.9979 351.026 -0.620862
193.551 8.96501 351.53 -0.563932
193.607 8.93479 352.033 -0.519825
193.663 8.90711 352.534 -0.474417
193.719 8.88256 353.033 -0.41268
193.775 8.86124 353.532 -0.358514
193.831 8.84285 354.029 -0.307485
193.888 8.8273 354.525 -0.260525
193.944 8.81426 355.02 -0.213209
194 8.80401 355.515 -0.158967
194.056 8.79647 356.01 -0.116819
194.112 8.79141 356.504 -0.070931
194.169 8.78885 356.997 -0.0271301
194.225 8.78857 357.491 0.00813398
194.281 8.79023 357.985 0.0457715
194.337 8.79436 358.479 0.0906241
194.393 8.80067 358.973 0.128752
194.449 8.80948 359.468 0.17536
194.506 8.82062 359.963 0.2143
194.562 8.83372 360.459 0.24837
194.618 8.84894 360.956 0.288103
194.674 8.86656 361.454 0.327737
194.73 8.88646 361.952 0.367451
194.787 8.90823 362.452 0.398764
194.843 8.93192 362.954 0.433344
194.899 8.95701 363.456 0.454997
194.955 8.98361 363.96 0.485774
195.011 9.01199 364.466 0.516618
195.067 9.04208 364.973 0.548956
195.124 9.07383 365.482 0.575355
195.18 9.10704 365.993 0.602193
195.236 9.14204 366.506 0.635188
195.292 9.17867 367.021 0.658791
195.348 9.21624 367.538 0.677735
195.404 9.2552 368.057 0.705327
195.461 9.29547 368.578 0.722082
195.517 9.33689 369.102 0.74896
195.573 9.37985 369.628 0.777755
195.629 9.42431 370.156 0.797963
195.685 9.46966 370.687 0.816184
195.742 9.51603 371.221 0.83375
195.798 9.56351 371.757 0.850062
195.854 9.61219 372.296 0.881174
195.91 9.66227 372.837 0.895495
195.966 9.71291 373.382 0.907108
196.022 9.76441 373.929 0.923336
196.079 9.81681 374.48 0.938922
196.135 9.87018 375.033 0.956558
196.191 9.92437 375.589 0.970786
196.247 9.97952 376.149 0.990771
196.303 10.0358 376.711 1.00854
196.36 10.0931 377.277 1.02438
196.416 10.1509 377.846 1.03436
196.472 10.2094 378.418 1.04655
196.528 10.2689 378.994 1.06722
196.584 10.3293 379.573 1.07672
196.64 10.3902 380.155 1.08945
196.697 10.4518 380.741 1.09974
196.753 10.5136 381.33 1.09888
196.809 10.5752 381.923 1.09489
196.865 10.6365 382.519 1.09093
196.921 10.6974 383.119 1.0786
196.978 10.7576 383.722 1.06668
197.034 10.8171 384.328 1.05377
197.09 10.8757 384.938 1.0373
197.146 10.9335 385.551 1.01986
197.202 10.99 386.167 0.99959
197.258 11.0455 386.786 0.979716
197.315 11.1 387.409 0.962063
197.371 11.1533 388.034 0.939817
197.427 11.2052 388.662 0.917563
197.483 11.2559 389.293 0.889464
197.539 11.3051 389.928 0.865354
197.596 11.3528 390.564 0.841112
197.652 11.3992 391.204 0.814646
197.708 11.4442 391.846 0.792497
197.764 11.4879 392.49 0.767189
197.82 11.5302 393.137 0.740263
197.876 11.5708 393.786 0.713099
197.933 11.6097 394.437 0.679283
197.989 11.647 395.091 0.651593
198.045 11.6827 395.746 0.621776
198.101 11.7165 396.404 0.589397
198.157 11.7486 397.063 0.557654
198.213 11.7788 397.724 0.524706
198.27 11.8074 398.387 0.497259
198.326 11.8344 399.051 0.466245
198.382 11.8591 399.717 0.422727
198.438 11.8812 400.384 0.374576
198.494 11.9006 401.052 0.324611
198.551 11.9169 401.721 0.26696
198.607 11.9298 402.391 0.207261
198.663 11.9395 403.062 0.14765
198.719 11.9454 403.733 0.0790079
198.775 11.9475 404.404 0.0101622
198.831 11.9458 405.075 -0.0592941
198.888 11.9399 405.746 -0.137214
198.944 11.9295 406.416 -0.215416
199 11.9146 407.086 -0.298494
199.056 11.8952 407.755 -0.375343
199.112 11.8711 408.422 -0.465481
199.169 11.8422 409.088 -0.549551
199.225 11.8082 409.752 -0.638995
199.281 11.7693 410.414 -0.727004
199.337 11.7258 411.074 -0.805388
199.393 11.6779 411.731 -0.882742
199.449 11.6259 412.386 -0.953038
199.506 11.5704 413.037 -1.01217
199.562 11.5117 413.685 -1.06753
199.618 11.4501 414.33 -1.11127
199.674 11.3867 414.971 -1.13772
199.73 11.3219 415.608 -1.16129
199.787 11.2562 416.242 -1.17369
199.843 11.1906 416.872 -1.1623
199.899 11.1256 417.499 -1.15203
199.955 11.0617 418.122 -1.12658
200.011 10.9995 418.741 -1.09265
200.067 10.9395 419.357 -1.04725
200.124 10.8824 419.97 -0.99533
200.18 10.8285 420.579 -0.931463
200.236 10.7786 421.186 -0.861687
200.292 10.7325 421.79 -0.792095
200.348 10.6903 422.391 -0.721363
200.404 10.6522 422.991 -0.648998
200.461 10.6179 423.588 -0.583733
200.517 10.5878 424.183 -0.504683
200.573 10.5616 424.777 -0.437841
200.629 10.5394 425.37 -0.367605
200.685 10.5213 425.961 -0.293658
200.742 10.5075 426.552 -0.215291
200.798 10.4975 427.142 -0.153146
200.854 10.4911 427.731 -0.085179
200.91 10.4886 428.321 -0.0193143
200.966 10.4892 428.91 0.0316624
201.022 10.4928 429.499 0.0859356
201.079 10.4996 430.089 0.145176
201.135 10.5097 430.679 0.201419
201.191 10.5229 431.27 0.253515
201.247 10.5388 431.862 0.303461
201.303 10.5574 432.454 0.350785
201.36 10.5786 433.048 0.393975
201.416 10.6024 433.643 0.442699
201.472 10.6287 434.24 0.486809
201.528 10.6574 434.838 0.524836
201.584 10.6881 435.438 0.561909
201.64 10.7208 436.039 0.594166
201.697 10.7553 436.643 0.626316
201.753 10.7914 437.248 0.654933
201.809 10.8288 437.856 0.669389
201.865 10.8667 438.465 0.679039
201.921 10.9051 439.077 0.687889
201.978 10.9437 439.691 0.687141
202.034 10.9823 440.307 0.683032
202.09 11.0203 440.925 0.67263
202.146 11.0573 441.546 0.649514
202.202 11.093 442.168 0.623121
202.258 11.127 442.793 0.595136
202.315 11.1594 443.419 0.561892
202.371 11.1896 444.047 0.522433
202.427 11.2177 444.676 0.484403
202.483 11.2434 445.307 0.440483
202.539 11.2667 445.94 0.392746
202.596 11.287 446.573 0.34167
202.652 11.3044 447.208 0.292275
202.708 11.3193 447.844 0.245925
202.764 11.3318 448.48 0.206311
202.82 11.3419 449.117 0.164218
202.876 11.3498 449.755 0.124497
202.933 11.3555 450.392 0.0853287
202.989 11.3587 451.03 0.0384443
203.045 11.3594 451.669 -0.0100775
203.101 11.3576 452.307 -0.0448136
203.157 11.354 452.945 -0.0782324
203.213 11.3484 453.582 -0.113826
203.27 11.3408 454.22 -0.148486
203.326 11.3313 454.856 -0.18011
203.382 11.3202 455.493 -0.209935
203.438 11.3074 456.128 -0.238385
203.494 11.2932 456.763 -0.263377
203.551 11.2776 457.397 -0.286171
203.607 11.2608 458.03 -0.306932
203.663 11.2428 458.662 -0.329582
203.719 11.2239 459.293 -0.343552
203.775 11.2043 459.923 -0.350494
203.831 11.1843 460.552 -0.354766
203.888 11.1644 461.179 -0.354945
203.944 11.1448 461.806 -0.346348
204 11.1256 462.431 -0.336477
204.056 11.1072 463.056 -0.322433
204.112 11.0897 463.679 -0.302437
204.169 11.0734 464.302 -0.282469
204.225 11.0585 464.923 -0.252684
204.281 11.0453 465.544 -0.221856
204.337 11.0338 466.164 -0.191428
204.393 11.0244 466.784 -0.154237
204.449 11.0172 467.403 -0.111835
204.506 11.0124 468.022 -0.0646733
204.562 11.0105 468.64 -0.015657
204.618 11.0113 469.259 0.0346292
204.674 11.0151 469.877 0.0875749
204.73 11.0213 470.496 0.12846
204.787 11.0307 471.116 0.194153
204.843 11.0435 471.736 0.251964
204.899 11.0593 472.357 0.302755
204.955 11.0785 472.979 0.367946
205.011 11.101 473.602 0.421689
205.067 11.127 474.227 0.491128
205.124 11.1568 474.853 0.557278
205.18 11.1903 475.481 0.620663
205.236 11.2276 476.111 0.693536
205.292 11.2688 476.743 0.763184
205.348 11.3141 477.377 0.830979
205.404 11.3631 478.015 0.899401
205.461 11.4159 478.655 0.966718
205.517 11.4723 479.298 1.02953
205.573 11.5322 479.944 1.08927
205.629 11.5954 480.594 1.15272
205.685 11.6621 481.248 1.20846
205.742 11.7318 481.906 1.25891
205.798 11.804 482.567 1.30257
205.854 11.8784 483.233 1.33716
205.91 11.9546 483.903 1.36845
205.966 12.0324 484.577 1.39402
206.022 12.1108 485.255 1.39593
206.079 12.189 485.938 1.38711
206.135 12.2666 486.626 1.37653
206.191 12.3439 487.318 1.3698
206.247 12.4198 488.014 1.33553
206.303 12.4936 488.714 1.29995
206.36 12.5653 489.418 1.25812
206.416 12.6344 490.126 1.20942
206.472 12.7004 490.838 1.15345
206.528 12.7632 491.554 1.09447
206.584 12.8229 492.273 1.04034
206.64 12.8793 492.995 0.98061
206.697 12.932 493.721 0.907806
206.753 12.9806 494.449 0.837836
206.809 13.0255 495.18 0.77005
206.865 13.0662 495.913 0.696769
206.921 13.1028 496.648 0.619141
206.978 13.1348 497.385 0.53611
207.034 13.1622 498.124 0.45507
207.09 13.185 498.865 0.37552
207.146 13.2037 499.606 0.30597
207.202 13.2185 500.348 0.233678
207.258 13.2293 501.091 0.163799
207.315 13.2363 501.835 0.0993429
207.371 13.2396 502.578 0.0333372
207.427 13.2394 503.322 -0.0316948
207.483 13.2354 504.066 -0.0937102
207.539 13.228 504.809 -0.157548
207.596 13.217 505.552 -0.222793
207.652 13.2024 506.294 -0.288788
207.708 13.1839 507.035 -0.351578
207.764 13.1621 507.775 -0.41505
207.82 13.1367 508.514 -0.476931
207.876 13.1079 509.251 -0.537825
207.933 13.0756 509.986 -0.599231
207.989 13.0401 510.72 -0.651927
208.045 13.002 511.451 -0.699677
208.101 12.9608 512.18 -0.754935
208.157 12.9169 512.907 -0.798716
208.213 12.8704 513.631 -0.846
208.27 12.8219 514.352 -0.875375
208.326 12.7712 515.071 -0.916639
208.382 12.7187 515.786 -0.947005
208.438 12.6646 516.499 -0.973292
208.494 12.6091 517.209 -0.997416
208.551 12.5525 517.915 -1.0112
208.607 12.4951 518.619 -1.02803
208.663 12.4371 519.319 -1.0328
208.719 12.379 520.015 -1.0381
208.775 12.3209 520.709 -1.03098
208.831 12.2633 521.399 -1.01989
208.888 12.2063 522.086 -1.0071
208.944 12.1504 522.77 -0.986147
209 12.0957 523.451 -0.965844
209.056 12.0423 524.128 -0.944273
209.112 11.9901 524.803 -0.914814
209.169 11.9401 525.475 -0.87593
209.225 11.8921 526.144 -0.839392
209.281 11.8463 526.811 -0.802399
209.337 11.8025 527.475 -0.765639
209.393 11.7607 528.137 -0.726267
209.449 11.7214 528.796 -0.688277
209.506 11.6839 529.453 -0.648401
209.562 11.6488 530.108 -0.611651
209.618 11.6157 530.762 -0.57391
209.674 11.5848 531.413 -0.534237
209.73 11.556 532.063 -0.500456
209.787 11.5287 532.711 -0.474926
209.843 11.5034 533.358 -0.435103
209.899 11.48 534.004 -0.404949
209.955 11.4582 534.648 -0.376115
210.011 11.4381 535.291 -0.342989
210.067 11.4195 535.933 -0.326748
210.124 11.4017 536.574 -0.308809
210.18 11.3852 537.214 -0.284535
210.236 11.3701 537.853 -0.256169
210.292 11.3569 538.491 -0.223015
210.348 11.3453 539.129 -0.193579
210.404 11.335 539.766 -0.174606
210.461 11.3262 540.402 -0.144036
210.517 11.3189 541.038 -0.122448
210.573 11.3126 541.674 -0.107323
210.629 11.3074 542.309 -0.081401
210.685 11.3037 542.944 -0.0553039
210.742 11.3012 543.579 -0.0372463
210.798 11.2999 544.214 -0.0124993
210.854 11.3 544.849 0.0097564
210.91 11.3011 545.484 0.0251585
210.966 11.3029 546.119 0.0386535
211.022 11.3055 546.754 0.0516509
211.079 11.3089 547.389 0.0677251
211.135 11.3133 548.025 0.0811768
211.191 11.318 548.66 0.0836992
211.247 11.323 549.296 0.0940994
211.303 11.3287 549.933 0.105968
211.36 11.3348 550.569 0.107152
211.416 11.3405 551.206 0.0997467
211.472 11.3462 551.844 0.101345
211.528 11.3518 552.481 0.0957156
211.584 11.3567 553.119 0.0792128
211.64 11.3604 553.757 0.0569006
211.697 11.3629 554.396 0.0352449
211.753 11.3639 555.034 0.00942809
211.809 11.3639 555.673 -0.00805589
211.865 11.3627 556.311 -0.0316036
211.921 11.3598 556.949 -0.0646496
211.978 11.3551 557.587 -0.0963891
212.034 11.3486 558.225 -0.129745
212.09 11.3401 558.862 -0.16606
212.146 11.3296 559.499 -0.200964
212.202 11.317 560.135 -0.237782
212.258 11.3021 560.77 -0.282951
212.315 11.2849 561.405 -0.326766
212.371 11.2648 562.038 -0.377299
212.427 11.242 562.67 -0.423013
212.483 11.217 563.301 -0.461201
212.539 11.1897 563.93 -0.503148
212.596 11.1599 564.558 -0.546062
212.652 11.128 565.184 -0.583356
212.708 11.0942 565.808 -0.613684
212.764 11.0587 566.43 -0.641051
212.82 11.0222 567.05 -0.65616
212.876 10.985 567.668 -0.665375
212.933 10.9473 568.284 -0.672234
212.989 10.9094 568.897 -0.677115
213.045 10.8712 569.509 -0.681629
213.101 10.8326 570.118 -0.688428
213.157 10.794 570.726 -0.687261
213.213 10.7559 571.331 -0.673456
213.27 10.7182 571.934 -0.669946
213.326 10.6808 572.535 -0.662888
213.382 10.6439 573.133 -0.650495
213.438 10.6073 573.73 -0.650274
213.494 10.5713 574.325 -0.636927
213.551 10.5358 574.918 -0.627313
213.607 10.5008 575.508 -0.618242
213.663 10.4665 576.097 -0.609406
213.719 10.4326 576.684 -0.599303
213.775 10.399 577.269 -0.596956
213.831 10.3654 577.852 -0.59674
213.888 10.3323 578.433 -0.585922
213.944 10.2994 579.013 -0.584742
214 10.2665 579.59 -0.586866
214.056 10.2336 580.166 -0.586481
214.112 10.2004 580.74 -0.59247
214.169 10.1669 581.311 -0.601029
214.225 10.133 581.882 -0.605073
214.281 10.0987 582.45 -0.611761
214.337 10.0642 583.016 -0.618305
214.393 10.0292 583.58 -0.621671
214.449 9.99415 584.142 -0.627074
214.506 9.95888 584.703 -0.628799
214.562 9.92357 585.261 -0.628234
214.618 9.88825 585.817 -0.628556
214.674 9.8528 586.372 -0.631464
214.73 9.81762 586.924 -0.622023
214.787 9.78299 587.474 -0.612584
214.843 9.74918 588.023 -0.59725
214.899 9.71621 588.569 -0.577466
214.955 9.68462 589.114 -0.553735
215.011 9.65439 589.657 -0.529325
215.067 9.62591 590.199 -0.493757
215.124 9.59957 590.738 -0.450667
215.18 9.57592 591.277 -0.400924
215.236 9.55515 591.814 -0.347777
215.292 9.53734 592.35 -0.294662
215.348 9.52308 592.886 -0.226462
215.404 9.51271 593.42 -0.154765
215.461 9.50686 593.955 -0.0716241
215.517 9.50571 594.489 0.0141854
215.573 9.50915 595.023 0.0917589
215.629 9.51709 595.557 0.176659
215.685 9.52977 596.092 0.255705
215.742 9.54706 596.628 0.341651
215.798 9.56911 597.165 0.426035
215.854 9.59598 597.704 0.510796
215.91 9.62738 598.244 0.589172
215.966 9.6628 598.786 0.656741
216.022 9.70189 599.33 0.723882
216.079 9.74457 599.877 0.782058
216.135 9.79009 600.425 0.833276
216.191 9.83887 600.977 0.890756
216.247 9.89023 601.532 0.928809
216.303 9.94328 602.089 0.955714
216.36 9.99787 602.649 0.981454
216.416 10.0539 603.213 1.00778
216.472 10.1109 603.78 1.02201
216.528 10.1688 604.35 1.03233
216.584 10.2272 604.923 1.0462
216.64 10.2857 605.5 1.03674
216.697 10.3439 606.079 1.03721
216.753 10.4024 606.662 1.0424
216.809 10.4606 607.249 1.0331
216.865 10.5181 607.838 1.01013
216.921 10.5741 608.431 0.990836
216.978 10.629 609.027 0.966765
217.034 10.6825 609.626 0.943666
217.09 10.7345 610.228 0.911689
217.146 10.7844 610.833 0.873782
217.202 10.8322 611.44 0.83395
217.258 10.8776 612.05 0.789702
217.315 10.9203 612.663 0.741038
217.371 10.9603 613.278 0.691792
217.427 10.9974 613.895 0.639171
217.483 11.0315 614.514 0.583305
217.539 11.0626 615.135 0.535862
217.596 11.091 615.757 0.483467
217.652 11.1164 616.381 0.431132
217.708 11.1389 617.006 0.38078
217.764 11.1585 617.633 0.330133
217.82 11.1754 618.26 0.28163
217.876 11.1898 618.888 0.236014
217.933 11.2015 619.518 0.187799
217.989 11.2102 620.147 0.13449
218.045 11.2159 620.777 0.0797658
218.101 11.2188 621.407 0.0356089
218.157 11.2194 622.038 -0.00475657
218.213 11.2181 622.668 -0.0351083
218.27 11.2151 623.298 -0.0629279
218.326 11.2105 623.928 -0.0950961
218.382 11.2045 624.558 -0.115359
218.438 11.1975 625.187 -0.129322
218.494 11.1897 625.816 -0.147617
218.551 11.1806 626.444 -0.169235
218.607 11.1706 627.072 -0.184641
218.663 11.1595 627.699 -0.207293
218.719 11.1472 628.325 -0.226335
218.775 11.1338 628.951 -0.248754
218.831 11.1192 629.576 -0.266056
218.888 11.1039 630.2 -0.275709
218.944 11.0881 630.824 -0.284445
219 11.0717 631.446 -0.297538
219.056 11.0546 632.067 -0.308527
219.112 11.0371 632.688 -0.313363
219.169 11.0195 633.307 -0.311235
219.225 11.0021 633.926 -0.311764
219.281 10.9848 634.543 -0.308046
219.337 10.9675 635.16 -0.305239
219.393 10.9507 635.776 -0.299234
219.449 10.9342 636.39 -0.287801
219.506 10.9183 637.004 -0.279091
219.562 10.903 637.617 -0.268982
219.618 10.8884 638.229 -0.253949
219.674 10.8745 638.84 -0.239194
219.73 10.8616 639.451 -0.224096
219.787 10.8497 640.06 -0.204203
219.843 10.839 640.67 -0.181148
219.899 10.8296 641.278 -0.158832
219.955 10.8215 641.886 -0.137709
220.011 10.8145 642.494 -0.114388
220.067 10.809 643.101 -0.084432
220.124 10.8053 643.708 -0.0556778
220.18 10.8029 644.315 -0.0334018
220.236 10.8019 644.922 -0.0085156
220.292 10.8023 645.529 0.0174821
220.348 10.8041 646.136 0.0416991
220.404 10.8073 646.743 0.0664808
220.461 10.8122 647.35 0.100522
220.517 10.8185 647.958 0.121297
220.573 10.826 648.566 0.141394
220.629 10.8347 649.175 0.16521
220.685 10.8448 649.784 0.187637
220.742 10.8557 650.393 0.196959
220.798 10.8675 651.003 0.218384
220.854 10.8804 651.614 0.236872
220.91 10.8942 652.226 0.252816
220.966 10.9088 652.839 0.266032
221.022 10.9244 653.452 0.281852
221.079 10.9408 654.066 0.294383
221.135 10.9573 654.682 0.293726
221.191 10.9738 655.298 0.292982
221.247 10.9904 655.915 0.29792
221.303 11.0073 656.533 0.300803
221.36 11.0239 657.152 0.295271
221.416 11.0406 657.772 0.297392
221.472 11.0574 658.392 0.300378
221.528 11.0739 659.014 0.28883
221.584 11.09 659.637 0.284003
221.64 11.106 660.26 0.285556
221.697 11.1217 660.885 0.273642
221.753 11.1369 661.51 0.267996
221.809 11.1518 662.136 0.265649
221.865 11.1665 662.763 0.257476
221.921 11.1806 663.391 0.244591
221.978 11.194 664.02 0.234754
222.034 11.2069 664.649 0.228638
222.09 11.2194 665.279 0.215414
222.146 11.2311 665.91 0.200777
222.202 11.2424 666.541 0.203791
222.258 11.2538 667.173 0.198116
222.315 11.2645 667.806 0.186039
222.371 11.275 668.439 0.187336
222.427 11.2856 669.073 0.187989
222.483 11.2963 669.707 0.191701
222.539 11.3072 670.342 0.195541
222.596 11.3184 670.978 0.203116
222.652 11.33 671.614 0.211152
222.708 11.342 672.251 0.215988
222.764 11.3544 672.888 0.22392
222.82 11.3675 673.527 0.237859
222.876 11.3814 674.166 0.255414
222.933 11.3963 674.806 0.270592
222.989 11.4116 675.447 0.277096
223.045 11.4276 676.088 0.291252
223.101 11.4443 676.731 0.299234
223.157 11.4613 677.374 0.305872
223.213 11.4785 678.019 0.306918
223.27 11.4958 678.664 0.306324
223.326 11.5133 679.311 0.313265
223.382 11.531 679.958 0.316364
223.438 11.5488 680.606 0.319311
223.494 11.5666 681.256 0.316471
223.551 11.5842 681.906 0.310444
223.607 11.6014 682.558 0.304251
223.663 11.6179 683.21 0.288493
223.719 11.6336 683.863 0.271298
223.775 11.6485 684.517 0.259028
223.831 11.6626 685.172 0.246353
223.888 11.6759 685.828 0.231706
223.944 11.6885 686.484 0.218829
224 11.7004 687.141 0.20687
224.056 11.7118 687.799 0.199466
224.112 11.7227 688.457 0.192376
224.169 11.7334 689.116 0.188227
224.225 11.7437 689.776 0.182648
224.281 11.7537 690.436 0.173341
224.337 11.7633 691.096 0.169866
224.393 11.7726 691.758 0.163866
224.449 11.7817 692.419 0.161214
224.506 11.7909 693.082 0.166315
224.562 11.8004 693.744 0.170032
224.618 11.8102 694.408 0.17797
224.674 11.8204 695.071 0.18778
224.73 11.8311 695.736 0.190721
224.787 11.8421 696.401 0.198728
224.843 11.8536 697.067 0.208492
224.899 11.8657 697.733 0.220388
224.955 11.8785 698.4 0.231273
225.011 11.8921 699.068 0.249128
225.067 11.9066 699.736 0.270787
225.124 11.9224 700.406 0.287937
225.18 11.9395 701.076 0.315118
225.236 11.958 701.747 0.342266
225.292 11.9782 702.42 0.371502
225.348 12.0002 703.094 0.403657
225.404 12.0237 703.769 0.42686
225.461 12.0486 704.445 0.448812
225.517 12.0746 705.123 0.469833
225.573 12.1014 705.802 0.479243
225.629 12.1287 706.483 0.489849
225.685 12.1561 707.165 0.487759
225.742 12.1835 707.849 0.487409
225.798 12.2107 708.534 0.477107
225.854 12.2374 709.221 0.472044
225.91 12.2634 709.909 0.459515
225.966 12.2887 710.599 0.439459
226.022 12.3125 711.29 0.414848
226.079 12.3349 711.983 0.388843
226.135 12.3556 712.677 0.351888
226.191 12.3745 713.371 0.321717
226.247 12.3912 714.067 0.28315
226.303 12.4057 714.764 0.241687
226.36 12.418 715.461 0.202635
226.416 12.4279 716.159 0.162269
226.472 12.4358 716.858 0.124082
226.528 12.4416 717.556 0.0895567
226.584 12.4452 718.256 0.0474337
226.64 12.4469 718.955 0.015059
226.697 12.4466 719.654 -0.0170891
226.753 12.4445 720.353 -0.0509203
226.809 12.4407 721.052 -0.0806844
226.865 12.435 721.751 -0.114781
226.921 12.4272 722.449 -0.153646
226.978 12.4173 723.147 -0.192228
227.034 12.4053 723.844 -0.228383
227.09 12.3908 724.541 -0.276923
227.146 12.3737 725.236 -0.322179
227.202 12.3542 725.931 -0.364424
227.258 12.3323 726.624 -0.404563
227.315 12.3083 727.316 -0.444652
227.371 12.2816 728.007 -0.496311
227.427 12.252 728.696 -0.54477
227.483 12.22 729.383 -0.586888
227.539 12.1856 730.068 -0.628498
227.596 12.1487 730.752 -0.672796
227.652 12.1097 731.433 -0.709989
227.708 12.0687 732.112 -0.742661
227.764 12.0258 732.788 -0.776468
227.82 11.9813 733.463 -0.80268
227.876 11.9353 734.134 -0.827109
227.933 11.8879 734.803 -0.854441
227.989 11.8395 735.469 -0.867067
228.045 11.7904 736.133 -0.876905
228.101 11.7408 736.794 -0.884473
228.157 11.691 737.451 -0.890929
228.213 11.6409 738.107 -0.890792
228.27 11.5907 738.759 -0.8961
228.326 11.5404 739.408 -0.894885
228.382 11.4898 740.055 -0.90043
228.438 11.4391 740.699 -0.905196
228.494 11.3885 741.34 -0.897026
228.551 11.3381 741.978 -0.897544
228.607 11.2878 742.613 -0.891672
228.663 11.2381 743.246 -0.882072
228.719 11.1884 743.875 -0.884746
228.775 11.1388 744.502 -0.880557
228.831 11.0895 745.126 -0.874131
228.888 11.0408 745.748 -0.862912
228.944 10.9925 746.366 -0.858934
229 10.9446 746.982 -0.846178
229.056 10.8975 747.595 -0.830709
229.112 10.8513 748.206 -0.822194
229.169 10.8057 748.814 -0.807631
229.225 10.761 749.42 -0.78739
229.281 10.7174 750.023 -0.77006
229.337 10.6751 750.623 -0.7427
229.393 10.634 751.222 -0.724086
229.449 10.5941 751.818 -0.701068
229.506 10.5559 752.412 -0.665421
229.562 10.5192 753.004 -0.645427
229.618 10.4839 753.593 -0.615911
229.674 10.4501 754.181 -0.595474
229.73 10.4172 754.767 -0.578325
229.787 10.3854 755.351 -0.556148
229.843 10.355 755.934 -0.534077
229.899 10.326 756.514 -0.504817
229.955 10.2983 757.094 -0.484889
230.011 10.2714 757.671 -0.477704
230.067 10.2452 758.247 -0.456651
230.124 10.2199 758.822 -0.445081
230.18 10.1956 759.395 -0.425379
230.236 10.1724 759.967 -0.401301
230.292 10.1507 760.538 -0.375964
230.348 10.1303 761.108 -0.355262
230.404 10.1114 761.676 -0.32325
230.461 10.0944 762.244 -0.286129
230.517 10.0797 762.81 -0.247132
230.573 10.0671 763.376 -0.204528
230.629 10.0571 763.941 -0.160399
230.685 10.0496 764.506 -0.114024
230.742 10.0451 765.071 -0.0575781
230.798 10.0436 765.635 -0.00551515
230.854 10.0451 766.199 0.0465979
230.91 10.0492 766.764 0.0921732
230.966 10.0563 767.328 0.14895
231.022 10.0663 767.894 0.198275
231.079 10.0792 768.46 0.248891
231.135 10.0944 769.026 0.286797
231.191 10.112 769.594 0.331002
231.247 10.1322 770.163 0.374836
231.303 10.1544 770.733 0.409863
231.36 10.1785 771.304 0.437477
231.416 10.204 771.877 0.464662
231.472 10.2311 772.451 0.495778
231.528 10.26 773.027 0.526206
231.584 10.2904 773.604 0.550551
231.64 10.3219 774.183 0.56623
231.697 10.3544 774.764 0.586224
231.753 10.388 775.347 0.605261
231.809 10.4227 775.932 0.627403
231.865 10.4586 776.518 0.645953
231.921 10.4954 777.107 0.656891
231.978 10.5325 777.698 0.665154
232.034 10.5704 778.291 0.680087
232.09 10.6091 778.886 0.695268
232.146 10.6483 779.484 0.699872
232.202 10.6879 780.083 0.708325
232.258 10.7281 780.685 0.72073
232.315 10.7689 781.289 0.730717
232.371 10.8104 781.895 0.740136
232.427 10.8522 782.504 0.747005
232.483 10.8944 783.115 0.755442
232.539 10.937 783.729 0.756955
232.596 10.9793 784.345 0.746282
232.652 11.0206 784.963 0.729013
232.708 11.0612 785.583 0.718543
232.764 11.1013 786.206 0.709209
232.82 11.1406 786.831 0.692921
232.876 11.1792 787.458 0.678886
232.933 11.2168 788.088 0.663999
232.989 11.2537 788.719 0.651751
233.045 11.2897 789.352 0.633333
233.101 11.3246 789.988 0.614885
233.157 11.3585 790.625 0.599116
233.213 11.3916 791.264 0.58315
233.27 11.4237 791.906 0.566601
233.326 11.4547 792.548 0.54135
233.382 11.4846 793.193 0.52584
233.438 11.5136 793.839 0.509145
233.494 11.5417 794.487 0.494602
233.551 11.5692 795.136 0.483112
233.607 11.5958 795.787 0.467034
233.663 11.6217 796.439 0.453909
233.719 11.6463 797.093 0.430406
233.775 11.6697 797.748 0.408952
233.831 11.6915 798.405 0.377846
233.888 11.712 799.062 0.354911
233.944 11.7312 799.721 0.334363
234 11.7492 800.38 0.310544
234.056 11.7659 801.041 0.288238
234.112 11.7814 801.703 0.270757
234.169 11.7959 802.365 0.249371
234.225 11.8094 803.028 0.231389
234.281 11.8219 803.692 0.217482
234.337 11.8337 804.356 0.20802
234.393 11.8451 805.022 0.198261
234.449 11.856 805.688 0.190802
234.506 11.8664 806.354 0.181801
234.562 11.8766 807.021 0.180074
234.618 11.8868 807.689 0.183839
234.674 11.8971 808.357 0.183487
234.73 11.9075 809.025 0.18697
234.787 11.9183 809.695 0.195197
234.843 11.9293 810.365 0.197524
234.899 11.9408 811.035 0.207022
234.955 11.9527 811.706 0.217913
235.011 11.9653 812.378 0.228852
235.067 11.9785 813.051 0.238634
235.124 11.9925 813.724 0.254622
235.18 12.0072 814.399 0.266135
235.236 12.0224 815.074 0.272834
235.292 12.0379 815.75 0.276728
235.348 12.0537 816.426 0.285655
235.404 12.0698 817.104 0.287874
235.461 12.0862 817.783 0.293595
235.517 12.1027 818.462 0.293972
235.573 12.1193 819.143 0.296935
235.629 12.136 819.824 0.297984
235.685 12.1528 820.507 0.301868
235.742 12.1699 821.19 0.30418
235.798 12.1872 821.874 0.307664
235.854 12.2044 822.56 0.30535
235.91 12.2215 823.246 0.304941
235.966 12.2386 823.933 0.30232
236.022 12.2553 824.621 0.293317
236.079 12.2719 825.31 0.295278
236.135 12.2884 826 0.293145
236.191 12.3044 826.691 0.279922
236.247 12.32 827.383 0.277199
236.303 12.3356 828.075 0.27508
236.36 12.3505 828.769 0.258286
236.416 12.3646 829.463 0.24868
236.472 12.3786 830.158 0.246053
236.528 12.392 830.854 0.23535
236.584 12.4049 831.551 0.224029
236.64 12.4172 832.248 0.217467
236.697 12.4292 832.946 0.210575
236.753 12.4408 833.645 0.20193
236.809 12.452 834.344 0.196329
236.865 12.4625 835.044 0.181973
236.921 12.4723 835.745 0.167906
236.978 12.4814 836.446 0.156903
237.034 12.4899 837.147 0.152164
237.09 12.4984 837.849 0.146103
237.146 12.5063 838.551 0.138627
237.202 12.5137 839.254 0.128919
237.258 12.5207 839.958 0.120082
237.315 12.5271 840.661 0.10993
237.371 12.5331 841.365 0.107137
237.427 12.539 842.069 0.102682
237.483 12.5448 842.774 0.104339
237.539 12.5504 843.479 0.10003
237.596 12.5561 844.184 0.101
237.652 12.5619 844.89 0.107783
237.708 12.5682 845.596 0.118076
237.764 12.5755 846.302 0.136358
237.82 12.584 847.009 0.161828
237.876 12.5936 847.716 0.181573
237.933 12.6047 848.424 0.206967
237.989 12.6174 849.133 0.239355
238.045 12.6319 849.842 0.272023
238.101 12.6485 850.552 0.313164
238.157 12.6674 851.263 0.352958
238.213 12.6885 851.976 0.3934
238.27 12.7121 852.689 0.435551
238.326 12.7379 853.404 0.476253
238.382 12.7659 854.121 0.510503
238.438 12.7956 854.839 0.541409
238.494 12.8271 855.559 0.573981
238.551 12.8603 856.281 0.603571
238.607 12.8952 857.004 0.633551
238.663 12.9318 857.73 0.660817
238.719 12.9695 858.458 0.678435
238.775 13.0078 859.188 0.680209
238.831 13.046 859.92 0.679784
238.888 13.0838 860.654 0.670018
238.944 13.1212 861.39 0.663943
239 13.1581 862.129 0.652338
239.056 13.1941 862.869 0.633379
239.112 13.2288 863.612 0.607107
239.169 13.2622 864.356 0.583648
239.225 13.294 865.102 0.553625
239.281 13.324 865.85 0.517348
239.337 13.3516 866.599 0.474882
239.393 13.3768 867.35 0.430585
239.449 13.3992 868.103 0.377611
239.506 13.4188 868.856 0.330134
239.562 13.4354 869.611 0.274977
239.618 13.4492 870.366 0.226368
239.674 13.4606 871.122 0.186937
239.73 13.4695 871.878 0.14024
239.787 13.4758 872.635 0.091906
239.843 13.4794 873.392 0.047671
239.899 13.4806 874.15 0.00301967
239.955 13.4792 874.907 -0.041747
240.011 13.4755 875.664 -0.0836684
240.067 13.4694 876.421 -0.12485
240.124 13.4612 877.177 -0.16268
240.18 13.4507 877.933 -0.20303
240.236 13.4381 878.689 -0.236971
240.292 13.4238 879.443 -0.265032
240.348 13.4079 880.197 -0.29687
240.404 13.39 880.949 -0.332737
240.461 13.3704 881.701 -0.363555
240.517 13.3494 882.451 -0.37988
240.573 13.3272 883.201 -0.403822
240.629 13.3037 883.949 -0.426341
240.685 13.2793 884.695 -0.440574
240.742 13.2538 885.44 -0.459789
240.798 13.2275 886.184 -0.475797
240.854 13.2001 886.926 -0.496497
240.91 13.1714 887.667 -0.519071
240.966 13.1417 888.406 -0.538445
241.022 13.1107 889.143 -0.560069
241.079 13.0784 889.879 -0.586064
241.135 13.0447 890.612 -0.609066
241.191 13.0097 891.344 -0.631672
241.247 12.9732 892.074 -0.664175
241.303 12.9348 892.801 -0.696005
241.36 12.8947 893.526 -0.723257
241.416 12.8532 894.249 -0.749449
241.472 12.8105 894.97 -0.768602
241.528 12.7667 895.688 -0.785081
241.584 12.7216 896.404 -0.815089
241.64 12.6751 897.117 -0.834127
241.697 12.6279 897.828 -0.846176
241.753 12.5798 898.535 -0.862844
241.809 12.5309 899.241 -0.877311
241.865 12.4811 899.943 -0.888836
241.921 12.4311 900.642 -0.888708
241.978 12.3812 901.339 -0.888792
242.034 12.3312 902.033 -0.888239
242.09 12.2814 902.724 -0.882416
242.146 12.232 903.412 -0.874651
242.202 12.1833 904.098 -0.862203
242.258 12.1352 904.781 -0.850752
242.315 12.0878 905.461 -0.840753
242.371 12.0413 906.138 -0.817627
242.427 11.996 906.813 -0.796281
242.483 11.9522 907.486 -0.766374
242.539 11.9103 908.156 -0.732846
242.596 11.8704 908.824 -0.695877
242.652 11.8327 909.489 -0.655442
242.708 11.7974 910.153 -0.605892
242.764 11.7652 910.814 -0.551292
242.82 11.736 911.474 -0.498268
242.876 11.7101 912.133 -0.435221
242.933 11.6881 912.79 -0.361708
242.989 11.6702 913.446 -0.29329
243.045 11.6562 914.101 -0.219524
243.101 11.646 914.756 -0.153089
243.157 11.6395 915.41 -0.09003
243.213 11.6367 916.063 -0.021946
243.27 11.6375 916.717 0.0408607
243.326 11.642 917.371 0.10431
243.382 11.6499 918.025 0.16318
243.438 11.6607 918.68 0.210273
243.494 11.6739 919.336 0.250371
243.551 11.6893 919.992 0.289336
243.607 11.7064 920.649 0.311498
243.663 11.7246 921.308 0.333132
243.719 11.7437 921.967 0.347344
243.775 11.7634 922.627 0.351877
243.831 11.7832 923.289 0.350878
243.888 11.8026 923.952 0.342103
243.944 11.8211 924.615 0.318501
244 11.838 925.28 0.286808
244.056 11.8531 925.945 0.259051
244.112 11.8668 926.612 0.234158
244.169 11.879 927.279 0.205552
244.225 11.8894 927.947 0.174133
244.281 11.8981 928.615 0.142661
244.337 11.9051 929.284 0.1144
244.393 11.9104 929.953 0.0815937
244.449 11.9139 930.622 0.0502892
244.506 11.9159 931.291 0.0235139
244.562 11.9163 931.961 -0.00106897
244.618 11.9153 932.63 -0.0273803
244.674 11.913 933.299 -0.0471836
244.73 11.9096 933.969 -0.0675116
244.787 11.9055 934.638 -0.079511
244.843 11.9001 935.306 -0.103267
244.899 11.8937 935.975 -0.118392
244.955 11.8865 936.642 -0.133908
245.011 11.8785 937.31 -0.14671
245.067 11.8699 937.977 -0.156616
245.124 11.8608 938.644 -0.163884
245.18 11.8514 939.31 -0.17184
245.236 11.8416 939.975 -0.174709
245.292 11.8321 940.64 -0.167066
245.348 11.8228 941.304 -0.162754
245.404 11.8139 941.968 -0.156864
245.461 11.8054 942.632 -0.145208
245.517 11.7974 943.295 -0.140046
245.573 11.7898 943.957 -0.131351
245.629 11.7829 944.619 -0.114152
245.685 11.7773 945.281 -0.0931752
245.742 11.7727 945.943 -0.0714698
245.798 11.7694 946.604 -0.0493902
245.854 11.7674 947.265 -0.0267984
245.91 11.7666 947.926 -0.00615549
245.966 11.7668 948.587 0.00855018
246.022 11.7678 949.248 0.0252781
246.079 11.7699 949.909 0.0470097
246.135 11.7732 950.571 0.0673341
246.191 11.7776 951.232 0.085117
246.247 11.783 951.894 0.10299
246.303 11.7893 952.556 0.11744
246.36 11.7964 953.219 0.132724
246.416 11.804 953.882 0.136886
246.472 11.8119 954.545 0.14038
246.528 11.8198 955.209 0.138994
246.584 11.8274 955.873 0.131679
246.64 11.8345 956.538 0.125233
246.697 11.8414 957.203 0.118788
246.753 11.8478 957.869 0.111478
246.809 11.8533 958.534 0.0896406
246.865 11.8578 959.2 0.072812
246.921 11.8613 959.867 0.0560897
246.978 11.8638 960.533 0.0346158
247.034 11.8646 961.2 -0.00150544
247.09 11.8637 961.866 -0.0251486
247.146 11.8613 962.533 -0.0536298
247.202 11.8574 963.199 -0.0806246
247.258 11.8522 963.865 -0.101993
247.315 11.8454 964.531 -0.131966
247.371 11.8368 965.196 -0.166965
247.427 11.8264 965.86 -0.193876
247.483 11.8144 966.524 -0.224344
247.539 11.8007 967.188 -0.25866
247.596 11.7854 967.85 -0.283052
247.652 11.7683 968.512 -0.315108
247.708 11.7496 969.172 -0.346347
247.764 11.729 969.832 -0.378853
247.82 11.7068 970.49 -0.405138
247.876 11.6835 971.147 -0.424349
247.933 11.6587 971.802 -0.453611
247.989 11.6322 972.456 -0.483294
248.045 11.6043 973.109 -0.50493
248.101 11.5752 973.76 -0.527234
248.157 11.5448 974.409 -0.550385
248.213 11.5133 975.057 -0.564801
248.27 11.481 975.702 -0.578751
248.326 11.4482 976.346 -0.588896
248.382 11.4151 976.988 -0.5934
248.438 11.3816 977.629 -0.598034
248.494 11.3479 978.267 -0.59991
248.551 11.3146 978.903 -0.594944
248.607 11.2812 979.538 -0.591651
248.663 11.2481 980.17 -0.586309
248.719 11.2157 980.801 -0.574073
248.775 11.184 981.43 -0.556564
248.831 11.1533 982.058 -0.536593
248.888 11.1242 982.683 -0.509413
248.944 11.0963 983.307 -0.485669
249 11.0698 983.93 -0.461689
249.056 11.045 984.551 -0.427155
249.112 11.0221 985.17 -0.391773
249.169 11.0009 985.789 -0.363511
249.225 10.9815 986.406 -0.334469
249.281 10.9641 987.023 -0.295206
249.337 10.9485 987.638 -0.262946
249.393 10.9352 988.253 -0.221058
249.449 10.9241 988.867 -0.181595
249.506 10.9153 989.48 -0.140037
249.562 10.9089 990.093 -0.0970524
249.618 10.9047 990.706 -0.060843
249.674 10.9025 991.318 -0.0230656
249.73 10.9026 991.931 0.0155756
249.787 10.9045 992.543 0.0476756
249.843 10.9083 993.156 0.0792311
249.899 10.9142 993.769 0.123833
249.955 10.9225 994.382 0.164221
250.011 10.9331 994.996 0.203534
250.067 10.9454 995.611 0.229284
250.124 10.9596 996.226 0.267544
250.18 10.9755 996.843 0.292853
250.236 10.993 997.46 0.325852
250.292 11.0122 998.078 0.351809
250.348 11.033 998.697 0.380039
250.404 11.0553 999.318 0.406309
250.461 11.0788 999.94 0.427976
250.517 11.1033 1000.56 0.441373
250.573 11.1285 1001.19 0.450121
250.629 11.1542 1001.81 0.461369
250.685 11.1805 1002.44 0.470572
250.742 11.2068 1003.07 0.468429
250.798 11.233 1003.7 0.465862
250.854 11.2591 1004.33 0.463107
250.91 11.2849 1004.97 0.452915
250.966 11.31 1005.6 0.441954
251.022 11.3345 1006.24 0.43081
251.079 11.3583 1006.87 0.419515
251.135 11.3815 1007.51 0.406405
251.191 11.4034 1008.15 0.382339
251.247 11.4247 1008.8 0.374684
251.303 11.4452 1009.44 0.356737
251.36 11.4642 1010.08 0.328661
251.416 11.4821 1010.73 0.311649
251.472 11.4987 1011.37 0.283098
251.528 11.5137 1012.02 0.255203
251.584 11.5272 1012.67 0.228976
251.64 11.5392 1013.31 0.209596
251.697 11.5502 1013.96 0.183934
251.753 11.5597 1014.61 0.157839
251.809 11.5675 1015.26 0.126394
251.865 11.5738 1015.91 0.100553
251.921 11.5785 1016.56 0.0723817
251.978 11.5814 1017.21 0.039723
252.034 11.5828 1017.86 0.0125754
252.09 11.5826 1018.51 -0.0133816
252.146 11.5812 1019.16 -0.0298188
252.202 11.5789 1019.81 -0.0468357
252.258 11.576 1020.47 -0.0526751
252.315 11.5729 1021.12 -0.0573465
252.371 11.5693 1021.77 -0.066749
252.427 11.5657 1022.42 -0.063404
252.483 11.5622 1023.06 -0.0519423
252.539 11.5601 1023.71 -0.0259173
252.596 11.5595 1024.36 -0.00167917
252.652 11.5604 1025.01 0.0283869
252.708 11.563 1025.66 0.0578929
252.764 11.5673 1026.31 0.0860977
252.82 11.573 1026.96 0.110585
252.876 11.5799 1027.61 0.135723
252.933 11.5884 1028.26 0.160138
252.989 11.5983 1028.92 0.183149
253.045 11.6091 1029.57 0.201131
253.101 11.6206 1030.22 0.207399
253.157 11.6323 1030.87 0.208582
253.213 11.6438 1031.53 0.199553
253.27 11.6548 1032.18 0.191713
253.326 11.6651 1032.84 0.176107
253.382 11.6741 1033.49 0.149589
253.438 11.6816 1034.15 0.12026
253.494 11.6876 1034.8 0.0949397
253.551 11.6917 1035.46 0.0612842
253.607 11.6942 1036.12 0.0350943
253.663 11.6953 1036.78 0.00724599
253.719 11.6946 1037.43 -0.0242844
253.775 11.6922 1038.09 -0.0546295
253.831 11.6884 1038.75 -0.0769472
253.888 11.6832 1039.4 -0.104147
253.944 11.6765 1040.06 -0.1289
254 11.6683 1040.71 -0.156578
254.056 11.6587 1041.37 -0.177225
254.112 11.6483 1042.02 -0.193318
254.169 11.6368 1042.68 -0.210436
254.225 11.6242 1043.33 -0.233035
254.281 11.6106 1043.98 -0.247546
254.337 11.5965 1044.64 -0.252743
254.393 11.5821 1045.29 -0.258898
254.449 11.5675 1045.94 -0.260549
254.506 11.5529 1046.59 -0.25636
254.562 11.5384 1047.24 -0.26043
254.618 11.5236 1047.88 -0.262433
254.674 11.5088 1048.53 -0.262533
254.73 11.4942 1049.18 -0.25696
254.787 11.4801 1049.82 -0.248832
254.843 11.4665 1050.47 -0.240039
254.899 11.4534 1051.11 -0.226789
254.955 11.4413 1051.75 -0.209953
255.011 11.4304 1052.39 -0.182435
255.067 11.4209 1053.04 -0.164134
255.124 11.4123 1053.68 -0.143574
255.18 11.4051 1054.32 -0.120354
255.236 11.3993 1054.96 -0.0926199
255.292 11.3952 1055.6 -0.0593904
255.348 11.393 1056.24 -0.0238203
255.404 11.3927 1056.88 0.00839363
255.461 11.3945 1057.52 0.0468592
255.517 11.3986 1058.16 0.0908999
255.573 11.4048 1058.8 0.126176
255.629 11.4134 1059.44 0.172791
255.685 11.4249 1060.08 0.22416
255.742 11.4391 1060.73 0.271618
255.798 11.4558 1061.37 0.313993
255.854 11.4748 1062.01 0.356101
255.91 11.4962 1062.66 0.395624
255.966 11.5197 1063.3 0.433058
256.022 11.5451 1063.95 0.463457
256.079 11.5722 1064.6 0.493644
256.135 11.601 1065.25 0.521947
256.191 11.6313 1065.91 0.551722
256.247 11.6627 1066.56 0.560994
256.303 11.6947 1067.22 0.572243
256.36 11.7273 1067.88 0.587301
256.416 11.7606 1068.54 0.597226
256.472 11.7945 1069.2 0.60647
256.528 11.8284 1069.86 0.602539
256.584 11.8621 1070.53 0.597346
256.64 11.8955 1071.19 0.590107
256.697 11.9286 1071.86 0.588209
256.753 11.9613 1072.53 0.577778
256.809 11.9934 1073.21 0.567965
256.865 12.0251 1073.88 0.561113
256.921 12.0563 1074.56 0.553265
256.978 12.0873 1075.24 0.551017
257.034 12.1179 1075.92 0.54082
257.09 12.1477 1076.6 0.523442
257.146 12.1765 1077.28 0.505255
257.202 12.2043 1077.97 0.487011
257.258 12.2308 1078.65 0.46216
257.315 12.2559 1079.34 0.435764
257.371 12.2795 1080.03 0.407867
257.427 12.3014 1080.72 0.377892
257.483 12.3214 1081.41 0.341643
257.539 12.3392 1082.11 0.297798
257.596 12.354 1082.8 0.240272
257.652 12.3655 1083.5 0.178455
257.708 12.3736 1084.19 0.120514
257.764 12.3782 1084.89 0.057186
257.82 12.3794 1085.58 -0.00602858
257.876 12.377 1086.28 -0.0667402
257.933 12.3709 1086.97 -0.134622
257.989 12.3611 1087.67 -0.2019
258.045 12.3475 1088.36 -0.270176
258.101 12.3298 1089.05 -0.345067
258.157 12.3079 1089.75 -0.423152
258.213 12.2815 1090.44 -0.497537
258.27 12.2509 1091.12 -0.576173
258.326 12.216 1091.81 -0.65124
258.382 12.1769 1092.5 -0.723301
258.438 12.1341 1093.18 -0.785083
258.494 12.0877 1093.86 -0.854603
258.551 12.0379 1094.54 -0.907497
258.607 11.9849 1095.21 -0.965746
258.663 11.929 1095.88 -1.01248
258.719 11.871 1096.55 -1.04498
258.775 11.8108 1097.22 -1.0871
258.831 11.7488 1097.88 -1.1171
258.888 11.6852 1098.54 -1.13942
258.944 11.6205 1099.19 -1.16036
259 11.5549 1099.84 -1.16896
259.056 11.4894 1100.49 -1.16128
259.112 11.4245 1101.13 -1.14967
259.169 11.3604 1101.77 -1.13507
259.225 11.2977 1102.41 -1.10246
259.281 11.2366 1103.04 -1.07465
259.337 11.177 1103.67 -1.04536
259.393 11.1194 1104.29 -1.00856
259.449 11.0641 1104.92 -0.966685
259.506 11.0114 1105.54 -0.919948
259.562 10.9618 1106.15 -0.857235
259.618 10.9159 1106.77 -0.791447
259.674 10.8734 1107.38 -0.731227
259.73 10.8343 1107.99 -0.67474
259.787 10.7983 1108.6 -0.613697
259.843 10.7665 1109.2 -0.539092
259.899 10.7386 1109.81 -0.467732
259.955 10.7145 1110.41 -0.401662
260.011 10.6941 1111.01 -0.338918
260.067 10.6774 1111.61 -0.268592
260.124 10.6646 1112.21 -0.201319
260.18 10.6554 1112.81 -0.141975
260.236 10.6493 1113.41 -0.0850666
260.292 10.6462 1114 -0.0336514
260.348 10.6461 1114.6 0.0196993
260.404 10.6492 1115.2 0.0747262
260.461 10.655 1115.8 0.124888
260.517 10.6637 1116.4 0.174619
260.573 10.6752 1117 0.223716
260.629 10.6892 1117.6 0.266951
260.685 10.7057 1118.2 0.310848
260.742 10.7248 1118.8 0.359845
260.798 10.7465 1119.4 0.406261
260.854 10.7707 1120.01 0.445038
260.91 10.7967 1120.62 0.476979
260.966 10.8248 1121.22 0.514561
261.022 10.8552 1121.83 0.558152
261.079 10.8877 1122.44 0.592641
261.135 10.922 1123.06 0.622856
261.191 10.9581 1123.67 0.657146
261.247 10.9963 1124.29 0.692581
261.303 11.0361 1124.91 0.718869
261.36 11.0771 1125.53 0.732449
261.416 11.1189 1126.15 0.750342
261.472 11.1614 1126.78 0.76433
261.528 11.2048 1127.41 0.776937
261.584 11.2488 1128.04 0.785667
261.64 11.293 1128.67 0.785667
261.697 11.3373 1129.31 0.790786
261.753 11.382 1129.94 0.7974
261.809 11.4267 1130.59 0.792502
261.865 11.4708 1131.23 0.780107
261.921 11.5144 1131.87 0.77196
261.978 11.5571 1132.52 0.757322
262.034 11.5989 1133.17 0.733926
262.09 11.6395 1133.83 0.718628
262.146 11.6789 1134.48 0.688445
262.202 11.7168 1135.14 0.663448
262.258 11.7529 1135.8 0.630445
262.315 11.7872 1136.46 0.599858
262.371 11.8199 1137.12 0.567561
262.427 11.8506 1137.79 0.533647
262.483 11.8793 1138.46 0.496231
262.539 11.9059 1139.12 0.455661
262.596 11.9303 1139.79 0.417453
262.652 11.952 1140.46 0.366953
262.708 11.9708 1141.14 0.312857
262.764 11.9868 1141.81 0.266722
262.82 12.0001 1142.48 0.218115
262.876 12.0107 1143.16 0.170337
262.933 12.0189 1143.83 0.12885
262.989 12.0246 1144.51 0.0858454
263.045 12.0281 1145.18 0.0456431
263.101 12.0295 1145.86 0.0116151
263.157 12.0291 1146.54 -0.0164179
263.213 12.0274 1147.21 -0.0401192
263.27 12.0247 1147.89 -0.0542685
263.326 12.0211 1148.56 -0.0705828
263.382 12.0166 1149.24 -0.0884448
263.438 12.0112 1149.91 -0.10263
263.494 12.0049 1150.59 -0.116293
263.551 11.9981 1151.26 -0.123995
263.607 11.9909 1151.94 -0.13144
263.663 11.9832 1152.61 -0.139128
263.719 11.9754 1153.28 -0.137461
263.775 11.9677 1153.95 -0.138592
263.831 11.9597 1154.63 -0.147062
263.888 11.951 1155.3 -0.162716
263.944 11.9414 1155.97 -0.173638
264 11.9312 1156.64 -0.187513
264.056 11.9202 1157.31 -0.200335
264.112 11.9085 1157.98 -0.213448
264.169 11.8959 1158.65 -0.229997
264.225 11.8824 1159.32 -0.248236
264.281 11.8679 1159.98 -0.26137
264.337 11.8528 1160.65 -0.272065
264.393 11.8374 1161.31 -0.274021
264.449 11.8218 1161.98 -0.281802
264.506 11.8056 1162.64 -0.290356
264.562 11.789 1163.3 -0.297498
264.618 11.7724 1163.97 -0.292902
264.674 11.7563 1164.63 -0.283013
264.73 11.7405 1165.29 -0.282898
264.787 11.725 1165.95 -0.267528
264.843 11.7104 1166.6 -0.25318
264.899 11.6969 1167.26 -0.232309
264.955 11.684 1167.92 -0.228653
265.011 11.6714 1168.57 -0.219432
265.067 11.6595 1169.23 -0.207099
265.124 11.6482 1169.88 -0.198783
265.18 11.6374 1170.54 -0.186305
265.236 11.6273 1171.19 -0.176599
265.292 11.618 1171.84 -0.16016
265.348 11.6091 1172.5 -0.157069
265.404 11.6005 1173.15 -0.149807
265.461 11.5921 1173.8 -0.152515
265.517 11.5834 1174.45 -0.154852
265.573 11.5748 1175.1 -0.156168
265.629 11.5661 1175.75 -0.153587
265.685 11.5574 1176.4 -0.154739
265.742 11.5488 1177.05 -0.152068
265.798 11.5401 1177.7 -0.157983
265.854 11.531 1178.35 -0.163252
265.91 11.5218 1178.99 -0.162427
265.966 11.5126 1179.64 -0.164683
266.022 11.5033 1180.29 -0.160993
266.079 11.4945 1180.93 -0.158499
266.135 11.4854 1181.58 -0.163446
266.191 11.4764 1182.22 -0.154058
266.247 11.4683 1182.87 -0.142003
266.303 11.4606 1183.51 -0.131919
266.36 11.4535 1184.16 -0.122261
266.416 11.4469 1184.8 -0.115987
266.472 11.4407 1185.44 -0.103518
266.528 11.4356 1186.09 -0.0826378
266.584 11.4315 1186.73 -0.0662514
266.64 11.4288 1187.37 -0.0406689
266.697 11.427 1188.01 -0.0242012
266.753 11.4266 1188.65 0.00374586
266.809 11.4278 1189.3 0.0317882
266.865 11.4302 1189.94 0.0534434
266.921 11.4345 1190.58 0.0880385
266.978 11.4402 1191.22 0.110103
267.034 11.4471 1191.87 0.131742
267.09 11.4557 1192.51 0.167722
267.146 11.4657 1193.15 0.19046
267.202 11.4773 1193.8 0.214812
267.258 11.4903 1194.44 0.242462
267.315 11.5048 1195.09 0.271152
267.371 11.521 1195.74 0.295652
267.427 11.5386 1196.38 0.323012
267.483 11.5577 1197.03 0.354997
267.539 11.5784 1197.68 0.374428
267.596 11.6 1198.33 0.391747
267.652 11.6229 1198.99 0.416357
267.708 11.6468 1199.64 0.431142
267.764 11.6714 1200.29 0.445273
267.82 11.6972 1200.95 0.465444
267.876 11.7239 1201.61 0.48372
267.933 11.7519 1202.27 0.510956
267.989 11.7815 1202.93 0.532888
268.045 11.8117 1203.59 0.541768
268.101 11.843 1204.26 0.565484
268.157 11.8755 1204.92 0.58804
268.213 11.9089 1205.59 0.599497
268.27 11.9429 1206.26 0.605708
268.326 11.9774 1206.93 0.614554
268.382 12.0117 1207.61 0.613539
268.438 12.0464 1208.28 0.617515
268.494 12.0811 1208.96 0.616426
268.551 12.1152 1209.64 0.6022
268.607 12.1486 1210.32 0.58664
268.663 12.181 1211.01 0.569034
268.719 12.2123 1211.69 0.553642
268.775 12.2427 1212.38 0.529732
268.831 12.2717 1213.07 0.506745
268.888 12.2992 1213.76 0.480195
268.944 12.325 1214.45 0.444464
269 12.3487 1215.14 0.407442
269.056 12.3701 1215.84 0.36497
269.112 12.389 1216.53 0.315122
269.169 12.4051 1217.23 0.266621
269.225 12.4183 1217.93 0.214429
269.281 12.4287 1218.63 0.162831
269.337 12.4358 1219.32 0.103699
269.393 12.4394 1220.02 0.0364188
269.449 12.4392 1220.72 -0.0300022
269.506 12.4356 1221.42 -0.0837407
269.562 12.4289 1222.12 -0.143086
269.618 12.4189 1222.82 -0.199883
269.674 12.4058 1223.51 -0.258169
269.73 12.3888 1224.21 -0.329885
269.787 12.3681 1224.91 -0.394507
269.843 12.344 1225.6 -0.451769
269.899 12.3167 1226.29 -0.509072
269.955 12.2865 1226.98 -0.559024
270.011 12.2534 1227.67 -0.610036
270.067 12.2172 1228.36 -0.667191
270.124 12.1779 1229.05 -0.721827
270.18 12.1355 1229.73 -0.772366
270.236 12.0911 1230.41 -0.803233
270.292 12.0451 1231.09 -0.828567
270.348 11.9978 1231.76 -0.850373
270.404 11.949 1232.43 -0.879529
270.461 11.8987 1233.1 -0.903589
270.517 11.8477 1233.77 -0.911307
270.573 11.7962 1234.43 -0.918277
270.629 11.7446 1235.09 -0.919071
270.685 11.6932 1235.75 -0.913131
270.742 11.6419 1236.41 -0.910524
270.798 11.5913 1237.06 -0.895301
270.854 11.5415 1237.71 -0.878647
270.91 11.4926 1238.36 -0.864927
270.966 11.4443 1239 -0.856029
271.022 11.3968 1239.64 -0.834547
271.079 11.3507 1240.28 -0.81059
271.135 11.3061 1240.92 -0.785464
271.191 11.2627 1241.55 -0.764569
271.247 11.2202 1242.18 -0.749757
271.303 11.1786 1242.81 -0.733329
271.36 11.1382 1243.44 -0.713258
271.416 11.0987 1244.06 -0.692492
271.472 11.0606 1244.68 -0.669191
271.528 11.0238 1245.3 -0.643259
271.584 10.9884 1245.92 -0.620081
271.64 10.9544 1246.54 -0.599015
271.697 10.9214 1247.15 -0.577847
271.753 10.8898 1247.77 -0.550783
271.809 10.8598 1248.38 -0.52444
271.865 10.8314 1248.99 -0.494027
271.921 10.8045 1249.59 -0.466111
271.978 10.779 1250.2 -0.445124
272.034 10.7547 1250.8 -0.422839
272.09 10.7315 1251.41 -0.405098
272.146 10.7097 1252.01 -0.377557
272.202 10.6894 1252.61 -0.350701
272.258 10.6701 1253.21 -0.336314
272.315 10.6519 1253.81 -0.316992
272.371 10.6351 1254.41 -0.287066
272.427 10.6196 1255 -0.267873
272.483 10.6053 1255.6 -0.246358
272.539 10.5922 1256.2 -0.221658
272.596 10.5805 1256.79 -0.20097
272.652 10.5699 1257.38 -0.183073
272.708 10.5602 1257.98 -0.165354
272.764 10.5514 1258.57 -0.148035
272.82 10.544 1259.16 -0.124056
272.876 10.5377 1259.76 -0.103967
272.933 10.5325 1260.35 -0.0865017
272.989 10.5285 1260.94 -0.0631309
273.045 10.5257 1261.53 -0.0381018
273.101 10.5243 1262.12 -0.0171261
273.157 10.5239 1262.71 -0.00108643
273.213 10.5246 1263.3 0.0211744
273.27 10.5267 1263.9 0.0470756
273.326 10.5299 1264.49 0.0632133
273.382 10.534 1265.08 0.0779206
273.438 10.5386 1265.67 0.0866675
273.494 10.5441 1266.26 0.1065
273.551 10.5508 1266.86 0.127868
273.607 10.5582 1267.45 0.135707
273.663 10.5663 1268.04 0.147165
273.719 10.5749 1268.64 0.158082
273.775 10.5843 1269.23 0.175556
273.831 10.5946 1269.82 0.185893
273.888 10.6057 1270.42 0.204175
273.944 10.6175 1271.02 0.214275
274 10.6299 1271.61 0.224937
274.056 10.6428 1272.21 0.234346
274.112 10.6564 1272.81 0.246034
274.169 10.671 1273.41 0.264995
274.225 10.6865 1274.01 0.287185
274.281 10.7032 1274.61 0.302751
274.337 10.7207 1275.21 0.317531
274.393 10.7393 1275.81 0.341785
274.449 10.7592 1276.42 0.361509
274.506 10.7803 1277.02 0.38553
274.562 10.8027 1277.63 0.408213
274.618 10.8264 1278.24 0.431452
274.674 10.8514 1278.85 0.45483
274.73 10.8778 1279.46 0.478549
274.787 10.9052 1280.07 0.496734
274.843 10.9336 1280.68 0.510303
274.899 10.9628 1281.3 0.527509
274.955 10.993 1281.91 0.544792
275.011 11.0241 1282.53 0.558751
275.067 11.0558 1283.15 0.565497
275.124 11.0877 1283.78 0.571187
275.18 11.1198 1284.4 0.570198
275.236 11.1519 1285.03 0.570977
275.292 11.1841 1285.65 0.574797
275.348 11.2164 1286.28 0.574078
275.404 11.2484 1286.91 0.56812
275.461 11.2801 1287.55 0.557895
275.517 11.311 1288.18 0.541403
275.573 11.3411 1288.82 0.530952
275.629 11.3704 1289.46 0.517371
275.685 11.3989 1290.1 0.500678
275.742 11.4266 1290.74 0.487947
275.798 11.4534 1291.38 0.471769
275.854 11.4796 1292.02 0.458484
275.91 11.505 1292.67 0.447839
275.966 11.5298 1293.32 0.438507
276.022 11.5543 1293.97 0.434425
276.079 11.5786 1294.62 0.430246
276.135 11.6025 1295.27 0.424257
276.191 11.626 1295.92 0.413353
276.247 11.6491 1296.57 0.410562
276.303 11.6718 1297.23 0.400826
276.36 11.694 1297.89 0.388193
276.416 11.7154 1298.54 0.378289
276.472 11.736 1299.2 0.360555
276.528 11.7559 1299.86 0.347919
276.584 11.7747 1300.52 0.326023
276.64 11.7922 1301.19 0.302952
276.697 11.8085 1301.85 0.281926
276.753 11.8238 1302.51 0.264832
276.809 11.8379 1303.18 0.240209
276.865 11.8504 1303.84 0.210032
276.921 11.8612 1304.51 0.180297
276.978 11.8703 1305.18 0.151801
277.034 11.8776 1305.84 0.118712
277.09 11.8835 1306.51 0.0956185
277.146 11.8878 1307.18 0.0665635
277.202 11.8905 1307.85 0.0355049
277.258 11.8917 1308.51 0.0129315
277.315 11.8917 1309.18 -0.0113387
277.371 11.8905 1309.85 -0.0284277
277.427 11.8884 1310.52 -0.0440102
277.483 11.8855 1311.19 -0.0512231
277.539 11.8826 1311.85 -0.0528885
277.596 11.8798 1312.52 -0.0497356
277.652 11.877 1313.19 -0.0495854
277.708 11.8743 1313.86 -0.0468125
277.764 11.8722 1314.52 -0.0335857
277.82 11.8705 1315.19 -0.0241597
277.876 11.8695 1315.86 -0.0135366
277.933 11.8693 1316.52 0.00258885
277.989 11.8699 1317.19 0.0161649
278.045 11.8712 1317.86 0.0268751
278.101 11.8735 1318.52 0.0480855
278.157 11.8764 1319.19 0.05703
278.213 11.8803 1319.86 0.0759093
278.27 11.8853 1320.53 0.101031
278.326 11.8916 1321.19 0.121683
278.382 11.8993 1321.86 0.143123
278.438 11.9076 1322.53 0.151343
278.494 11.9166 1323.2 0.165813
278.551 11.9266 1323.87 0.186476
278.607 11.9378 1324.54 0.207089
278.663 11.95 1325.21 0.225222
278.719 11.9635 1325.88 0.24923
278.775 11.9782 1326.56 0.268244
278.831 11.9933 1327.23 0.273906
278.888 12.0091 1327.9 0.286191
278.944 12.0257 1328.58 0.300213
279 12.0429 1329.25 0.309836
279.056 12.0607 1329.93 0.320235
279.112 12.0788 1330.61 0.321849
279.169 12.0968 1331.29 0.321058
279.225 12.1147 1331.97 0.319814
279.281 12.1331 1332.65 0.328542
279.337 12.1516 1333.33 0.329791
279.393 12.1704 1334.02 0.33458
279.449 12.1889 1334.7 0.328328
279.506 12.2071 1335.39 0.318973
279.562 12.2247 1336.07 0.30696
279.618 12.2414 1336.76 0.291494
279.674 12.2573 1337.45 0.276189
279.73 12.2723 1338.14 0.257916
279.787 12.2862 1338.83 0.242507
279.843 12.299 1339.52 0.218495
279.899 12.3106 1340.21 0.195494
279.955 12.3208 1340.9 0.172065
280.011 12.3295 1341.59 0.142078
280.067 12.3365 1342.29 0.114723
280.124 12.342 1342.98 0.0858656
280.18 12.346 1343.67 0.06163
280.236 12.3488 1344.37 0.0406075
280.292 12.3504 1345.06 0.0224532
280.348 12.3511 1345.75 0.00412967
280.404 12.3508 1346.45 -0.0115057
280.461 12.3498 1347.14 -0.0246853
280.517 12.3481 1347.84 -0.0293691
280.573 12.3465 1348.53 -0.0287955
280.629 12.3449 1349.22 -0.0261691
280.685 12.3434 1349.92 -0.0283574
280.742 12.3417 1350.61 -0.0298766
280.798 12.3402 1351.3 -0.026761
280.854 12.3386 1352 -0.0313852
280.91 12.3368 1352.69 -0.0327567
280.966 12.3349 1353.38 -0.0324254
281.022 12.333 1354.08 -0.0324466
281.079 12.3312 1354.77 -0.0313154
281.135 12.3297 1355.46 -0.0212061
281.191 12.3288 1356.15 -0.0135558
281.247 12.3282 1356.85 -0.00751972
281.303 12.328 1357.54 -0.00226649
281.36 12.3276 1358.23 -0.0111574
281.416 12.3269 1358.92 -0.0136671
281.472 12.3263 1359.62 -0.00983491
281.528 12.3257 1360.31 -0.0109987
281.584 12.3251 1361 -0.0110996
281.64 12.3245 1361.69 -0.00881527
281.697 12.3239 1362.39 -0.0123701
281.753 12.3231 1363.08 -0.0197432
281.809 12.3219 1363.77 -0.0246262
281.865 12.3202 1364.46 -0.0334279
281.921 12.318 1365.16 -0.0431116
281.978 12.3154 1365.85 -0.0475066
282.034 12.3122 1366.54 -0.0599082
282.09 12.3085 1367.23 -0.0714776
282.146 12.3043 1367.92 -0.073727
282.202 12.3 1368.61 -0.0759539
282.258 12.2958 1369.3 -0.0737945
282.315 12.2919 1369.99 -0.0654129
282.371 12.2882 1370.68 -0.0659338
282.427 12.2845 1371.38 -0.0668541
282.483 12.2811 1372.07 -0.058584
282.539 12.2779 1372.75 -0.0539021
282.596 12.2754 1373.44 -0.0437078
282.652 12.2734 1374.13 -0.0284062
282.708 12.2721 1374.82 -0.0204016
282.764 12.2711 1375.51 -0.0170133
282.82 12.2704 1376.2 -0.00986787
282.876 12.2698 1376.89 -0.00873108
282.933 12.2694 1377.58 -0.00645136
282.989 12.2692 1378.27 -0.00204574
283.045 12.2691 1378.96 -0.000896789
283.101 12.2691 1379.65 -0.000239812
283.157 12.2691 1380.34 0.00155105
283.213 12.2692 1381.03 0.00493108
283.27 12.2695 1381.72 0.0063771
283.326 12.2701 1382.41 0.0106477
283.382 12.2707 1383.1 0.0108787
283.438 12.2712 1383.78 0.00863492
283.494 12.2717 1384.47 0.00836294
283.551 12.2723 1385.16 0.00791755
283.607 12.2727 1385.85 0.006844
283.663 12.2731 1386.54 0.0056088
283.719 12.2734 1387.23 0.0065952
283.775 12.2739 1387.92 0.00822049
283.831 12.2744 1388.61 0.0107371
283.888 12.2751 1389.3 0.0118851
283.944 12.2759 1389.99 0.0159325
284 12.2769 1390.68 0.021423
284.056 12.2782 1391.37 0.0252366
284.112 12.2797 1392.06 0.0264621
284.169 12.2813 1392.75 0.028042
284.225 12.283 1393.44 0.0311387
284.281 12.2848 1394.13 0.0321901
284.337 12.2865 1394.82 0.0293714
284.393 12.288 1395.51 0.0233342
284.449 12.2893 1396.2 0.0204381
284.506 12.2904 1396.89 0.018884
284.562 12.2912 1397.58 0.0138078
284.618 12.292 1398.27 0.0116633
284.674 12.2927 1398.96 0.0141483
284.73 12.2933 1399.65 0.0103474
284.787 12.2939 1400.34 0.00945691
284.843 12.2944 1401.03 0.0101473
284.899 12.2949 1401.73 0.0105819
284.955 12.2954 1402.42 0.00643644
285.011 12.2959 1403.11 0.00960348
285.067 12.2965 1403.8 0.0110036
285.124 12.2973 1404.49 0.0147146
285.18 12.2985 1405.18 0.0247328
285.236 12.3001 1405.87 0.0318527
285.292 12.3022 1406.56 0.0390059
285.348 12.3051 1407.25 0.0578844
285.404 12.3087 1407.94 0.0713027
285.461 12.3131 1408.64 0.0828699
285.517 12.3184 1409.33 0.101989
285.573 12.3246 1410.02 0.116282
285.629 12.3317 1410.71 0.131787
285.685 12.3398 1411.41 0.153626
285.742 12.3489 1412.1 0.170226
285.798 12.359 1412.79 0.184989
285.854 12.3702 1413.49 0.207958
285.91 12.3824 1414.18 0.225289
285.966 12.3957 1414.88 0.243617
286.022 12.4101 1415.58 0.262797
286.079 12.4253 1416.27 0.277462
286.135 12.4413 1416.97 0.29001
286.191 12.4581 1417.67 0.304177
286.247 12.4754 1418.37 0.312497
286.303 12.4931 1419.07 0.317658
286.36 12.5113 1419.78 0.330204
286.416 12.5301 1420.48 0.339326
286.472 12.5496 1421.18 0.350945
286.528 12.5697 1421.89 0.364862
286.584 12.5904 1422.6 0.373649
286.64 12.6117 1423.31 0.380322
286.697 12.6336 1424.01 0.394861
286.753 12.6558 1424.72 0.397954
286.809 12.6784 1425.44 0.39998
286.865 12.7013 1426.15 0.412128
286.921 12.7244 1426.86 0.411915
286.978 12.7477 1427.58 0.415362
287.034 12.7714 1428.3 0.423563
287.09 12.7953 1429.02 0.431793
287.146 12.8195 1429.73 0.430405
287.202 12.8437 1430.46 0.433097
287.258 12.8677 1431.18 0.426263
287.315 12.8914 1431.9 0.415185
287.371 12.9145 1432.63 0.410054
287.427 12.9365 1433.35 0.38472
287.483 12.9575 1434.08 0.36423
287.539 12.9775 1434.81 0.349662
287.596 12.9964 1435.54 0.328345
287.652 13.0141 1436.27 0.304726
287.708 13.0306 1437 0.286572
287.764 13.0455 1437.73 0.252594
287.82 13.0586 1438.47 0.218051
287.876 13.0698 1439.2 0.187077
287.933 13.0789 1439.94 0.149062
287.989 13.0862 1440.67 0.113254
288.045 13.0915 1441.41 0.0845324
288.101 13.0949 1442.14 0.047654
288.157 13.0967 1442.88 0.0181141
288.213 13.097 1443.61 -0.00543089
288.27 13.0954 1444.35 -0.0410557
288.326 13.0919 1445.08 -0.0776362
288.382 13.0866 1445.82 -0.106019
288.438 13.0795 1446.55 -0.13772
288.494 13.0709 1447.29 -0.164193
288.551 13.0608 1448.02 -0.187404
288.607 13.0495 1448.76 -0.210412
288.663 13.0371 1449.49 -0.230077
288.719 13.0237 1450.22 -0.243326
288.775 13.0095 1450.95 -0.2553
288.831 12.9951 1451.68 -0.259112
288.888 12.9805 1452.41 -0.258989
288.944 12.9659 1453.14 -0.260019
289 12.9512 1453.87 -0.261808
289.056 12.9366 1454.6 -0.262368
289.112 12.9219 1455.32 -0.260079
289.169 12.9076 1456.05 -0.252432
289.225 12.8938 1456.77 -0.241316
289.281 12.8804 1457.5 -0.234221
289.337 12.8676 1458.22 -0.226301
289.393 12.8552 1458.94 -0.215996
289.449 12.8434 1459.66 -0.204883
289.506 12.8322 1460.39 -0.196995
289.562 12.8216 1461.11 -0.186386
289.618 12.8113 1461.83 -0.1798
289.674 12.8016 1462.55 -0.172858
289.73 12.7923 1463.26 -0.161179
289.787 12.7835 1463.98 -0.152482
289.843 12.7753 1464.7 -0.146644
289.899 12.7671 1465.42 -0.142744
289.955 12.7591 1466.13 -0.14208
290.011 12.7513 1466.85 -0.139718
290.067 12.7436 1467.57 -0.133407
290.124 12.7362 1468.28 -0.128293
290.18 12.7292 1469 -0.125022
290.236 12.7222 1469.71 -0.124473
290.292 12.7152 1470.43 -0.124855
290.348 12.7083 1471.14 -0.124394
290.404 12.7015 1471.86 -0.119795
290.461 12.6947 1472.57 -0.119593
290.517 12.688 1473.28 -0.122314
290.573 12.6811 1473.99 -0.121834
290.629 12.6739 1474.71 -0.131145
290.685 12.6664 1475.42 -0.140165
290.742 12.6585 1476.13 -0.137676
290.798 12.6505 1476.84 -0.142772
290.854 12.6424 1477.55 -0.148049
290.91 12.6343 1478.26 -0.142651
290.966 12.6262 1478.97 -0.144855
291.022 12.6179 1479.68 -0.149544
291.079 12.6092 1480.39 -0.155901
291.135 12.6001 1481.1 -0.164008
291.191 12.5908 1481.8 -0.168821
291.247 12.5813 1482.51 -0.169071
291.303 12.5716 1483.22 -0.172689
291.36 12.5618 1483.92 -0.177408
291.416 12.552 1484.63 -0.174387
291.472 12.5421 1485.33 -0.177321
291.528 12.5322 1486.04 -0.178563
291.584 12.5222 1486.74 -0.178891
291.64 12.512 1487.44 -0.181132
291.697 12.502 1488.15 -0.179066
291.753 12.492 1488.85 -0.174549
291.809 12.4824 1489.55 -0.167716
291.865 12.473 1490.25 -0.168135
291.921 12.4636 1490.95 -0.167703
291.978 12.4538 1491.65 -0.176417
292.034 12.4437 1492.35 -0.183379
292.09 12.4331 1493.05 -0.190983
292.146 12.422 1493.75 -0.199661
292.202 12.4107 1494.45 -0.205792
292.258 12.3988 1495.14 -0.214552
292.315 12.3864 1495.84 -0.225038
292.371 12.3731 1496.53 -0.243722
292.427 12.359 1497.23 -0.255938
292.483 12.3441 1497.92 -0.2728
292.539 12.3282 1498.62 -0.291138
292.596 12.3115 1499.31 -0.301026
292.652 12.2939 1500 -0.320365
292.708 12.2753 1500.69 -0.340026
292.764 12.2556 1501.38 -0.356429
292.82 12.235 1502.07 -0.375578
292.876 12.2134 1502.75 -0.389401
292.933 12.1912 1503.44 -0.398449
292.989 12.1682 1504.12 -0.417665
293.045 12.1443 1504.8 -0.430918
293.101 12.1195 1505.49 -0.447049
293.157 12.0939 1506.17 -0.460286
293.213 12.0679 1506.84 -0.468034
293.27 12.0416 1507.52 -0.468599
293.326 12.0151 1508.2 -0.47306
293.382 11.9883 1508.87 -0.480185
293.438 11.9614 1509.54 -0.479586
293.494 11.9343 1510.21 -0.479158
293.551 11.9077 1510.88 -0.474768
293.607 11.8812 1511.55 -0.466838
293.663 11.8551 1512.22 -0.460833
293.719 11.8292 1512.88 -0.463786
293.775 11.8033 1513.55 -0.458663
293.831 11.7773 1514.21 -0.464165
293.888 11.7509 1514.87 -0.474199
293.944 11.7241 1515.53 -0.477347
294 11.6971 1516.19 -0.48304
294.056 11.6697 1516.84 -0.491507
294.112 11.6421 1517.5 -0.489053
294.169 11.6146 1518.15 -0.490871
294.225 11.5871 1518.8 -0.492537
294.281 11.5594 1519.45 -0.493181
294.337 11.5315 1520.1 -0.499669
294.393 11.5031 1520.75 -0.511246
294.449 11.4743 1521.39 -0.514864
294.506 11.4449 1522.04 -0.524065
294.562 11.4154 1522.68 -0.528105
294.618 11.3855 1523.32 -0.53376
294.674 11.355 1523.96 -0.547368
294.73 11.3241 1524.6 -0.554468
294.787 11.2924 1525.23 -0.570851
294.843 11.2597 1525.86 -0.58726
294.899 11.2263 1526.5 -0.600933
294.955 11.192 1527.13 -0.61634
295.011 11.1571 1527.75 -0.621702
295.067 11.1221 1528.38 -0.627816
295.124 11.0864 1529 -0.638572
295.18 11.0499 1529.62 -0.659305
295.236 11.0122 1530.24 -0.680016
295.292 10.9737 1530.86 -0.688775
295.348 10.9345 1531.48 -0.703057
295.404 10.8946 1532.09 -0.717761
295.461 10.8538 1532.7 -0.729517
295.517 10.8126 1533.31 -0.738218
295.573 10.7708 1533.91 -0.748826
295.629 10.7284 1534.52 -0.758302
295.685 10.6852 1535.12 -0.775667
295.742 10.6412 1535.72 -0.786119
295.798 10.5971 1536.31 -0.783336
295.854 10.5532 1536.91 -0.783311
295.91 10.5091 1537.5 -0.784781
295.966 10.4653 1538.09 -0.772524
296.022 10.4221 1538.67 -0.766866
296.079 10.3794 1539.26 -0.755353
296.135 10.3372 1539.84 -0.747646
296.191 10.2952 1540.42 -0.744822
296.247 10.2539 1541 -0.732078
296.303 10.2133 1541.57 -0.713689
296.36 10.1735 1542.14 -0.704833
296.416 10.1342 1542.71 -0.696615
296.472 10.0955 1543.28 -0.684853
296.528 10.0572 1543.85 -0.677715
296.584 10.0199 1544.41 -0.654642
296.64 9.9839 1544.97 -0.630223
296.697 9.94906 1545.53 -0.613794
296.753 9.91524 1546.09 -0.595406
296.809 9.88231 1546.65 -0.579732
296.865 9.85025 1547.2 -0.564967
296.921 9.81924 1547.75 -0.542003
296.978 9.78967 1548.3 -0.514322
297.034 9.7617 1548.85 -0.48538
297.09 9.73561 1549.4 -0.452865
297.146 9.71084 1549.95 -0.43412
297.202 9.68717 1550.49 -0.411803
297.258 9.6652 1551.03 -0.379094
297.315 9.64498 1551.58 -0.345398
297.371 9.62649 1552.12 -0.317357
297.427 9.60961 1552.66 -0.291134
297.483 9.59416 1553.2 -0.263222
297.539 9.58051 1553.74 -0.230237
297.596 9.5687 1554.27 -0.197551
297.652 9.559 1554.81 -0.157609
297.708 9.55125 1555.35 -0.123687
297.764 9.54544 1555.88 -0.0920815
297.82 9.54132 1556.42 -0.0588535
297.876 9.53921 1556.96 -0.0224825
297.933 9.53922 1557.49 0.0133597
297.989 9.54101 1558.03 0.0450274
298.045 9.54457 1558.56 0.0754334
298.101 9.54989 1559.1 0.106349
298.157 9.5568 1559.64 0.13502
298.213 9.56539 1560.17 0.164698
298.27 9.57554 1560.71 0.189587
298.326 9.58701 1561.25 0.214304
298.382 9.59973 1561.79 0.235428
298.438 9.61383 1562.33 0.26129
298.494 9.62942 1562.87 0.289324
298.551 9.64671 1563.41 0.319441
298.607 9.66574 1563.95 0.34903
298.663 9.68618 1564.5 0.37447
298.719 9.70805 1565.04 0.397098
298.775 9.73115 1565.59 0.41832
298.831 9.7551 1566.14 0.432099
298.888 9.77987 1566.69 0.446796
298.944 9.80548 1567.24 0.460343
299 9.83185 1567.79 0.475881
299.056 9.85914 1568.34 0.491652
299.112 9.88722 1568.9 0.506249
299.169 9.91611 1569.45 0.518709
299.225 9.94552 1570.01 0.526599
299.281 9.97517 1570.57 0.527339
299.337 10.005 1571.13 0.534625
299.393 10.035 1571.69 0.532923
299.449 10.0649 1572.26 0.529689
299.506 10.0946 1572.83 0.52767
299.562 10.1242 1573.39 0.525606
299.618 10.1536 1573.96 0.519876
299.674 10.1825 1574.53 0.510032
299.73 10.2107 1575.11 0.496782
299.787 10.2384 1575.68 0.492553
299.843 10.2662 1576.26 0.494405
299.899 10.2938 1576.84 0.486212
299.955 10.3209 1577.42 0.477774
300.011 10.3474 1578 0.468988
300.067 10.3734 1578.58 0.459145
300.124 10.399 1579.16 0.452555
300.18 10.4243 1579.75 0.451183
300.236 10.4495 1580.33 0.446284
300.292 10.474 1580.92 0.42897
300.348 10.4976 1581.51 0.416137
300.404 10.5207 1582.1 0.410956
300.461 10.5435 1582.69 0.40002
300.517 10.5656 1583.29 0.39177
300.573 10.5873 1583.88 0.381854
300.629 10.6084 1584.48 0.367592
300.685 10.6286 1585.07 0.356546
300.742 10.6484 1585.67 0.349302
300.798 10.6676 1586.27 0.336032
300.854 10.6861 1586.87 0.325332
300.91 10.7036 1587.47 0.303939
300.966 10.7198 1588.07 0.277357
301.022 10.7346 1588.67 0.252554
301.079 10.7478 1589.28 0.223772
301.135 10.7592 1589.88 0.191102
301.191 10.769 1590.49 0.161504
301.247 10.7766 1591.09 0.114492
301.303 10.7816 1591.7 0.0698568
301.36 10.784 1592.3 0.025187
301.416 10.784 1592.91 -0.0180491
301.472 10.7809 1593.52 -0.081657
301.528 10.7745 1594.12 -0.137809
301.584 10.7646 1594.73 -0.200039
301.64 10.7514 1595.33 -0.265822
301.697 10.7343 1595.93 -0.330922
301.753 10.7133 1596.54 -0.40082
301.809 10.6886 1597.14 -0.466227
301.865 10.6605 1597.74 -0.518809
301.921 10.6294 1598.33 -0.573635
301.978 10.5954 1598.93 -0.626917
302.034 10.559 1599.52 -0.658908
302.09 10.5207 1600.12 -0.69849
302.146 10.4804 1600.71 -0.729686
302.202 10.439 1601.29 -0.739167
302.258 10.3971 1601.88 -0.748984
302.315 10.3551 1602.46 -0.746361
302.371 10.3136 1603.04 -0.734179
302.427 10.2727 1603.62 -0.719942
302.483 10.2331 1604.2 -0.69593
302.539 10.1952 1604.77 -0.660912
302.596 10.1592 1605.34 -0.624097
302.652 10.1255 1605.91 -0.585324
302.708 10.0942 1606.48 -0.535833
302.764 10.0656 1607.04 -0.490132
302.82 10.0399 1607.61 -0.437847
302.876 10.0171 1608.17 -0.385804
302.933 9.99696 1608.73 -0.338853
302.989 9.97985 1609.3 -0.28359
303.045 9.9658 1609.86 -0.226179
303.101 9.9547 1610.41 -0.177588
303.157 9.94662 1610.97 -0.12566
303.213 9.94105 1611.53 -0.0795662
303.27 9.93812 1612.09 -0.0319923
303.326 9.93809 1612.65 0.0208541
303.382 9.94114 1613.21 0.0801101
303.438 9.94747 1613.77 0.133655
303.494 9.95702 1614.33 0.195759
303.551 9.97032 1614.89 0.259856
303.607 9.98666 1615.45 0.316004
303.663 10.0065 1616.01 0.374046
303.719 10.0295 1616.57 0.434668
303.775 10.0559 1617.13 0.495031
303.831 10.0858 1617.7 0.55496
303.888 10.1192 1618.27 0.620904
303.944 10.1561 1618.84 0.682023
304 10.1965 1619.41 0.744236
304.056 10.2407 1619.98 0.817674
304.112 10.2891 1620.56 0.890549
304.169 10.3408 1621.14 0.940138
304.225 10.3957 1621.72 1.00303
304.281 10.4541 1622.31 1.06312
304.337 10.5157 1622.9 1.11829
304.393 10.5804 1623.49 1.17358
304.449 10.6482 1624.09 1.22768
304.506 10.7188 1624.69 1.27299
304.562 10.7919 1625.29 1.31942
304.618 10.8674 1625.9 1.36197
304.674 10.9452 1626.52 1.39841
304.73 11.0246 1627.13 1.42447
304.787 11.1053 1627.76 1.44278
304.843 11.1868 1628.38 1.45152
304.899 11.2683 1629.01 1.45257
304.955 11.3497 1629.65 1.44862
305.011 11.4309 1630.29 1.44306
305.067 11.5116 1630.93 1.43385
305.124 11.5923 1631.58 1.43623
305.18 11.6728 1632.24 1.42973
305.236 11.7529 1632.9 1.41986
305.292 11.8322 1633.56 1.40766
305.348 11.9106 1634.23 1.38884
305.404 11.9879 1634.9 1.36395
305.461 12.0635 1635.57 1.33334
305.517 12.1371 1636.25 1.29447
305.573 12.2084 1636.94 1.25348
305.629 12.2776 1637.63 1.21712
305.685 12.3449 1638.32 1.18414
305.742 12.4105 1639.01 1.15834
305.798 12.4746 1639.71 1.13125
305.854 12.5372 1640.42 1.09893
305.91 12.5978 1641.12 1.06656
305.966 12.6565 1641.83 1.03228
306.022 12.7134 1642.55 0.996481
306.079 12.768 1643.26 0.951068
306.135 12.8198 1643.98 0.903284
306.191 12.8688 1644.7 0.852664
306.247 12.915 1645.43 0.802058
306.303 12.9581 1646.15 0.746325
306.36 12.9982 1646.88 0.69014
306.416 13.035 1647.62 0.630593
306.472 13.0681 1648.35 0.559497
306.528 13.0969 1649.08 0.483476
306.584 13.122 1649.82 0.41809
306.64 13.1431 1650.56 0.345458
306.697 13.1599 1651.3 0.267416
306.753 13.1721 1652.04 0.183133
306.809 13.1795 1652.78 0.0960936
306.865 13.1818 1653.52 0.00268828
306.921 13.1789 1654.26 -0.0876495
306.978 13.1706 1655 -0.184041
307.034 13.1569 1655.74 -0.285008
307.09 13.1373 1656.48 -0.391097
307.146 13.1118 1657.21 -0.493423
307.202 13.0808 1657.95 -0.592468
307.258 13.0442 1658.68 -0.691391
307.315 13.0019 1659.42 -0.79357
307.371 12.9543 1660.14 -0.8836
307.427 12.9016 1660.87 -0.972436
307.483 12.8442 1661.59 -1.05343
307.539 12.7825 1662.31 -1.13001
307.596 12.7168 1663.03 -1.19692
307.652 12.6476 1663.74 -1.25844
307.708 12.5752 1664.45 -1.30862
307.764 12.5002 1665.15 -1.34712
307.82 12.423 1665.85 -1.38963
307.876 12.3438 1666.55 -1.42695
307.933 12.2629 1667.24 -1.44624
307.989 12.181 1667.92 -1.46701
308.045 12.0983 1668.61 -1.47566
308.101 12.0155 1669.28 -1.47292
308.157 11.9331 1669.95 -1.45924
308.213 11.8517 1670.62 -1.44198
308.27 11.7715 1671.29 -1.41575
308.326 11.6928 1671.94 -1.39022
308.382 11.6157 1672.6 -1.35917
308.438 11.5407 1673.25 -1.31754
308.494 11.4681 1673.89 -1.27484
308.551 11.3979 1674.54 -1.23503
308.607 11.33 1675.17 -1.19157
308.663 11.2644 1675.81 -1.15146
308.719 11.201 1676.44 -1.11604
308.775 11.1398 1677.07 -1.06899
308.831 11.0811 1677.69 -1.02789
308.888 11.0251 1678.31 -0.980005
308.944 10.9715 1678.93 -0.935684
309 10.9201 1679.54 -0.897009
309.056 10.871 1680.16 -0.861805
309.112 10.8239 1680.76 -0.822627
309.169 10.7791 1681.37 -0.782603
309.225 10.7364 1681.98 -0.745231
309.281 10.6954 1682.58 -0.717514
309.337 10.6561 1683.18 -0.688436
309.393 10.6182 1683.77 -0.66677
309.449 10.5813 1684.37 -0.648452
309.506 10.5455 1684.96 -0.630778
309.562 10.5106 1685.55 -0.616572
309.618 10.4767 1686.14 -0.591718
309.674 10.4437 1686.73 -0.585617
309.73 10.4108 1687.32 -0.586951
309.787 10.378 1687.9 -0.580651
309.843 10.3454 1688.48 -0.583192
309.899 10.3123 1689.06 -0.596879
309.955 10.2782 1689.64 -0.612113
