# t frame_uz frame_z ub_dans_repere
160.001 2.68049e-05 2.76054e-08 0.0260275
160.019 0.00874193 9.08931e-05 0.535453
160.051 0.0304459 0.000775229 0.769226
160.092 0.069331 0.00296873 1.04418
160.14 0.126511 0.0078035 1.3276
160.19 0.202666 0.0164442 1.62344
160.243 0.297203 0.0300661 1.90179
160.297 0.408396 0.0496352 2.16433
160.352 0.535576 0.0762065 2.40806
160.407 0.674547 0.110161 2.61273
160.463 0.827504 0.153008 2.80922
160.519 0.990891 0.20477 2.9895
160.575 1.16356 0.265997 3.14563
160.631 1.34436 0.337166 3.28312
160.687 1.53189 0.418689 3.39461
160.743 1.72516 0.510905 3.48986
160.798 1.92309 0.614101 3.56456
160.854 2.12461 0.728502 3.61997
160.91 2.32893 0.854279 3.66819
160.966 2.53553 0.991571 3.70764
161.022 2.74407 1.14072 3.72799
161.079 2.95386 1.30195 3.73601
161.135 3.16374 1.47497 3.73689
161.191 3.3736 1.65978 3.73298
161.247 3.58289 1.85637 3.71981
161.303 3.79139 2.06468 3.70363
161.36 3.99846 2.28467 3.67519
161.416 4.20415 2.51624 3.65217
161.472 4.40864 2.75933 3.6303
161.528 4.61159 3.01385 3.60107
161.584 4.81307 3.27973 3.57548
161.64 5.01262 3.55687 3.53504
161.697 5.20979 3.84513 3.4936
161.753 5.40472 4.14439 3.45449
161.809 5.59742 4.45454 3.41447
161.865 5.78768 4.77542 3.36687
161.921 5.97517 5.10691 3.31688
161.978 6.15954 5.44882 3.25761
162.034 6.34081 5.80099 3.2042
162.09 6.51897 6.16323 3.14615
162.146 6.69358 6.53537 3.08278
162.202 6.86472 6.9172 3.01869
162.258 7.03197 7.30851 2.94789
162.315 7.1951 7.70908 2.87425
162.371 7.35413 8.11868 2.80427
162.427 7.50961 8.53709 2.74367
162.483 7.66152 8.96411 2.67884
162.539 7.80935 9.39954 2.60319
162.596 7.95348 9.84314 2.53884
162.652 8.09374 10.2947 2.46861
162.708 8.23009 10.754 2.40371
162.764 8.36319 11.2209 2.34671
162.82 8.49321 11.6951 2.29005
162.876 8.61985 12.1766 2.23031
162.933 8.74292 12.665 2.16387
162.989 8.86241 13.1602 2.10328
163.045 8.9787 13.662 2.0484
163.101 9.09195 14.1703 1.99211
163.157 9.20261 14.6848 1.95329
163.213 9.31069 15.2055 1.90696
163.27 9.41634 15.7321 1.86255
163.326 9.51939 16.2646 1.81386
163.382 9.61929 16.8028 1.75647
163.438 9.71625 17.3465 1.70434
163.494 9.81035 17.8955 1.65509
163.551 9.90135 18.4497 1.59687
163.607 9.98907 19.009 1.5367
163.663 10.074 19.573 1.49528
163.719 10.1566 20.1418 1.45583
163.775 10.2373 20.7151 1.42218
163.831 10.3162 21.2929 1.39006
163.888 10.3928 21.875 1.34607
163.944 10.467 22.4614 1.30206
164 10.5387 23.0519 1.26047
164.056 10.608 23.6463 1.21802
164.112 10.6752 24.2445 1.1817
164.169 10.7406 24.8465 1.15245
164.225 10.8043 25.452 1.1236
164.281 10.8662 26.0611 1.08983
164.337 10.9265 26.6736 1.06214
164.393 10.9853 27.2894 1.03593
164.449 11.0427 27.9085 1.01317
164.506 11.0992 28.5308 0.997518
164.562 11.1547 29.1562 0.982108
164.618 11.2095 29.7848 0.968472
164.674 11.2633 30.4163 0.954692
164.73 11.3164 31.0509 0.937096
164.787 11.3683 31.6884 0.912991
164.843 11.4188 32.3288 0.887803
164.899 11.4678 32.9719 0.863507
164.955 11.5153 33.6178 0.834457
165.011 11.5614 34.2663 0.81154
165.067 11.6063 34.9173 0.79147
165.124 11.6502 35.5708 0.774933
165.18 11.6931 36.2268 0.757001
165.236 11.735 36.8851 0.739152
165.292 11.7761 37.5458 0.722875
165.348 11.8162 38.2087 0.70921
165.404 11.8554 38.8739 0.691906
165.461 11.8936 39.5412 0.669956
165.517 11.9312 40.2107 0.666173
165.573 11.9682 40.8822 0.655311
165.629 12.0049 41.5558 0.648603
165.685 12.0412 42.2315 0.645021
165.742 12.0773 42.9092 0.64197
165.798 12.1134 43.5889 0.639126
165.854 12.149 44.2706 0.630525
165.91 12.184 44.9543 0.618352
165.966 12.2183 45.64 0.60697
166.022 12.2521 46.3275 0.598197
166.079 12.2853 47.017 0.586757
166.135 12.3181 47.7083 0.579943
166.191 12.3505 48.4014 0.57508
166.247 12.3823 49.0963 0.563163
166.303 12.4136 49.793 0.549786
166.36 12.4443 50.4914 0.544398
166.416 12.4747 51.1916 0.537459
166.472 12.5046 51.8934 0.530593
166.528 12.5344 52.5969 0.528344
166.584 12.5639 53.3021 0.524481
166.64 12.5933 54.0089 0.522025
166.697 12.6224 54.7174 0.51623
166.753 12.6513 55.4275 0.513943
166.809 12.68 56.1392 0.508438
166.865 12.7082 56.8525 0.497945
166.921 12.736 57.5674 0.493094
166.978 12.7633 58.2838 0.484215
167.034 12.7905 59.0018 0.480392
167.09 12.8172 59.7213 0.473075
167.146 12.8437 60.4422 0.468486
167.202 12.87 61.1647 0.467403
167.258 12.8964 61.8886 0.475339
167.315 12.9228 62.614 0.46868
167.371 12.9488 63.3409 0.457045
167.427 12.9741 64.0692 0.446316
167.483 12.9988 64.7989 0.433036
167.539 13.0227 65.53 0.419109
167.596 13.0456 66.2624 0.401389
167.652 13.0675 66.996 0.379868
167.708 13.0883 67.7309 0.361042
167.764 13.1081 68.4668 0.344599
167.82 13.1267 69.2039 0.322952
167.876 13.1444 69.9419 0.306534
167.933 13.1611 70.6809 0.289839
167.989 13.1774 71.4209 0.291103
168.045 13.1934 72.1617 0.283512
168.101 13.2092 72.9035 0.279702
168.157 13.2248 73.6461 0.274444
168.213 13.24 74.3896 0.265561
168.27 13.2543 75.1339 0.249434
168.326 13.2678 75.879 0.231959
168.382 13.2802 76.6248 0.21726
168.438 13.2918 77.3712 0.198344
168.494 13.3026 78.1183 0.185302
168.551 13.3128 78.866 0.179087
168.607 13.3226 79.6143 0.171034
168.663 13.3317 80.363 0.155759
168.719 13.3401 81.1123 0.144621
168.775 13.3479 81.862 0.133328
168.831 13.3549 82.6121 0.120982
168.888 13.361 83.3626 0.101758
168.944 13.3661 84.1134 0.0823754
169 13.3703 84.8644 0.0663292
169.056 13.3734 85.6157 0.0499295
169.112 13.3756 86.3671 0.0322218
169.169 13.3769 87.1186 0.0167968
169.225 13.3774 87.8701 0.00487726
169.281 13.377 88.6216 -0.00974535
169.337 13.3762 89.3731 -0.0186265
169.393 13.3748 90.1245 -0.02755
169.449 13.3731 90.8759 -0.0348845
169.506 13.3708 91.6271 -0.0473568
169.562 13.3678 92.3782 -0.0573562
169.618 13.3643 93.1291 -0.065353
169.674 13.3605 93.8797 -0.0710891
169.73 13.3565 94.6302 -0.0705756
169.787 13.3524 95.3804 -0.0753149
169.843 13.3482 96.1304 -0.0742384
169.899 13.3442 96.8802 -0.0685553
169.955 13.3404 97.6297 -0.0654831
170.011 13.3368 98.3791 -0.0675917
170.067 13.3329 99.1282 -0.0670336
170.124 13.3289 99.8771 -0.072775
170.18 13.3249 100.626 -0.0709401
170.236 13.321 101.374 -0.0685161
170.292 13.3173 102.122 -0.0652735
170.348 13.3139 102.871 -0.0583992
170.404 13.3108 103.618 -0.0518525
170.461 13.3081 104.366 -0.0456516
170.517 13.3058 105.114 -0.0368148
170.573 13.3042 105.861 -0.022175
170.629 13.3032 106.609 -0.0151006
170.685 13.3024 107.356 -0.0103546
170.742 13.3019 108.103 -0.00571095
170.798 13.3018 108.85 0.000603053
170.854 13.3021 109.598 0.00607495
170.91 13.3025 110.345 0.0100345
170.966 13.3031 111.092 0.014682
171.022 13.3038 111.84 0.0124743
171.079 13.3048 112.587 0.0215542
171.135 13.3063 113.335 0.02961
171.191 13.3083 114.082 0.0352971
171.247 13.3106 114.83 0.0457501
171.303 13.3133 115.578 0.0500655
171.36 13.3163 116.326 0.0535702
171.416 13.3194 117.074 0.0566158
171.472 13.3224 117.823 0.0520001
171.528 13.3253 118.571 0.0494539
171.584 13.3281 119.32 0.0490717
171.64 13.3307 120.069 0.0463172
171.697 13.3333 120.818 0.0463094
171.753 13.3358 121.567 0.0428715
171.809 13.3379 122.316 0.036059
171.865 13.3399 123.066 0.0325516
171.921 13.3417 123.815 0.0324272
171.978 13.3432 124.565 0.0299343
172.034 13.3449 125.314 0.0303186
172.09 13.3465 126.064 0.0267768
172.146 13.3479 126.814 0.0203773
172.202 13.3491 127.564 0.0174115
172.258 13.3499 128.314 0.0126256
172.315 13.3503 129.064 0.00560033
172.371 13.3504 129.814 -0.00227256
172.427 13.3499 130.564 -0.0126521
172.483 13.349 131.314 -0.0175638
172.539 13.3477 132.064 -0.0278611
172.596 13.346 132.814 -0.0323849
172.652 13.3438 133.563 -0.0384698
172.708 13.3415 134.313 -0.0415428
172.764 13.3391 135.062 -0.0446226
172.82 13.3364 135.812 -0.0506154
172.876 13.3336 136.561 -0.0494275
172.933 13.3307 137.31 -0.0497561
172.989 13.3278 138.058 -0.0502575
173.045 13.3247 138.807 -0.0588947
173.101 13.3215 139.556 -0.0585073
173.157 13.3181 140.304 -0.0594181
173.213 13.3149 141.052 -0.0571241
173.27 13.3118 141.8 -0.0516359
173.326 13.3091 142.548 -0.0459115
173.382 13.3066 143.295 -0.0430844
173.438 13.3045 144.043 -0.0331315
173.494 13.3029 144.79 -0.0245041
173.551 13.3018 145.537 -0.017636
173.607 13.3011 146.285 -0.00978055
173.663 13.3009 147.032 0.00216051
173.719 13.3014 147.779 0.0125069
173.775 13.3025 148.527 0.0233042
173.831 13.3041 149.274 0.0331211
173.888 13.3063 150.021 0.0431664
173.944 13.3088 150.769 0.0499157
174 13.3119 151.517 0.0567536
174.056 13.3153 152.265 0.0621954
174.112 13.319 153.013 0.068338
174.169 13.3232 153.761 0.077801
174.225 13.328 154.51 0.0911802
174.281 13.3336 155.259 0.106456
174.337 13.34 156.008 0.119875
174.393 13.3472 156.758 0.133643
174.449 13.3553 157.508 0.148305
174.506 13.3639 158.259 0.159541
174.562 13.3733 159.01 0.168124
174.618 13.3832 159.761 0.177258
174.674 13.3934 160.514 0.186041
174.73 13.4039 161.266 0.188462
174.787 13.4149 162.02 0.198421
174.843 13.4263 162.774 0.207228
174.899 13.4382 163.528 0.213509
174.955 13.4504 164.284 0.220991
175.011 13.4629 165.04 0.224608
175.067 13.4757 165.797 0.226141
175.124 13.4886 166.554 0.233639
175.18 13.5018 167.312 0.237534
175.236 13.5153 168.071 0.242512
175.292 13.5293 168.831 0.253195
175.348 13.5437 169.592 0.258838
175.404 13.5583 170.353 0.259866
175.461 13.5731 171.115 0.262869
175.517 13.5878 171.878 0.26219
175.573 13.6024 172.642 0.259092
175.629 13.6171 173.407 0.260255
175.685 13.6315 174.172 0.256138
175.742 13.6461 174.939 0.259151
175.798 13.6606 175.706 0.260796
175.854 13.6751 176.474 0.256785
175.91 13.6895 177.242 0.253281
175.966 13.7038 178.012 0.25594
176.022 13.718 178.782 0.251232
176.079 13.7319 179.554 0.245032
176.135 13.7457 180.325 0.246297
176.191 13.7595 181.098 0.246229
176.247 13.7733 181.872 0.242408
176.303 13.7867 182.646 0.236647
176.36 13.7998 183.421 0.229682
176.416 13.8124 184.197 0.221133
176.472 13.8246 184.973 0.213716
176.528 13.8364 185.75 0.209254
176.584 13.8481 186.528 0.206837
176.64 13.8598 187.306 0.208914
176.697 13.8715 188.085 0.209232
176.753 13.8833 188.865 0.20952
176.809 13.8951 189.645 0.211341
176.865 13.9069 190.426 0.20947
176.921 13.9185 191.208 0.204283
176.978 13.93 191.99 0.200983
177.034 13.9408 192.773 0.189627
177.09 13.9511 193.557 0.178928
177.146 13.9609 194.341 0.171396
177.202 13.9703 195.125 0.1657
177.258 13.9794 195.911 0.159549
177.315 13.9883 196.696 0.156746
177.371 13.9967 197.482 0.148163
177.427 14.005 198.269 0.146121
177.483 14.0131 199.056 0.142167
177.539 14.0208 199.844 0.133974
177.596 14.0282 200.631 0.128682
177.652 14.0352 201.42 0.123299
177.708 14.0415 202.209 0.107928
177.764 14.0471 202.998 0.094562
177.82 14.0521 203.787 0.0860403
177.876 14.0564 204.577 0.0723813
177.933 14.0604 205.366 0.0695435
177.989 14.0641 206.156 0.0648587
178.045 14.0674 206.947 0.0553051
178.101 14.0703 207.737 0.0481682
178.157 14.0727 208.528 0.0393496
178.213 14.0744 209.318 0.0254389
178.27 14.0755 210.109 0.0133939
178.326 14.076 210.9 0.00736827
178.382 14.0762 211.691 0.00308474
178.438 14.0765 212.481 0.00595105
178.494 14.0768 213.272 0.00352817
178.551 14.0767 214.063 -0.00667843
178.607 14.0758 214.854 -0.019855
178.663 14.0745 215.645 -0.0239791
178.719 14.0731 216.435 -0.0277613
178.775 14.0715 217.226 -0.0281753
178.831 14.0699 218.016 -0.0262142
178.888 14.0684 218.807 -0.0278018
178.944 14.0668 219.597 -0.0290983
179 14.0652 220.387 -0.0288539
179.056 14.0635 221.177 -0.0313334
179.112 14.0617 221.967 -0.0319331
179.169 14.06 222.757 -0.0310269
179.225 14.0581 223.547 -0.0357835
179.281 14.0558 224.337 -0.041786
179.337 14.0534 225.126 -0.0409591
179.393 14.0513 225.916 -0.035498
179.449 14.0497 226.705 -0.0241129
179.506 14.0487 227.494 -0.0153823
179.562 14.0478 228.284 -0.0158791
179.618 14.047 229.073 -0.0131426
179.674 14.0464 229.862 -0.00743671
179.73 14.0461 230.651 -0.00566378
179.787 14.0458 231.44 -0.00597394
179.843 14.0455 232.229 -0.0034044
179.899 14.0456 233.018 0.00660539
179.955 14.0464 233.807 0.0194687
180.011 14.0479 234.597 0.029212
180.067 14.0495 235.386 0.0280934
180.124 14.0512 236.175 0.0304798
180.18 14.0533 236.965 0.0418691
180.236 14.0556 237.754 0.0404056
180.292 14.0577 238.544 0.036516
180.348 14.0597 239.334 0.0372775
180.404 14.062 240.124 0.0451348
180.461 14.0648 240.914 0.0480994
180.517 14.0675 241.704 0.0494335
180.573 14.07 242.494 0.0435938
180.629 14.0724 243.285 0.0406053
180.685 14.0744 244.076 0.0340601
180.742 14.0759 244.866 0.0231536
180.798 14.0768 245.657 0.0111946
180.854 14.0771 246.448 0.00111299
180.91 14.0768 247.239 -0.00727202
180.966 14.0761 248.03 -0.0189709
181.022 14.0746 248.82 -0.0339268
181.079 14.072 249.611 -0.0534246
181.135 14.0685 250.401 -0.0720094
181.191 14.0638 251.192 -0.0899254
181.247 14.058 251.982 -0.113449
181.303 14.0508 252.771 -0.139618
181.36 14.0423 253.56 -0.159873
181.416 14.0324 254.349 -0.18488
181.472 14.0211 255.137 -0.212285
181.528 14.0083 255.924 -0.238783
181.584 13.9938 256.711 -0.270439
181.64 13.9776 257.496 -0.300327
181.697 13.9596 258.281 -0.332446
181.753 13.94 259.064 -0.358967
181.809 13.919 259.847 -0.382686
181.865 13.8968 260.628 -0.402578
181.921 13.8734 261.408 -0.425658
181.978 13.8485 262.187 -0.453692
182.034 13.8223 262.964 -0.472715
182.09 13.7951 263.739 -0.489192
182.146 13.7673 264.513 -0.500613
182.202 13.7386 265.286 -0.514369
182.258 13.7091 266.057 -0.531492
182.315 13.6789 266.826 -0.542463
182.371 13.6484 267.593 -0.542983
182.427 13.6177 268.359 -0.549136
182.483 13.5867 269.123 -0.554233
182.539 13.5555 269.885 -0.557269
182.596 13.5239 270.646 -0.56343
182.652 13.4922 271.405 -0.566263
182.708 13.4604 272.161 -0.564426
182.764 13.4287 272.917 -0.564111
182.82 13.3971 273.67 -0.564081
182.876 13.3653 274.421 -0.565329
182.933 13.3334 275.171 -0.569673
182.989 13.3014 275.919 -0.569627
183.045 13.2695 276.665 -0.565678
183.101 13.2376 277.41 -0.564967
183.157 13.2057 278.152 -0.568627
183.213 13.1739 278.893 -0.563731
183.27 13.1421 279.632 -0.567586
183.326 13.1104 280.37 -0.559807
183.382 13.0792 281.105 -0.553118
183.438 13.0481 281.839 -0.552795
183.494 13.0173 282.571 -0.545706
183.551 12.9869 283.301 -0.53859
183.607 12.9571 284.03 -0.528738
183.663 12.9278 284.757 -0.51698
183.719 12.8991 285.482 -0.504661
183.775 12.871 286.206 -0.497914
183.831 12.8433 286.928 -0.490444
183.888 12.8159 287.648 -0.484976
183.944 12.789 288.368 -0.476348
184 12.7626 289.085 -0.467785
184.056 12.7367 289.801 -0.456052
184.112 12.7114 290.516 -0.44626
184.169 12.6868 291.229 -0.433198
184.225 12.6629 291.941 -0.419347
184.281 12.6394 292.652 -0.414557
184.337 12.6164 293.361 -0.405433
184.393 12.5941 294.069 -0.39271
184.449 12.5722 294.776 -0.385244
184.506 12.5508 295.481 -0.377693
184.562 12.53 296.186 -0.368434
184.618 12.51 296.889 -0.353394
184.674 12.4904 297.591 -0.342634
184.73 12.4715 298.292 -0.330805
184.787 12.4532 298.992 -0.319701
184.843 12.4357 299.691 -0.301954
184.899 12.4193 300.389 -0.28385
184.955 12.4039 301.087 -0.26902
185.011 12.3895 301.783 -0.252731
185.067 12.376 302.479 -0.231339
185.124 12.3635 303.173 -0.213755
185.18 12.3521 303.868 -0.196654
185.236 12.3417 304.561 -0.178134
185.292 12.3321 305.254 -0.166362
185.348 12.3232 305.947 -0.155675
185.404 12.3148 306.639 -0.147667
185.461 12.3066 307.33 -0.14231
185.517 12.2988 308.021 -0.136691
185.573 12.2914 308.712 -0.126051
185.629 12.2846 309.402 -0.117494
185.685 12.2782 310.092 -0.112752
185.742 12.2722 310.782 -0.104111
185.798 12.2665 311.471 -0.0982558
185.854 12.2614 312.16 -0.087397
185.91 12.2569 312.849 -0.0757145
185.966 12.2529 313.537 -0.064806
186.022 12.2498 314.226 -0.0517301
186.079 12.2474 314.914 -0.0354619
186.135 12.2457 315.602 -0.0241364
186.191 12.2449 316.29 -0.00933785
186.247 12.2448 316.977 0.000799892
186.303 12.2452 317.665 0.0124098
186.36 12.2463 318.353 0.0246235
186.416 12.2482 319.041 0.0399923
186.472 12.2508 319.73 0.0507089
186.528 12.2542 320.418 0.0640248
186.584 12.2579 321.107 0.0688903
186.64 12.262 321.795 0.0740453
186.697 12.2664 322.484 0.0801639
186.753 12.2711 323.174 0.0884553
186.809 12.2763 323.863 0.0943317
186.865 12.2819 324.553 0.103024
186.921 12.288 325.243 0.112551
186.978 12.2947 325.934 0.122328
187.034 12.3019 326.625 0.132634
187.09 12.3099 327.316 0.146216
187.146 12.3182 328.008 0.15006
187.202 12.327 328.7 0.15963
187.258 12.3361 329.393 0.164734
187.315 12.3455 330.087 0.169424
187.371 12.3553 330.78 0.174815
187.427 12.3653 331.475 0.18136
187.483 12.3754 332.17 0.179662
187.539 12.3855 332.865 0.181448
187.596 12.3957 333.562 0.185057
187.652 12.4064 334.258 0.191249
187.708 12.4177 334.956 0.208105
187.764 12.4297 335.654 0.215125
187.82 12.4421 336.352 0.223737
187.876 12.4553 337.052 0.23854
187.933 12.4691 337.752 0.252995
187.989 12.4835 338.453 0.258943
188.045 12.4981 339.155 0.260024
188.101 12.5129 339.858 0.266733
188.157 12.528 340.561 0.273609
188.213 12.5432 341.265 0.269283
188.27 12.5584 341.971 0.27177
188.326 12.5739 342.677 0.280003
188.382 12.5896 343.384 0.279744
188.438 12.6053 344.091 0.279132
188.494 12.6208 344.8 0.276697
188.551 12.6361 345.51 0.272824
188.607 12.6517 346.22 0.279539
188.663 12.6676 346.931 0.282722
188.719 12.6835 347.643 0.283327
188.775 12.6995 348.357 0.285114
188.831 12.7156 349.071 0.28679
188.888 12.7316 349.785 0.282356
188.944 12.7475 350.501 0.284112
189 12.7633 351.218 0.281239
189.056 12.7792 351.936 0.281718
189.112 12.7951 352.654 0.285539
189.169 12.8111 353.373 0.283558
189.225 12.827 354.094 0.281685
189.281 12.8427 354.815 0.282344
189.337 12.8587 355.537 0.285031
189.393 12.8749 356.26 0.289459
189.449 12.8913 356.984 0.289858
189.506 12.9075 357.708 0.289184
189.562 12.9238 358.434 0.290299
189.618 12.94 359.161 0.286278
189.674 12.956 359.888 0.282979
189.73 12.9718 360.617 0.28116
189.787 12.9875 361.346 0.280031
189.843 13.003 362.076 0.272389
189.899 13.0182 362.807 0.268493
189.955 13.0332 363.539 0.264909
190.011 13.0478 364.272 0.257505
190.067 13.0622 365.005 0.255016
190.124 13.0764 365.739 0.251313
190.18 13.0902 366.475 0.244703
190.236 13.1034 367.21 0.229225
190.292 13.1159 367.947 0.21924
190.348 13.1278 368.684 0.206115
190.404 13.1391 369.422 0.197351
190.461 13.1499 370.161 0.189451
190.517 13.1602 370.9 0.18172
190.573 13.1702 371.639 0.174406
190.629 13.1797 372.38 0.16464
190.685 13.1884 373.12 0.14776
190.742 13.1961 373.862 0.128069
190.798 13.2027 374.603 0.113256
190.854 13.2084 375.345 0.0935443
190.91 13.2132 376.087 0.0805116
190.966 13.2176 376.83 0.0761403
191.022 13.2216 377.572 0.0672505
191.079 13.2249 378.315 0.0519889
191.135 13.2275 379.058 0.0380401
191.191 13.2287 379.802 0.0129007
191.247 13.2287 380.545 -0.010782
191.303 13.2274 381.288 -0.0291338
191.36 13.2252 382.031 -0.0464974
191.416 13.2221 382.774 -0.0587018
191.472 13.2185 383.517 -0.0695554
191.528 13.2141 384.259 -0.0852574
191.584 13.2084 385.001 -0.112086
191.64 13.2011 385.743 -0.141459
191.697 13.1922 386.484 -0.168604
191.753 13.1821 387.225 -0.188301
191.809 13.171 387.965 -0.202791
191.865 13.159 388.705 -0.219479
191.921 13.1459 389.444 -0.24157
191.978 13.1317 390.182 -0.260667
192.034 13.1163 390.919 -0.283292
192.09 13.0997 391.655 -0.304462
192.146 13.0819 392.391 -0.326425
192.202 13.0628 393.125 -0.347796
192.258 13.0425 393.858 -0.369884
192.315 13.0211 394.59 -0.389268
192.371 12.9984 395.321 -0.411487
192.427 12.9746 396.05 -0.43372
192.483 12.9497 396.778 -0.448836
192.539 12.9239 397.505 -0.46523
192.596 12.8972 398.23 -0.483238
192.652 12.8696 398.954 -0.495794
192.708 12.8411 399.676 -0.515241
192.764 12.8118 400.396 -0.529758
192.82 12.7815 401.115 -0.543876
192.876 12.7505 401.832 -0.555348
192.933 12.7192 402.547 -0.558355
192.989 12.6878 403.261 -0.561026
193.045 12.6561 403.973 -0.564305
193.101 12.6244 404.683 -0.566217
193.157 12.5925 405.391 -0.566466
193.213 12.5608 406.097 -0.564493
193.27 12.5291 406.802 -0.563546
193.326 12.4976 407.505 -0.557508
193.382 12.4665 408.206 -0.550329
193.438 12.4357 408.905 -0.547024
193.494 12.4051 409.603 -0.543409
193.551 12.3748 410.298 -0.536326
193.607 12.345 410.993 -0.526931
193.663 12.316 411.685 -0.511055
193.719 12.2878 412.376 -0.494642
193.775 12.2605 413.066 -0.479078
193.831 12.234 413.753 -0.465396
193.888 12.2082 414.44 -0.455624
193.944 12.183 415.125 -0.444974
194 12.1584 415.808 -0.432388
194.056 12.1343 416.491 -0.426806
194.112 12.1106 417.172 -0.417171
194.169 12.0875 417.851 -0.405353
194.225 12.065 418.529 -0.397931
194.281 12.0432 419.207 -0.382761
194.337 12.0223 419.882 -0.362363
194.393 12.0025 420.557 -0.345667
194.449 11.9837 421.231 -0.327899
194.506 11.966 421.903 -0.306264
194.562 11.9493 422.575 -0.289912
194.618 11.9336 423.246 -0.271563
194.674 11.919 423.916 -0.25026
194.73 11.9055 424.585 -0.233856
194.787 11.8929 425.253 -0.218514
194.843 11.8811 425.921 -0.202313
194.899 11.8702 426.588 -0.186891
194.955 11.8603 427.255 -0.168984
195.011 11.8517 427.921 -0.144102
195.067 11.8442 428.586 -0.126755
195.124 11.8375 429.252 -0.112685
195.18 11.8317 429.916 -0.099301
195.236 11.8265 430.581 -0.0895149
195.292 11.8221 431.245 -0.0707671
195.348 11.8187 431.909 -0.0512702
195.404 11.8164 432.573 -0.0359063
195.461 11.8148 433.237 -0.0238921
195.517 11.814 433.901 -0.0124687
195.573 11.8134 434.564 -0.00598972
195.629 11.8134 435.228 0.00390645
195.685 11.8141 435.892 0.0175485
195.742 11.8154 436.555 0.02787
195.798 11.8174 437.219 0.0365159
195.854 11.8199 437.883 0.0454264
195.91 11.8227 438.547 0.0541335
195.966 11.826 439.212 0.0616588
196.022 11.8301 439.876 0.077453
196.079 11.8347 440.541 0.0880446
196.135 11.84 441.206 0.0957829
196.191 11.8456 441.871 0.103027
196.247 11.8516 442.537 0.108507
196.303 11.858 443.203 0.118709
196.36 11.8649 443.869 0.127448
196.416 11.8724 444.536 0.13519
196.472 11.88 445.204 0.13545
196.528 11.8876 445.871 0.135839
196.584 11.895 446.539 0.132929
196.64 11.9027 447.208 0.136096
196.697 11.9104 447.877 0.139034
196.753 11.9183 448.546 0.141925
196.809 11.9262 449.216 0.142153
196.865 11.9342 449.886 0.142363
196.921 11.9421 450.557 0.139354
196.978 11.9499 451.228 0.137378
197.034 11.9577 451.9 0.139244
197.09 11.9655 452.572 0.139506
197.146 11.9733 453.244 0.13855
197.202 11.9812 453.917 0.140965
197.258 11.989 454.591 0.137828
197.315 11.9966 455.264 0.13291
197.371 12.0038 455.939 0.126524
197.427 12.0108 456.613 0.12355
197.483 12.0177 457.288 0.121177
197.539 12.0245 457.964 0.1232
197.596 12.0314 458.639 0.12308
197.652 12.0382 459.316 0.11796
197.708 12.0448 459.992 0.117944
197.764 12.0512 460.669 0.115913
197.82 12.057 461.346 0.0997621
197.876 12.0622 462.024 0.0861232
197.933 12.067 462.702 0.0815721
197.989 12.0712 463.38 0.0690088
198.045 12.0746 464.058 0.0545898
198.101 12.0774 464.736 0.0438794
198.157 12.0795 465.415 0.0311677
198.213 12.0812 466.094 0.0288223
198.27 12.0828 466.772 0.0231069
198.326 12.0839 467.451 0.018008
198.382 12.0848 468.13 0.0130645
198.438 12.0853 468.809 0.00782287
198.494 12.0855 469.488 0.000815238
198.551 12.0852 470.167 -0.0108826
198.607 12.0845 470.846 -0.0149495
198.663 12.0834 471.525 -0.0214511
198.719 12.0822 472.204 -0.0232776
198.775 12.0807 472.882 -0.0284828
198.831 12.0789 473.561 -0.0323411
198.888 12.077 474.239 -0.0340846
198.944 12.0751 474.918 -0.0347745
199 12.0732 475.596 -0.0342485
199.056 12.0711 476.274 -0.0374907
199.112 12.0688 476.952 -0.0423649
199.169 12.0662 477.63 -0.0495086
199.225 12.0634 478.308 -0.0500141
199.281 12.0608 478.986 -0.0437909
199.337 12.0584 479.663 -0.0460062
199.393 12.0558 480.341 -0.0451128
199.449 12.0531 481.018 -0.0513876
199.506 12.05 481.695 -0.0569909
199.562 12.0468 482.372 -0.0573901
199.618 12.0434 483.048 -0.0582822
199.674 12.0401 483.725 -0.0604864
199.73 12.0368 484.401 -0.056714
199.787 12.0336 485.077 -0.0567588
199.843 12.0306 485.753 -0.0534505
199.899 12.0277 486.429 -0.0502949
199.955 12.025 487.105 -0.0475113
200.011 12.0223 487.78 -0.0474075
200.067 12.0197 488.455 -0.0449623
200.124 12.0174 489.131 -0.0390626
200.18 12.0154 489.806 -0.0350139
200.236 12.0138 490.481 -0.0230856
200.292 12.0126 491.156 -0.0188924
200.348 12.0117 491.83 -0.0173412
200.404 12.0108 492.505 -0.0148221
200.461 12.0098 493.18 -0.0196274
200.517 12.0086 493.855 -0.0228355
200.573 12.0073 494.529 -0.0202417
200.629 12.0062 495.204 -0.0218871
200.685 12.0049 495.878 -0.0253902
200.742 12.0033 496.553 -0.0294503
200.798 12.0017 497.227 -0.0290857
200.854 12.0001 497.901 -0.0277954
200.91 11.9985 498.575 -0.0306977
200.966 11.9969 499.249 -0.0292945
201.022 11.9952 499.923 -0.0293716
201.079 11.9937 500.597 -0.0265927
201.135 11.992 501.271 -0.0319967
201.191 11.9902 501.944 -0.0331194
201.247 11.9881 502.618 -0.036438
201.303 11.9859 503.291 -0.043392
201.36 11.9833 503.965 -0.0500657
201.416 11.9802 504.638 -0.0583317
201.472 11.9764 505.311 -0.0717042
201.528 11.9721 505.983 -0.0809557
201.584 11.9673 506.656 -0.0871131
201.64 11.9622 507.328 -0.0954489
201.697 11.9565 508 -0.105553
201.753 11.9503 508.671 -0.110853
201.809 11.9439 509.342 -0.116378
201.865 11.9373 510.013 -0.118878
201.921 11.9306 510.684 -0.11967
201.978 11.9238 511.354 -0.121687
202.034 11.917 512.023 -0.123534
202.09 11.91 512.692 -0.122934
202.146 11.9029 513.361 -0.12501
202.202 11.8958 514.03 -0.128513
202.258 11.8886 514.698 -0.128811
202.315 11.8812 515.365 -0.131117
202.371 11.8736 516.033 -0.137725
202.427 11.8658 516.7 -0.139354
202.483 11.858 517.366 -0.139032
202.539 11.8502 518.032 -0.140155
202.596 11.8423 518.697 -0.139238
202.652 11.8344 519.362 -0.140371
202.708 11.8267 520.027 -0.138776
202.764 11.819 520.691 -0.133807
202.82 11.8116 521.355 -0.131237
202.876 11.8043 522.018 -0.128551
202.933 11.7972 522.681 -0.123992
202.989 11.7902 523.344 -0.124613
203.045 11.7833 524.006 -0.124777
203.101 11.7764 524.667 -0.118154
203.157 11.7698 525.329 -0.116344
203.213 11.7635 525.99 -0.113125
203.27 11.7572 526.65 -0.111604
203.326 11.7507 527.311 -0.116258
203.382 11.7441 527.971 -0.120857
203.438 11.7372 528.63 -0.122436
203.494 11.7302 529.289 -0.126199
203.551 11.7229 529.948 -0.132053
203.607 11.7154 530.607 -0.133377
203.663 11.7078 531.264 -0.136886
203.719 11.7002 531.922 -0.135879
203.775 11.6926 532.579 -0.132932
203.831 11.6852 533.236 -0.130564
203.888 11.6779 533.892 -0.130502
203.944 11.6706 534.548 -0.127267
204 11.6633 535.203 -0.126893
204.056 11.6563 535.858 -0.126977
204.112 11.6493 536.513 -0.122092
204.169 11.6424 537.167 -0.121242
204.225 11.6357 537.821 -0.119613
204.281 11.6293 538.474 -0.110095
204.337 11.6232 539.127 -0.106751
204.393 11.6175 539.78 -0.0981781
204.449 11.6122 540.433 -0.0912744
204.506 11.6073 541.085 -0.0861384
204.562 11.6027 541.737 -0.0799538
204.618 11.5984 542.388 -0.0717742
204.674 11.5946 543.04 -0.0644815
204.73 11.5912 543.691 -0.0606094
204.787 11.5881 544.342 -0.0511565
204.843 11.5851 544.993 -0.0528836
204.899 11.5824 545.644 -0.0495358
204.955 11.58 546.295 -0.039233
205.011 11.578 546.945 -0.0347683
205.067 11.5764 547.595 -0.0234028
205.124 11.5755 548.246 -0.0125438
205.18 11.575 548.896 -0.00351143
205.236 11.5752 549.546 0.00662456
205.292 11.576 550.197 0.0201065
205.348 11.5776 550.847 0.0349731
205.404 11.5799 551.498 0.0444288
205.461 11.5828 552.148 0.0565876
205.517 11.5864 552.799 0.0698902
205.573 11.591 553.45 0.088924
205.629 11.5967 554.101 0.104346
205.685 11.6027 554.753 0.111705
205.742 11.6094 555.405 0.123279
205.798 11.6168 556.058 0.139247
205.854 11.625 556.711 0.150293
205.91 11.6338 557.364 0.163419
205.966 11.6432 558.018 0.170375
206.022 11.653 558.672 0.177156
206.079 11.6632 559.327 0.184877
206.135 11.6739 559.983 0.195476
206.191 11.685 560.639 0.199111
206.247 11.6964 561.296 0.206211
206.303 11.7081 561.953 0.208958
206.36 11.7199 562.612 0.21292
206.416 11.7317 563.27 0.206206
206.472 11.7433 563.93 0.207516
206.528 11.7548 564.59 0.20217
206.584 11.7661 565.251 0.20093
206.64 11.7775 565.912 0.204539
206.697 11.7891 566.574 0.205052
206.753 11.8007 567.237 0.204788
206.809 11.8123 567.9 0.206534
206.865 11.8238 568.564 0.203101
206.921 11.835 569.229 0.197951
206.978 11.8462 569.894 0.196827
207.034 11.8571 570.56 0.194218
207.09 11.8677 571.227 0.184787
207.146 11.878 571.894 0.183181
207.202 11.8878 572.561 0.171268
207.258 11.8974 573.229 0.166831
207.315 11.9067 573.898 0.159902
207.371 11.9155 574.567 0.153142
207.427 11.9237 575.237 0.139946
207.483 11.9313 575.907 0.130674
207.539 11.9381 576.578 0.115457
207.596 11.9441 577.249 0.10144
207.652 11.9493 577.92 0.0860259
207.708 11.9535 578.591 0.0658274
207.764 11.9566 579.263 0.0499397
207.82 11.9589 579.935 0.0370782
207.876 11.9606 580.607 0.027728
207.933 11.9618 581.279 0.0170593
207.989 11.9626 581.951 0.0128396
208.045 11.963 582.623 0.00412195
208.101 11.9634 583.295 0.00665763
208.157 11.9637 583.967 0.00107589
208.213 11.9635 584.639 -0.00602102
208.27 11.963 585.311 -0.0109533
208.326 11.9623 585.983 -0.0148285
208.382 11.9613 586.655 -0.0238099
208.438 11.9598 587.327 -0.0285878
208.494 11.958 587.999 -0.0343227
208.551 11.9557 588.671 -0.0443704
208.607 11.953 589.342 -0.0514197
208.663 11.9499 590.014 -0.0573941
208.719 11.9464 590.685 -0.0618342
208.775 11.9431 591.356 -0.0590105
208.831 11.9399 592.027 -0.0540118
208.888 11.9369 592.697 -0.0547552
208.944 11.9338 593.368 -0.0554832
209 11.9307 594.038 -0.0530796
209.056 11.9276 594.708 -0.0579795
209.112 11.9243 595.378 -0.0594461
209.169 11.921 596.048 -0.0590489
209.225 11.9174 596.718 -0.066973
209.281 11.9136 597.387 -0.0689073
209.337 11.9096 598.056 -0.0695151
209.393 11.9056 598.725 -0.0706336
209.449 11.9018 599.394 -0.0695108
209.506 11.8977 600.063 -0.0715043
209.562 11.8938 600.731 -0.0697179
209.618 11.8899 601.399 -0.0685045
209.674 11.8862 602.067 -0.0623667
209.73 11.8829 602.734 -0.0579023
209.787 11.8796 603.402 -0.0600002
209.843 11.8763 604.069 -0.0570522
209.899 11.8729 604.736 -0.0625005
209.955 11.8693 605.403 -0.0630445
210.011 11.8659 606.07 -0.0584741
210.067 11.8624 606.736 -0.0653518
210.124 11.8585 607.403 -0.0700464
210.18 11.8547 608.069 -0.0680348
210.236 11.851 608.735 -0.0654826
210.292 11.8476 609.4 -0.0599949
210.348 11.8441 610.066 -0.0637464
210.404 11.8403 610.731 -0.070429
210.461 11.8362 611.396 -0.0751248
210.517 11.832 612.061 -0.0754068
210.573 11.8277 612.725 -0.0733463
210.629 11.8235 613.39 -0.075282
210.685 11.8191 614.054 -0.0810581
210.742 11.8143 614.718 -0.0864448
210.798 11.8093 615.381 -0.0901983
210.854 11.8041 616.045 -0.0947831
210.91 11.7986 616.708 -0.0991728
210.966 11.793 617.37 -0.101283
211.022 11.7873 618.033 -0.10293
211.079 11.7813 618.695 -0.106163
211.135 11.7752 619.356 -0.113953
211.191 11.7686 620.017 -0.118379
211.247 11.7618 620.678 -0.122104
211.303 11.7551 621.339 -0.119468
211.36 11.7485 621.999 -0.116225
211.416 11.7418 622.659 -0.118706
211.472 11.7351 623.318 -0.120149
211.528 11.7282 623.977 -0.12488
211.584 11.7213 624.636 -0.12557
211.64 11.7141 625.294 -0.130929
211.697 11.7068 625.952 -0.128735
211.753 11.6996 626.61 -0.126782
211.809 11.6927 627.267 -0.12274
211.865 11.6859 627.923 -0.118714
211.921 11.6793 628.58 -0.114828
211.978 11.6728 629.236 -0.118132
212.034 11.666 629.891 -0.124366
212.09 11.6589 630.546 -0.127982
212.146 11.6515 631.201 -0.133251
212.202 11.6441 631.855 -0.132202
212.258 11.6366 632.509 -0.133751
212.315 11.6291 633.163 -0.134808
212.371 11.6214 633.816 -0.138366
212.427 11.6133 634.468 -0.146719
212.483 11.6049 635.121 -0.151502
212.539 11.5962 635.772 -0.157579
212.596 11.5871 636.423 -0.165885
212.652 11.5774 637.074 -0.176673
212.708 11.567 637.724 -0.191391
212.764 11.5558 638.374 -0.205947
212.82 11.5438 639.022 -0.220916
212.876 11.5308 639.67 -0.237374
212.933 11.5165 640.318 -0.262771
212.989 11.501 640.964 -0.285364
213.045 11.4845 641.61 -0.299889
213.101 11.4671 642.254 -0.320326
213.157 11.4488 642.898 -0.330431
213.213 11.4297 643.541 -0.347616
213.27 11.4095 644.182 -0.369309
213.326 11.3881 644.822 -0.38813
213.382 11.3655 645.461 -0.411133
213.438 11.3415 646.099 -0.434002
213.494 11.3165 646.735 -0.45706
213.551 11.2902 647.37 -0.475759
213.607 11.2626 648.004 -0.499997
213.663 11.234 648.635 -0.514015
213.719 11.2047 649.265 -0.526891
213.775 11.1745 649.894 -0.544611
213.831 11.1433 650.521 -0.563508
213.888 11.1114 651.146 -0.568439
213.944 11.0794 651.769 -0.571231
214 11.047 652.39 -0.580413
214.056 11.0142 653.01 -0.585734
214.112 10.9814 653.627 -0.587065
214.169 10.9485 654.243 -0.585638
214.225 10.9156 654.857 -0.58208
214.281 10.883 655.469 -0.578835
214.337 10.8508 656.08 -0.571334
214.393 10.8186 656.688 -0.575356
214.449 10.7863 657.295 -0.573237
214.506 10.7546 657.9 -0.56027
214.562 10.7236 658.503 -0.544507
214.618 10.6931 659.104 -0.537083
214.674 10.6634 659.704 -0.521801
214.73 10.6348 660.302 -0.49929
214.787 10.6073 660.899 -0.482102
214.843 10.581 661.494 -0.461195
214.899 10.5558 662.087 -0.437915
214.955 10.5321 662.679 -0.408887
215.011 10.51 663.27 -0.385408
215.067 10.4892 663.86 -0.357913
215.124 10.4699 664.449 -0.330033
215.18 10.4525 665.036 -0.296456
215.236 10.4367 665.623 -0.273381
215.292 10.4222 666.209 -0.244777
215.348 10.4096 666.794 -0.210286
215.404 10.3992 667.378 -0.170466
215.461 10.3905 667.962 -0.145148
215.517 10.3829 668.546 -0.127831
215.573 10.3767 669.129 -0.0988044
215.629 10.372 669.712 -0.0716277
215.685 10.3687 670.294 -0.051285
215.742 10.3663 670.877 -0.0364083
215.798 10.3648 671.459 -0.0213625
215.854 10.3643 672.041 -0.00156387
215.91 10.3646 672.624 0.0120596
215.966 10.3656 673.206 0.0198859
216.022 10.3668 673.788 0.0250337
216.079 10.3686 674.371 0.0355476
216.135 10.3709 674.953 0.046153
216.191 10.3738 675.536 0.054299
216.247 10.3769 676.119 0.0563576
216.303 10.3802 676.702 0.0600801
216.36 10.3838 677.285 0.0658302
216.416 10.3879 677.869 0.0782439
216.472 10.3925 678.453 0.0824636
216.528 10.397 679.037 0.0798186
216.584 10.4016 679.621 0.0821581
216.64 10.4062 680.205 0.0840507
216.697 10.4109 680.79 0.0817583
216.753 10.4156 681.375 0.087405
216.809 10.4207 681.96 0.0917298
216.865 10.4258 682.546 0.0911247
216.921 10.4309 683.132 0.0881428
216.978 10.4357 683.718 0.0844311
217.034 10.4405 684.305 0.0858446
217.09 10.4452 684.891 0.0852821
217.146 10.45 685.478 0.0854341
217.202 10.4548 686.065 0.0851164
217.258 10.4597 686.653 0.0860629
217.315 10.4643 687.241 0.0806209
217.371 10.4687 687.829 0.0737596
217.427 10.4728 688.417 0.0737114
217.483 10.4766 689.006 0.0659851
217.539 10.4802 689.594 0.0618064
217.596 10.4837 690.183 0.0619165
217.652 10.4868 690.772 0.0526559
217.708 10.4896 691.361 0.0449991
217.764 10.492 691.951 0.0414623
217.82 10.4941 692.54 0.0361352
217.876 10.496 693.13 0.0321219
217.933 10.4978 693.72 0.0298682
217.989 10.4992 694.309 0.0247083
218.045 10.5007 694.899 0.0225492
218.101 10.5019 695.489 0.0221472
218.157 10.503 696.079 0.0195044
218.213 10.504 696.669 0.0181335
218.27 10.5052 697.26 0.020458
218.326 10.5063 697.85 0.020024
218.382 10.5076 698.44 0.0237324
218.438 10.5091 699.03 0.0299438
218.494 10.5107 699.621 0.0297544
218.551 10.5124 700.211 0.0290958
218.607 10.5139 700.802 0.0244958
218.663 10.5152 701.393 0.0234702
218.719 10.5167 701.984 0.0271984
218.775 10.5184 702.574 0.0328417
218.831 10.5203 703.165 0.0352576
218.888 10.5225 703.757 0.0402149
218.944 10.525 704.348 0.0483428
219 10.5277 704.939 0.0486248
219.056 10.5304 705.531 0.0456973
219.112 10.5329 706.122 0.0447499
219.169 10.5353 706.714 0.0396229
219.225 10.5376 707.306 0.0408436
219.281 10.5403 707.898 0.0527434
219.337 10.5435 708.491 0.0603711
219.393 10.5471 709.083 0.0656027
219.449 10.551 709.676 0.0725047
219.506 10.5552 710.269 0.0754728
219.562 10.5596 710.862 0.0816147
219.618 10.5645 711.455 0.0894732
219.674 10.5696 712.049 0.0912685
219.73 10.5749 712.643 0.0940543
219.787 10.5802 713.237 0.0948669
219.843 10.5857 713.832 0.0988519
219.899 10.5914 714.426 0.104836
219.955 10.5976 715.022 0.113526
220.011 10.604 715.617 0.118783
220.067 10.6109 716.213 0.125309
220.124 10.6182 716.81 0.133425
220.18 10.6258 717.406 0.136605
220.236 10.6336 718.004 0.138966
220.292 10.6414 718.601 0.137239
220.348 10.6491 719.199 0.13994
220.404 10.657 719.798 0.142342
220.461 10.665 720.397 0.143088
220.517 10.673 720.996 0.14321
220.573 10.6812 721.596 0.145349
220.629 10.6894 722.197 0.148648
220.685 10.6978 722.797 0.147643
220.742 10.7061 723.399 0.148564
220.798 10.7146 724 0.152767
220.854 10.7231 724.603 0.15349
220.91 10.7317 725.205 0.151119
220.966 10.7405 725.808 0.160212
221.022 10.7496 726.412 0.161496
221.079 10.7588 727.016 0.165834
221.135 10.7684 727.621 0.173405
221.191 10.778 728.226 0.170137
221.247 10.7875 728.832 0.168611
221.303 10.797 729.439 0.170768
221.36 10.8065 730.046 0.168702
221.416 10.816 730.653 0.170486
221.472 10.8257 731.261 0.175168
221.528 10.8356 731.869 0.177508
221.584 10.8457 732.479 0.1775
221.64 10.8558 733.088 0.180201
221.697 10.8658 733.698 0.179333
221.753 10.8759 734.309 0.180452
221.809 10.8864 734.921 0.191604
221.865 10.8972 735.532 0.193315
221.921 10.9083 736.145 0.200266
221.978 10.9198 736.758 0.208211
222.034 10.9318 737.372 0.215763
222.09 10.9441 737.987 0.220106
222.146 10.9568 738.602 0.229586
222.202 10.9695 739.218 0.230287
222.258 10.9825 739.835 0.230439
222.315 10.996 740.452 0.244726
222.371 11.0098 741.07 0.251164
222.427 11.0242 741.689 0.255484
222.483 11.0392 742.309 0.270684
222.539 11.0543 742.93 0.271923
222.596 11.0697 743.551 0.271234
222.652 11.0852 744.174 0.278489
222.708 11.1008 744.797 0.278343
222.764 11.1165 745.421 0.27645
222.82 11.1322 746.046 0.280867
222.876 11.1478 746.672 0.278121
222.933 11.1634 747.299 0.273905
222.989 11.1789 747.927 0.277584
223.045 11.1943 748.555 0.272907
223.101 11.2094 749.185 0.264298
223.157 11.2242 749.815 0.263169
223.213 11.2387 750.446 0.255643
223.27 11.2528 751.078 0.248722
223.326 11.2667 751.711 0.244735
223.382 11.2802 752.344 0.238773
223.438 11.2933 752.978 0.226465
223.494 11.3058 753.613 0.221686
223.551 11.3179 754.249 0.212475
223.607 11.3296 754.885 0.202424
223.663 11.3409 755.522 0.198871
223.719 11.3517 756.159 0.188039
223.775 11.3618 756.797 0.172811
223.831 11.371 757.436 0.155578
223.888 11.3789 758.075 0.136042
223.944 11.3862 758.714 0.122782
224 11.3928 759.354 0.116924
224.056 11.3989 759.995 0.102678
224.112 11.404 760.635 0.0830334
224.169 11.4081 761.276 0.0657118
224.225 11.4111 761.917 0.047145
224.281 11.4131 762.558 0.0254623
224.337 11.4139 763.199 0.0052418
224.393 11.4134 763.841 -0.0135633
224.449 11.4123 764.482 -0.0253085
224.506 11.4105 765.123 -0.0378762
224.562 11.4075 765.764 -0.0599403
224.618 11.4035 766.405 -0.0799534
224.674 11.3983 767.045 -0.100583
224.73 11.392 767.685 -0.11797
224.787 11.385 768.325 -0.128539
224.843 11.3775 768.964 -0.13442
224.899 11.3693 769.603 -0.152963
224.955 11.36 770.242 -0.175615
225.011 11.3497 770.879 -0.189124
225.067 11.3389 771.517 -0.192927
225.124 11.3279 772.153 -0.200843
225.18 11.3163 772.789 -0.209696
225.236 11.3042 773.425 -0.218793
225.292 11.2915 774.059 -0.228082
225.348 11.2785 774.693 -0.233229
225.404 11.2652 775.326 -0.237253
225.461 11.2518 775.959 -0.238847
225.517 11.2385 776.591 -0.236914
225.573 11.2252 777.221 -0.235095
225.629 11.2123 777.852 -0.226186
225.685 11.1999 778.481 -0.220311
225.742 11.1878 779.11 -0.211442
225.798 11.1762 779.738 -0.197664
225.854 11.1659 780.366 -0.176271
225.91 11.1565 780.993 -0.160988
225.966 11.1482 781.619 -0.137562
226.022 11.1412 782.245 -0.112778
226.079 11.1357 782.871 -0.0869682
226.135 11.1318 783.496 -0.0607522
226.191 11.1291 784.122 -0.0394076
226.247 11.1277 784.747 -0.0122335
226.303 11.1279 785.372 0.0159544
226.36 11.1298 785.997 0.0442368
226.416 11.1331 786.623 0.0671272
226.472 11.1379 787.248 0.095849
226.528 11.144 787.874 0.117938
226.584 11.1515 788.5 0.144069
226.64 11.1603 789.127 0.160538
226.697 11.1701 789.754 0.183157
226.753 11.1809 790.382 0.199213
226.809 11.1925 791.011 0.210317
226.865 11.2049 791.64 0.226585
226.921 11.2178 792.27 0.229279
226.978 11.2309 792.901 0.23757
227.034 11.2445 793.532 0.244321
227.09 11.2581 794.164 0.241679
227.146 11.2713 794.797 0.233264
227.202 11.2842 795.431 0.227017
227.258 11.2967 796.065 0.218668
227.315 11.3087 796.7 0.2082
227.371 11.32 797.336 0.199248
227.427 11.3307 797.972 0.184725
227.483 11.3406 798.609 0.17084
227.539 11.3498 799.247 0.156817
227.596 11.3578 799.884 0.135029
227.652 11.3645 800.523 0.109535
227.708 11.3699 801.161 0.084951
227.764 11.3734 801.8 0.0536852
227.82 11.3754 802.439 0.0233423
227.876 11.3758 803.078 -0.00318287
227.933 11.3746 803.718 -0.0302565
227.989 11.372 804.356 -0.0560811
228.045 11.368 804.995 -0.0784598
228.101 11.3629 805.634 -0.0976501
228.157 11.3567 806.272 -0.119003
228.213 11.3494 806.91 -0.13757
228.27 11.3412 807.547 -0.151926
228.326 11.3323 808.184 -0.165153
228.382 11.3226 808.82 -0.176639
228.438 11.3124 809.456 -0.185152
228.494 11.3017 810.091 -0.195791
228.551 11.2903 810.726 -0.204826
228.607 11.2783 811.359 -0.218913
228.663 11.2656 811.993 -0.233154
228.719 11.2521 812.625 -0.244381
228.775 11.2381 813.257 -0.249927
228.831 11.224 813.888 -0.252471
228.888 11.21 814.518 -0.251007
228.944 11.1958 815.147 -0.253406
229 11.1816 815.776 -0.250618
229.056 11.1677 816.403 -0.246689
229.112 11.1538 817.03 -0.245746
229.169 11.1399 817.656 -0.250515
229.225 11.1259 818.282 -0.249667
229.281 11.1117 818.906 -0.252333
229.337 11.0974 819.53 -0.256832
229.393 11.0829 820.153 -0.257232
229.449 11.0684 820.775 -0.256953
229.506 11.0542 821.397 -0.249977
229.562 11.0403 822.017 -0.246577
229.618 11.0265 822.637 -0.244796
229.674 11.0129 823.256 -0.240617
229.73 10.9995 823.874 -0.237993
229.787 10.9864 824.492 -0.226804
229.843 10.974 825.108 -0.216482
229.899 10.9624 825.725 -0.203309
229.955 10.9512 826.34 -0.196739
230.011 10.9404 826.955 -0.191824
230.067 10.93 827.569 -0.177959
230.124 10.9205 828.183 -0.165815
230.18 10.9115 828.796 -0.155866
230.236 10.9031 829.409 -0.14488
230.292 10.8953 830.021 -0.133613
230.348 10.8883 830.633 -0.120468
230.404 10.8821 831.244 -0.100579
230.461 10.8771 831.856 -0.0815249
230.517 10.8733 832.467 -0.0600641
230.573 10.8703 833.077 -0.0466637
230.629 10.868 833.688 -0.03677
230.685 10.8663 834.298 -0.0250206
230.742 10.8655 834.909 -0.00802895
230.798 10.8655 835.519 0.00713036
230.854 10.8664 836.13 0.0211968
230.91 10.8681 836.74 0.0352212
230.966 10.8705 837.351 0.0484467
231.022 10.8736 837.962 0.0597997
231.079 10.8775 838.573 0.0747312
231.135 10.8822 839.184 0.0895472
231.191 10.8878 839.795 0.105524
231.247 10.8943 840.407 0.123576
231.303 10.9018 841.02 0.143927
231.36 10.9104 841.632 0.155189
231.416 10.9197 842.246 0.169906
231.472 10.9295 842.859 0.179918
231.528 10.94 843.474 0.18955
231.584 10.9511 844.089 0.20171
231.64 10.9627 844.704 0.212572
231.697 10.9751 845.321 0.224079
231.753 10.9879 845.938 0.231881
231.809 11.0012 846.555 0.237689
231.865 11.0149 847.174 0.247169
231.921 11.029 847.793 0.253648
231.978 11.0435 848.413 0.262545
232.034 11.0583 849.034 0.265189
232.09 11.0736 849.656 0.274851
232.146 11.0892 850.279 0.281981
232.202 11.1052 850.902 0.285021
232.258 11.1214 851.527 0.288233
232.315 11.1375 852.152 0.288329
232.371 11.1537 852.778 0.287331
232.427 11.1697 853.405 0.285168
232.483 11.1854 854.033 0.275933
232.539 11.2009 854.662 0.275115
232.596 11.2162 855.292 0.272112
232.652 11.2314 855.923 0.26876
232.708 11.2465 856.554 0.266121
232.764 11.2614 857.187 0.265409
232.82 11.2761 857.82 0.25897
232.876 11.2903 858.454 0.246691
232.933 11.304 859.088 0.241426
232.989 11.3172 859.724 0.231367
233.045 11.3298 860.36 0.217951
233.101 11.3418 860.997 0.20988
233.157 11.3532 861.635 0.20014
233.213 11.3641 862.273 0.189799
233.27 11.3746 862.912 0.18289
233.326 11.3846 863.551 0.173781
233.382 11.3942 864.191 0.16722
233.438 11.4033 864.831 0.159987
233.494 11.412 865.472 0.153516
233.551 11.4205 866.114 0.148125
233.607 11.4286 866.756 0.14212
233.663 11.4362 867.398 0.133387
233.719 11.4435 868.041 0.12653
233.775 11.4504 868.684 0.117968
233.831 11.4567 869.327 0.111503
233.888 11.4629 869.971 0.107743
233.944 11.4688 870.615 0.103433
234 11.4742 871.26 0.0932789
234.056 11.4793 871.904 0.0865238
234.112 11.484 872.55 0.0827627
234.169 11.4885 873.195 0.0785428
234.225 11.4926 873.84 0.0712221
234.281 11.4966 874.486 0.069229
234.337 11.5001 875.132 0.0624904
234.393 11.5035 875.778 0.0574533
234.449 11.5066 876.425 0.0537241
234.506 11.5091 877.071 0.0406322
234.562 11.5113 877.718 0.034688
234.618 11.5129 878.365 0.0238371
234.674 11.514 879.012 0.019004
234.73 11.5151 879.658 0.0187058
234.787 11.5163 880.305 0.0234096
234.843 11.5175 880.952 0.0201391
234.899 11.5186 881.6 0.0193777
234.955 11.5197 882.247 0.0188798
235.011 11.5204 882.894 0.00898415
235.067 11.5207 883.541 0.00655547
235.124 11.5211 884.188 0.00834225
235.18 11.5215 884.836 0.00322172
235.236 11.5214 885.483 -0.00395999
235.292 11.5215 886.13 0.00338897
235.348 11.5214 886.777 -0.00556417
235.404 11.5212 887.425 -0.00324185
235.461 11.5209 888.072 -0.00854544
235.517 11.5203 888.719 -0.00926466
235.573 11.5198 889.366 -0.0120254
235.629 11.5191 890.014 -0.0110962
235.685 11.5185 890.661 -0.00985727
235.742 11.518 891.308 -0.0100468
235.798 11.5176 891.955 -0.00548116
235.854 11.5171 892.602 -0.0118068
235.91 11.5165 893.249 -0.0103964
235.966 11.5159 893.896 -0.00939857
236.022 11.5153 894.543 -0.00882142
236.079 11.515 895.19 -0.00623671
236.135 11.5149 895.837 0.00477648
236.191 11.5155 896.483 0.0120457
236.247 11.5164 897.13 0.0181727
236.303 11.5175 897.777 0.0207595
236.36 11.5188 898.425 0.0269091
236.416 11.5206 899.072 0.0353261
236.472 11.5229 899.719 0.0441901
236.528 11.5255 900.366 0.0487299
236.584 11.5286 901.014 0.0585553
236.64 11.5325 901.662 0.07889
236.697 11.5372 902.31 0.0888299
236.753 11.5427 902.958 0.102567
236.809 11.549 903.607 0.117715
236.865 11.5559 904.256 0.126264
236.921 11.5632 904.905 0.133384
236.978 11.5713 905.555 0.146108
237.034 11.5798 906.206 0.153022
237.09 11.5888 906.857 0.166399
237.146 11.5988 907.508 0.18338
237.202 11.6093 908.16 0.19153
237.258 11.6205 908.812 0.201729
237.315 11.632 909.466 0.207212
237.371 11.6436 910.12 0.205012
237.427 11.6551 910.774 0.205256
237.483 11.6668 911.429 0.211743
237.539 11.6788 912.085 0.214944
237.596 11.6907 912.742 0.212152
237.652 11.7025 913.399 0.20916
237.708 11.714 914.057 0.203384
237.764 11.7252 914.715 0.195261
237.82 11.7359 915.374 0.186999
237.876 11.746 916.034 0.175857
237.933 11.7555 916.694 0.163403
237.989 11.7641 917.355 0.145476
238.045 11.7718 918.016 0.130117
238.101 11.7785 918.678 0.111752
238.157 11.7839 919.339 0.0877805
238.213 11.788 920.002 0.0616132
238.27 11.7905 920.664 0.0338257
238.326 11.7914 921.326 0.00188207
238.382 11.7904 921.989 -0.0295347
238.438 11.7876 922.651 -0.0618183
238.494 11.7832 923.313 -0.0905473
238.551 11.7771 923.975 -0.118657
238.607 11.7694 924.636 -0.149194
238.663 11.76 925.297 -0.176883
238.719 11.7492 925.958 -0.201736
238.775 11.7369 926.617 -0.230344
238.831 11.7232 927.276 -0.253349
238.888 11.7082 927.934 -0.276463
238.944 11.692 928.591 -0.295618
239 11.6747 929.248 -0.316109
239.056 11.6561 929.903 -0.339455
239.112 11.6364 930.557 -0.356208
239.169 11.616 931.21 -0.368714
239.225 11.5947 931.862 -0.384364
239.281 11.5727 932.513 -0.398531
239.337 11.5496 933.162 -0.417845
239.393 11.5255 933.81 -0.437668
239.449 11.5005 934.457 -0.448642
239.506 11.4752 935.102 -0.452692
239.562 11.4494 935.746 -0.461798
239.618 11.4234 936.388 -0.462714
239.674 11.3973 937.029 -0.464672
239.73 11.3711 937.669 -0.467605
239.787 11.3449 938.306 -0.464386
239.843 11.3188 938.943 -0.465432
239.899 11.2926 939.578 -0.466703
239.955 11.2665 940.211 -0.46012
240.011 11.2411 940.844 -0.449594
240.067 11.216 941.474 -0.445955
240.124 11.1912 942.104 -0.436631
240.18 11.1672 942.731 -0.421015
240.236 11.1439 943.358 -0.407415
240.292 11.1218 943.983 -0.385161
240.348 11.1011 944.607 -0.355013
240.404 11.082 945.23 -0.333404
240.461 11.0641 945.852 -0.305731
240.517 11.048 946.473 -0.274867
240.573 11.0335 947.094 -0.246049
240.629 11.0208 947.713 -0.213951
240.685 11.0099 948.332 -0.181219
240.742 11.0007 948.95 -0.153081
240.798 10.9933 949.568 -0.117676
240.854 10.9878 950.185 -0.083396
240.91 10.9842 950.802 -0.0502792
240.966 10.9826 951.419 -0.0192599
241.022 10.9824 952.036 0.0113657
241.079 10.984 952.653 0.0367371
241.135 10.987 953.271 0.0637606
241.191 10.9916 953.888 0.0948307
241.247 10.9979 954.506 0.124203
241.303 11.006 955.124 0.155707
241.36 11.0157 955.742 0.180751
241.416 11.0264 956.362 0.197145
241.472 11.0381 956.981 0.215295
241.528 11.0509 957.602 0.23812
241.584 11.0649 958.223 0.255117
241.64 11.0797 958.845 0.267922
241.697 11.0954 959.468 0.285473
241.753 11.1117 960.092 0.294225
241.809 11.1286 960.717 0.303416
241.865 11.1461 961.343 0.316583
241.921 11.1638 961.97 0.3186
241.978 11.1818 962.597 0.319829
242.034 11.2002 963.226 0.329283
242.09 11.219 963.856 0.336588
242.146 11.238 964.487 0.339402
242.202 11.2573 965.119 0.343787
242.258 11.2765 965.752 0.342244
242.315 11.2955 966.386 0.334522
242.371 11.3142 967.022 0.332194
242.427 11.3327 967.658 0.328165
242.483 11.3509 968.295 0.320392
242.539 11.3687 968.933 0.313722
242.596 11.3861 969.573 0.304931
242.652 11.4029 970.213 0.296839
242.708 11.4195 970.854 0.290993
242.764 11.4356 971.496 0.289129
242.82 11.4514 972.139 0.275036
242.876 11.4665 972.783 0.263556
242.933 11.4809 973.428 0.254756
242.989 11.4947 974.073 0.238911
243.045 11.5077 974.719 0.227358
243.101 11.5202 975.366 0.219542
243.157 11.5323 976.014 0.213312
243.213 11.5439 976.662 0.202945
243.27 11.5551 977.311 0.196259
243.326 11.5658 977.961 0.186111
243.382 11.5761 978.611 0.180728
243.438 11.5859 979.261 0.174818
243.494 11.5952 979.913 0.162318
243.551 11.6042 980.564 0.158786
243.607 11.6129 981.216 0.149998
243.663 11.621 981.869 0.140493
243.719 11.6288 982.522 0.135281
243.775 11.6361 983.176 0.129346
243.831 11.6433 983.83 0.124302
243.888 11.6499 984.484 0.114165
243.944 11.656 985.139 0.104534
244 11.6618 985.794 0.10171
244.056 11.6676 986.449 0.107182
244.112 11.6734 987.105 0.10297
244.169 11.6793 987.761 0.102061
244.225 11.6852 988.417 0.108743
244.281 11.6914 989.074 0.110731
244.337 11.6977 989.731 0.111737
244.393 11.7039 990.388 0.109796
244.449 11.7101 991.046 0.110041
244.506 11.7162 991.704 0.110205
244.562 11.7225 992.363 0.113304
244.618 11.729 993.021 0.116927
244.674 11.7357 993.681 0.121441
244.73 11.7428 994.34 0.13189
244.787 11.7504 995 0.134532
244.843 11.758 995.66 0.136613
244.899 11.7658 996.321 0.140536
244.955 11.7737 996.983 0.140515
245.011 11.7818 997.644 0.14543
245.067 11.7903 998.306 0.154523
245.124 11.7993 998.969 0.163767
245.18 11.8084 999.632 0.160705
245.236 11.8173 1000.3 0.15782
245.292 11.8259 1000.96 0.152212
245.348 11.8343 1001.62 0.144669
245.404 11.8423 1002.29 0.145485
245.461 11.8507 1002.96 0.152465
245.517 11.8594 1003.62 0.154321
245.573 11.868 1004.29 0.152348
245.629 11.8763 1004.96 0.143719
245.685 11.8842 1005.62 0.137442
245.742 11.8918 1006.29 0.135773
245.798 11.8992 1006.96 0.128828
245.854 11.9062 1007.63 0.121637
245.91 11.9129 1008.3 0.118223
245.966 11.9191 1008.97 0.105466
246.022 11.9247 1009.64 0.0949401
246.079 11.9296 1010.31 0.0827832
246.135 11.9338 1010.98 0.0712302
246.191 11.9375 1011.65 0.061547
246.247 11.9408 1012.32 0.0564842
246.303 11.9435 1012.99 0.0441932
246.36 11.9453 1013.66 0.0242206
246.416 11.9464 1014.33 0.0174554
246.472 11.9468 1015 0.00245631
246.528 11.9464 1015.67 -0.0148645
246.584 11.9453 1016.34 -0.0238036
246.64 11.9435 1017.02 -0.0323914
246.697 11.9413 1017.69 -0.0466316
246.753 11.9382 1018.36 -0.0595911
246.809 11.9343 1019.03 -0.0738545
246.865 11.9298 1019.7 -0.0850093
246.921 11.9248 1020.37 -0.0915105
246.978 11.9193 1021.04 -0.101488
247.034 11.9135 1021.71 -0.104654
247.09 11.9076 1022.38 -0.104624
247.146 11.9016 1023.04 -0.10704
247.202 11.8957 1023.71 -0.104755
247.258 11.8899 1024.38 -0.102726
247.315 11.884 1025.05 -0.104359
247.371 11.8782 1025.72 -0.102583
247.427 11.8727 1026.38 -0.0959241
247.483 11.8677 1027.05 -0.0852592
247.539 11.863 1027.72 -0.0805098
247.596 11.8587 1028.38 -0.0769894
247.652 11.8547 1029.05 -0.0690723
247.708 11.8513 1029.72 -0.0576435
247.764 11.8484 1030.38 -0.0448065
247.82 11.8463 1031.05 -0.0313213
247.876 11.8449 1031.71 -0.0224608
247.933 11.8439 1032.38 -0.0142119
247.989 11.8433 1033.04 -0.0100656
248.045 11.8428 1033.71 -0.007395
248.101 11.8425 1034.37 -0.00508483
248.157 11.8421 1035.04 -0.00799891
248.213 11.8415 1035.7 -0.012044
248.27 11.8407 1036.37 -0.0172195
248.326 11.8395 1037.03 -0.0268481
248.382 11.8377 1037.7 -0.034816
248.438 11.8354 1038.36 -0.0473685
248.494 11.8323 1039.03 -0.0600585
248.551 11.8283 1039.69 -0.0769848
248.607 11.8235 1040.36 -0.0920328
248.663 11.8176 1041.02 -0.112703
248.719 11.8106 1041.69 -0.132638
248.775 11.8026 1042.35 -0.150064
248.831 11.7934 1043.01 -0.16977
248.888 11.7832 1043.67 -0.190036
248.944 11.7718 1044.34 -0.211782
249 11.759 1045 -0.237905
249.056 11.7449 1045.66 -0.260569
249.112 11.7295 1046.32 -0.281659
249.169 11.7128 1046.97 -0.307999
249.225 11.6949 1047.63 -0.326116
249.281 11.6762 1048.29 -0.337073
249.337 11.6566 1048.94 -0.354367
249.393 11.6361 1049.6 -0.371305
249.449 11.6149 1050.25 -0.378844
249.506 11.5933 1050.9 -0.387807
249.562 11.5713 1051.55 -0.395704
249.618 11.5491 1052.2 -0.389849
249.674 11.5272 1052.85 -0.390193
249.73 11.5055 1053.5 -0.382504
249.787 11.4843 1054.14 -0.376363
249.843 11.4632 1054.79 -0.372743
249.899 11.4424 1055.43 -0.37127
249.955 11.422 1056.07 -0.356781
250.011 11.4025 1056.71 -0.340158
250.067 11.384 1057.35 -0.323807
250.124 11.3666 1057.99 -0.297486
250.18 11.3508 1058.63 -0.271868
250.236 11.3362 1059.27 -0.251625
250.292 11.3229 1059.9 -0.226033
250.348 11.311 1060.54 -0.203422
250.404 11.3003 1061.18 -0.18128
250.461 11.2909 1061.81 -0.157712
250.517 11.2831 1062.44 -0.128577
250.573 11.2767 1063.08 -0.103848
250.629 11.2716 1063.71 -0.0804868
250.685 11.2679 1064.34 -0.0552833
250.742 11.2656 1064.98 -0.0319635
250.798 11.2645 1065.61 -0.014562
250.854 11.264 1066.24 0.000577445
250.91 11.2648 1066.88 0.0226001
250.966 11.2668 1067.51 0.0447655
251.022 11.27 1068.14 0.0636284
251.079 11.2743 1068.78 0.0834138
251.135 11.2796 1069.41 0.100787
251.191 11.2855 1070.04 0.110231
251.247 11.2919 1070.68 0.116389
251.303 11.2987 1071.31 0.123656
251.36 11.3056 1071.95 0.125262
251.416 11.3129 1072.58 0.130351
251.472 11.3206 1073.22 0.14006
251.528 11.3287 1073.85 0.147739
251.584 11.3374 1074.49 0.158338
251.64 11.3464 1075.13 0.162198
251.697 11.3555 1075.77 0.163073
251.753 11.3644 1076.4 0.153087
251.809 11.373 1077.04 0.152125
251.865 11.3812 1077.68 0.143487
251.921 11.3891 1078.32 0.13798
251.978 11.3968 1078.96 0.135463
252.034 11.4042 1079.6 0.130414
252.09 11.4114 1080.24 0.123922
252.146 11.4184 1080.88 0.125422
252.202 11.425 1081.53 0.114243
252.258 11.4311 1082.17 0.105841
252.315 11.4368 1082.81 0.0953697
252.371 11.4419 1083.45 0.0883499
252.427 11.4465 1084.1 0.0757564
252.483 11.4506 1084.74 0.0710159
252.539 11.4541 1085.38 0.0586249
252.596 11.4572 1086.03 0.0483348
252.652 11.4595 1086.67 0.0363711
252.708 11.461 1087.31 0.0229514
252.764 11.4619 1087.96 0.00914636
252.82 11.4621 1088.6 -0.000242956
252.876 11.4616 1089.25 -0.0115684
252.933 11.4606 1089.89 -0.0239599
252.989 11.4591 1090.53 -0.0270985
253.045 11.4574 1091.18 -0.0306861
253.101 11.4556 1091.82 -0.0335936
253.157 11.4536 1092.46 -0.0373759
253.213 11.4514 1093.11 -0.0421826
253.27 11.4489 1093.75 -0.0486464
253.326 11.4462 1094.39 -0.0480291
253.382 11.4432 1095.04 -0.0536217
253.438 11.4401 1095.68 -0.0560172
253.494 11.4372 1096.32 -0.0483126
253.551 11.4347 1096.96 -0.0422533
253.607 11.4324 1097.61 -0.0406587
253.663 11.4306 1098.25 -0.0258814
253.719 11.4294 1098.89 -0.017952
253.775 11.4287 1099.53 -0.0114442
253.831 11.4282 1100.18 -0.0044885
253.888 11.4281 1100.82 -0.00128968
253.944 11.428 1101.46 0.00140961
254 11.4285 1102.1 0.0137222
254.056 11.4295 1102.74 0.0205837
254.112 11.431 1103.39 0.0302913
254.169 11.4329 1104.03 0.036078
254.225 11.435 1104.67 0.0404888
254.281 11.4376 1105.31 0.0458674
254.337 11.4403 1105.96 0.0483151
254.393 11.4431 1106.6 0.0549822
254.449 11.4467 1107.24 0.0677977
254.506 11.4508 1107.88 0.0785012
254.562 11.4555 1108.53 0.0885303
254.618 11.461 1109.17 0.101266
254.674 11.4671 1109.82 0.113063
254.73 11.4737 1110.46 0.120868
254.787 11.4809 1111.11 0.13284
254.843 11.489 1111.75 0.15122
254.899 11.4978 1112.4 0.16062
254.955 11.507 1113.04 0.167413
255.011 11.5168 1113.69 0.17858
255.067 11.5269 1114.34 0.182935
255.124 11.5374 1114.98 0.189891
255.18 11.5482 1115.63 0.192843
255.236 11.5589 1116.28 0.189391
255.292 11.5696 1116.93 0.193678
255.348 11.5807 1117.58 0.200858
255.404 11.5921 1118.23 0.20484
255.461 11.6037 1118.88 0.205534
255.517 11.615 1119.54 0.199528
255.573 11.6259 1120.19 0.191202
255.629 11.6365 1120.84 0.185354
255.685 11.6467 1121.5 0.17976
255.742 11.6565 1122.15 0.172972
255.798 11.6662 1122.81 0.167978
255.854 11.6754 1123.46 0.164009
255.91 11.6844 1124.12 0.158329
255.966 11.6932 1124.78 0.152998
256.022 11.7017 1125.43 0.150014
256.079 11.7098 1126.09 0.141434
256.135 11.7175 1126.75 0.135401
256.191 11.7249 1127.41 0.130574
256.247 11.732 1128.07 0.122911
256.303 11.7385 1128.73 0.112286
256.36 11.7445 1129.39 0.103967
256.416 11.7499 1130.05 0.089386
256.472 11.7546 1130.71 0.0821081
256.528 11.7592 1131.37 0.0784535
256.584 11.7632 1132.03 0.0669731
256.64 11.7664 1132.69 0.0509699
256.697 11.7688 1133.35 0.0388021
256.753 11.7705 1134.01 0.0234405
256.809 11.7714 1134.67 0.0127073
256.865 11.7718 1135.33 0.00224102
256.921 11.7713 1135.99 -0.0123254
256.978 11.7703 1136.66 -0.0203347
257.034 11.7688 1137.32 -0.0314082
257.09 11.7662 1137.98 -0.0548656
257.146 11.7626 1138.64 -0.0690775
257.202 11.7584 1139.3 -0.0795509
257.258 11.7534 1139.96 -0.0917345
257.315 11.7479 1140.62 -0.102972
257.371 11.7421 1141.28 -0.104203
257.427 11.7362 1141.94 -0.10702
257.483 11.7298 1142.6 -0.119387
257.539 11.7228 1143.26 -0.127724
257.596 11.7152 1143.92 -0.140128
257.652 11.7069 1144.57 -0.153667
257.708 11.6983 1145.23 -0.153215
257.764 11.6898 1145.89 -0.149144
257.82 11.6814 1146.54 -0.150474
257.876 11.6727 1147.2 -0.156197
257.933 11.6637 1147.86 -0.163445
257.989 11.6544 1148.51 -0.168464
258.045 11.6448 1149.16 -0.170756
258.101 11.635 1149.82 -0.176065
258.157 11.6251 1150.47 -0.177904
258.213 11.6149 1151.12 -0.183746
258.27 11.6044 1151.78 -0.188739
258.326 11.5935 1152.43 -0.198453
258.382 11.582 1153.08 -0.209261
258.438 11.5696 1153.73 -0.226569
258.494 11.5564 1154.38 -0.24064
258.551 11.5427 1155.03 -0.245104
258.607 11.5287 1155.68 -0.25216
258.663 11.5142 1156.32 -0.264928
258.719 11.4987 1156.97 -0.285012
258.775 11.4821 1157.62 -0.299556
258.831 11.4649 1158.26 -0.311978
258.888 11.447 1158.9 -0.325258
258.944 11.4281 1159.55 -0.342254
259 11.4083 1160.19 -0.359784
259.056 11.3876 1160.83 -0.370254
259.112 11.3663 1161.47 -0.384925
259.169 11.3444 1162.1 -0.395606
259.225 11.3218 1162.74 -0.403047
259.281 11.299 1163.38 -0.405037
259.337 11.2766 1164.01 -0.395946
259.393 11.2545 1164.64 -0.391754
259.449 11.2326 1165.27 -0.38883
259.506 11.211 1165.9 -0.380442
259.562 11.1902 1166.53 -0.364312
259.618 11.1699 1167.16 -0.356653
259.674 11.1504 1167.79 -0.343052
259.73 11.1317 1168.41 -0.326073
259.787 11.1142 1169.04 -0.301517
259.843 11.0981 1169.66 -0.276846
259.899 11.0832 1170.29 -0.257508
259.955 11.0694 1170.91 -0.235001
260.011 11.0574 1171.53 -0.201622
260.067 11.047 1172.15 -0.173392
260.124 11.038 1172.77 -0.151423
260.18 11.0306 1173.39 -0.117733
260.236 11.0253 1174.01 -0.0799515
260.292 11.0214 1174.63 -0.0617318
260.348 11.0187 1175.25 -0.0373178
260.404 11.0175 1175.87 -0.00806153
260.461 11.0179 1176.49 0.0154633
260.517 11.0195 1177.11 0.0364893
260.573 11.0224 1177.72 0.0601292
260.629 11.0266 1178.34 0.0843338
260.685 11.032 1178.96 0.103797
260.742 11.0385 1179.58 0.120799
260.798 11.0455 1180.2 0.128163
260.854 11.0531 1180.82 0.140981
260.91 11.0615 1181.45 0.155392
260.966 11.0705 1182.07 0.164651
261.022 11.08 1182.69 0.171227
261.079 11.0899 1183.31 0.173152
261.135 11.0999 1183.94 0.18079
261.191 11.1102 1184.56 0.185398
261.247 11.1207 1185.18 0.190998
261.303 11.1315 1185.81 0.192551
261.36 11.1423 1186.44 0.191058
261.416 11.1531 1187.06 0.192149
261.472 11.164 1187.69 0.193521
261.528 11.1747 1188.32 0.186508
261.584 11.1848 1188.94 0.178419
261.64 11.1947 1189.57 0.174333
261.697 11.2043 1190.2 0.16779
261.753 11.2134 1190.83 0.156094
261.809 11.2217 1191.46 0.144358
261.865 11.2295 1192.09 0.133318
261.921 11.2366 1192.72 0.123578
261.978 11.243 1193.36 0.106384
262.034 11.2487 1193.99 0.0966819
262.09 11.2535 1194.62 0.0772777
262.146 11.2573 1195.25 0.0609779
262.202 11.2601 1195.88 0.044007
262.258 11.2621 1196.52 0.0279098
262.315 11.2629 1197.15 0.00663043
262.371 11.2626 1197.78 -0.0151478
262.427 11.2609 1198.42 -0.0419282
262.483 11.2578 1199.05 -0.0635406
262.539 11.2538 1199.68 -0.0753065
262.596 11.2487 1200.31 -0.0982162
262.652 11.2427 1200.94 -0.112176
262.708 11.2358 1201.58 -0.131296
262.764 11.2279 1202.21 -0.147775
262.82 11.2191 1202.84 -0.158375
262.876 11.2099 1203.47 -0.172902
262.933 11.1996 1204.1 -0.188806
262.989 11.1887 1204.72 -0.195497
263.045 11.1777 1205.35 -0.200194
263.101 11.1663 1205.98 -0.206903
263.157 11.1543 1206.61 -0.213312
263.213 11.1422 1207.23 -0.21927
263.27 11.1297 1207.86 -0.221994
263.326 11.1173 1208.48 -0.219127
263.382 11.1051 1209.11 -0.217145
263.438 11.0932 1209.73 -0.207588
263.494 11.0819 1210.35 -0.19897
263.551 11.0707 1210.98 -0.197654
263.607 11.0599 1211.6 -0.190019
263.663 11.0495 1212.22 -0.182225
263.719 11.0395 1212.84 -0.175357
263.775 11.0297 1213.46 -0.170181
263.831 11.0204 1214.08 -0.165182
263.888 11.0114 1214.7 -0.155794
263.944 11.0031 1215.32 -0.144887
264 10.9951 1215.93 -0.141279
264.056 10.9875 1216.55 -0.133374
264.112 10.9805 1217.17 -0.117225
264.169 10.9741 1217.79 -0.106721
264.225 10.9686 1218.4 -0.0939663
264.281 10.9641 1219.02 -0.0698227
264.337 10.9606 1219.63 -0.0541539
264.393 10.9578 1220.25 -0.0453888
264.449 10.9557 1220.86 -0.0308702
264.506 10.9543 1221.48 -0.0220297
264.562 10.9532 1222.1 -0.0179897
264.618 10.9525 1222.71 -0.00649511
264.674 10.9526 1223.33 0.00597001
264.73 10.9534 1223.94 0.0200635
264.787 10.9552 1224.56 0.0394387
264.843 10.9579 1225.17 0.0547533
264.899 10.9615 1225.79 0.0698167
264.955 10.9661 1226.4 0.0932515
265.011 10.9718 1227.02 0.108525
265.067 10.9784 1227.64 0.121722
265.124 10.9857 1228.25 0.137378
265.18 10.9938 1228.87 0.14923
265.236 11.0026 1229.49 0.160106
265.292 11.012 1230.11 0.172298
265.348 11.022 1230.73 0.179865
265.404 11.0322 1231.35 0.183401
265.461 11.0427 1231.97 0.188258
265.517 11.0534 1232.59 0.193204
265.573 11.0644 1233.21 0.199092
265.629 11.0759 1233.83 0.208394
265.685 11.088 1234.45 0.219399
265.742 11.1008 1235.08 0.230045
265.798 11.1141 1235.7 0.24362
265.854 11.128 1236.33 0.251617
265.91 11.1423 1236.95 0.251291
265.966 11.1569 1237.58 0.26206
266.022 11.1716 1238.2 0.264998
266.079 11.1865 1238.83 0.266217
266.135 11.2017 1239.46 0.271328
266.191 11.2168 1240.09 0.270354
266.247 11.232 1240.72 0.267803
266.303 11.2471 1241.35 0.271191
266.36 11.2622 1241.99 0.270561
266.416 11.2776 1242.62 0.27557
266.472 11.2933 1243.25 0.280584
266.528 11.309 1243.89 0.281351
266.584 11.3248 1244.52 0.280075
266.64 11.3404 1245.16 0.277189
266.697 11.3557 1245.8 0.270922
266.753 11.3706 1246.44 0.259647
266.809 11.3848 1247.08 0.249891
266.865 11.3983 1247.72 0.236462
266.921 11.4112 1248.36 0.223959
266.978 11.4234 1249 0.213912
267.034 11.4349 1249.64 0.200219
267.09 11.4458 1250.28 0.18867
267.146 11.4565 1250.93 0.191487
267.202 11.467 1251.57 0.186253
267.258 11.4777 1252.22 0.189797
267.315 11.4885 1252.86 0.194303
267.371 11.4991 1253.51 0.18619
267.427 11.5097 1254.15 0.18557
267.483 11.52 1254.8 0.182883
267.539 11.5302 1255.45 0.182269
267.596 11.5403 1256.1 0.175672
267.652 11.5501 1256.74 0.172933
267.708 11.5597 1257.39 0.17188
267.764 11.5694 1258.04 0.171449
267.82 11.5792 1258.69 0.173631
267.876 11.5889 1259.34 0.172273
267.933 11.5985 1260 0.170394
267.989 11.608 1260.65 0.165022
268.045 11.6168 1261.3 0.153138
268.101 11.6253 1261.95 0.151487
268.157 11.6339 1262.61 0.154605
268.213 11.6427 1263.26 0.159384
268.27 11.6519 1263.91 0.163442
268.326 11.6609 1264.57 0.157748
268.382 11.6696 1265.23 0.152071
268.438 11.6781 1265.88 0.153387
268.494 11.6868 1266.54 0.15718
268.551 11.6956 1267.19 0.158499
268.607 11.7046 1267.85 0.160573
268.663 11.7138 1268.51 0.165358
268.719 11.7231 1269.17 0.166895
268.775 11.7327 1269.83 0.172489
268.831 11.7427 1270.49 0.180813
268.888 11.7529 1271.15 0.184231
268.944 11.7634 1271.81 0.186379
269 11.7741 1272.47 0.192355
269.056 11.7847 1273.13 0.191687
269.112 11.7957 1273.79 0.195266
269.169 11.8067 1274.46 0.198969
269.225 11.8182 1275.12 0.207626
269.281 11.8299 1275.78 0.209621
269.337 11.8418 1276.45 0.213734
269.393 11.8538 1277.11 0.213658
269.449 11.8659 1277.78 0.215631
269.506 11.8781 1278.45 0.217962
269.562 11.8904 1279.12 0.221623
269.618 11.903 1279.78 0.227439
269.674 11.916 1280.45 0.232047
269.73 11.9289 1281.12 0.229627
269.787 11.9418 1281.79 0.228948
269.843 11.9548 1282.46 0.233325
269.899 11.968 1283.14 0.234258
269.955 11.9813 1283.81 0.237083
270.011 11.9947 1284.48 0.238255
270.067 12.0082 1285.16 0.242101
270.124 12.0221 1285.83 0.250642
270.18 12.0363 1286.51 0.256123
270.236 12.0509 1287.19 0.260519
270.292 12.0656 1287.86 0.263295
270.348 12.0806 1288.54 0.27216
270.404 12.0961 1289.22 0.276542
270.461 12.1118 1289.9 0.277455
270.517 12.1274 1290.58 0.278309
270.573 12.1428 1291.26 0.273099
270.629 12.1583 1291.95 0.276765
270.685 12.1741 1292.63 0.284336
270.742 12.1903 1293.31 0.2938
270.798 12.207 1294 0.297216
270.854 12.2236 1294.69 0.293177
270.91 12.2398 1295.37 0.287307
270.966 12.256 1296.06 0.288143
271.022 12.2723 1296.75 0.294074
271.079 12.2888 1297.44 0.292812
271.135 12.3052 1298.13 0.290695
271.191 12.3217 1298.82 0.29485
271.247 12.3383 1299.52 0.297089
271.303 12.355 1300.21 0.294227
271.36 12.3716 1300.9 0.294901
271.416 12.388 1301.6 0.292249
271.472 12.4045 1302.3 0.294236
271.528 12.4211 1302.99 0.296769
271.584 12.4378 1303.69 0.297738
271.64 12.4541 1304.39 0.285096
271.697 12.4699 1305.09 0.279667
271.753 12.4852 1305.79 0.267085
271.809 12.5001 1306.49 0.263206
271.865 12.5148 1307.2 0.262286
271.921 12.5292 1307.9 0.253443
271.978 12.5433 1308.61 0.250185
272.034 12.5572 1309.31 0.24383
272.09 12.5704 1310.02 0.228116
272.146 12.5828 1310.72 0.215671
272.202 12.5945 1311.43 0.201627
272.258 12.6054 1312.14 0.19222
272.315 12.616 1312.85 0.185726
272.371 12.6261 1313.56 0.175726
272.427 12.6354 1314.27 0.158427
272.483 12.6437 1314.98 0.139612
272.539 12.6511 1315.69 0.127561
272.596 12.6576 1316.4 0.107742
272.652 12.663 1317.11 0.0877179
272.708 12.6674 1317.82 0.0720135
272.764 12.6707 1318.53 0.0511235
272.82 12.6729 1319.24 0.0292627
272.876 12.6741 1319.96 0.0165388
272.933 12.6743 1320.67 -0.00285311
272.989 12.6736 1321.38 -0.0226618
273.045 12.6716 1322.09 -0.0434246
273.101 12.6684 1322.8 -0.0670087
273.157 12.6638 1323.52 -0.0945281
273.213 12.6577 1324.23 -0.116422
273.27 12.6502 1324.94 -0.142718
273.326 12.6414 1325.65 -0.166742
273.382 12.6313 1326.36 -0.187624
273.438 12.62 1327.07 -0.206924
273.494 12.6078 1327.78 -0.228005
273.551 12.5941 1328.48 -0.249655
273.607 12.5793 1329.19 -0.271491
273.663 12.5636 1329.9 -0.285683
273.719 12.5473 1330.6 -0.29342
273.775 12.5305 1331.31 -0.301056
273.831 12.5134 1332.01 -0.309848
273.888 12.4952 1332.71 -0.332105
273.944 12.476 1333.41 -0.344549
274 12.4566 1334.11 -0.34788
274.056 12.4372 1334.81 -0.342496
274.112 12.418 1335.51 -0.339185
274.169 12.3992 1336.21 -0.33369
274.225 12.3806 1336.9 -0.330456
274.281 12.3619 1337.6 -0.333007
274.337 12.3431 1338.29 -0.333001
274.393 12.3249 1338.99 -0.32028
274.449 12.307 1339.68 -0.312705
274.506 12.2899 1340.37 -0.3012
274.562 12.2735 1341.06 -0.284488
274.618 12.2577 1341.75 -0.276664
274.674 12.2425 1342.43 -0.267675
274.73 12.228 1343.12 -0.252508
274.787 12.2142 1343.81 -0.239674
274.843 12.2015 1344.49 -0.219776
274.899 12.1898 1345.18 -0.200894
274.955 12.1791 1345.86 -0.185213
275.011 12.1694 1346.55 -0.164408
275.067 12.1606 1347.23 -0.152174
275.124 12.1524 1347.91 -0.143308
275.18 12.1446 1348.6 -0.135212
275.236 12.1373 1349.28 -0.126783
275.292 12.1307 1349.96 -0.111348
275.348 12.1249 1350.64 -0.0952202
275.404 12.12 1351.32 -0.082487
275.461 12.116 1352 -0.0649686
275.517 12.113 1352.68 -0.0465046
275.573 12.1109 1353.36 -0.0285702
275.629 12.1097 1354.04 -0.0168258
275.685 12.1091 1354.72 -0.00929696
275.742 12.1089 1355.4 0.000646198
275.798 12.1092 1356.09 0.009285
275.854 12.1101 1356.77 0.017593
275.91 12.1115 1357.45 0.0280652
275.966 12.113 1358.13 0.0280651
276.022 12.1148 1358.81 0.0312764
276.079 12.1168 1359.49 0.0383746
276.135 12.1191 1360.17 0.0434507
276.191 12.1215 1360.85 0.0410152
276.247 12.1237 1361.53 0.0369176
276.303 12.1255 1362.21 0.0303007
276.36 12.1273 1362.89 0.0305542
276.416 12.129 1363.57 0.0297433
276.472 12.1304 1364.26 0.0240707
276.528 12.1316 1364.94 0.0190056
276.584 12.1327 1365.62 0.0185374
276.64 12.1336 1366.3 0.0142311
276.697 12.1342 1366.98 0.00630211
276.753 12.1343 1367.66 -0.000677436
276.809 12.1338 1368.35 -0.0129579
276.865 12.1328 1369.03 -0.0195863
276.921 12.1316 1369.71 -0.0242642
276.978 12.1298 1370.39 -0.0400761
277.034 12.1271 1371.07 -0.0535384
277.09 12.1239 1371.75 -0.0575545
277.146 12.1206 1372.43 -0.0597552
277.202 12.1172 1373.11 -0.0621649
277.258 12.1136 1373.8 -0.0663311
277.315 12.1093 1374.48 -0.0845806
277.371 12.1042 1375.16 -0.094884
277.427 12.0986 1375.84 -0.100683
277.483 12.0927 1376.52 -0.105992
277.539 12.0865 1377.19 -0.116765
277.596 12.0796 1377.87 -0.126931
277.652 12.0722 1378.55 -0.133939
277.708 12.0645 1379.23 -0.136618
277.764 12.0568 1379.91 -0.138421
277.82 12.0488 1380.58 -0.145545
277.876 12.0405 1381.26 -0.148886
277.933 12.0322 1381.94 -0.14839
277.989 12.0238 1382.61 -0.148448
278.045 12.0155 1383.29 -0.149968
278.101 12.007 1383.96 -0.148597
278.157 11.9987 1384.64 -0.146818
278.213 11.9906 1385.31 -0.144035
278.27 11.9827 1385.98 -0.138322
278.326 11.9751 1386.66 -0.131753
278.382 11.9679 1387.33 -0.128144
278.438 11.961 1388 -0.11971
278.494 11.9544 1388.67 -0.113324
278.551 11.9486 1389.34 -0.100582
278.607 11.9431 1390.02 -0.0923877
278.663 11.9381 1390.69 -0.0852806
278.719 11.9339 1391.36 -0.0723248
278.775 11.9302 1392.03 -0.0619845
278.831 11.927 1392.7 -0.0533612
278.888 11.9243 1393.37 -0.0425446
278.944 11.9225 1394.04 -0.0266744
279 11.9213 1394.71 -0.0152514
279.056 11.9208 1395.38 -0.00762818
279.112 11.9209 1396.05 0.00650236
279.169 11.9216 1396.72 0.0196065
279.225 11.923 1397.39 0.0273823
279.281 11.9253 1398.06 0.0470004
279.337 11.9284 1398.73 0.0624881
279.393 11.9324 1399.4 0.0762117
279.449 11.9373 1400.07 0.0951994
279.506 11.9431 1400.74 0.107607
279.562 11.9495 1401.41 0.117303
279.618 11.9566 1402.08 0.131808
279.674 11.9645 1402.75 0.145387
279.73 11.9731 1403.42 0.156505
279.787 11.9823 1404.1 0.16788
279.843 11.9921 1404.77 0.177045
279.899 12.0023 1405.45 0.184119
279.955 12.0128 1406.12 0.191972
