# t frame_uz frame_z ub_dans_repere
160.001 1.62179e-05 1.67023e-08 0.0157476
160.019 0.0062385 6.43801e-05 0.390333
160.051 0.0236913 0.000584009 0.640491
160.092 0.0571351 0.00236283 0.910053
160.14 0.108288 0.00645085 1.20255
160.19 0.178205 0.0139821 1.49965
160.243 0.266284 0.0261095 1.77855
160.297 0.37118 0.0438053 2.0502
160.352 0.491952 0.0681178 2.29922
160.407 0.62531 0.099492 2.51001
160.463 0.772652 0.139392 2.71235
160.519 0.93069 0.187905 2.89139
160.575 1.09785 0.245576 3.04749
160.631 1.27311 0.312882 3.1839
160.687 1.45543 0.390239 3.30266
160.743 1.64364 0.478005 3.39698
160.798 1.83672 0.576476 3.47729
160.854 2.03339 0.685878 3.53673
160.91 2.23289 0.806389 3.57852
160.966 2.43423 0.938131 3.60891
161.022 2.63743 1.08142 3.63374
161.079 2.8423 1.23649 3.65363
161.135 3.04774 1.40309 3.65919
161.191 3.25325 1.58124 3.65621
161.247 3.4586 1.77093 3.64965
161.303 3.66324 1.97214 3.63309
161.36 3.86669 2.1848 3.61416
161.416 4.06903 2.40886 3.5936
161.472 4.27019 2.64424 3.57417
161.528 4.47014 2.89089 3.54899
161.584 4.66871 3.14872 3.52332
161.64 4.86556 3.41765 3.4911
161.697 5.0605 3.69757 3.45686
161.753 5.25312 3.98838 3.41069
161.809 5.44317 4.28991 3.36367
161.865 5.63017 4.60203 3.30467
161.921 5.81446 4.92455 3.27054
161.978 5.99613 5.25735 3.20495
162.034 6.17431 5.60023 3.15069
162.09 6.34947 5.95302 3.0937
162.146 6.52125 6.31554 3.03352
162.202 6.6895 6.68759 2.96784
162.258 6.85372 7.06896 2.89201
162.315 7.01378 7.45941 2.82166
162.371 7.17008 7.85873 2.75637
162.427 7.32272 8.2667 2.69025
162.483 7.47163 8.68313 2.62608
162.539 7.61675 9.10779 2.5565
162.596 7.75805 9.54048 2.48525
162.652 7.89543 9.98097 2.42006
162.708 8.02934 10.4291 2.36205
162.764 8.16004 10.8846 2.30117
162.82 8.28707 11.3473 2.23544
162.876 8.41085 11.8171 2.18241
162.933 8.53169 12.2937 2.13073
162.989 8.64989 12.777 2.08432
163.045 8.76533 13.2668 2.03557
163.101 8.87808 13.7631 1.9856
163.157 8.98768 14.2655 1.92676
163.213 9.09381 14.7741 1.86584
163.27 9.19681 15.2884 1.8109
163.326 9.29716 15.8085 1.76654
163.382 9.39467 16.3341 1.71422
163.438 9.48918 16.8651 1.66226
163.494 9.58082 17.4013 1.60823
163.551 9.66899 17.9425 1.54467
163.607 9.7538 18.4886 1.48667
163.663 9.83559 19.0394 1.43676
163.719 9.91469 19.5946 1.39028
163.775 9.99129 20.1542 1.34456
163.831 10.0657 20.718 1.31182
163.888 10.1379 21.2859 1.26911
163.944 10.2079 21.8579 1.22932
164 10.2758 22.4336 1.1959
164.056 10.3417 23.0132 1.16055
164.112 10.4057 23.5963 1.12106
164.169 10.4672 24.183 1.07853
164.225 10.5261 24.773 1.0315
164.281 10.5828 25.3663 0.992078
164.337 10.6377 25.9627 0.969022
164.393 10.6911 26.5621 0.941984
164.449 10.7432 27.1645 0.91688
164.506 10.794 27.7698 0.896928
164.562 10.8434 28.3779 0.868428
164.618 10.8913 28.9887 0.841661
164.674 10.9378 29.6021 0.81937
164.73 10.983 30.2181 0.797247
164.787 11.0272 30.8366 0.777408
164.843 11.0704 31.4576 0.763753
164.899 11.1127 32.081 0.746378
164.955 11.1542 32.7067 0.731289
165.011 11.1948 33.3347 0.71693
165.067 11.2344 33.965 0.698769
165.124 11.2729 34.5974 0.676788
165.18 11.3105 35.232 0.661619
165.236 11.3468 35.8686 0.638425
165.292 11.3818 36.5073 0.613042
165.348 11.4155 37.1478 0.590498
165.404 11.4479 37.7903 0.569653
165.461 11.4791 38.4345 0.550436
165.517 11.5096 39.0804 0.541871
165.573 11.539 39.728 0.517249
165.629 11.5676 40.3772 0.501068
165.685 11.5952 41.028 0.489364
165.742 11.6221 41.6803 0.471763
165.798 11.6482 42.3341 0.460097
165.854 11.6735 42.9894 0.448584
165.91 11.6981 43.646 0.430774
165.966 11.7219 44.304 0.414736
166.022 11.7448 44.9634 0.402462
166.079 11.767 45.6239 0.390081
166.135 11.7886 46.2857 0.381539
166.191 11.8097 46.9487 0.372714
166.247 11.8303 47.6129 0.3635
166.303 11.8505 48.2782 0.356086
166.36 11.8703 48.9446 0.35002
166.416 11.8896 49.6121 0.33758
166.472 11.908 50.2807 0.319586
166.528 11.9255 50.9503 0.306834
166.584 11.942 51.6208 0.286488
166.64 11.9575 52.2923 0.269021
166.697 11.9722 52.9645 0.254992
166.753 11.9859 53.6376 0.239447
166.809 11.9989 54.3114 0.226812
166.865 12.0111 54.9859 0.212468
166.921 12.0224 55.6611 0.194003
166.978 12.0328 56.3368 0.178004
167.034 12.0423 57.0132 0.165227
167.09 12.0512 57.69 0.153197
167.146 12.0596 58.3673 0.14756
167.202 12.0676 59.0451 0.139911
167.258 12.0751 59.7233 0.127774
167.315 12.0819 60.4019 0.116624
167.371 12.0882 61.0809 0.108944
167.427 12.094 61.7602 0.0997627
167.483 12.0995 62.4398 0.0973053
167.539 12.1048 63.1197 0.0941425
167.596 12.1099 63.8 0.0869018
167.652 12.1148 64.4805 0.0819842
167.708 12.1194 65.1612 0.0803219
167.764 12.1237 65.8422 0.0765223
167.82 12.1279 66.5235 0.0735969
167.876 12.1321 67.205 0.0759432
167.933 12.1361 67.8867 0.0688098
167.989 12.1399 68.5686 0.0642429
168.045 12.1435 69.2508 0.061237
168.101 12.1466 69.9331 0.0542162
168.157 12.1495 70.6156 0.04662
168.213 12.1519 71.2982 0.0405126
168.27 12.1537 71.981 0.0294436
168.326 12.1552 72.6638 0.025859
168.382 12.1567 73.3467 0.0286571
168.438 12.1583 74.0298 0.0268504
168.494 12.16 74.7129 0.0330056
168.551 12.1621 75.3961 0.0397893
168.607 12.1644 76.0794 0.0410367
168.663 12.1671 76.7629 0.0506355
168.719 12.1702 77.4466 0.057746
168.775 12.1734 78.1304 0.0573362
168.831 12.1766 78.8144 0.0539711
168.888 12.1799 79.4986 0.0621392
168.944 12.1835 80.183 0.0679536
169 12.1875 80.8676 0.0707126
169.056 12.1918 81.5524 0.0816913
169.112 12.1965 82.2375 0.0870103
169.169 12.2017 82.9229 0.0945559
169.225 12.2072 83.6085 0.10063
169.281 12.2131 84.2945 0.108948
169.337 12.2194 84.9809 0.11067
169.393 12.2258 85.6676 0.11852
169.449 12.2325 86.3546 0.121532
169.506 12.2393 87.0421 0.120216
169.562 12.2462 87.7299 0.124123
169.618 12.2534 88.4181 0.129806
169.674 12.2609 89.1068 0.133984
169.73 12.2686 89.7959 0.14041
169.787 12.2767 90.4854 0.147175
169.843 12.2852 91.1754 0.15717
169.899 12.2943 91.8658 0.16652
169.955 12.304 92.5569 0.176196
170.011 12.3141 93.2484 0.181068
170.067 12.3248 93.9406 0.193822
170.124 12.3358 94.6334 0.197281
170.18 12.3471 95.3268 0.199956
170.236 12.3585 96.0208 0.206312
170.292 12.37 96.7155 0.206464
170.348 12.3817 97.4108 0.207357
170.404 12.3937 98.1068 0.215516
170.461 12.4059 98.8035 0.217087
170.517 12.4182 99.5009 0.215745
170.573 12.4311 100.199 0.231127
170.629 12.444 100.898 0.233668
170.685 12.4572 101.597 0.233034
170.742 12.4705 102.298 0.238318
170.798 12.4838 102.999 0.238295
170.854 12.4971 103.7 0.236203
170.91 12.5105 104.403 0.238088
170.966 12.5236 105.106 0.233403
171.022 12.5363 105.81 0.221178
171.079 12.5487 106.515 0.21775
171.135 12.5608 107.22 0.214722
171.191 12.5725 107.926 0.208074
171.247 12.5843 108.633 0.208382
171.303 12.5959 109.341 0.204926
171.36 12.6073 110.049 0.202352
171.416 12.6186 110.757 0.199849
171.472 12.6298 111.466 0.198169
171.528 12.6408 112.176 0.196453
171.584 12.6519 112.887 0.19822
171.64 12.6631 113.598 0.198573
171.697 12.6743 114.31 0.200039
171.753 12.6856 115.022 0.201802
171.809 12.6969 115.735 0.203219
171.865 12.7083 116.449 0.199852
171.921 12.7193 117.163 0.195432
171.978 12.7301 117.878 0.189759
172.034 12.7409 118.594 0.189534
172.09 12.7513 119.31 0.182222
172.146 12.7611 120.027 0.171679
172.202 12.7707 120.744 0.167573
172.258 12.78 121.462 0.161262
172.315 12.7888 122.18 0.156451
172.371 12.7975 122.899 0.150608
172.427 12.8058 123.618 0.145581
172.483 12.8139 124.338 0.142812
172.539 12.8218 125.058 0.139619
172.596 12.8297 125.778 0.139406
172.652 12.8376 126.499 0.139333
172.708 12.8455 127.221 0.141099
172.764 12.8535 127.943 0.142224
172.82 12.8612 128.665 0.134016
172.876 12.8688 129.388 0.133714
172.933 12.8764 130.111 0.137481
172.989 12.8841 130.835 0.136768
173.045 12.8919 131.559 0.13969
173.101 12.8998 132.284 0.142126
173.157 12.9078 133.008 0.141658
173.213 12.916 133.734 0.146435
173.27 12.9244 134.46 0.151005
173.326 12.9328 135.186 0.1488
173.382 12.9414 135.913 0.153049
173.438 12.9499 136.64 0.1516
173.494 12.9586 137.368 0.151599
173.551 12.9673 138.096 0.155184
173.607 12.976 138.825 0.159236
173.663 12.9852 139.555 0.165694
173.719 12.9949 140.284 0.177252
173.775 13.0051 141.015 0.186182
173.831 13.0157 141.746 0.189936
173.888 13.0266 142.477 0.194198
173.944 13.0376 143.21 0.195204
174 13.0486 143.942 0.195473
174.056 13.0598 144.676 0.200576
174.112 13.0713 145.41 0.205562
174.169 13.083 146.145 0.211519
174.225 13.0952 146.88 0.218832
174.281 13.1078 147.616 0.227912
174.337 13.1208 148.353 0.231233
174.393 13.134 149.091 0.233524
174.449 13.1473 149.829 0.238771
174.506 13.1607 150.568 0.24162
174.562 13.1743 151.308 0.241061
174.618 13.1879 152.048 0.246388
174.674 13.2018 152.79 0.248261
174.73 13.216 153.532 0.253954
174.787 13.2307 154.275 0.265146
174.843 13.2457 155.019 0.269354
174.899 13.2611 155.763 0.274479
174.955 13.2768 156.509 0.280697
175.011 13.2925 157.255 0.280385
175.067 13.3083 158.003 0.281223
175.124 13.3242 158.751 0.283644
175.18 13.3401 159.5 0.283759
175.236 13.356 160.25 0.283689
175.292 13.3719 161.001 0.285609
175.348 13.3879 161.752 0.285623
175.404 13.4039 162.505 0.283139
175.461 13.4199 163.259 0.28659
175.517 13.4359 164.013 0.284241
175.573 13.4517 164.769 0.27914
175.629 13.4672 165.525 0.274291
175.685 13.4824 166.282 0.267493
175.742 13.4972 167.04 0.260453
175.798 13.5117 167.799 0.256241
175.854 13.5257 168.558 0.249047
175.91 13.5396 169.318 0.243498
175.966 13.553 170.08 0.236227
176.022 13.566 170.841 0.228364
176.079 13.5785 171.604 0.217615
176.135 13.5909 172.367 0.218897
176.191 13.6027 173.131 0.208247
176.247 13.6143 173.896 0.201323
176.303 13.6254 174.661 0.194621
176.36 13.6362 175.427 0.188917
176.416 13.6465 176.193 0.177777
176.472 13.6562 176.96 0.170113
176.528 13.6652 177.728 0.155548
176.584 13.6736 178.496 0.142862
176.64 13.6812 179.264 0.13095
176.697 13.688 180.033 0.113404
176.753 13.6937 180.802 0.0927746
176.809 13.6984 181.572 0.079217
176.865 13.7023 182.341 0.0662834
176.921 13.7057 183.111 0.0546267
176.978 13.7086 183.881 0.0499153
177.034 13.711 184.652 0.0389011
177.09 13.7127 185.422 0.0243727
177.146 13.7137 186.192 0.0121364
177.202 13.7138 186.963 -0.000272623
177.258 13.7135 187.733 -0.0114639
177.315 13.7124 188.504 -0.0242906
177.371 13.7104 189.274 -0.0395785
177.427 13.7077 190.044 -0.054575
177.483 13.7043 190.814 -0.0631082
177.539 13.7003 191.584 -0.0761922
177.596 13.6957 192.353 -0.088034
177.652 13.6907 193.123 -0.0894291
177.708 13.6852 193.892 -0.102159
177.764 13.6792 194.66 -0.110241
177.82 13.6729 195.428 -0.112552
177.876 13.6663 196.196 -0.12128
177.933 13.6592 196.964 -0.131586
177.989 13.6514 197.731 -0.14266
178.045 13.6431 198.498 -0.150145
178.101 13.6344 199.264 -0.159351
178.157 13.6254 200.03 -0.156847
178.213 13.6165 200.795 -0.158122
178.27 13.6078 201.559 -0.154459
178.326 13.5993 202.324 -0.150974
178.382 13.5908 203.087 -0.149879
178.438 13.5825 203.851 -0.148446
178.494 13.5743 204.613 -0.143215
178.551 13.5666 205.376 -0.135924
178.607 13.5594 206.138 -0.124707
178.663 13.5526 206.899 -0.117663
178.719 13.5463 207.66 -0.107266
178.775 13.5406 208.421 -0.0991224
178.831 13.5352 209.182 -0.0925323
178.888 13.5303 209.942 -0.0812794
178.944 13.5262 210.702 -0.0710439
179 13.5226 211.462 -0.057403
179.056 13.5196 212.221 -0.0521732
179.112 13.5169 212.981 -0.0464515
179.169 13.5147 213.74 -0.0349346
179.225 13.5129 214.499 -0.0280506
179.281 13.5117 215.258 -0.0184529
179.337 13.5112 216.017 -0.00553083
179.393 13.5109 216.776 0.000204206
179.449 13.5111 217.535 0.00269177
179.506 13.5116 218.295 0.0112499
179.562 13.5124 219.054 0.0150577
179.618 13.5135 219.813 0.0199649
179.674 13.5148 220.572 0.0253279
179.73 13.5165 221.331 0.03093
179.787 13.5184 222.091 0.0340085
179.843 13.5204 222.85 0.0335387
179.899 13.5224 223.61 0.0359476
179.955 13.5245 224.37 0.0388121
180.011 13.5268 225.13 0.0403843
180.067 13.5292 225.89 0.0440823
180.124 13.5318 226.65 0.0494639
180.18 13.5348 227.41 0.0544628
180.236 13.5381 228.17 0.062885
180.292 13.542 228.931 0.0721689
180.348 13.5463 229.692 0.0821696
180.404 13.5511 230.453 0.0872802
180.461 13.5564 231.215 0.0965427
180.517 13.5622 231.977 0.109354
180.573 13.5686 232.739 0.117492
180.629 13.5754 233.501 0.120389
180.685 13.5825 234.264 0.13038
180.742 13.5898 235.027 0.129532
180.798 13.5971 235.791 0.126007
180.854 13.6043 236.555 0.130014
180.91 13.6113 237.32 0.125771
180.966 13.6184 238.085 0.123255
181.022 13.6254 238.85 0.12456
181.079 13.6322 239.616 0.12036
181.135 13.6388 240.382 0.11275
181.191 13.6451 241.148 0.110619
181.247 13.651 241.915 0.104053
181.303 13.6567 242.682 0.0975587
181.36 13.662 243.45 0.0949041
181.416 13.6671 244.217 0.0903901
181.472 13.672 244.985 0.0812881
181.528 13.6767 245.753 0.0851066
181.584 13.6811 246.522 0.0793256
181.64 13.6854 247.291 0.0723581
181.697 13.6894 248.06 0.0677282
181.753 13.6928 248.829 0.0580617
181.809 13.6957 249.598 0.0470233
181.865 13.698 250.368 0.0366356
181.921 13.6999 251.137 0.0305364
181.978 13.7015 251.907 0.027541
182.034 13.7031 252.677 0.0294186
182.09 13.7046 253.447 0.0247895
182.146 13.7061 254.217 0.0245145
182.202 13.7075 254.987 0.0254775
182.258 13.7087 255.757 0.0194635
182.315 13.7096 256.527 0.00966693
182.371 13.7099 257.297 0.00165692
182.427 13.7097 258.068 -0.00541366
182.483 13.7091 258.838 -0.0146557
182.539 13.7083 259.608 -0.0153599
182.596 13.7072 260.378 -0.0224091
182.652 13.706 261.148 -0.0209694
182.708 13.7049 261.918 -0.0166406
182.764 13.7041 262.688 -0.0117501
182.82 13.7033 263.458 -0.0131284
182.876 13.7028 264.228 -0.00730731
182.933 13.7023 264.997 -0.00782613
182.989 13.702 265.767 -0.00553868
183.045 13.7016 266.537 -0.00681527
183.101 13.7011 267.307 -0.00843117
183.157 13.7008 268.076 -0.00223701
183.213 13.701 268.846 0.00633339
183.27 13.7014 269.616 0.0099017
183.326 13.7022 270.386 0.016978
183.382 13.7035 271.155 0.0271946
183.438 13.7053 271.925 0.0350355
183.494 13.7075 272.695 0.0425986
183.551 13.7102 273.465 0.0516918
183.607 13.7135 274.236 0.0653388
183.663 13.7176 275.006 0.0744758
183.719 13.7222 275.777 0.0872657
183.775 13.7272 276.548 0.0927611
183.831 13.7329 277.32 0.104479
183.888 13.7391 278.091 0.114703
183.944 13.746 278.863 0.130528
184 13.7538 279.636 0.141346
184.056 13.762 280.409 0.148981
184.112 13.7707 281.182 0.159647
184.169 13.7797 281.956 0.162591
184.225 13.789 282.731 0.169279
184.281 13.7987 283.506 0.177544
184.337 13.8089 284.281 0.183626
184.393 13.8196 285.057 0.195031
184.449 13.8309 285.834 0.20465
184.506 13.8427 286.612 0.213419
184.562 13.8548 287.39 0.218496
184.618 13.8671 288.168 0.218652
184.674 13.8795 288.948 0.221314
184.73 13.892 289.728 0.225192
184.787 13.9048 290.509 0.22842
184.843 13.9177 291.291 0.229105
184.899 13.9307 292.073 0.232399
184.955 13.9435 292.856 0.226864
185.011 13.9563 293.64 0.225245
185.067 13.9688 294.424 0.22338
185.124 13.9814 295.209 0.223187
185.18 13.9938 295.995 0.218075
185.236 14.0056 296.782 0.20508
185.292 14.0168 297.569 0.194797
185.348 14.0274 298.357 0.184503
185.404 14.0374 299.145 0.173192
185.461 14.0466 299.934 0.160598
185.517 14.0553 300.724 0.148714
185.573 14.0632 301.514 0.134585
185.629 14.07 302.304 0.114379
185.685 14.0761 303.095 0.102055
185.742 14.0813 303.885 0.0875281
185.798 14.0856 304.677 0.0695919
185.854 14.089 305.468 0.0552495
185.91 14.0916 306.26 0.0401757
185.966 14.0934 307.052 0.0251037
186.022 14.094 307.843 -0.00102057
186.079 14.0933 308.635 -0.0211151
186.135 14.0914 309.427 -0.0442032
186.191 14.088 310.218 -0.0703242
186.247 14.0832 311.01 -0.093623
186.303 14.0771 311.801 -0.116488
186.36 14.0699 312.591 -0.139303
186.416 14.0614 313.381 -0.158076
186.472 14.0517 314.171 -0.18241
186.528 14.0409 314.96 -0.203055
186.584 14.0288 315.749 -0.222164
186.64 14.0153 316.536 -0.250332
186.697 14.0007 317.323 -0.268692
186.753 13.985 318.109 -0.285137
186.809 13.9684 318.894 -0.301799
186.865 13.9511 319.678 -0.315594
186.921 13.9329 320.462 -0.326905
186.978 13.914 321.244 -0.341513
187.034 13.8944 322.025 -0.355193
187.09 13.8741 322.805 -0.364183
187.146 13.8533 323.583 -0.37233
187.202 13.8324 324.361 -0.373356
187.258 13.8114 325.137 -0.372805
187.315 13.7905 325.913 -0.37009
187.371 13.7698 326.687 -0.36881
187.427 13.7493 327.459 -0.360932
187.483 13.7292 328.231 -0.356669
187.539 13.7094 329.002 -0.35088
187.596 13.6899 329.771 -0.343135
187.652 13.6706 330.54 -0.345588
187.708 13.6514 331.307 -0.3395
187.764 13.6327 332.073 -0.327295
187.82 13.6148 332.839 -0.314061
187.876 13.5975 333.603 -0.301838
187.933 13.5812 334.366 -0.287191
187.989 13.5652 335.129 -0.284413
188.045 13.5494 335.89 -0.279789
188.101 13.5341 336.651 -0.265442
188.157 13.5195 337.411 -0.254999
188.213 13.5055 338.17 -0.245628
188.27 13.4922 338.928 -0.231336
188.326 13.4796 339.686 -0.220089
188.382 13.4676 340.443 -0.208078
188.438 13.4563 341.199 -0.197946
188.494 13.4455 341.955 -0.186322
188.551 13.4356 342.71 -0.171162
188.607 13.4264 343.464 -0.161397
188.663 13.4175 344.218 -0.152881
188.719 13.4094 344.972 -0.13954
188.775 13.402 345.725 -0.124214
188.831 13.3955 346.477 -0.110004
188.888 13.3897 347.23 -0.100417
188.944 13.3844 347.982 -0.0904169
189 13.3796 348.734 -0.0803751
189.056 13.3752 349.485 -0.0777932
189.112 13.371 350.236 -0.0712571
189.169 13.3673 350.987 -0.064521
189.225 13.3638 351.738 -0.059989
189.281 13.3608 352.489 -0.0491086
189.337 13.3582 353.239 -0.0435792
189.393 13.3559 353.99 -0.0384076
189.449 13.3538 354.74 -0.0343882
189.506 13.3518 355.49 -0.0353688
189.562 13.3497 356.24 -0.0424991
189.618 13.3471 356.99 -0.0474583
189.674 13.3443 357.74 -0.0489491
189.73 13.3416 358.489 -0.0499632
189.787 13.3387 359.239 -0.0500021
189.843 13.3357 359.988 -0.0551164
189.899 13.3323 360.737 -0.0639502
189.955 13.3287 361.486 -0.062559
190.011 13.3249 362.235 -0.0680568
190.067 13.321 362.983 -0.0726344
190.124 13.3169 363.731 -0.0746557
190.18 13.3124 364.479 -0.0831134
190.236 13.3073 365.227 -0.0967648
190.292 13.3015 365.975 -0.108575
190.348 13.2947 366.722 -0.125583
190.404 13.2873 367.468 -0.141433
190.461 13.2792 368.215 -0.143337
190.517 13.2705 368.96 -0.156347
190.573 13.2617 369.705 -0.160335
190.629 13.2527 370.45 -0.160956
190.685 13.2434 371.194 -0.168051
190.742 13.2338 371.938 -0.176071
190.798 13.2238 372.681 -0.179169
190.854 13.2134 373.424 -0.18959
190.91 13.2024 374.166 -0.200114
190.966 13.1911 374.907 -0.200239
191.022 13.1796 375.648 -0.203311
191.079 13.1681 376.388 -0.207552
191.135 13.1565 377.127 -0.206511
191.191 13.1447 377.866 -0.21059
191.247 13.1328 378.604 -0.213702
191.303 13.1209 379.341 -0.210147
191.36 13.1091 380.078 -0.207842
191.416 13.0975 380.814 -0.20472
191.472 13.0863 381.55 -0.196442
191.528 13.0753 382.284 -0.193381
191.584 13.0647 383.019 -0.188224
191.64 13.0543 383.752 -0.183544
191.697 13.0439 384.485 -0.1833
191.753 13.0338 385.218 -0.176912
191.809 13.0238 385.95 -0.178701
191.865 13.014 386.681 -0.174407
191.921 13.0042 387.412 -0.174111
191.978 12.9945 388.142 -0.170216
192.034 12.985 388.872 -0.1654
192.09 12.9761 389.601 -0.154726
192.146 12.9679 390.33 -0.13639
192.202 12.9607 391.058 -0.122135
192.258 12.9544 391.786 -0.109846
192.315 12.9486 392.513 -0.0981809
192.371 12.9435 393.241 -0.0858203
192.427 12.9392 393.968 -0.0723355
192.483 12.9356 394.695 -0.0539318
192.539 12.9333 395.421 -0.0319619
192.596 12.932 396.148 -0.0150223
192.652 12.9318 396.874 0.00470666
192.708 12.9326 397.601 0.0207443
192.764 12.9345 398.327 0.0407771
192.82 12.9373 399.054 0.0604507
192.876 12.9412 399.781 0.0757441
192.933 12.946 400.508 0.0931144
192.989 12.952 401.236 0.117125
193.045 12.9593 401.964 0.137404
193.101 12.9677 402.692 0.152257
193.157 12.9769 403.421 0.170729
193.213 12.9869 404.15 0.184261
193.27 12.9977 404.88 0.197243
193.326 13.0093 405.611 0.215206
193.382 13.0219 406.342 0.231466
193.438 13.0354 407.074 0.243748
193.494 13.0496 407.807 0.257949
193.551 13.0644 408.54 0.267616
193.607 13.0798 409.275 0.276478
193.663 13.0957 410.01 0.289417
193.719 13.1124 410.747 0.301463
193.775 13.1298 411.484 0.315485
193.831 13.148 412.222 0.33069
193.888 13.167 412.961 0.343269
193.944 13.1866 413.702 0.352183
194 13.2067 414.443 0.359259
194.056 13.227 415.186 0.365435
194.112 13.2479 415.93 0.37688
194.169 13.2695 416.675 0.389794
194.225 13.2916 417.421 0.394338
194.281 13.3138 418.168 0.397876
194.337 13.3363 418.917 0.402981
194.393 13.3591 419.667 0.408667
194.449 13.3823 420.418 0.416363
194.506 13.4061 421.171 0.427266
194.562 13.4301 421.925 0.427699
194.618 13.4541 422.68 0.426062
194.674 13.4779 423.437 0.424045
194.73 13.5015 424.195 0.419509
194.787 13.5249 424.954 0.416704
194.843 13.5482 425.715 0.414038
194.899 13.5714 426.477 0.412196
194.955 13.5945 427.24 0.40985
195.011 13.6174 428.004 0.403199
195.067 13.6401 428.77 0.404468
195.124 13.6626 429.537 0.39898
195.18 13.6847 430.306 0.389335
195.236 13.7062 431.075 0.379556
195.292 13.7272 431.846 0.369457
195.348 13.7477 432.618 0.362012
195.404 13.7677 433.391 0.35393
195.461 13.7874 434.165 0.348395
195.517 13.8069 434.94 0.3453
195.573 13.8261 435.716 0.339753
195.629 13.8449 436.494 0.331362
195.685 13.8633 437.272 0.325429
195.742 13.8812 438.052 0.312594
195.798 13.8984 438.832 0.301623
195.854 13.915 439.613 0.291284
195.91 13.9308 440.396 0.2757
195.966 13.9458 441.179 0.259622
196.022 13.9599 441.963 0.245633
196.079 13.9733 442.747 0.235294
196.135 13.9861 443.533 0.223404
196.191 13.9981 444.319 0.20771
196.247 14.0093 445.106 0.196305
196.303 14.0201 445.893 0.190052
196.36 14.0305 446.681 0.180727
196.416 14.0401 447.47 0.166964
196.472 14.0492 448.259 0.15444
196.528 14.0575 449.048 0.144628
196.584 14.0651 449.838 0.129727
196.64 14.072 450.629 0.117914
196.697 14.0783 451.42 0.110341
196.753 14.0843 452.211 0.106311
196.809 14.0902 453.002 0.10007
196.865 14.0955 453.794 0.0898848
196.921 14.1 454.586 0.0749524
196.978 14.1037 455.378 0.0605397
197.034 14.1068 456.171 0.0517846
197.09 14.1093 456.963 0.0390477
197.146 14.1111 457.756 0.0249339
197.202 14.1121 458.549 0.0154416
197.258 14.1124 459.342 -0.00118494
197.315 14.112 460.135 -0.0144603
197.371 14.1109 460.927 -0.0208376
197.427 14.1095 461.72 -0.0291301
197.483 14.1075 462.513 -0.0407724
197.539 14.1048 463.305 -0.0549316
197.596 14.1012 464.097 -0.0667756
197.652 14.0972 464.889 -0.0732996
197.708 14.0928 465.681 -0.0838402
197.764 14.0877 466.473 -0.0955487
197.82 14.0821 467.264 -0.106268
197.876 14.0757 468.055 -0.116671
197.933 14.0687 468.846 -0.12922
197.989 14.0612 469.636 -0.137402
198.045 14.0536 470.425 -0.139409
198.101 14.0454 471.215 -0.148723
198.157 14.0369 472.003 -0.152111
198.213 14.0284 472.792 -0.150092
198.27 14.0197 473.58 -0.156646
198.326 14.0108 474.367 -0.162744
198.382 14.0015 475.154 -0.168211
198.438 13.9918 475.94 -0.173556
198.494 13.9818 476.726 -0.18219
198.551 13.9715 477.511 -0.182065
198.607 13.9611 478.295 -0.187378
198.663 13.9506 479.079 -0.188218
198.719 13.94 479.863 -0.192412
198.775 13.929 480.646 -0.19233
198.831 13.9183 481.428 -0.191752
198.888 13.9077 482.209 -0.186589
198.944 13.8972 482.99 -0.187138
199 13.8868 483.771 -0.182589
199.056 13.8768 484.55 -0.176492
199.112 13.867 485.33 -0.172154
199.169 13.8576 486.108 -0.165634
199.225 13.8484 486.887 -0.160463
199.281 13.8395 487.664 -0.15421
199.337 13.831 488.442 -0.151745
199.393 13.8227 489.218 -0.145106
199.449 13.8146 489.995 -0.143822
199.506 13.8068 490.77 -0.137398
199.562 13.7991 491.546 -0.137496
199.618 13.7912 492.321 -0.144186
199.674 13.7831 493.095 -0.145169
199.73 13.7748 493.869 -0.147427
199.787 13.7664 494.643 -0.152774
199.843 13.7576 495.416 -0.162498
199.899 13.748 496.189 -0.173398
199.955 13.7379 496.961 -0.184278
200.011 13.7271 497.732 -0.198948
200.067 13.7153 498.503 -0.214225
200.124 13.7025 499.273 -0.235003
200.18 13.6887 500.042 -0.255524
200.236 13.6737 500.811 -0.27056
200.292 13.6578 501.578 -0.291476
200.348 13.641 502.345 -0.307261
200.404 13.6231 503.111 -0.326701
200.461 13.6039 503.876 -0.349214
200.517 13.5834 504.639 -0.37853
200.573 13.5615 505.402 -0.396259
200.629 13.5385 506.163 -0.4161
200.685 13.5148 506.923 -0.426643
200.742 13.4905 507.681 -0.439915
200.798 13.4653 508.438 -0.458128
200.854 13.4389 509.194 -0.475872
200.91 13.4119 509.948 -0.484584
200.966 13.3842 510.7 -0.493977
201.022 13.3565 511.451 -0.494688
201.079 13.3289 512.201 -0.489221
201.135 13.3015 512.949 -0.485704
201.191 13.2742 513.695 -0.486312
201.247 13.2467 514.44 -0.488818
201.303 13.2192 515.183 -0.491273
201.36 13.1918 515.925 -0.485659
201.416 13.1649 516.665 -0.473801
201.472 13.1385 517.404 -0.464204
201.528 13.1127 518.141 -0.453546
201.584 13.0878 518.877 -0.439311
201.64 13.0635 519.611 -0.424846
201.697 13.0402 520.344 -0.410631
201.753 13.0177 521.076 -0.391915
201.809 12.996 521.807 -0.381731
201.865 12.9751 522.536 -0.366815
201.921 12.9551 523.264 -0.349296
201.978 12.936 523.992 -0.331372
202.034 12.918 524.718 -0.315906
202.09 12.9009 525.443 -0.29532
202.146 12.8848 526.167 -0.282457
202.202 12.8698 526.89 -0.25872
202.258 12.8563 527.613 -0.2299
202.315 12.8441 528.335 -0.209333
202.371 12.8332 529.056 -0.182548
202.427 12.8239 529.777 -0.155832
202.483 12.816 530.497 -0.1312
202.539 12.8092 531.217 -0.113165
202.596 12.8038 531.936 -0.0833141
202.652 12.7999 532.655 -0.0580811
202.708 12.7979 533.374 -0.0251487
202.764 12.7973 534.093 -0.000434974
202.82 12.7984 534.812 0.0305868
202.876 12.801 535.531 0.0575455
202.933 12.805 536.25 0.0829654
202.989 12.8104 536.97 0.107262
203.045 12.8174 537.69 0.132033
203.101 12.8258 538.41 0.162223
203.157 12.8357 539.131 0.185342
203.213 12.847 539.853 0.212819
203.27 12.8597 540.575 0.233596
203.326 12.8734 541.298 0.25354
203.382 12.8884 542.021 0.275038
203.438 12.9045 542.746 0.292242
203.494 12.9212 543.472 0.301577
203.551 12.9385 544.198 0.312776
203.607 12.9565 544.926 0.32696
203.663 12.9752 545.654 0.336512
203.719 12.9944 546.384 0.346783
203.775 13.0142 547.114 0.355958
203.831 13.0343 547.846 0.360262
203.888 13.0546 548.579 0.361678
203.944 13.0749 549.313 0.359016
204 13.0946 550.048 0.348305
204.056 13.114 550.785 0.342018
204.112 13.1329 551.522 0.332031
204.169 13.1514 552.261 0.328366
204.225 13.1694 553 0.314864
204.281 13.1871 553.74 0.313709
204.337 13.2042 554.482 0.301059
204.393 13.2207 555.224 0.286413
204.449 13.2365 555.968 0.275405
204.506 13.2513 556.712 0.258523
204.562 13.2654 557.457 0.240306
204.618 13.2787 558.202 0.23295
204.674 13.2911 558.949 0.214362
204.73 13.3027 559.696 0.198681
204.787 13.3134 560.444 0.184199
204.843 13.3232 561.192 0.169953
204.899 13.3322 561.941 0.149879
204.955 13.3402 562.69 0.136541
205.011 13.3471 563.44 0.112219
205.067 13.3527 564.19 0.091907
205.124 13.3572 564.94 0.0728233
205.18 13.3606 565.69 0.0560479
205.236 13.3631 566.441 0.0337029
205.292 13.3646 567.192 0.0205661
205.348 13.365 567.943 -0.000924927
205.404 13.364 568.694 -0.0331272
205.461 13.3615 569.444 -0.0518566
205.517 13.3582 570.195 -0.0653058
205.573 13.354 570.945 -0.0815621
205.629 13.3489 571.695 -0.0976616
205.685 13.3426 572.445 -0.118965
205.742 13.3353 573.194 -0.137777
205.798 13.3271 573.943 -0.151529
205.854 13.318 574.692 -0.168501
205.91 13.308 575.439 -0.183302
205.966 13.2975 576.187 -0.187795
206.022 13.2865 576.933 -0.20038
206.079 13.275 577.679 -0.209521
206.135 13.263 578.425 -0.220485
206.191 13.2501 579.17 -0.233828
206.247 13.2369 579.913 -0.236154
206.303 13.2236 580.657 -0.23317
206.36 13.2106 581.399 -0.231822
206.416 13.1975 582.141 -0.234528
206.472 13.1841 582.882 -0.241193
206.528 13.1702 583.622 -0.249589
206.584 13.1562 584.361 -0.248372
206.64 13.1424 585.1 -0.244442
206.697 13.1288 585.838 -0.244
206.753 13.1149 586.575 -0.251382
206.809 13.1007 587.311 -0.251871
206.865 13.0867 588.047 -0.244392
206.921 13.0732 588.782 -0.239229
206.978 13.0602 589.516 -0.228835
207.034 13.0473 590.249 -0.228385
207.09 13.0346 590.982 -0.224369
207.146 13.0224 591.713 -0.212317
207.202 13.0106 592.445 -0.205043
207.258 12.9995 593.175 -0.196565
207.315 12.9887 593.905 -0.189765
207.371 12.9783 594.634 -0.179832
207.427 12.9686 595.363 -0.169902
207.483 12.9594 596.091 -0.160362
207.539 12.9505 596.819 -0.155282
207.596 12.9421 597.547 -0.144146
207.652 12.9345 598.273 -0.130934
207.708 12.9275 599 -0.119305
207.764 12.9212 599.726 -0.108637
207.82 12.9155 600.452 -0.0949649
207.876 12.9104 601.177 -0.0873254
207.933 12.9058 601.902 -0.0797109
207.989 12.9019 602.627 -0.0666168
208.045 12.8982 603.352 -0.0609372
208.101 12.8951 604.076 -0.0540328
208.157 12.8924 604.801 -0.0448184
208.213 12.8903 605.525 -0.0329664
208.27 12.8889 606.249 -0.0217258
208.326 12.8877 606.973 -0.0194728
208.382 12.8866 607.697 -0.0198325
208.438 12.8857 608.421 -0.0156242
208.494 12.8848 609.145 -0.012014
208.551 12.8844 609.869 -0.00528784
208.607 12.8843 610.592 -0.00246163
208.663 12.8842 611.316 0.00149363
208.719 12.8843 612.04 0.0032779
208.775 12.8846 612.764 0.00494609
208.831 12.8851 613.488 0.0100002
208.888 12.8856 614.212 0.0120857
208.944 12.8864 614.936 0.0145105
209 12.8874 615.66 0.0196463
209.056 12.8885 616.384 0.0215653
209.112 12.8898 617.108 0.0189028
209.169 12.8909 617.832 0.0167255
209.225 12.8916 618.556 0.011469
209.281 12.8922 619.281 0.0103393
209.337 12.8927 620.005 0.00891417
209.393 12.8931 620.729 0.0040722
209.449 12.8932 621.453 -0.000743692
209.506 12.893 622.178 -0.00630163
209.562 12.8924 622.902 -0.0122752
209.618 12.8916 623.626 -0.0186575
209.674 12.8903 624.351 -0.0232352
209.73 12.8887 625.075 -0.0349178
209.787 12.8863 625.799 -0.047717
209.843 12.8833 626.523 -0.0570674
209.899 12.8796 627.246 -0.0719285
209.955 12.8754 627.97 -0.0781313
210.011 12.8707 628.693 -0.0865319
210.067 12.8656 629.416 -0.0921394
210.124 12.8602 630.138 -0.0978046
210.18 12.8547 630.861 -0.0973033
210.236 12.849 631.583 -0.103207
210.292 12.843 632.304 -0.111111
210.348 12.8364 633.026 -0.122937
210.404 12.8289 633.746 -0.140423
210.461 12.8212 634.467 -0.140168
210.517 12.8133 635.187 -0.140836
210.573 12.8054 635.907 -0.140649
210.629 12.7975 636.626 -0.141114
210.685 12.7894 637.344 -0.147788
210.742 12.7805 638.063 -0.162063
210.798 12.7711 638.78 -0.168638
210.854 12.7617 639.497 -0.169329
210.91 12.7523 640.214 -0.165413
210.966 12.7432 640.93 -0.16316
211.022 12.7341 641.646 -0.161457
211.079 12.7247 642.361 -0.167692
211.135 12.7154 643.075 -0.165752
211.191 12.7063 643.789 -0.160218
211.247 12.6975 644.503 -0.152682
211.303 12.6893 645.216 -0.142044
211.36 12.6817 645.929 -0.130069
211.416 12.6746 646.641 -0.125041
211.472 12.6679 647.353 -0.117164
211.528 12.6618 648.064 -0.100733
211.584 12.6564 648.775 -0.0914049
211.64 12.6518 649.486 -0.0753919
211.697 12.6483 650.197 -0.0558587
211.753 12.6456 650.907 -0.0421757
211.809 12.6437 651.618 -0.0275058
211.865 12.6429 652.328 -0.00831558
211.921 12.6428 653.038 0.00701911
211.978 12.6438 653.749 0.0226296
212.034 12.6457 654.459 0.0420977
212.09 12.6486 655.17 0.0582172
212.146 12.6525 655.88 0.0761419
212.202 12.6574 656.591 0.0961968
212.258 12.663 657.302 0.104054
212.315 12.6693 658.014 0.11551
212.371 12.6762 658.726 0.126558
212.427 12.6837 659.438 0.138006
212.483 12.6919 660.151 0.152377
212.539 12.701 660.865 0.168366
212.596 12.7109 661.579 0.180062
212.652 12.7212 662.293 0.187027
212.708 12.732 663.008 0.19894
212.764 12.7435 663.724 0.209099
212.82 12.7558 664.44 0.22361
212.876 12.7689 665.157 0.241045
212.933 12.783 665.875 0.256624
212.989 12.7979 666.594 0.268988
213.045 12.8134 667.313 0.28137
213.101 12.8295 668.033 0.288576
213.157 12.8461 668.755 0.298689
213.213 12.8631 669.477 0.30478
213.27 12.8802 670.2 0.304635
213.326 12.8973 670.924 0.303033
213.382 12.9144 671.65 0.304524
213.438 12.9314 672.376 0.303997
213.494 12.9481 673.103 0.295466
213.551 12.9646 673.831 0.292791
213.607 12.9805 674.56 0.277142
213.663 12.9959 675.289 0.272012
213.719 13.0108 676.02 0.262133
213.775 13.025 676.751 0.248234
213.831 13.0385 677.484 0.232117
213.888 13.0511 678.217 0.219481
213.944 13.0627 678.95 0.200258
214 13.0733 679.684 0.178927
214.056 13.0828 680.419 0.162224
214.112 13.0911 681.154 0.138478
214.169 13.098 681.89 0.112985
214.225 13.1037 682.626 0.0925668
214.281 13.1081 683.362 0.0687825
214.337 13.1112 684.099 0.0452883
214.393 13.1127 684.836 0.0176232
214.449 13.1125 685.572 -0.0158334
214.506 13.1107 686.309 -0.0454669
214.562 13.1073 687.045 -0.0713732
214.618 13.1022 687.782 -0.103227
214.674 13.0955 688.517 -0.132087
214.73 13.0873 689.253 -0.153682
214.787 13.0777 689.988 -0.183274
214.843 13.0667 690.722 -0.204909
214.899 13.0545 691.456 -0.226496
214.955 13.0409 692.189 -0.253425
215.011 13.026 692.921 -0.27419
215.067 13.01 693.652 -0.292076
215.124 12.9928 694.382 -0.314518
215.18 12.9747 695.112 -0.326427
215.236 12.9558 695.84 -0.342499
215.292 12.9359 696.567 -0.3627
215.348 12.9151 697.293 -0.375678
215.404 12.8933 698.018 -0.394552
215.461 12.8705 698.742 -0.409237
215.517 12.8474 699.464 -0.41351
215.573 12.8243 700.185 -0.408214
215.629 12.8014 700.905 -0.408601
215.685 12.7783 701.623 -0.412859
215.742 12.7549 702.34 -0.417421
215.798 12.7312 703.056 -0.42486
215.854 12.7072 703.77 -0.427601
215.91 12.6833 704.483 -0.424084
215.966 12.6596 705.195 -0.418978
216.022 12.6364 705.906 -0.409145
216.079 12.6137 706.615 -0.399006
216.135 12.5916 707.323 -0.388097
216.191 12.57 708.029 -0.383993
216.247 12.5486 708.735 -0.375559
216.303 12.5279 709.439 -0.364405
216.36 12.508 710.142 -0.349995
216.416 12.4887 710.844 -0.338476
216.472 12.47 711.545 -0.326278
216.528 12.4523 712.245 -0.312369
216.584 12.4352 712.944 -0.298867
216.64 12.4188 713.642 -0.284764
216.697 12.4031 714.339 -0.278809
216.753 12.3879 715.036 -0.262627
216.809 12.3736 715.731 -0.251304
216.865 12.36 716.426 -0.235472
216.921 12.3474 717.12 -0.215277
216.978 12.3358 717.813 -0.200505
217.034 12.325 718.506 -0.186719
217.09 12.315 719.198 -0.173071
217.146 12.3055 719.889 -0.163671
217.202 12.2969 720.58 -0.148456
217.258 12.2893 721.271 -0.127635
217.315 12.2825 721.961 -0.11228
217.371 12.2768 722.651 -0.0981929
217.427 12.2716 723.34 -0.0864255
217.483 12.267 724.03 -0.0780515
217.539 12.2629 724.719 -0.0696942
217.596 12.2591 725.407 -0.0629056
217.652 12.2563 726.096 -0.0434767
217.708 12.2544 726.785 -0.026228
217.764 12.2535 727.473 -0.0109854
217.82 12.2532 728.161 -0.000293494
217.876 12.2534 728.85 0.00460291
217.933 12.2539 729.538 0.0113182
217.989 12.2545 730.227 0.0100144
218.045 12.2551 730.915 0.0112464
218.101 12.256 731.604 0.0172011
218.157 12.2574 732.292 0.0279032
218.213 12.2592 732.981 0.0347808
218.27 12.2614 733.67 0.0437087
218.326 12.2639 734.359 0.0432705
218.382 12.2661 735.048 0.0381245
218.438 12.2684 735.737 0.0447277
218.494 12.2709 736.426 0.0465539
218.551 12.2734 737.116 0.0409556
218.607 12.2757 737.805 0.0394387
218.663 12.2776 738.495 0.0316638
218.719 12.2792 739.185 0.0258377
218.775 12.2807 739.875 0.0257266
218.831 12.2819 740.565 0.0179011
218.888 12.2827 741.255 0.0123223
218.944 12.2831 741.945 0.00489749
219 12.283 742.635 -0.00549107
219.056 12.2824 743.325 -0.0141722
219.112 12.2817 744.015 -0.00962584
219.169 12.281 744.705 -0.0122664
219.225 12.2802 745.395 -0.0164339
219.281 12.2795 746.085 -0.012333
219.337 12.2788 746.774 -0.0128354
219.393 12.278 747.464 -0.0166227
219.449 12.2769 748.154 -0.0207477
219.506 12.2755 748.844 -0.0261236
219.562 12.2737 749.533 -0.0369998
219.618 12.2714 750.223 -0.0413487
219.674 12.2689 750.912 -0.0456891
219.73 12.2663 751.601 -0.049206
219.787 12.2635 752.29 -0.0493048
219.843 12.2607 752.979 -0.0505464
219.899 12.2578 753.668 -0.054695
219.955 12.2548 754.356 -0.0532098
220.011 12.2516 755.045 -0.0565928
220.067 12.2482 755.733 -0.0664561
220.124 12.2443 756.421 -0.0688825
220.18 12.2403 757.108 -0.0725425
220.236 12.2362 757.796 -0.0735314
220.292 12.2321 758.483 -0.0701437
220.348 12.2282 759.17 -0.0670893
220.404 12.2246 759.857 -0.0610698
220.461 12.2212 760.544 -0.0585297
220.517 12.2178 761.23 -0.0610376
220.573 12.2145 761.917 -0.0577161
220.629 12.2116 762.603 -0.0499087
220.685 12.209 763.289 -0.0429092
220.742 12.2065 763.974 -0.0436378
220.798 12.2043 764.66 -0.0341784
220.854 12.2025 765.346 -0.0290463
220.91 12.2012 766.031 -0.0203792
220.966 12.2004 766.717 -0.0111944
221.022 12.2002 767.402 0.00198524
221.079 12.2007 768.087 0.0122075
221.135 12.2018 768.773 0.0245245
221.191 12.2034 769.459 0.0283606
221.247 12.2052 770.144 0.0345478
221.303 12.2073 770.83 0.0428571
221.36 12.2099 771.516 0.0500298
221.416 12.2128 772.202 0.0537046
221.472 12.2161 772.888 0.0641075
221.528 12.2201 773.575 0.0757996
221.584 12.225 774.261 0.0926939
221.64 12.2308 774.948 0.109797
221.697 12.2372 775.636 0.117645
221.753 12.2442 776.323 0.127718
221.809 12.2516 777.011 0.136594
221.865 12.2595 777.7 0.141332
221.921 12.2677 778.389 0.14839
221.978 12.2763 779.078 0.155973
222.034 12.2853 779.768 0.166904
222.09 12.2949 780.459 0.173144
222.146 12.305 781.15 0.183417
222.202 12.3154 781.842 0.184543
222.258 12.3258 782.534 0.186057
222.315 12.3363 783.227 0.18861
222.371 12.3469 783.92 0.18834
222.427 12.3574 784.614 0.186943
222.483 12.368 785.309 0.190033
222.539 12.3787 786.004 0.190987
222.596 12.3895 786.7 0.190373
222.652 12.4003 787.396 0.194618
222.708 12.4112 788.093 0.191484
222.764 12.4218 788.791 0.187225
222.82 12.4322 789.489 0.181049
222.876 12.4426 790.188 0.184849
222.933 12.453 790.887 0.184189
222.989 12.4633 791.587 0.183244
223.045 12.4734 792.288 0.179969
223.101 12.4834 792.989 0.172582
223.157 12.4927 793.69 0.165914
223.213 12.5014 794.392 0.147642
223.27 12.5097 795.095 0.145678
223.326 12.5174 795.798 0.130565
223.382 12.5245 796.502 0.124212
223.438 12.5312 797.205 0.117627
223.494 12.5377 797.91 0.113149
223.551 12.5437 798.614 0.103024
223.607 12.549 799.319 0.0875051
223.663 12.5536 800.024 0.0772941
223.719 12.5573 800.73 0.0618768
223.775 12.5603 801.435 0.0461444
223.831 12.5624 802.141 0.031584
223.888 12.5635 802.847 0.0102139
223.944 12.5634 803.552 -0.0114831
224 12.5622 804.258 -0.0282574
224.056 12.5598 804.964 -0.0518181
224.112 12.5561 805.669 -0.0730044
224.169 12.5512 806.375 -0.0948717
224.225 12.5451 807.08 -0.118548
224.281 12.5378 807.784 -0.140864
224.337 12.5293 808.488 -0.156634
224.393 12.5196 809.192 -0.182492
224.449 12.5084 809.895 -0.211976
224.506 12.4957 810.597 -0.236079
224.562 12.4815 811.299 -0.266142
224.618 12.4656 811.999 -0.293179
224.674 12.4482 812.699 -0.321541
224.73 12.429 813.398 -0.352552
224.787 12.4085 814.095 -0.374817
224.843 12.3869 814.792 -0.392359
224.899 12.364 815.487 -0.417072
224.955 12.34 816.181 -0.434196
225.011 12.3151 816.873 -0.449608
225.067 12.2892 817.564 -0.465519
225.124 12.2627 818.253 -0.477024
225.18 12.2354 818.941 -0.489374
225.236 12.2074 819.628 -0.50244
225.292 12.1789 820.313 -0.512633
225.348 12.1498 820.996 -0.518928
225.404 12.1204 821.678 -0.526605
225.461 12.0906 822.358 -0.531187
225.517 12.0605 823.036 -0.539449
225.573 12.0299 823.712 -0.546768
225.629 11.9991 824.387 -0.550419
225.685 11.9682 825.06 -0.550449
225.742 11.9374 825.731 -0.547909
225.798 11.9069 826.401 -0.541726
225.854 11.8767 827.069 -0.533232
225.91 11.8472 827.735 -0.517054
225.966 11.8187 828.4 -0.503064
226.022 11.791 829.063 -0.487538
226.079 11.7639 829.724 -0.478173
226.135 11.7376 830.384 -0.463284
226.191 11.7121 831.043 -0.447179
226.247 11.6876 831.7 -0.426267
226.303 11.6645 832.356 -0.401915
226.36 11.6427 833.01 -0.378399
226.416 11.6219 833.664 -0.364319
226.472 11.6021 834.316 -0.343686
226.528 11.5833 834.967 -0.328367
226.584 11.5655 835.617 -0.310539
226.64 11.5488 836.267 -0.289931
226.697 11.5331 836.915 -0.272172
226.753 11.5184 837.562 -0.255313
226.809 11.5046 838.209 -0.242414
226.865 11.4916 838.855 -0.222888
226.921 11.4797 839.5 -0.201461
226.978 11.4693 840.145 -0.177744
227.034 11.4598 840.789 -0.160848
227.09 11.4513 841.432 -0.143932
227.146 11.4438 842.075 -0.129758
227.202 11.4372 842.718 -0.108385
227.258 11.4315 843.36 -0.0976789
227.315 11.4266 844.002 -0.0797566
227.371 11.4224 844.644 -0.0709351
227.427 11.4187 845.286 -0.0603679
227.483 11.4157 845.927 -0.0527881
227.539 11.4132 846.568 -0.0361223
227.596 11.4114 847.209 -0.0313244
227.652 11.4098 847.85 -0.0255391
227.708 11.4083 848.491 -0.0281395
227.764 11.4067 849.132 -0.0263481
227.82 11.4052 849.773 -0.0243534
227.876 11.4039 850.414 -0.0224656
227.933 11.4023 851.054 -0.0330043
227.989 11.4003 851.695 -0.0351157
228.045 11.3983 852.335 -0.0387527
228.101 11.3957 852.975 -0.0491023
228.157 11.3925 853.616 -0.0628353
228.213 11.3887 854.255 -0.0706307
228.27 11.3841 854.895 -0.0880702
228.326 11.3787 855.535 -0.102085
228.382 11.3726 856.174 -0.113339
228.438 11.3657 856.812 -0.128302
228.494 11.358 857.451 -0.141413
228.551 11.3497 858.088 -0.153014
228.607 11.3405 858.726 -0.169996
228.663 11.3305 859.362 -0.183894
228.719 11.3197 859.999 -0.194122
228.775 11.3084 860.634 -0.206847
228.831 11.2964 861.269 -0.220753
228.888 11.2834 861.903 -0.238298
228.944 11.2694 862.537 -0.255844
229 11.2546 863.169 -0.26706
229.056 11.2392 863.801 -0.277067
229.112 11.2234 864.432 -0.283895
229.169 11.2072 865.062 -0.294979
229.225 11.1904 865.691 -0.300282
229.281 11.1734 866.319 -0.304116
229.337 11.1562 866.946 -0.308399
229.393 11.1385 867.572 -0.314627
229.449 11.1207 868.198 -0.323356
229.506 11.1024 868.822 -0.328596
229.562 11.0838 869.445 -0.330062
229.618 11.0651 870.067 -0.3329
229.674 11.0465 870.688 -0.329458
229.73 11.028 871.308 -0.331129
229.787 11.0094 871.927 -0.329342
229.843 10.9911 872.545 -0.326277
229.899 10.9726 873.162 -0.327804
229.955 10.9541 873.777 -0.329354
230.011 10.9358 874.392 -0.325791
230.067 10.9176 875.006 -0.322077
230.124 10.8997 875.619 -0.318237
230.18 10.882 876.23 -0.310369
230.236 10.8649 876.841 -0.302639
230.292 10.848 877.451 -0.298692
230.348 10.8314 878.06 -0.292787
230.404 10.8154 878.668 -0.279132
230.461 10.8001 879.275 -0.267591
230.517 10.7856 879.881 -0.254453
230.573 10.7717 880.487 -0.242037
230.629 10.7584 881.091 -0.234208
230.685 10.7455 881.695 -0.224038
230.742 10.7334 882.299 -0.208233
230.798 10.7221 882.901 -0.196548
230.854 10.7117 883.503 -0.18065
230.91 10.7022 884.105 -0.160621
230.966 10.6935 884.706 -0.147732
231.022 10.6856 885.306 -0.137933
231.079 10.6784 885.906 -0.121304
231.135 10.6719 886.506 -0.109258
231.191 10.6664 887.105 -0.09174
231.247 10.6619 887.704 -0.0728009
231.303 10.6581 888.303 -0.0613067
231.36 10.6551 888.902 -0.0496209
231.416 10.6528 889.5 -0.035393
231.472 10.6511 890.099 -0.0254135
231.528 10.6501 890.697 -0.015923
231.584 10.6496 891.295 -0.00109658
231.64 10.6497 891.894 0.0034014
231.697 10.6502 892.492 0.0129052
231.753 10.6515 893.09 0.0278871
231.809 10.6534 893.689 0.0387566
231.865 10.656 894.287 0.0515636
231.921 10.6592 894.886 0.0581413
231.978 10.6626 895.485 0.0612053
232.034 10.6662 896.084 0.0643539
232.09 10.6701 896.684 0.0743644
232.146 10.6746 897.283 0.082708
232.202 10.6796 897.883 0.0927813
232.258 10.6852 898.483 0.104411
232.315 10.6913 899.084 0.113672
232.371 10.698 899.685 0.118353
232.427 10.7046 900.286 0.118126
232.483 10.7111 900.887 0.114773
232.539 10.7175 901.489 0.111534
232.596 10.7237 902.092 0.109392
232.652 10.7298 902.694 0.10846
232.708 10.736 903.297 0.110292
232.764 10.7421 903.901 0.106497
232.82 10.7483 904.504 0.109381
232.876 10.7544 905.108 0.106766
232.933 10.7603 905.713 0.10483
232.989 10.7659 906.317 0.0981614
233.045 10.7713 906.922 0.0937779
233.101 10.7764 907.528 0.0907854
233.157 10.7812 908.133 0.0830961
233.213 10.7857 908.739 0.0780155
233.27 10.7901 909.345 0.075426
233.326 10.7942 909.952 0.0728234
233.382 10.7983 910.558 0.0721788
233.438 10.8023 911.165 0.0709389
233.494 10.8059 911.772 0.0600172
233.551 10.809 912.379 0.0530907
233.607 10.8118 912.986 0.0478364
233.663 10.8141 913.594 0.0376897
233.719 10.8158 914.202 0.0268743
233.775 10.8172 914.809 0.0226819
233.831 10.8181 915.417 0.0126034
233.888 10.8185 916.025 0.00402931
233.944 10.8186 916.633 -0.000934226
234 10.8183 917.24 -0.0059928
234.056 10.8179 917.848 -0.0110907
234.112 10.8171 918.456 -0.015277
234.169 10.8157 919.063 -0.0288306
234.225 10.8138 919.671 -0.0380901
234.281 10.8114 920.278 -0.0458034
234.337 10.8084 920.886 -0.0579229
234.393 10.8048 921.493 -0.0689581
234.449 10.8007 922.1 -0.076183
234.506 10.796 922.706 -0.0867745
234.562 10.7906 923.313 -0.104928
234.618 10.7842 923.919 -0.121092
234.674 10.777 924.524 -0.13194
234.73 10.7694 925.129 -0.137436
234.787 10.7616 925.734 -0.139385
234.843 10.7535 926.339 -0.147274
234.899 10.745 926.942 -0.156117
234.955 10.7361 927.546 -0.158833
235.011 10.7269 928.149 -0.164844
235.067 10.7176 928.751 -0.165233
235.124 10.7083 929.353 -0.167204
235.18 10.6987 929.954 -0.171787
235.236 10.689 930.555 -0.175977
235.292 10.6792 931.155 -0.171508
235.348 10.6699 931.754 -0.161801
235.404 10.6611 932.354 -0.154585
235.461 10.6524 932.952 -0.156982
235.517 10.6436 933.55 -0.157688
235.573 10.6349 934.148 -0.152963
235.629 10.6267 934.745 -0.142469
235.685 10.619 935.342 -0.133481
235.742 10.6116 935.938 -0.129519
235.798 10.6044 936.534 -0.125246
235.854 10.5977 937.13 -0.112814
235.91 10.592 937.725 -0.09594
235.966 10.5869 938.32 -0.0875856
236.022 10.5823 938.914 -0.0766359
236.079 10.5784 939.509 -0.0629941
236.135 10.5756 940.103 -0.0413333
236.191 10.5738 940.697 -0.0243965
236.247 10.5731 941.291 -0.00845614
236.303 10.573 941.885 0.0045469
236.36 10.5738 942.479 0.0214964
236.416 10.5756 943.073 0.0381013
236.472 10.5784 943.667 0.0583105
236.528 10.5822 944.262 0.0728539
236.584 10.5869 944.856 0.0927188
236.64 10.5927 945.451 0.113681
236.697 10.5999 946.047 0.137344
236.753 10.6085 946.643 0.162541
236.809 10.6184 947.239 0.184057
236.865 10.629 947.836 0.1961
236.921 10.6405 948.433 0.213124
236.978 10.6535 949.031 0.239691
237.034 10.6677 949.63 0.259764
237.09 10.683 950.23 0.281745
237.146 10.6995 950.831 0.298365
237.202 10.7166 951.433 0.308942
237.258 10.7344 952.035 0.321672
237.315 10.7531 952.639 0.339297
237.371 10.7727 953.244 0.354039
237.427 10.7932 953.85 0.369996
237.483 10.8143 954.457 0.379687
237.539 10.8359 955.065 0.386422
237.596 10.8579 955.675 0.395774
237.652 10.8805 956.285 0.407769
237.708 10.9034 956.897 0.406446
237.764 10.9262 957.511 0.403051
237.82 10.9489 958.125 0.405605
237.876 10.9716 958.741 0.404353
237.933 10.9941 959.358 0.39705
237.989 11.0162 959.977 0.391813
238.045 11.0381 960.596 0.386052
238.101 11.0593 961.217 0.371087
238.157 11.0797 961.839 0.359709
238.213 11.0996 962.462 0.351009
238.27 11.1189 963.086 0.337371
238.326 11.1374 963.712 0.326106
238.382 11.1553 964.338 0.312263
238.438 11.1722 964.965 0.294536
238.494 11.1881 965.594 0.275363
238.551 11.2029 966.223 0.253834
238.607 11.2164 966.852 0.233151
238.663 11.2288 967.483 0.211475
238.719 11.2399 968.114 0.187337
238.775 11.2496 968.746 0.159093
238.831 11.2574 969.378 0.128877
238.888 11.2637 970.011 0.100992
238.944 11.2684 970.644 0.0713631
239 11.2714 971.277 0.0449826
239.056 11.2731 971.91 0.018446
239.112 11.2737 972.544 0.00343534
239.169 11.2729 973.177 -0.0249895
239.225 11.2703 973.81 -0.0582848
239.281 11.2661 974.443 -0.0886917
239.337 11.2601 975.076 -0.117856
239.393 11.2527 975.708 -0.14234
239.449 11.2441 976.34 -0.16195
239.506 11.2344 976.972 -0.180203
239.562 11.2235 977.602 -0.203556
239.618 11.2113 978.232 -0.22683
239.674 11.198 978.862 -0.245032
239.73 11.1834 979.49 -0.268791
239.787 11.1677 980.118 -0.287747
239.843 11.1509 980.745 -0.304738
239.899 11.133 981.371 -0.32778
239.955 11.114 981.996 -0.34429
240.011 11.0943 982.619 -0.355566
240.067 11.074 983.242 -0.363158
240.124 11.0532 983.863 -0.379214
240.18 11.0315 984.484 -0.387847
240.236 11.0091 985.103 -0.403494
240.292 10.9862 985.72 -0.411618
240.348 10.9628 986.337 -0.416997
240.404 10.9393 986.952 -0.420581
240.461 10.9157 987.566 -0.419583
240.517 10.892 988.178 -0.422771
240.573 10.8682 988.789 -0.424913
240.629 10.8446 989.399 -0.420533
240.685 10.8213 990.008 -0.410656
240.742 10.7982 990.615 -0.41012
240.798 10.7755 991.221 -0.397982
240.854 10.7536 991.825 -0.38845
240.91 10.7322 992.429 -0.374653
240.966 10.7115 993.031 -0.364733
241.022 10.6915 993.632 -0.351995
241.079 10.6719 994.232 -0.34453
241.135 10.653 994.831 -0.331986
241.191 10.6348 995.429 -0.317551
241.247 10.6172 996.026 -0.310269
241.303 10.6003 996.621 -0.295388
241.36 10.5843 997.216 -0.275254
241.416 10.5692 997.81 -0.261258
241.472 10.5552 998.404 -0.238562
241.528 10.5426 998.996 -0.213582
241.584 10.5314 999.588 -0.18886
241.64 10.5217 1000.18 -0.164352
241.697 10.5133 1000.77 -0.1377
241.753 10.5063 1001.36 -0.115748
241.809 10.5005 1001.95 -0.0967204
241.865 10.4956 1002.54 -0.0815371
241.921 10.4913 1003.13 -0.0679009
241.978 10.4882 1003.72 -0.0466454
242.034 10.4861 1004.31 -0.0276905
242.09 10.4852 1004.9 -0.00706777
242.146 10.4854 1005.49 0.0104937
242.202 10.4864 1006.08 0.0229502
242.258 10.488 1006.66 0.0311061
242.315 10.4901 1007.25 0.0450605
242.371 10.4933 1007.84 0.0631821
242.427 10.4976 1008.43 0.0844407
242.483 10.5029 1009.02 0.100489
242.539 10.509 1009.61 0.112251
242.596 10.5153 1010.2 0.113236
242.652 10.5216 1010.8 0.110854
242.708 10.5281 1011.39 0.119341
242.764 10.5347 1011.98 0.119717
242.82 10.5416 1012.57 0.122724
242.876 10.5486 1013.16 0.127208
242.933 10.5557 1013.76 0.125025
242.989 10.5628 1014.35 0.125722
243.045 10.5699 1014.94 0.124018
243.101 10.5767 1015.54 0.119137
243.157 10.5834 1016.13 0.117913
243.213 10.5899 1016.73 0.114463
243.27 10.5961 1017.32 0.109128
243.326 10.6021 1017.92 0.103009
243.382 10.6076 1018.51 0.0963149
243.438 10.6126 1019.11 0.0856381
243.494 10.6171 1019.7 0.0735401
243.551 10.621 1020.3 0.0657499
243.607 10.6245 1020.9 0.0598419
243.663 10.6275 1021.49 0.0496793
243.719 10.6301 1022.09 0.043843
243.775 10.6321 1022.69 0.0325454
243.831 10.6336 1023.29 0.0204951
243.888 10.6347 1023.88 0.0185808
243.944 10.6354 1024.48 0.0125013
244 10.6357 1025.08 0.000771425
244.056 10.6356 1025.68 -0.00368567
244.112 10.6352 1026.27 -0.00992277
244.169 10.6345 1026.87 -0.0141544
244.225 10.6335 1027.47 -0.0175972
244.281 10.6323 1028.07 -0.0218703
244.337 10.6311 1028.66 -0.0219738
244.393 10.6298 1029.26 -0.0223617
244.449 10.6284 1029.86 -0.026919
244.506 10.6267 1030.45 -0.0359305
244.562 10.6246 1031.05 -0.0358191
244.618 10.6225 1031.65 -0.0399365
244.674 10.6202 1032.25 -0.0421956
244.73 10.6178 1032.84 -0.041285
244.787 10.6155 1033.44 -0.0409853
244.843 10.6133 1034.03 -0.038623
244.899 10.611 1034.63 -0.0414858
244.955 10.6084 1035.23 -0.0499368
245.011 10.6054 1035.82 -0.0548801
245.067 10.6024 1036.42 -0.0519462
245.124 10.5996 1037.01 -0.0488056
245.18 10.5971 1037.61 -0.0427345
245.236 10.5949 1038.2 -0.0341803
245.292 10.5931 1038.8 -0.0291947
245.348 10.5916 1039.39 -0.0266311
245.404 10.5903 1039.99 -0.0213166
245.461 10.5892 1040.58 -0.0158589
245.517 10.5887 1041.18 -0.0072263
245.573 10.5887 1041.77 0.00361422
245.629 10.5891 1042.37 0.00947699
245.685 10.5897 1042.96 0.0133755
245.742 10.5907 1043.56 0.0205597
245.798 10.5922 1044.15 0.0308358
245.854 10.5944 1044.75 0.0425436
245.91 10.5972 1045.34 0.0528747
245.966 10.6003 1045.94 0.0569134
246.022 10.6037 1046.54 0.0637148
246.079 10.6078 1047.13 0.0793104
246.135 10.6128 1047.73 0.0962208
246.191 10.6189 1048.32 0.112229
246.247 10.6254 1048.92 0.119629
246.303 10.6326 1049.52 0.135703
246.36 10.6408 1050.12 0.151337
246.416 10.6498 1050.71 0.167487
246.472 10.6596 1051.31 0.178928
246.528 10.67 1051.91 0.186847
246.584 10.681 1052.51 0.205217
246.64 10.6931 1053.11 0.221807
246.697 10.7062 1053.71 0.240207
246.753 10.7204 1054.32 0.261785
246.809 10.7357 1054.92 0.278478
246.865 10.7519 1055.52 0.295378
246.921 10.7691 1056.13 0.31199
246.978 10.7871 1056.73 0.325168
247.034 10.806 1057.34 0.346107
247.09 10.8258 1057.95 0.359662
247.146 10.8464 1058.56 0.370102
247.202 10.8678 1059.17 0.386277
247.258 10.8899 1059.78 0.396827
247.315 10.9126 1060.39 0.409737
247.371 10.936 1061 0.4213
247.427 10.9601 1061.62 0.433476
247.483 10.9849 1062.23 0.445553
247.539 11.01 1062.85 0.447864
247.596 11.0352 1063.47 0.449356
247.652 11.0605 1064.09 0.453176
247.708 11.0863 1064.72 0.461329
247.764 11.1125 1065.34 0.46843
247.82 11.139 1065.96 0.475734
247.876 11.1658 1066.59 0.478133
247.933 11.1926 1067.22 0.4781
247.989 11.2192 1067.85 0.469473
248.045 11.2456 1068.48 0.46785
248.101 11.2719 1069.11 0.46687
248.157 11.2979 1069.75 0.460726
248.213 11.3235 1070.38 0.452651
248.27 11.3487 1071.02 0.444855
248.326 11.3732 1071.66 0.432261
248.382 11.397 1072.3 0.417562
248.438 11.4201 1072.94 0.405807
248.494 11.4422 1073.58 0.387313
248.551 11.4634 1074.22 0.371281
248.607 11.4838 1074.87 0.359295
248.663 11.5036 1075.51 0.346446
248.719 11.5226 1076.16 0.332302
248.775 11.5409 1076.81 0.321157
248.831 11.5583 1077.46 0.303832
248.888 11.5748 1078.11 0.282818
248.944 11.5901 1078.76 0.267652
249 11.6045 1079.41 0.251018
249.056 11.618 1080.06 0.232736
249.112 11.6307 1080.72 0.219793
249.169 11.6424 1081.37 0.200701
249.225 11.653 1082.02 0.179485
249.281 11.6623 1082.68 0.157796
249.337 11.6702 1083.34 0.127917
249.393 11.6764 1083.99 0.0958499
249.449 11.6808 1084.65 0.0677745
249.506 11.6838 1085.3 0.0452897
249.562 11.6857 1085.96 0.0257293
249.618 11.6864 1086.62 0.00348337
249.674 11.6859 1087.27 -0.0190631
249.73 11.6842 1087.93 -0.034857
249.787 11.6818 1088.59 -0.0477797
249.843 11.6786 1089.24 -0.0613901
249.899 11.6746 1089.9 -0.0779433
249.955 11.6699 1090.55 -0.0896491
250.011 11.6644 1091.21 -0.10149
250.067 11.6585 1091.86 -0.110358
250.124 11.6517 1092.52 -0.124961
250.18 11.6442 1093.17 -0.137897
250.236 11.6362 1093.83 -0.147774
250.292 11.6279 1094.48 -0.14787
250.348 11.6193 1095.13 -0.153221
250.404 11.6104 1095.79 -0.165598
250.461 11.6008 1096.44 -0.17182
250.517 11.5908 1097.09 -0.182727
250.573 11.5802 1097.74 -0.193193
250.629 11.5692 1098.39 -0.200145
250.685 11.5576 1099.04 -0.206823
250.742 11.5458 1099.69 -0.214691
250.798 11.5334 1100.34 -0.220956
250.854 11.5207 1100.98 -0.227297
250.91 11.508 1101.63 -0.226885
250.966 11.4951 1102.28 -0.227414
251.022 11.4825 1102.92 -0.223283
251.079 11.4701 1103.57 -0.218722
251.135 11.4579 1104.21 -0.214237
251.191 11.4459 1104.85 -0.214384
251.247 11.434 1105.5 -0.210301
251.303 11.4224 1106.14 -0.201882
251.36 11.4113 1106.78 -0.190361
251.416 11.4011 1107.42 -0.177875
251.472 11.3914 1108.06 -0.169179
251.528 11.3821 1108.7 -0.160988
251.584 11.3733 1109.34 -0.150811
251.64 11.3654 1109.98 -0.13273
251.697 11.3582 1110.62 -0.12518
251.753 11.3516 1111.26 -0.1123
251.809 11.3461 1111.89 -0.0911418
251.865 11.3414 1112.53 -0.0805214
251.921 11.3373 1113.17 -0.0663499
251.978 11.334 1113.8 -0.0533378
252.034 11.3314 1114.44 -0.0392814
252.09 11.3297 1115.08 -0.0275809
252.146 11.3286 1115.71 -0.0120601
252.202 11.3284 1116.35 0.00300224
252.258 11.3288 1116.99 0.00600751
252.315 11.3296 1117.62 0.0211604
252.371 11.3311 1118.26 0.0316575
252.427 11.3333 1118.9 0.0396387
252.483 11.3358 1119.53 0.04978
252.539 11.3389 1120.17 0.0553418
252.596 11.3422 1120.81 0.060774
252.652 11.3459 1121.44 0.0692771
252.708 11.3499 1122.08 0.0744375
252.764 11.3542 1122.72 0.0742649
252.82 11.3584 1123.36 0.0762218
252.876 11.3626 1124 0.0736653
252.933 11.3668 1124.63 0.0759399
252.989 11.371 1125.27 0.0720858
253.045 11.3749 1125.91 0.0694271
253.101 11.3788 1126.55 0.0699299
253.157 11.3827 1127.19 0.0698802
253.213 11.3865 1127.83 0.0661536
253.27 11.3901 1128.47 0.06184
253.326 11.3934 1129.11 0.0554971
253.382 11.3961 1129.75 0.0420037
253.438 11.3981 1130.39 0.0286487
253.494 11.3993 1131.03 0.0187585
253.551 11.4 1131.67 0.00787655
253.607 11.4 1132.31 -0.0045716
253.663 11.3997 1132.95 -0.00640064
253.719 11.3989 1133.59 -0.0165487
253.775 11.3976 1134.23 -0.0254996
253.831 11.396 1134.87 -0.0325049
253.888 11.3937 1135.51 -0.0466086
253.944 11.3906 1136.15 -0.0588026
254 11.3869 1136.79 -0.0699221
254.056 11.3826 1137.43 -0.0822873
254.112 11.3775 1138.07 -0.0954747
254.169 11.3717 1138.71 -0.107415
254.225 11.3649 1139.35 -0.128484
254.281 11.3571 1139.99 -0.147656
254.337 11.3482 1140.63 -0.162308
254.393 11.3385 1141.26 -0.178928
254.449 11.3279 1141.9 -0.19713
254.506 11.3162 1142.54 -0.21159
254.562 11.304 1143.17 -0.222708
254.618 11.2911 1143.81 -0.236211
254.674 11.2775 1144.44 -0.243284
254.73 11.2635 1145.07 -0.254143
254.787 11.249 1145.7 -0.261785
254.843 11.234 1146.34 -0.270766
254.899 11.2183 1146.97 -0.282399
254.955 11.2022 1147.6 -0.290228
255.011 11.1859 1148.23 -0.28914
255.067 11.1696 1148.85 -0.290956
255.124 11.1532 1149.48 -0.293917
255.18 11.1366 1150.11 -0.296297
255.236 11.1198 1150.73 -0.298493
255.292 11.1029 1151.36 -0.302823
255.348 11.0859 1151.98 -0.302077
255.404 11.069 1152.6 -0.298668
255.461 11.0526 1153.22 -0.291464
255.517 11.0365 1153.84 -0.281592
255.573 11.0207 1154.46 -0.277522
255.629 11.0054 1155.08 -0.268206
255.685 10.9907 1155.7 -0.258135
255.742 10.9765 1156.32 -0.247544
255.798 10.963 1156.93 -0.235468
255.854 10.9501 1157.55 -0.224064
255.91 10.9381 1158.16 -0.207775
255.966 10.927 1158.78 -0.19111
256.022 10.9169 1159.39 -0.168885
256.079 10.9081 1160 -0.147985
256.135 10.9006 1160.61 -0.125265
256.191 10.8944 1161.23 -0.0997102
256.247 10.8895 1161.84 -0.0770906
256.303 10.8857 1162.45 -0.0583139
256.36 10.8834 1163.06 -0.0301048
256.416 10.8823 1163.67 -0.0101908
256.472 10.8826 1164.28 0.0157439
256.528 10.8844 1164.9 0.0420733
256.584 10.8876 1165.51 0.0669561
256.64 10.8921 1166.12 0.0887957
256.697 10.8981 1166.73 0.1188
256.753 10.9056 1167.34 0.143103
256.809 10.9143 1167.96 0.164647
256.865 10.9242 1168.57 0.185193
256.921 10.9353 1169.18 0.206181
256.978 10.9475 1169.8 0.22568
257.034 10.9612 1170.41 0.250533
257.09 10.976 1171.03 0.269245
257.146 10.9918 1171.65 0.286862
257.202 11.0085 1172.27 0.30528
257.258 11.0261 1172.89 0.31977
257.315 11.0443 1173.51 0.327031
257.371 11.0633 1174.13 0.343341
257.427 11.0828 1174.75 0.353389
257.483 11.1029 1175.37 0.358462
257.539 11.1233 1176 0.363259
257.596 11.1439 1176.62 0.365178
257.652 11.1644 1177.25 0.363072
257.708 11.1848 1177.88 0.363668
257.764 11.205 1178.51 0.35816
257.82 11.2249 1179.14 0.350265
257.876 11.2446 1179.77 0.349009
257.933 11.2639 1180.4 0.33985
257.989 11.2826 1181.03 0.328329
258.045 11.3007 1181.67 0.319563
258.101 11.3181 1182.3 0.303277
258.157 11.3348 1182.94 0.288759
258.213 11.3505 1183.58 0.272822
258.27 11.3654 1184.21 0.261756
258.326 11.3796 1184.85 0.246212
258.382 11.3931 1185.49 0.236221
258.438 11.4059 1186.13 0.220577
258.494 11.4176 1186.78 0.199343
258.551 11.4282 1187.42 0.181694
258.607 11.4377 1188.06 0.161651
258.663 11.446 1188.7 0.138421
258.719 11.4532 1189.35 0.120058
258.775 11.4592 1189.99 0.0993764
258.831 11.464 1190.63 0.0752639
258.888 11.4675 1191.28 0.0538312
258.944 11.4697 1191.92 0.030415
259 11.4708 1192.57 0.00936965
259.056 11.4708 1193.21 -0.00484425
259.112 11.47 1193.86 -0.0194755
259.169 11.4685 1194.5 -0.0313579
259.225 11.4664 1195.14 -0.0409402
259.281 11.4635 1195.79 -0.0598595
259.337 11.4596 1196.43 -0.0766899
259.393 11.4549 1197.08 -0.0884111
259.449 11.4494 1197.72 -0.10155
259.506 11.4434 1198.36 -0.110696
259.562 11.4369 1199 -0.122963
259.618 11.4295 1199.65 -0.134035
259.674 11.4217 1200.29 -0.145139
259.73 11.4132 1200.93 -0.15312
259.787 11.4042 1201.57 -0.163782
259.843 11.3949 1202.21 -0.168061
259.899 11.3855 1202.85 -0.166104
259.955 11.3758 1203.49 -0.173879
260.011 11.366 1204.13 -0.17805
260.067 11.356 1204.77 -0.177644
260.124 11.3457 1205.4 -0.185482
260.18 11.3352 1206.04 -0.190178
260.236 11.3246 1206.68 -0.186652
260.292 11.3139 1207.31 -0.190223
260.348 11.3031 1207.95 -0.191596
260.404 11.2925 1208.58 -0.188009
260.461 11.2817 1209.22 -0.196351
260.517 11.2708 1209.85 -0.196346
260.573 11.2598 1210.48 -0.194382
260.629 11.2491 1211.12 -0.187305
260.685 11.2387 1211.75 -0.185343
260.742 11.2285 1212.38 -0.181579
260.798 11.2184 1213.01 -0.175929
260.854 11.2087 1213.64 -0.171972
260.91 11.1992 1214.27 -0.164422
260.966 11.1901 1214.9 -0.158918
261.022 11.1814 1215.53 -0.154511
261.079 11.1728 1216.15 -0.150871
261.135 11.1646 1216.78 -0.143885
261.191 11.1569 1217.41 -0.135169
261.247 11.1497 1218.04 -0.1215
261.303 11.1431 1218.66 -0.117328
261.36 11.1368 1219.29 -0.108823
261.416 11.131 1219.91 -0.0993624
261.472 11.1258 1220.54 -0.0896668
261.528 11.1212 1221.16 -0.0787007
261.584 11.1169 1221.79 -0.0758158
261.64 11.1128 1222.41 -0.0692709
261.697 11.1092 1223.04 -0.0589052
261.753 11.1061 1223.66 -0.0487704
261.809 11.1037 1224.28 -0.0392967
261.865 11.1018 1224.91 -0.029482
261.921 11.1005 1225.53 -0.0181685
261.978 11.0995 1226.15 -0.0158391
262.034 11.0989 1226.78 -0.00721548
262.09 11.0989 1227.4 0.00404332
262.146 11.0989 1228.03 0.0025709
262.202 11.0994 1228.65 0.0127201
262.258 11.1004 1229.27 0.0222905
262.315 11.1021 1229.9 0.0353039
262.371 11.1044 1230.52 0.0430557
262.427 11.107 1231.14 0.0479727
262.483 11.1099 1231.77 0.054665
262.539 11.1133 1232.39 0.0621206
262.596 11.117 1233.02 0.0708332
262.652 11.1213 1233.64 0.0806352
262.708 11.1264 1234.27 0.0941463
262.764 11.1318 1234.89 0.0990634
262.82 11.1375 1235.52 0.103039
262.876 11.1435 1236.14 0.110013
262.933 11.1501 1236.77 0.122636
262.989 11.1572 1237.4 0.129675
263.045 11.1647 1238.02 0.133485
263.101 11.1725 1238.65 0.14277
263.157 11.1806 1239.28 0.14497
263.213 11.1889 1239.91 0.14992
263.27 11.1975 1240.54 0.154375
263.326 11.2064 1241.16 0.159048
263.382 11.2154 1241.79 0.161278
263.438 11.2247 1242.43 0.168473
263.494 11.2339 1243.06 0.16734
263.551 11.2433 1243.69 0.165581
263.607 11.2526 1244.32 0.164728
263.663 11.2617 1244.95 0.162343
263.719 11.2708 1245.58 0.159648
263.775 11.2797 1246.22 0.158217
263.831 11.2883 1246.85 0.153103
263.888 11.2969 1247.49 0.150751
263.944 11.3052 1248.12 0.144922
264 11.3129 1248.76 0.133879
264.056 11.32 1249.39 0.120184
264.112 11.3264 1250.03 0.106802
264.169 11.332 1250.67 0.0942737
264.225 11.3368 1251.3 0.079059
264.281 11.3408 1251.94 0.065523
264.337 11.3439 1252.58 0.0500646
264.393 11.3462 1253.21 0.0346606
264.449 11.3478 1253.85 0.0204246
264.506 11.348 1254.49 -0.00546928
264.562 11.3471 1255.13 -0.0240579
264.618 11.3451 1255.76 -0.0466009
264.674 11.3415 1256.4 -0.0730604
264.73 11.3367 1257.04 -0.0942094
264.787 11.3308 1257.68 -0.113516
264.843 11.3236 1258.31 -0.136519
264.899 11.3154 1258.95 -0.151288
264.955 11.3065 1259.58 -0.163433
265.011 11.2966 1260.22 -0.185201
265.067 11.2854 1260.85 -0.209546
265.124 11.2729 1261.49 -0.230846
265.18 11.2593 1262.12 -0.251279
265.236 11.2446 1262.75 -0.267107
265.292 11.2292 1263.38 -0.278244
265.348 11.2132 1264.01 -0.288522
265.404 11.1966 1264.64 -0.299617
265.461 11.1796 1265.27 -0.305443
265.517 11.1622 1265.9 -0.313209
265.573 11.1445 1266.52 -0.315858
265.629 11.1266 1267.15 -0.321407
265.685 11.1084 1267.77 -0.322979
265.742 11.0904 1268.4 -0.320508
265.798 11.0726 1269.02 -0.313428
265.854 11.0551 1269.64 -0.307342
265.91 11.0382 1270.26 -0.299071
265.966 11.0217 1270.88 -0.288865
266.022 11.006 1271.5 -0.273833
266.079 10.991 1272.12 -0.259835
266.135 10.9772 1272.73 -0.238046
266.191 10.9643 1273.35 -0.2249
266.247 10.9523 1273.97 -0.205978
266.303 10.9415 1274.58 -0.179152
266.36 10.9324 1275.2 -0.152616
266.416 10.9246 1275.81 -0.130682
266.472 10.918 1276.42 -0.109412
266.528 10.9127 1277.04 -0.0822382
266.584 10.9091 1277.65 -0.0522675
266.64 10.9073 1278.26 -0.0193557
266.697 10.907 1278.87 0.00633703
266.753 10.9082 1279.49 0.0292929
266.809 10.911 1280.1 0.0654244
266.865 10.9159 1280.71 0.103292
266.921 10.923 1281.33 0.137505
266.978 10.9317 1281.94 0.167123
267.034 10.9421 1282.56 0.196359
267.09 10.9545 1283.17 0.235532
267.146 10.9687 1283.79 0.266422
267.202 10.9843 1284.4 0.284156
267.258 11.001 1285.02 0.306399
267.315 11.0191 1285.64 0.332551
267.371 11.0386 1286.26 0.354908
267.427 11.0592 1286.88 0.374252
267.483 11.0809 1287.5 0.396279
267.539 11.1037 1288.13 0.411562
267.596 11.1274 1288.75 0.428442
267.652 11.1519 1289.38 0.43913
267.708 11.1766 1290 0.441235
267.764 11.2016 1290.63 0.446667
267.82 11.2269 1291.26 0.449507
267.876 11.2521 1291.89 0.447033
267.933 11.2771 1292.53 0.442647
267.989 11.3018 1293.16 0.439116
268.045 11.3261 1293.8 0.430527
268.101 11.35 1294.43 0.420301
268.157 11.3732 1295.07 0.411436
268.213 11.3954 1295.71 0.386272
268.27 11.4167 1296.35 0.370245
268.326 11.4369 1297 0.352162
268.382 11.456 1297.64 0.334198
268.438 11.4743 1298.28 0.319986
268.494 11.4918 1298.93 0.306139
268.551 11.508 1299.57 0.271969
268.607 11.5223 1300.22 0.242647
268.663 11.535 1300.87 0.215969
268.719 11.5462 1301.52 0.188738
268.775 11.556 1302.17 0.163752
268.831 11.5645 1302.82 0.143958
268.888 11.5717 1303.47 0.120697
268.944 11.5777 1304.12 0.0939463
269 11.5824 1304.77 0.0788464
269.056 11.5861 1305.42 0.057144
269.112 11.5887 1306.07 0.037045
269.169 11.5901 1306.72 0.0183265
269.225 11.5904 1307.37 -0.00394874
269.281 11.5894 1308.02 -0.025575
269.337 11.5876 1308.67 -0.0369536
269.393 11.5847 1309.32 -0.0582182
269.449 11.5809 1309.97 -0.0734557
269.506 11.5761 1310.62 -0.089292
269.562 11.5707 1311.27 -0.0998997
269.618 11.5647 1311.92 -0.112883
269.674 11.5579 1312.57 -0.126365
269.73 11.5505 1313.22 -0.13479
269.787 11.5425 1313.87 -0.147758
269.843 11.5341 1314.52 -0.150584
269.899 11.5255 1315.17 -0.154532
269.955 11.5168 1315.81 -0.156533
270.011 11.5078 1316.46 -0.163565
270.067 11.4985 1317.11 -0.165602
270.124 11.4892 1317.75 -0.166432
270.18 11.48 1318.4 -0.161621
270.236 11.4708 1319.04 -0.16367
270.292 11.4616 1319.69 -0.165185
270.348 11.4525 1320.33 -0.159225
270.404 11.4436 1320.97 -0.155841
270.461 11.435 1321.62 -0.152268
270.517 11.4266 1322.26 -0.145445
270.573 11.4186 1322.9 -0.13753
270.629 11.4113 1323.54 -0.12799
270.685 11.4046 1324.18 -0.112507
270.742 11.3984 1324.82 -0.107046
270.798 11.3926 1325.46 -0.104096
270.854 11.387 1326.1 -0.0962149
270.91 11.3817 1326.74 -0.0915122
270.966 11.3768 1327.38 -0.0829444
271.022 11.3724 1328.02 -0.0726732
271.079 11.3687 1328.66 -0.0581521
271.135 11.366 1329.3 -0.044396
271.191 11.364 1329.94 -0.0295119
271.247 11.3626 1330.58 -0.0198418
271.303 11.3618 1331.21 -0.0111106
271.36 11.3614 1331.85 -0.00347119
271.416 11.3613 1332.49 -0.0014112
271.472 11.3614 1333.13 0.00404982
271.528 11.3619 1333.77 0.0131265
271.584 11.3629 1334.4 0.0211338
271.64 11.3641 1335.04 0.0205328
271.697 11.3657 1335.68 0.0333416
271.753 11.3679 1336.32 0.0445358
271.809 11.3706 1336.96 0.0502139
271.865 11.3737 1337.6 0.0553172
271.921 11.3767 1338.24 0.0541773
271.978 11.3799 1338.88 0.0591038
272.034 11.3835 1339.52 0.065018
272.09 11.3872 1340.16 0.0695156
272.146 11.3913 1340.8 0.0732299
272.202 11.3953 1341.44 0.0736158
272.258 11.3994 1342.08 0.0721761
272.315 11.4033 1342.72 0.0654261
272.371 11.4069 1343.36 0.0614018
272.427 11.4102 1344 0.0615464
272.483 11.4138 1344.64 0.0634958
272.539 11.4176 1345.28 0.0713814
272.596 11.4217 1345.92 0.0737642
272.652 11.4259 1346.56 0.0747591
272.708 11.4303 1347.21 0.0794818
272.764 11.4347 1347.85 0.0786484
272.82 11.4391 1348.49 0.0767097
272.876 11.4433 1349.13 0.0753562
272.933 11.4474 1349.78 0.0732757
272.989 11.4514 1350.42 0.068206
273.045 11.4551 1351.06 0.0661103
273.101 11.4589 1351.71 0.0703532
273.157 11.4633 1352.35 0.0821356
273.213 11.4684 1353 0.0947386
273.27 11.474 1353.64 0.101303
273.326 11.4799 1354.28 0.108218
273.382 11.4864 1354.93 0.119622
273.438 11.4934 1355.58 0.129284
273.494 11.5012 1356.22 0.143416
273.551 11.5097 1356.87 0.156269
273.607 11.5187 1357.51 0.164087
273.663 11.5282 1358.16 0.172854
273.719 11.5383 1358.81 0.184531
273.775 11.549 1359.46 0.193402
273.831 11.56 1360.11 0.199134
273.888 11.5715 1360.76 0.204038
273.944 11.5832 1361.41 0.211826
274 11.5953 1362.06 0.219224
274.056 11.6078 1362.71 0.22208
274.112 11.6202 1363.36 0.221186
274.169 11.6326 1364.02 0.22036
274.225 11.6452 1364.67 0.224339
274.281 11.6578 1365.33 0.225606
274.337 11.6705 1365.98 0.223996
274.393 11.6828 1366.64 0.216206
274.449 11.6947 1367.29 0.206545
274.506 11.706 1367.95 0.197116
274.562 11.7168 1368.61 0.186817
274.618 11.7268 1369.27 0.174888
274.674 11.7363 1369.93 0.163786
274.73 11.7453 1370.59 0.157033
274.787 11.7538 1371.25 0.147899
274.843 11.7617 1371.91 0.135522
274.899 11.7689 1372.57 0.121191
274.955 11.775 1373.23 0.101025
275.011 11.78 1373.89 0.0806548
275.067 11.7839 1374.55 0.0626466
275.124 11.7867 1375.21 0.0428293
275.18 11.7886 1375.88 0.0255981
275.236 11.7895 1376.54 0.0109234
275.292 11.7896 1377.2 -0.00359685
275.348 11.7888 1377.86 -0.020047
275.404 11.7873 1378.53 -0.0322474
275.461 11.7848 1379.19 -0.053086
275.517 11.7812 1379.85 -0.070084
275.573 11.7769 1380.51 -0.0801436
275.629 11.7718 1381.17 -0.0956437
275.685 11.766 1381.83 -0.110412
275.742 11.7594 1382.5 -0.120831
275.798 11.7521 1383.16 -0.13763
275.854 11.744 1383.82 -0.146833
275.91 11.7357 1384.48 -0.148567
275.966 11.7271 1385.13 -0.156332
276.022 11.7182 1385.79 -0.161302
276.079 11.709 1386.45 -0.163865
276.135 11.6995 1387.11 -0.168876
276.191 11.69 1387.77 -0.171797
276.247 11.6805 1388.42 -0.163222
276.303 11.6714 1389.08 -0.160587
276.36 11.6628 1389.73 -0.149789
276.416 11.6547 1390.39 -0.140863
276.472 11.6471 1391.04 -0.129535
276.528 11.6402 1391.7 -0.118136
276.584 11.634 1392.35 -0.105037
276.64 11.6284 1393 -0.0947416
276.697 11.6233 1393.66 -0.0882733
276.753 11.6188 1394.31 -0.074191
276.809 11.6152 1394.96 -0.056984
276.865 11.6127 1395.61 -0.0355752
276.921 11.6116 1396.27 -0.00991952
276.978 11.6115 1396.92 0.00773873
277.034 11.6128 1397.57 0.0310828
277.09 11.6155 1398.22 0.0606048
277.146 11.6197 1398.88 0.0856726
277.202 11.6251 1399.53 0.101588
277.258 11.6315 1400.18 0.123471
277.315 11.6391 1400.84 0.142783
277.371 11.648 1401.49 0.170998
277.427 11.6586 1402.15 0.200917
277.483 11.6706 1402.8 0.222839
277.539 11.6839 1403.46 0.24293
277.596 11.6983 1404.11 0.266362
277.652 11.7142 1404.77 0.293482
277.708 11.7317 1405.43 0.321294
277.764 11.7507 1406.09 0.34996
277.82 11.7708 1406.75 0.36565
277.876 11.792 1407.41 0.383038
277.933 11.8141 1408.08 0.399245
277.989 11.8368 1408.74 0.407449
278.045 11.86 1409.41 0.415922
278.101 11.8836 1410.07 0.422254
278.157 11.9072 1410.74 0.417034
278.213 11.9305 1411.41 0.412559
278.27 11.9537 1412.08 0.416091
278.326 11.9772 1412.76 0.420126
278.382 12.0009 1413.43 0.420312
278.438 12.0246 1414.1 0.422768
278.494 12.0482 1414.78 0.417671
278.551 12.0716 1415.46 0.415318
278.607 12.0947 1416.14 0.409689
278.663 12.1173 1416.82 0.396941
278.719 12.1394 1417.5 0.387712
278.775 12.161 1418.18 0.382619
278.831 12.182 1418.87 0.367668
278.888 12.2021 1419.55 0.347911
278.944 12.2212 1420.24 0.332874
279 12.239 1420.92 0.308767
279.056 12.2557 1421.61 0.289457
279.112 12.2713 1422.3 0.267845
279.169 12.2854 1422.99 0.240429
279.225 12.2982 1423.68 0.21968
279.281 12.31 1424.37 0.203879
279.337 12.3209 1425.06 0.187461
279.393 12.3308 1425.76 0.16686
279.449 12.3393 1426.45 0.139515
279.506 12.3461 1427.14 0.110711
279.562 12.3514 1427.84 0.0820359
279.618 12.3553 1428.53 0.0616052
279.674 12.3576 1429.23 0.0287902
279.73 12.3585 1429.92 0.00517952
279.787 12.3584 1430.61 -0.00843167
279.843 12.3573 1431.31 -0.026307
279.899 12.3552 1432 -0.0411902
279.955 12.3526 1432.7 -0.0502622
