# t frame_uz frame_z ub_dans_repere
160.001 -1.61094e-05 -1.65905e-08 -0.0156422
160.019 -0.0074171 -8.26974e-05 -0.371572
160.051 -0.0133459 -0.000464186 -0.0591977
160.092 -0.00709418 -0.000908164 0.282718
160.14 0.0170214 -0.000627595 0.661901
160.19 0.0620289 0.00152102 1.03813
160.243 0.128201 0.00680855 1.39756
160.297 0.21461 0.016441 1.73649
160.352 0.320669 0.0316492 2.05872
160.407 0.443293 0.0532408 2.34509
160.463 0.583434 0.0826972 2.60509
160.519 0.736929 0.120455 2.83036
160.575 0.901515 0.167187 3.01422
160.631 1.07603 0.223468 3.18537
160.687 1.25918 0.289816 3.32668
160.743 1.44931 0.366657 3.43917
160.798 1.64533 0.454343 3.53887
160.854 1.84612 0.553165 3.61856
160.91 2.0505 0.663355 3.67019
160.966 2.25672 0.785054 3.69169
161.022 2.46397 0.918528 3.69921
161.079 2.6715 1.06395 3.68688
161.135 2.87802 1.221 3.6671
161.191 3.08288 1.3896 3.63195
161.247 3.2856 1.56964 3.59158
161.303 3.48547 1.76098 3.53376
161.36 3.68201 1.96343 3.47529
161.416 3.87522 2.17682 3.41459
161.472 4.06455 2.40092 3.34325
161.528 4.24996 2.63554 3.27039
161.584 4.43122 2.88043 3.19818
161.64 4.60827 3.13536 3.11757
161.697 4.78073 3.40009 3.03796
161.753 4.94882 3.67435 2.95742
161.809 5.11196 3.9579 2.86869
161.865 5.27051 4.25045 2.79151
161.921 5.42463 4.55176 2.70959
161.978 5.574 4.86157 2.62476
162.034 5.71883 5.17962 2.54656
162.09 5.85926 5.50566 2.46981
162.146 5.99548 5.83944 2.39482
162.202 6.12751 6.18073 2.32151
162.258 6.25555 6.52931 2.25129
162.315 6.37976 6.88495 2.18505
162.371 6.50052 7.24745 2.12523
162.427 6.61781 7.61661 2.05998
162.483 6.73153 7.99225 1.99856
162.539 6.84152 8.37415 1.93365
162.596 6.94829 8.76212 1.88073
162.652 7.05227 9.15599 1.8311
162.708 7.15381 9.55561 1.79261
162.764 7.25296 9.96087 1.7459
162.82 7.34966 10.3716 1.70541
162.876 7.44385 10.7877 1.65901
162.933 7.53576 11.209 1.62032
162.989 7.62573 11.6354 1.5869
163.045 7.71388 12.0668 1.55829
163.101 7.80045 12.5031 1.52837
163.157 7.88543 12.9442 1.49973
163.213 7.96854 13.39 1.46852
163.27 8.04996 13.8404 1.43887
163.326 8.13036 14.2954 1.42625
163.382 8.20989 14.7548 1.40803
163.438 8.28861 15.2187 1.39627
163.494 8.36652 15.687 1.38243
163.551 8.44355 16.1596 1.36634
163.607 8.52044 16.6366 1.36655
163.663 8.59729 17.1178 1.37057
163.719 8.67447 17.6034 1.36901
163.775 8.75174 18.0934 1.37759
163.831 8.82902 18.5876 1.37714
163.888 8.90629 19.0862 1.37685
163.944 8.98392 19.5892 1.3824
164 9.06178 20.0966 1.38728
164.056 9.13947 20.6083 1.38124
164.112 9.21693 21.1243 1.37632
164.169 9.29415 21.6447 1.37409
164.225 9.37116 22.1695 1.36922
164.281 9.44819 22.6985 1.37041
164.337 9.52484 23.2319 1.36217
164.393 9.60106 23.7696 1.35319
164.449 9.67654 24.3115 1.33556
164.506 9.75112 24.8577 1.32325
164.562 9.82501 25.408 1.30984
164.618 9.89779 25.9624 1.28453
164.674 9.96935 26.5209 1.26647
164.73 10.0397 27.0833 1.23977
164.787 10.1085 27.6497 1.21218
164.843 10.1755 28.2199 1.18126
164.899 10.2406 28.7937 1.1445
164.955 10.3042 29.3712 1.12075
165.011 10.3666 29.9522 1.10265
165.067 10.4273 30.5366 1.06847
165.124 10.4864 31.1244 1.03704
165.18 10.5439 31.7155 1.01718
165.236 10.6002 32.3097 0.99102
165.292 10.6547 32.9071 0.955157
165.348 10.7075 33.5075 0.928156
165.404 10.7583 34.1107 0.888277
165.461 10.8069 34.7168 0.848138
165.517 10.8533 35.3255 0.811756
165.573 10.8973 35.9367 0.764214
165.629 10.9385 36.5503 0.711078
165.685 10.9769 37.1662 0.665808
165.742 11.0126 37.7841 0.61382
165.798 11.0452 38.4039 0.557015
165.854 11.0744 39.0254 0.49733
165.91 11.1008 39.6484 0.450717
165.966 11.1246 40.2729 0.402349
166.022 11.1456 40.8986 0.354729
166.079 11.164 41.5254 0.311466
166.135 11.1799 42.1531 0.2643
166.191 11.1933 42.7817 0.221677
166.247 11.2045 43.4109 0.185148
166.303 11.2137 44.0407 0.149243
166.36 11.2212 44.6709 0.128164
166.416 11.2277 45.3015 0.106167
166.472 11.233 45.9325 0.0880794
166.528 11.2377 46.5637 0.0851093
166.584 11.2421 47.1952 0.0736487
166.64 11.2465 47.8269 0.0788285
166.697 11.2512 48.4589 0.0883394
166.753 11.2564 49.0912 0.100102
166.809 11.2629 49.7238 0.125918
166.865 11.2705 50.3568 0.144094
166.921 11.2796 50.9902 0.173893
166.978 11.2904 51.6243 0.206362
167.034 11.3033 52.259 0.244043
167.09 11.3183 52.8945 0.282647
167.146 11.3355 53.5309 0.322548
167.202 11.3549 54.1684 0.362056
167.258 11.3766 54.807 0.400503
167.315 11.4005 55.447 0.443785
167.371 11.4267 56.0883 0.485465
167.427 11.4552 56.7312 0.525074
167.483 11.486 57.3758 0.561055
167.539 11.5188 58.0222 0.602146
167.596 11.5537 58.6705 0.629396
167.652 11.59 59.3208 0.660973
167.708 11.6277 59.9732 0.676717
167.764 11.6665 60.6277 0.6972
167.82 11.7059 61.2845 0.700722
167.876 11.7453 61.9434 0.698399
167.933 11.7843 62.6046 0.690308
167.989 11.8225 63.2679 0.673814
168.045 11.8594 63.9334 0.642528
168.101 11.8944 64.6008 0.612176
168.157 11.9279 65.2702 0.584312
168.213 11.9594 65.9413 0.545627
168.27 11.9886 66.6142 0.502625
168.326 12.0154 67.2886 0.457509
168.382 12.0394 67.9645 0.408111
168.438 12.0605 68.6416 0.354788
168.494 12.0789 69.3198 0.308994
168.551 12.0948 69.9989 0.26376
168.607 12.1082 70.6789 0.222852
168.663 12.1195 71.3595 0.184254
168.719 12.1287 72.0407 0.152549
168.775 12.1363 72.7223 0.12508
168.831 12.1423 73.4043 0.0935581
168.888 12.1467 74.0867 0.0692419
168.944 12.1497 74.7692 0.0435027
169 12.1514 75.4518 0.0223568
169.056 12.1522 76.1345 0.00856151
169.112 12.1522 76.8172 -0.00207374
169.169 12.1518 77.4999 -0.012047
169.225 12.151 78.1825 -0.0159804
169.281 12.1498 78.8651 -0.0257499
169.337 12.1483 79.5477 -0.0293337
169.393 12.1467 80.2301 -0.0324321
169.449 12.1447 80.9124 -0.0375073
169.506 12.1424 81.5946 -0.0409458
169.562 12.1401 82.2767 -0.0405499
169.618 12.1376 82.9587 -0.0464527
169.674 12.1349 83.6405 -0.0480773
169.73 12.1323 84.3221 -0.0448268
169.787 12.1295 85.0036 -0.0507714
169.843 12.1267 85.6849 -0.0489749
169.899 12.124 86.3661 -0.0472734
169.955 12.1212 87.0472 -0.0505448
170.011 12.1186 87.728 -0.0432886
170.067 12.1163 88.4088 -0.0394832
170.124 12.1141 89.0894 -0.0365706
170.18 12.1125 89.7699 -0.0261948
170.236 12.1114 90.4503 -0.0115842
170.292 12.1112 91.1307 -0.00163414
170.348 12.1118 91.8112 0.0204768
170.404 12.1136 92.4917 0.0415312
170.461 12.1167 93.1723 0.064386
170.517 12.1211 93.8532 0.0861141
170.573 12.1268 94.5343 0.110719
170.629 12.1337 95.2158 0.135662
170.685 12.1424 95.8978 0.166025
170.742 12.1529 96.5803 0.20021
170.798 12.1647 97.2634 0.221273
170.854 12.1782 97.9473 0.24981
170.91 12.1934 98.6319 0.288899
170.966 12.2106 99.3175 0.319699
171.022 12.2297 100.004 0.352894
171.079 12.2508 100.692 0.390017
171.135 12.2738 101.381 0.418779
171.191 12.2984 102.071 0.450878
171.247 12.3253 102.763 0.495198
171.303 12.3543 103.457 0.52902
171.36 12.3853 104.152 0.565759
171.416 12.4181 104.849 0.595912
171.472 12.4525 105.547 0.62345
171.528 12.4884 106.248 0.649696
171.584 12.5258 106.951 0.675087
171.64 12.5645 107.656 0.700964
171.697 12.6049 108.363 0.732355
171.753 12.6472 109.073 0.76458
171.809 12.6911 109.785 0.795348
171.865 12.7368 110.499 0.823676
171.921 12.7837 111.216 0.842652
171.978 12.8317 111.936 0.855935
172.034 12.8802 112.659 0.868343
172.09 12.9292 113.384 0.875919
172.146 12.9787 114.112 0.886712
172.202 13.0289 114.843 0.897759
172.258 13.0798 115.576 0.91183
172.315 13.1315 116.313 0.92813
172.371 13.1842 117.052 0.944447
172.427 13.2381 117.795 0.967956
172.483 13.2931 118.541 0.985644
172.539 13.3491 119.289 1.00595
172.596 13.4067 120.041 1.03826
172.652 13.466 120.796 1.06735
172.708 13.5269 121.555 1.09237
172.764 13.5888 122.317 1.10692
172.82 13.651 123.082 1.10963
172.876 13.7135 123.851 1.10959
172.933 13.7758 124.624 1.10961
172.989 13.8379 125.4 1.10118
173.045 13.8995 126.179 1.09288
173.101 13.9607 126.962 1.08447
173.157 14.021 127.749 1.07111
173.213 14.0807 128.538 1.05669
173.27 14.1394 129.331 1.03293
173.326 14.1963 130.128 0.997182
173.382 14.2509 130.927 0.955058
173.438 14.3032 131.73 0.919058
173.494 14.3535 132.535 0.877706
173.551 14.4014 133.343 0.836183
173.607 14.4469 134.153 0.7939
173.663 14.4899 134.966 0.743014
173.719 14.5296 135.782 0.683889
173.775 14.5664 136.599 0.633107
173.831 14.6002 137.419 0.584023
173.888 14.6313 138.24 0.532518
173.944 14.6598 139.063 0.491003
174 14.6857 139.888 0.442154
174.056 14.7087 140.713 0.38716
174.112 14.7287 141.54 0.33709
174.169 14.7461 142.369 0.28761
174.225 14.7606 143.197 0.237226
174.281 14.772 144.027 0.178772
174.337 14.7802 144.857 0.123118
174.393 14.7851 145.688 0.0625117
174.449 14.7864 146.518 -0.00468196
174.506 14.784 147.349 -0.0694932
174.562 14.7779 148.179 -0.137634
174.618 14.7675 149.009 -0.21688
174.674 14.7527 149.839 -0.295844
174.73 14.7336 150.667 -0.36973
174.787 14.7099 151.494 -0.45633
174.843 14.6812 152.319 -0.544777
174.899 14.648 153.143 -0.624481
174.955 14.6103 153.964 -0.700705
175.011 14.5681 154.784 -0.782365
175.067 14.5215 155.601 -0.861225
175.124 14.4707 156.415 -0.934893
175.18 14.4159 157.226 -1.00054
175.236 14.3576 158.034 -1.06057
175.292 14.2966 158.839 -1.10282
175.348 14.233 159.64 -1.15036
175.404 14.1675 160.437 -1.17368
175.461 14.1012 161.231 -1.1839
175.517 14.0345 162.021 -1.18734
175.573 13.968 162.807 -1.17805
175.629 13.9024 163.589 -1.16088
175.685 13.8381 164.368 -1.13028
175.742 13.7757 165.143 -1.09575
175.798 13.7153 165.915 -1.06417
175.854 13.6562 166.684 -1.04203
175.91 13.5987 167.449 -1.01693
175.966 13.5422 168.211 -0.997719
176.022 13.4865 168.97 -0.991137
176.079 13.4303 169.726 -1.00759
176.135 13.3736 170.479 -1.01235
176.191 13.316 171.228 -1.03472
176.247 13.2566 171.974 -1.07284
176.303 13.1952 172.717 -1.10697
176.36 13.132 173.456 -1.13513
176.416 13.0671 174.191 -1.16954
176.472 13.0004 174.923 -1.19796
176.528 12.9324 175.651 -1.21388
176.584 12.8638 176.376 -1.22974
176.64 12.7949 177.096 -1.22105
176.697 12.7269 177.812 -1.20054
176.753 12.6602 178.525 -1.17553
176.809 12.595 179.234 -1.14927
176.865 12.5316 179.94 -1.11213
176.921 12.4706 180.642 -1.07383
176.978 12.4115 181.34 -1.03614
177.034 12.3544 182.036 -1.00078
177.09 12.2994 182.728 -0.967455
177.146 12.246 183.417 -0.941296
177.202 12.1941 184.103 -0.913291
177.258 12.1436 184.787 -0.892773
177.315 12.0942 185.467 -0.873984
177.371 12.0452 186.145 -0.865401
177.427 11.9972 186.82 -0.850168
177.483 11.9497 187.492 -0.841021
177.539 11.9028 188.162 -0.834142
177.596 11.856 188.829 -0.829631
177.652 11.8098 189.494 -0.82044
177.708 11.764 190.156 -0.813044
177.764 11.7184 190.815 -0.809975
177.82 11.6736 191.472 -0.788794
177.876 11.6298 192.126 -0.770841
177.933 11.5874 192.778 -0.743695
177.989 11.5467 193.428 -0.712937
178.045 11.508 194.075 -0.673726
178.101 11.4719 194.72 -0.623119
178.157 11.4382 195.364 -0.583072
178.213 11.4071 196.005 -0.531574
178.27 11.3792 196.645 -0.473528
178.326 11.3545 197.284 -0.416226
178.382 11.3332 197.921 -0.357662
178.438 11.3147 198.557 -0.308452
178.494 11.2992 199.192 -0.253318
178.551 11.2868 199.826 -0.198984
178.607 11.2772 200.46 -0.153169
178.663 11.2702 201.093 -0.106829
178.719 11.2653 201.726 -0.0716995
178.775 11.2627 202.359 -0.0338092
178.831 11.2617 202.992 -0.00745195
178.888 11.2618 203.624 0.0108394
178.944 11.2631 204.257 0.0280903
179 11.2652 204.89 0.0408029
179.056 11.2676 205.523 0.0452212
179.112 11.2705 206.156 0.0560781
179.169 11.2738 206.789 0.0612146
179.225 11.2774 207.423 0.0639445
179.281 11.281 208.057 0.0633054
179.337 11.2849 208.69 0.0731136
179.393 11.2891 209.325 0.0769255
179.449 11.2937 209.959 0.0847234
179.506 11.2987 210.594 0.0939197
179.562 11.3041 211.229 0.0987691
179.618 11.3101 211.864 0.113447
179.674 11.3168 212.499 0.121815
179.73 11.3236 213.135 0.120247
179.787 11.3304 213.772 0.121269
179.843 11.3374 214.409 0.126536
179.899 11.3445 215.046 0.124089
179.955 11.3513 215.683 0.119925
180.011 11.3578 216.321 0.110839
180.067 11.3637 216.96 0.102893
180.124 11.3693 217.598 0.0935527
180.18 11.3741 218.237 0.0808205
180.236 11.3778 218.876 0.0577596
180.292 11.3805 219.515 0.0410515
180.348 11.3821 220.155 0.0183573
180.404 11.3821 220.794 -0.0102743
180.461 11.3806 221.434 -0.0377301
180.517 11.3776 222.073 -0.0618448
180.573 11.3733 222.712 -0.0878852
180.629 11.3674 223.351 -0.117346
180.685 11.3599 223.989 -0.143385
180.742 11.3511 224.627 -0.166895
180.798 11.3409 225.264 -0.191694
180.854 11.3293 225.901 -0.215998
180.91 11.3161 226.537 -0.24721
180.966 11.3013 227.172 -0.274025
181.022 11.2853 227.807 -0.292006
181.079 11.2683 228.44 -0.308262
181.135 11.2504 229.073 -0.327179
181.191 11.2314 229.704 -0.343224
181.247 11.2116 230.334 -0.357211
181.303 11.1914 230.964 -0.361156
181.36 11.1714 231.592 -0.354257
181.416 11.1517 232.219 -0.348812
181.472 11.1323 232.844 -0.344038
181.528 11.1132 233.469 -0.335417
181.584 11.0947 234.093 -0.323575
181.64 11.0771 234.716 -0.305848
181.697 11.0607 235.337 -0.281132
181.753 11.0458 235.958 -0.255275
181.809 11.0325 236.578 -0.225523
181.865 11.0208 237.198 -0.195007
181.921 11.0109 237.817 -0.164719
181.978 11.0028 238.435 -0.130551
182.034 10.9966 239.053 -0.0979873
182.09 10.9924 239.67 -0.0601241
182.146 10.9901 240.288 -0.0246804
182.202 10.9904 240.905 0.0243973
182.258 10.9935 241.523 0.0758996
182.315 10.9994 242.141 0.124903
182.371 11.0082 242.759 0.174626
182.427 11.0194 243.378 0.217774
182.483 11.0332 243.997 0.26378
182.539 11.0496 244.618 0.312439
182.596 11.0689 245.239 0.363387
182.652 11.0911 245.862 0.416824
182.708 11.1166 246.485 0.480019
182.764 11.1456 247.111 0.541916
182.82 11.1784 247.738 0.609467
182.876 11.2148 248.367 0.674485
182.933 11.2547 248.999 0.73056
182.989 11.2976 249.633 0.786012
183.045 11.3437 250.269 0.844617
183.101 11.3931 250.908 0.904106
183.157 11.446 251.55 0.963724
183.213 11.502 252.194 1.02219
183.27 11.5614 252.843 1.07739
183.326 11.6234 253.494 1.11962
183.382 11.6877 254.149 1.16096
183.438 11.7541 254.808 1.19634
183.494 11.8223 255.471 1.21999
183.551 11.8915 256.137 1.24114
183.607 11.9618 256.808 1.25732
183.663 12.0322 257.482 1.24762
183.719 12.1018 258.16 1.23183
183.775 12.1695 258.843 1.18755
183.831 12.2344 259.529 1.13176
183.888 12.2956 260.218 1.05683
183.944 12.3517 260.911 0.960827
184 12.4027 261.606 0.867059
184.056 12.4477 262.305 0.752932
184.112 12.4857 263.005 0.623578
184.169 12.5161 263.708 0.484764
184.225 12.5392 264.412 0.362352
184.281 12.5548 265.117 0.220502
184.337 12.5622 265.822 0.0690907
184.393 12.561 266.528 -0.0821621
184.449 12.5509 267.233 -0.244406
184.506 12.5317 267.938 -0.408187
184.562 12.503 268.641 -0.57932
184.618 12.4649 269.342 -0.73876
184.674 12.4184 270.041 -0.889731
184.73 12.3634 270.737 -1.04271
184.787 12.2998 271.429 -1.19354
184.843 12.2275 272.118 -1.3483
184.899 12.1471 272.802 -1.48549
184.955 12.0587 273.482 -1.62791
185.011 11.9626 274.156 -1.76466
185.067 11.859 274.824 -1.8961
185.124 11.748 275.487 -2.02826
185.18 11.6302 276.143 -2.14517
185.236 11.5058 276.792 -2.25834
185.292 11.3751 277.434 -2.36743
185.348 11.2387 278.069 -2.46783
185.404 11.0969 278.695 -2.55931
185.461 10.9505 279.314 -2.63354
185.517 10.8 279.924 -2.71054
185.573 10.6454 280.526 -2.77532
185.629 10.4878 281.118 -2.82419
185.685 10.328 281.702 -2.85668
185.742 10.1665 282.277 -2.88773
185.798 10.0037 282.843 -2.90249
185.854 9.84015 283.399 -2.91513
185.91 9.67631 283.946 -2.91549
185.966 9.51309 284.484 -2.90007
186.022 9.35111 285.013 -2.87637
186.079 9.19045 285.533 -2.8488
186.135 9.03165 286.044 -2.81256
186.191 8.87474 286.546 -2.77647
186.247 8.72025 287.04 -2.73222
186.303 8.56844 287.525 -2.67786
186.36 8.42012 288.001 -2.61405
186.416 8.27482 288.469 -2.5633
186.472 8.13301 288.929 -2.49855
186.528 7.99471 289.381 -2.43482
186.584 7.86017 289.826 -2.36817
186.64 7.72916 290.263 -2.30441
186.697 7.6025 290.693 -2.21924
186.753 7.48044 291.116 -2.13695
186.809 7.36333 291.532 -2.0471
186.865 7.25161 291.942 -1.94732
186.921 7.14577 292.346 -1.84154
186.978 7.04577 292.744 -1.73491
187.034 6.95231 293.137 -1.61584
187.09 6.86577 293.524 -1.48839
187.146 6.78671 293.907 -1.35254
187.202 6.71524 294.286 -1.21694
187.258 6.65194 294.661 -1.06727
187.315 6.59649 295.033 -0.927512
187.371 6.54937 295.402 -0.778448
187.427 6.51083 295.769 -0.625018
187.483 6.48083 296.133 -0.474913
187.539 6.45903 296.497 -0.332209
187.596 6.44499 296.859 -0.194748
187.652 6.43881 297.221 -0.0543337
187.708 6.44015 297.583 0.0746087
187.764 6.44875 297.945 0.202785
187.82 6.46381 298.307 0.311812
187.876 6.48462 298.671 0.408209
187.933 6.51083 299.036 0.504514
187.989 6.54209 299.403 0.588787
188.045 6.57768 299.772 0.661475
188.101 6.61687 300.143 0.719032
188.157 6.65899 300.516 0.768862
188.213 6.70356 300.892 0.808256
188.27 6.7503 301.27 0.847829
188.326 6.79928 301.651 0.885043
188.382 6.84997 302.034 0.91553
188.438 6.90221 302.421 0.939518
188.494 6.95608 302.81 0.972755
188.551 7.01167 303.203 1.0019
188.607 7.06883 303.599 1.03052
188.663 7.12772 303.998 1.05762
188.719 7.18819 304.4 1.0897
188.775 7.25073 304.806 1.13049
188.831 7.31586 305.216 1.17939
188.888 7.38364 305.629 1.22161
188.944 7.45381 306.046 1.26737
189 7.52668 306.468 1.31805
189.056 7.60229 306.893 1.36356
189.112 7.68037 307.323 1.40471
189.169 7.76075 307.757 1.44671
189.225 7.84328 308.196 1.48458
189.281 7.92765 308.639 1.51112
189.337 8.01304 309.087 1.52604
189.393 8.09919 309.54 1.53377
189.449 8.18574 309.998 1.54108
189.506 8.27212 310.461 1.52839
189.562 8.35725 310.929 1.50117
189.618 8.44036 311.401 1.46839
189.674 8.52193 311.878 1.43999
189.73 8.60147 312.359 1.3955
189.787 8.67849 312.845 1.35434
189.843 8.7531 313.335 1.31217
189.899 8.82563 313.83 1.27652
189.955 8.89591 314.328 1.23328
190.011 8.96366 314.83 1.19006
190.067 9.02904 315.336 1.1466
190.124 9.09194 315.845 1.10306
190.18 9.15245 316.358 1.05949
190.236 9.21063 316.874 1.01886
190.292 9.26656 317.393 0.977532
190.348 9.31985 317.916 0.92757
190.404 9.3703 318.441 0.877495
190.461 9.41795 318.969 0.832091
190.517 9.46308 319.5 0.786427
190.573 9.50588 320.033 0.745548
190.629 9.54657 320.568 0.709623
190.685 9.58481 321.106 0.66439
190.742 9.62058 321.645 0.614598
190.798 9.65374 322.187 0.572857
190.854 9.68447 322.731 0.529637
190.91 9.71283 323.276 0.4877
190.966 9.7387 323.822 0.442705
191.022 9.76182 324.37 0.390855
191.079 9.78206 324.919 0.340045
191.135 9.79957 325.469 0.292697
191.191 9.81431 326.02 0.242618
191.247 9.82647 326.572 0.198938
191.303 9.83623 327.124 0.15936
191.36 9.84371 327.677 0.116699
191.416 9.84857 328.231 0.0667062
191.472 9.8509 328.784 0.0231389
191.528 9.85034 329.337 -0.0316589
191.584 9.84685 329.891 -0.0838911
191.64 9.84015 330.444 -0.142557
191.697 9.8299 330.996 -0.20892
191.753 9.81569 331.548 -0.285027
191.809 9.79736 332.099 -0.354095
191.865 9.77467 332.648 -0.436327
191.921 9.74756 333.197 -0.51493
191.978 9.71588 333.743 -0.597694
192.034 9.67966 334.288 -0.675276
192.09 9.63884 334.83 -0.761885
192.146 9.59305 335.37 -0.847098
192.202 9.54266 335.908 -0.926717
192.258 9.48843 336.442 -0.989903
192.315 9.43112 336.973 -1.0355
192.371 9.37165 337.501 -1.07085
192.427 9.31081 338.025 -1.08847
192.483 9.24941 338.546 -1.09149
192.539 9.1888 339.064 -1.06461
192.596 9.13033 339.578 -1.02471
192.652 9.0748 340.089 -0.959401
192.708 9.02334 340.597 -0.88766
192.764 8.97669 341.103 -0.788063
192.82 8.93654 341.605 -0.666568
192.876 8.90379 342.106 -0.52319
192.933 8.88016 342.606 -0.354558
192.989 8.86599 343.104 -0.183068
193.045 8.8623 343.602 0.010839
193.101 8.86845 344.1 0.180288
193.157 8.88533 344.599 0.376902
193.213 8.9124 345.099 0.557166
193.27 8.95006 345.601 0.742948
193.326 8.99814 346.105 0.930217
193.382 9.05607 346.613 1.09775
193.438 9.12322 347.124 1.25788
193.494 9.19888 347.639 1.40524
193.551 9.28228 348.158 1.53746
193.607 9.37273 348.683 1.65881
193.663 9.46978 349.212 1.77258
193.719 9.57225 349.748 1.85212
193.775 9.67876 350.289 1.92163
193.831 9.78863 350.837 1.9758
193.888 9.90114 351.39 2.0187
193.944 10.0158 351.951 2.05237
194 10.1316 352.517 2.06648
194.056 10.2477 353.09 2.06329
194.112 10.3627 353.67 2.0344
194.169 10.4761 354.256 2.00613
194.225 10.5871 354.848 1.95405
194.281 10.695 355.447 1.89199
194.337 10.7986 356.051 1.81173
194.393 10.8969 356.661 1.7077
194.449 10.9892 357.276 1.59945
194.506 11.0754 357.897 1.4868
194.562 11.1545 358.521 1.35608
194.618 11.226 359.151 1.21502
194.674 11.2892 359.783 1.06504
194.73 11.3437 360.419 0.909054
194.787 11.3896 361.058 0.754045
194.843 11.4266 361.7 0.593122
194.899 11.4542 362.342 0.424556
194.955 11.4724 362.987 0.254763
195.011 11.4808 363.631 0.0831063
195.067 11.4798 364.276 -0.0845669
195.124 11.4694 364.921 -0.251576
195.18 11.4498 365.565 -0.414604
195.236 11.4211 366.207 -0.572772
195.292 11.3839 366.848 -0.721088
195.348 11.3384 367.486 -0.865096
195.404 11.2856 368.121 -0.986965
195.461 11.2268 368.753 -1.08793
195.517 11.1626 369.381 -1.17223
195.573 11.0939 370.006 -1.24957
195.629 11.0219 370.627 -1.30453
195.685 10.9473 371.244 -1.33944
195.742 10.8712 371.856 -1.36229
195.798 10.7947 372.464 -1.36003
195.854 10.7184 373.068 -1.35503
195.91 10.643 373.668 -1.33212
195.966 10.5692 374.263 -1.30099
196.022 10.4973 374.855 -1.26475
196.079 10.4275 375.442 -1.22461
196.135 10.3602 376.026 -1.18355
196.191 10.295 376.605 -1.14713
196.247 10.2317 377.182 -1.11175
196.303 10.17 377.754 -1.09053
196.36 10.1096 378.324 -1.06765
196.416 10.0503 378.89 -1.04891
196.472 9.99186 379.452 -1.03443
196.528 9.93401 380.012 -1.02424
196.584 9.87681 380.568 -1.01298
196.64 9.82043 381.121 -0.995331
196.697 9.76495 381.671 -0.982757
196.753 9.70973 382.217 -0.984096
196.809 9.65456 382.761 -0.980171
196.865 9.59984 383.302 -0.971331
196.921 9.54501 383.839 -0.976005
196.978 9.49036 384.373 -0.974244
197.034 9.43574 384.905 -0.970576
197.09 9.38115 385.433 -0.972945
197.146 9.32671 385.958 -0.965618
197.202 9.27325 386.48 -0.943243
197.258 9.22077 387 -0.926374
197.315 9.16938 387.516 -0.906565
197.371 9.11974 388.029 -0.870851
197.427 9.07198 388.54 -0.835552
197.483 9.0261 389.048 -0.804563
197.539 8.9826 389.554 -0.754645
197.596 8.94173 390.057 -0.708805
197.652 8.90364 390.558 -0.656951
197.708 8.86851 391.057 -0.599188
197.764 8.83622 391.554 -0.559065
197.82 8.80635 392.05 -0.520386
197.876 8.7788 392.543 -0.477009
197.933 8.75338 393.036 -0.434258
197.989 8.73054 393.527 -0.387775
198.045 8.71027 394.016 -0.343728
198.101 8.6921 394.505 -0.309505
198.157 8.67621 394.993 -0.265928
198.213 8.66241 395.48 -0.230407
198.27 8.65084 395.966 -0.188843
198.326 8.64098 396.452 -0.165859
198.382 8.63297 396.937 -0.127831
198.438 8.62669 397.422 -0.100747
198.494 8.62223 397.906 -0.0664975
198.551 8.61962 398.391 -0.0297594
198.607 8.61912 398.875 0.00268921
198.663 8.62011 399.359 0.0293807
198.719 8.62291 399.843 0.0625356
198.775 8.62786 400.328 0.101349
198.831 8.63447 400.813 0.128138
198.888 8.64296 401.298 0.166223
198.944 8.65326 401.784 0.20062
199 8.66549 402.271 0.229897
199.056 8.67946 402.758 0.261279
199.112 8.69527 403.246 0.288847
199.169 8.71222 403.735 0.310684
199.225 8.73058 404.225 0.337433
199.281 8.75038 404.716 0.361955
199.337 8.77121 405.209 0.378567
199.393 8.79336 405.702 0.402869
199.449 8.81674 406.197 0.426234
199.506 8.84129 406.693 0.44384
199.562 8.86708 407.191 0.470332
199.618 8.89395 407.69 0.47883
199.674 8.9215 408.19 0.49853
199.73 8.95 408.692 0.514324
199.787 8.97912 409.196 0.520146
199.843 9.00863 409.702 0.527293
199.899 9.03843 410.209 0.533278
199.955 9.06836 410.718 0.532202
200.011 9.09829 411.228 0.53188
200.067 9.12832 411.74 0.534828
200.124 9.15832 412.254 0.534954
200.18 9.18866 412.77 0.54426
200.236 9.2197 413.287 0.558111
200.292 9.2512 413.806 0.562611
200.348 9.28332 414.327 0.579356
200.404 9.31633 414.849 0.593726
200.461 9.35026 415.374 0.608791
200.517 9.38521 415.9 0.632315
200.573 9.42168 416.429 0.660527
200.629 9.45964 416.959 0.687319
200.685 9.49917 417.492 0.713515
200.742 9.54002 418.027 0.737411
200.798 9.58244 418.565 0.767423
200.854 9.62635 419.104 0.791244
200.91 9.67197 419.647 0.825615
200.966 9.71897 420.192 0.844296
201.022 9.76697 420.739 0.861214
201.079 9.816 421.29 0.880209
201.135 9.86586 421.843 0.892542
201.191 9.9164 422.399 0.902304
201.247 9.9675 422.958 0.914647
201.303 10.0192 423.519 0.925189
201.36 10.0717 424.084 0.939389
201.416 10.1247 424.652 0.943176
201.472 10.1778 425.222 0.951096
201.528 10.2314 425.796 0.9548
201.584 10.2851 426.372 0.957163
201.64 10.3389 426.952 0.958328
201.697 10.3929 427.535 0.963228
201.753 10.4472 428.12 0.966538
201.809 10.5014 428.709 0.966359
201.865 10.5558 429.301 0.966158
201.921 10.6098 429.896 0.95791
201.978 10.6634 430.494 0.951158
202.034 10.7164 431.094 0.940328
202.09 10.7691 431.698 0.935307
202.146 10.8215 432.305 0.931977
202.202 10.8736 432.915 0.922529
202.258 10.9248 433.527 0.904023
202.315 10.975 434.143 0.88794
202.371 11.0242 434.761 0.867424
202.427 11.0724 435.382 0.850835
202.483 11.1195 436.006 0.831371
202.539 11.1658 436.632 0.817111
202.596 11.2111 437.261 0.801766
202.652 11.256 437.892 0.795983
202.708 11.3005 438.526 0.790325
202.764 11.3448 439.162 0.787347
202.82 11.3887 439.801 0.776863
202.876 11.432 440.442 0.765631
202.933 11.4747 441.086 0.757452
202.989 11.5167 441.732 0.74057
203.045 11.5579 442.381 0.729744
203.101 11.5983 443.031 0.711377
203.157 11.6375 443.684 0.688595
203.213 11.6754 444.339 0.661886
203.27 11.7118 444.996 0.639774
203.326 11.7473 445.656 0.625728
203.382 11.782 446.317 0.611179
203.438 11.8154 446.98 0.586538
203.494 11.8476 447.645 0.56389
203.551 11.8785 448.311 0.537981
203.607 11.908 448.98 0.517887
203.663 11.9364 449.649 0.497423
203.719 11.9637 450.321 0.477106
203.775 11.9896 450.994 0.448146
203.831 12.014 451.668 0.423149
203.888 12.037 452.344 0.401525
203.944 12.0589 453.021 0.379297
204 12.0794 453.699 0.354992
204.056 12.0987 454.379 0.33559
204.112 12.1164 455.059 0.298812
204.169 12.1323 455.74 0.27453
204.225 12.1466 456.422 0.238934
204.281 12.1588 457.105 0.203605
204.337 12.1686 457.788 0.156921
204.393 12.1754 458.472 0.0970436
204.449 12.179 459.156 0.0376256
204.506 12.179 459.841 -0.0256223
204.562 12.1753 460.525 -0.0954156
204.618 12.1676 461.209 -0.163182
204.674 12.1561 461.892 -0.232788
204.73 12.1409 462.574 -0.29485
204.787 12.1223 463.256 -0.356718
204.843 12.1006 463.936 -0.404152
204.899 12.0764 464.615 -0.450548
204.955 12.0498 465.293 -0.484611
205.011 12.0213 465.969 -0.521483
205.067 11.9914 466.643 -0.535459
205.124 11.9609 467.316 -0.545014
205.18 11.9304 467.986 -0.544807
205.236 11.9 468.656 -0.538524
205.292 11.8703 469.323 -0.52372
205.348 11.8418 469.989 -0.492614
205.404 11.8151 470.653 -0.463421
205.461 11.7902 471.316 -0.42554
205.517 11.7677 471.978 -0.386568
205.573 11.7474 472.638 -0.344177
205.629 11.7292 473.298 -0.310495
205.685 11.7127 473.956 -0.284543
205.742 11.6976 474.614 -0.25891
205.798 11.6837 475.27 -0.236659
205.854 11.6706 475.926 -0.231806
205.91 11.6579 476.581 -0.224432
205.966 11.6457 477.236 -0.212854
206.022 11.6339 477.89 -0.20733
206.079 11.6224 478.543 -0.203021
206.135 11.6111 479.196 -0.197952
206.191 11.5998 479.848 -0.203591
206.247 11.5887 480.499 -0.192651
206.303 11.5783 481.15 -0.177494
206.36 11.5685 481.8 -0.170909
206.416 11.5592 482.449 -0.164544
206.472 11.5504 483.098 -0.152238
206.528 11.542 483.747 -0.14647
206.584 11.5339 484.395 -0.146639
206.64 11.5252 485.043 -0.159253
206.697 11.5156 485.69 -0.177704
206.753 11.5048 486.337 -0.205752
206.809 11.4921 486.982 -0.23845
206.865 11.4773 487.628 -0.278673
206.921 11.4606 488.272 -0.311701
206.978 11.4419 488.915 -0.34802
207.034 11.4207 489.557 -0.393075
207.09 11.3973 490.198 -0.435571
207.146 11.3715 490.837 -0.475239
207.202 11.3433 491.475 -0.517952
207.258 11.3127 492.112 -0.561089
207.315 11.2797 492.746 -0.606445
207.371 11.2439 493.379 -0.654932
207.427 11.2054 494.009 -0.705456
207.483 11.1642 494.637 -0.751204
207.539 11.1201 495.263 -0.808033
207.596 11.0726 495.886 -0.872626
207.652 11.0217 496.506 -0.928201
207.708 10.9674 497.124 -0.993429
207.764 10.9094 497.738 -1.05898
207.82 10.8478 498.349 -1.11936
207.876 10.783 498.956 -1.17587
207.933 10.7151 499.56 -1.23282
207.989 10.644 500.159 -1.28412
208.045 10.5701 500.755 -1.33578
208.101 10.4939 501.346 -1.37134
208.157 10.416 501.933 -1.39475
208.213 10.337 502.515 -1.41545
208.27 10.2566 503.093 -1.44078
208.326 10.175 503.667 -1.46632
208.382 10.0923 504.236 -1.48005
208.438 10.0083 504.8 -1.50757
208.494 9.92293 505.359 -1.52852
208.551 9.83619 505.914 -1.55398
208.607 9.74814 506.463 -1.57369
208.663 9.65917 507.008 -1.59182
208.719 9.56888 507.548 -1.61317
208.775 9.47781 508.082 -1.62676
208.831 9.38614 508.612 -1.6304
208.888 9.29475 509.136 -1.62352
208.944 9.20398 509.655 -1.60757
209 9.11454 510.169 -1.58151
209.056 9.02673 510.678 -1.54954
209.112 8.94108 511.182 -1.5091
209.169 8.85827 511.682 -1.45035
209.225 8.77888 512.177 -1.38788
209.281 8.70303 512.667 -1.32253
209.337 8.6312 513.154 -1.24898
209.393 8.56371 513.636 -1.17057
209.449 8.50057 514.115 -1.09328
209.506 8.44178 514.591 -1.01463
209.562 8.38783 515.063 -0.923282
209.618 8.33904 515.533 -0.83193
209.674 8.2954 516 -0.739841
209.73 8.2572 516.465 -0.637792
209.787 8.2248 516.927 -0.537082
209.843 8.19804 517.389 -0.434302
209.899 8.17718 517.848 -0.329982
209.955 8.16215 518.307 -0.222911
210.011 8.15338 518.765 -0.114698
210.067 8.15045 519.223 -0.00983222
210.124 8.15336 519.681 0.0939196
210.18 8.16225 520.14 0.200431
210.236 8.17685 520.599 0.298181
210.292 8.19707 521.059 0.403255
210.348 8.22333 521.52 0.507504
210.404 8.25519 521.983 0.604298
210.461 8.29197 522.448 0.691435
210.517 8.33391 522.915 0.786593
210.573 8.38126 523.385 0.876735
210.629 8.43296 523.858 0.952622
210.685 8.48933 524.333 1.03808
210.742 8.55005 524.812 1.10968
210.798 8.61451 525.295 1.17277
210.854 8.68287 525.781 1.24195
210.91 8.75472 526.271 1.29858
210.966 8.82955 526.766 1.35189
211.022 8.90716 527.264 1.40019
211.079 8.98719 527.767 1.44038
211.135 9.06909 528.275 1.46705
211.191 9.15245 528.787 1.49263
211.247 9.23665 529.304 1.50372
211.303 9.32122 529.826 1.50667
211.36 9.40559 530.353 1.4989
211.416 9.4896 530.884 1.49024
211.472 9.57291 531.42 1.47528
211.528 9.65506 531.96 1.45554
211.584 9.7364 532.505 1.44343
211.64 9.81662 533.055 1.41614
211.697 9.89495 533.609 1.37914
211.753 9.97126 534.168 1.34582
211.809 10.0454 534.731 1.30381
211.865 10.1172 535.297 1.25808
211.921 10.1862 535.868 1.20878
211.978 10.2526 536.443 1.15969
212.034 10.3161 537.021 1.1092
212.09 10.3767 537.602 1.0593
212.146 10.434 538.187 0.98765
212.202 10.4874 538.775 0.924576
212.258 10.537 539.366 0.855306
212.315 10.5829 539.96 0.789329
212.371 10.625 540.556 0.723909
212.427 10.6628 541.154 0.63876
212.483 10.6965 541.754 0.57553
212.539 10.727 542.356 0.521517
212.596 10.7544 542.959 0.471395
212.652 10.779 543.565 0.414743
212.708 10.8002 544.171 0.351103
212.764 10.8181 544.778 0.297094
212.82 10.8331 545.386 0.247851
212.876 10.8456 545.995 0.204751
212.933 10.8554 546.605 0.154837
212.989 10.8627 547.215 0.113161
213.045 10.8678 547.826 0.0788369
213.101 10.871 548.436 0.0424155
213.157 10.8726 549.047 0.0177489
213.213 10.8728 549.658 -0.00548758
213.27 10.8715 550.269 -0.0361009
213.326 10.8686 550.879 -0.0629026
213.382 10.8644 551.49 -0.0835879
213.438 10.8591 552.1 -0.0989018
213.494 10.8532 552.71 -0.110687
213.551 10.8467 553.319 -0.120119
213.607 10.8397 553.929 -0.126013
213.663 10.8323 554.537 -0.130292
213.719 10.8251 555.146 -0.1273
213.775 10.818 555.754 -0.123181
213.831 10.8113 556.361 -0.11635
213.888 10.8053 556.968 -0.102031
213.944 10.8 557.575 -0.0873298
214 10.7958 558.182 -0.0701633
214.056 10.7926 558.788 -0.0509638
214.112 10.7904 559.394 -0.0303469
214.169 10.7895 560.001 -0.00479958
214.225 10.7903 560.607 0.027262
214.281 10.7928 561.213 0.0573941
214.337 10.7971 561.819 0.0862219
214.393 10.8031 562.426 0.120151
214.449 10.8109 563.033 0.152031
214.506 10.8206 563.641 0.184043
214.562 10.8324 564.249 0.229506
214.618 10.8465 564.858 0.264784
214.674 10.8625 565.468 0.298132
214.73 10.8803 566.079 0.329668
214.787 10.8999 566.691 0.363283
214.843 10.9214 567.304 0.395184
214.899 10.9448 567.918 0.431232
214.955 10.9701 568.534 0.463799
215.011 10.9973 569.151 0.498603
215.067 11.0263 569.77 0.525877
215.124 11.0566 570.391 0.550675
215.18 11.0886 571.013 0.580005
215.236 11.1222 571.637 0.610461
215.292 11.1574 572.263 0.634411
215.348 11.1941 572.891 0.666287
215.404 11.2326 573.521 0.697948
215.461 11.2725 574.154 0.720849
215.517 11.3141 574.788 0.74996
215.573 11.3574 575.425 0.786601
215.629 11.4027 576.065 0.815738
215.685 11.4495 576.707 0.842151
215.742 11.4974 577.352 0.860416
215.798 11.5463 577.999 0.875355
215.854 11.5958 578.65 0.885322
215.91 11.646 579.303 0.900205
215.966 11.6973 579.959 0.91984
216.022 11.7495 580.618 0.928384
216.079 11.8018 581.28 0.932578
216.135 11.8535 581.944 0.916858
216.191 11.9047 582.612 0.904066
216.247 11.9551 583.283 0.890968
216.303 12.0038 583.956 0.856276
216.36 12.051 584.632 0.826353
216.416 12.0965 585.31 0.798331
216.472 12.1402 585.991 0.762094
216.528 12.1818 586.675 0.726579
216.584 12.2216 587.361 0.695856
216.64 12.2596 588.049 0.663008
216.697 12.2955 588.739 0.625021
216.753 12.3298 589.43 0.599126
216.809 12.3624 590.124 0.569221
216.865 12.3935 590.82 0.543195
216.921 12.4232 591.517 0.519594
216.978 12.4516 592.216 0.49654
217.034 12.4789 592.916 0.478617
217.09 12.5053 593.618 0.462388
217.146 12.5307 594.322 0.444569
217.202 12.5547 595.027 0.420043
217.258 12.5771 595.733 0.385752
217.315 12.5975 596.44 0.346254
217.371 12.6157 597.148 0.305354
217.427 12.6313 597.858 0.258587
217.483 12.6441 598.568 0.205568
217.539 12.6536 599.278 0.141652
217.596 12.6593 599.989 0.0749723
217.652 12.661 600.701 -0.00176041
217.708 12.6582 601.412 -0.0811828
217.764 12.651 602.123 -0.160954
217.82 12.6393 602.833 -0.239771
217.876 12.6233 603.543 -0.314689
217.933 12.6036 604.251 -0.371752
217.989 12.5808 604.959 -0.428131
218.045 12.5548 605.664 -0.487967
218.101 12.5256 606.369 -0.538887
218.157 12.4937 607.071 -0.582233
218.213 12.4602 607.772 -0.606116
218.27 12.4257 608.471 -0.622568
218.326 12.3905 609.168 -0.629483
218.382 12.3555 609.863 -0.619901
218.438 12.3209 610.556 -0.607253
218.494 12.2874 611.247 -0.590005
218.551 12.2554 611.936 -0.553462
218.607 12.2256 612.624 -0.514592
218.663 12.1982 613.309 -0.468053
218.719 12.1736 613.994 -0.416321
218.775 12.1521 614.677 -0.359018
218.831 12.1339 615.359 -0.301375
218.888 12.1191 616.04 -0.237872
218.944 12.1079 616.721 -0.176996
219 12.0997 617.401 -0.123679
219.056 12.0948 618.08 -0.0620637
219.112 12.0935 618.76 -0.00201372
219.169 12.0949 619.439 0.0454131
219.225 12.0993 620.119 0.0969428
219.281 12.1064 620.799 0.143283
219.337 12.1159 621.479 0.188296
219.393 12.1278 622.16 0.227665
219.449 12.1418 622.842 0.266867
219.506 12.1584 623.525 0.313825
219.562 12.1776 624.208 0.358128
219.618 12.199 624.893 0.395844
219.674 12.2222 625.579 0.423836
219.73 12.247 626.267 0.452433
219.787 12.2733 626.956 0.479285
219.843 12.3008 627.646 0.49354
219.899 12.3289 628.338 0.501073
219.955 12.3573 629.032 0.508458
220.011 12.3858 629.727 0.506856
220.067 12.4138 630.424 0.495715
220.124 12.4413 631.122 0.482565
220.18 12.4678 631.822 0.464662
220.236 12.493 632.523 0.434971
220.292 12.5161 633.226 0.39794
220.348 12.537 633.93 0.354213
220.404 12.5551 634.635 0.299573
220.461 12.5703 635.341 0.253658
220.517 12.5827 636.047 0.19738
220.573 12.5917 636.754 0.130794
220.629 12.5972 637.462 0.0749389
220.685 12.5991 638.17 0.00307584
220.742 12.5969 638.878 -0.0669676
220.798 12.5908 639.585 -0.132833
220.854 12.5806 640.292 -0.211907
220.91 12.5661 640.998 -0.286204
220.966 12.5476 641.704 -0.361442
221.022 12.5252 642.408 -0.426249
221.079 12.4993 643.111 -0.48438
221.135 12.4701 643.812 -0.54326
221.191 12.4379 644.511 -0.58994
221.247 12.4033 645.209 -0.63343
221.303 12.3667 645.905 -0.660488
221.36 12.3287 646.598 -0.687636
221.416 12.2894 647.289 -0.704574
221.472 12.2496 647.978 -0.707037
221.528 12.2098 648.665 -0.705448
221.584 12.1707 649.35 -0.69035
221.64 12.1326 650.032 -0.66287
221.697 12.0962 650.713 -0.637737
221.753 12.0617 651.391 -0.598205
221.809 12.0295 652.068 -0.554295
221.865 11.9999 652.742 -0.507606
221.921 11.9731 653.416 -0.456388
221.978 11.9494 654.088 -0.399598
222.034 11.929 654.758 -0.341024
222.09 11.912 655.428 -0.278644
222.146 11.8983 656.096 -0.219833
222.202 11.8882 656.765 -0.152901
222.258 11.8817 657.432 -0.0902406
222.315 11.879 658.1 -0.0240567
222.371 11.8796 658.767 0.0391905
222.427 11.8844 659.435 0.113768
222.483 11.8927 660.102 0.174266
222.539 11.9048 660.771 0.248394
222.596 11.9202 661.44 0.288662
222.652 11.9385 662.111 0.351189
222.708 11.9597 662.782 0.394107
222.764 11.9834 663.455 0.439661
222.82 12.0092 664.129 0.471635
222.876 12.0369 664.804 0.508324
222.933 12.0664 665.482 0.535192
222.989 12.0971 666.16 0.554939
223.045 12.1288 666.841 0.56604
223.101 12.1603 667.524 0.558443
223.157 12.1915 668.208 0.549832
223.213 12.2217 668.894 0.526734
223.27 12.2499 669.581 0.484765
223.326 12.2758 670.27 0.44522
223.382 12.299 670.961 0.389169
223.438 12.3185 671.652 0.317323
223.494 12.3337 672.345 0.238224
223.551 12.3445 673.038 0.1619
223.607 12.3508 673.732 0.0748929
223.663 12.3517 674.426 -0.0195234
223.719 12.347 675.12 -0.126538
223.775 12.3364 675.813 -0.231538
223.831 12.3198 676.506 -0.34115
223.888 12.2968 677.197 -0.44806
223.944 12.2683 677.887 -0.546441
224 12.2347 678.575 -0.629344
224.056 12.1967 679.261 -0.70701
224.112 12.155 679.945 -0.762765
224.169 12.1109 680.626 -0.792627
224.225 12.0656 681.305 -0.812962
224.281 12.0199 681.981 -0.810106
224.337 11.9753 682.655 -0.777851
224.393 11.9333 683.327 -0.724883
224.449 11.895 683.996 -0.652589
224.506 11.8614 684.663 -0.557531
224.562 11.8336 685.328 -0.453192
224.618 11.812 685.992 -0.337818
224.674 11.7972 686.655 -0.211048
224.73 11.7894 687.318 -0.092429
224.787 11.7882 687.98 0.0232238
224.843 11.7931 688.642 0.130045
224.899 11.8039 689.305 0.232732
224.955 11.8201 689.969 0.321543
225.011 11.8406 690.634 0.390275
225.067 11.8644 691.3 0.444869
225.124 11.8909 691.967 0.487325
225.18 11.9194 692.636 0.519098
225.236 11.9492 693.307 0.53674
225.292 11.9798 693.979 0.549249
225.348 12.011 694.653 0.557231
225.404 12.0424 695.329 0.561315
225.461 12.0738 696.007 0.55781
225.517 12.1053 696.686 0.562915
225.573 12.1369 697.367 0.560996
225.629 12.1685 698.05 0.56295
225.685 12.2003 698.735 0.568198
225.742 12.2326 699.421 0.578415
225.798 12.2657 700.11 0.598936
225.854 12.3004 700.8 0.627326
225.91 12.3363 701.492 0.64759
225.966 12.3734 702.186 0.669191
226.022 12.4121 702.883 0.70424
226.079 12.4527 703.581 0.738144
226.135 12.4953 704.282 0.768946
226.191 12.5395 704.986 0.79884
226.247 12.5854 705.692 0.828686
226.303 12.6329 706.401 0.853801
226.36 12.6814 707.112 0.870278
226.416 12.7306 707.826 0.88119
226.472 12.7806 708.543 0.893401
226.528 12.8307 709.263 0.888729
226.584 12.8801 709.985 0.872657
226.64 12.929 710.71 0.868508
226.697 12.9775 711.438 0.857905
226.753 13.0254 712.169 0.84998
226.809 13.0728 712.902 0.8406
226.865 13.1197 713.638 0.830602
226.921 13.1662 714.377 0.826669
226.978 13.2125 715.118 0.820909
227.034 13.2587 715.862 0.825437
227.09 13.3053 716.608 0.833169
227.146 13.3525 717.358 0.844429
227.202 13.4004 718.109 0.859215
227.258 13.4489 718.864 0.867568
227.315 13.498 719.621 0.877647
227.371 13.5479 720.381 0.895979
227.427 13.5986 721.144 0.904485
227.483 13.6496 721.909 0.907488
227.539 13.7007 722.678 0.912612
227.596 13.7519 723.449 0.91163
227.652 13.8026 724.224 0.898062
227.708 13.8526 725.001 0.882261
227.764 13.9018 725.781 0.869887
227.82 13.9497 726.563 0.84216
227.876 13.996 727.349 0.809396
227.933 14.0402 728.136 0.770893
227.989 14.0818 728.927 0.716756
228.045 14.1201 729.719 0.657609
228.101 14.155 730.514 0.599102
228.157 14.1868 731.31 0.536456
228.213 14.2148 732.108 0.468649
228.27 14.2388 732.907 0.400986
228.326 14.2591 733.708 0.334065
228.382 14.2755 734.509 0.261582
228.438 14.288 735.312 0.200351
228.494 14.2971 736.115 0.134873
228.551 14.3026 736.918 0.0683331
228.607 14.3044 737.722 0.0127444
228.663 14.3032 738.526 -0.0446295
228.719 14.2988 739.329 -0.0996501
228.775 14.2914 740.132 -0.147341
228.831 14.2819 740.935 -0.182629
228.888 14.2701 741.737 -0.224738
228.944 14.2563 742.538 -0.26006
229 14.2407 743.338 -0.291374
229.056 14.2234 744.138 -0.318914
229.112 14.2049 744.936 -0.336317
229.169 14.185 745.733 -0.364796
229.225 14.1643 746.53 -0.374558
229.281 14.1426 747.325 -0.395243
229.337 14.1201 748.118 -0.411519
229.393 14.0964 748.911 -0.427662
229.449 14.0714 749.702 -0.453842
229.506 14.0458 750.492 -0.464705
229.562 14.0194 751.28 -0.469556
229.618 13.9926 752.067 -0.483788
229.674 13.9651 752.852 -0.489706
229.73 13.9373 753.635 -0.499178
229.787 13.909 754.417 -0.507074
229.843 13.8803 755.198 -0.516547
229.899 13.8514 755.977 -0.508546
229.955 13.823 756.754 -0.501977
230.011 13.795 757.53 -0.49709
230.067 13.7674 758.304 -0.486415
230.124 13.7406 759.076 -0.467985
230.18 13.7152 759.847 -0.442567
230.236 13.6907 760.617 -0.429573
230.292 13.6673 761.385 -0.408637
230.348 13.6454 762.152 -0.379004
230.404 13.6253 762.918 -0.344308
230.461 13.6067 763.683 -0.317871
230.517 13.59 764.447 -0.285829
230.573 13.5754 765.21 -0.240343
230.629 13.5628 765.972 -0.212691
230.685 13.5518 766.734 -0.185199
230.742 13.5426 767.495 -0.145843
230.798 13.536 768.255 -0.103928
230.854 13.5313 769.016 -0.0712094
230.91 13.5285 769.776 -0.0354692
230.966 13.5278 770.536 0.00250565
231.022 13.529 771.296 0.0313622
231.079 13.5315 772.056 0.0532753
231.135 13.5352 772.816 0.0734508
231.191 13.5402 773.577 0.0986515
231.247 13.5468 774.338 0.127704
231.303 13.5545 775.099 0.146074
231.36 13.5636 775.861 0.170258
231.416 13.574 776.623 0.19806
231.472 13.586 777.386 0.223363
231.528 13.5994 778.15 0.24803
231.584 13.6141 778.914 0.272995
231.64 13.6303 779.68 0.299945
231.697 13.648 780.446 0.320467
231.753 13.6667 781.213 0.343038
231.809 13.6867 781.982 0.365897
231.865 13.7081 782.751 0.390355
231.921 13.7308 783.522 0.413608
231.978 13.7548 784.294 0.438587
232.034 13.7803 785.068 0.463126
232.09 13.8073 785.843 0.492928
232.146 13.8359 786.62 0.517392
232.202 13.8656 787.398 0.536718
232.258 13.8964 788.178 0.556952
232.315 13.9285 788.96 0.578908
232.371 13.9618 789.743 0.60345
232.427 13.9967 790.529 0.634944
232.483 14.0333 791.317 0.664133
232.539 14.0716 792.106 0.692553
232.596 14.1115 792.898 0.718896
232.652 14.1527 793.692 0.741459
232.708 14.1949 794.489 0.758441
232.764 14.2382 795.288 0.777984
232.82 14.2823 796.089 0.793066
232.876 14.3275 796.893 0.810668
232.933 14.3738 797.699 0.833107
232.989 14.4211 798.509 0.848826
233.045 14.4695 799.32 0.8671
233.101 14.5189 800.135 0.884738
233.157 14.5689 800.952 0.895203
233.213 14.6196 801.772 0.905886
233.27 14.6707 802.596 0.910708
233.326 14.7213 803.421 0.894469
233.382 14.7707 804.25 0.868265
233.438 14.8181 805.082 0.823354
233.494 14.8622 805.916 0.760361
233.551 14.9026 806.752 0.690586
233.607 14.9388 807.59 0.612854
233.663 14.9698 808.431 0.514458
233.719 14.9951 809.273 0.400921
233.775 15.0136 810.116 0.279072
233.831 15.0246 810.96 0.140871
233.888 15.0275 811.804 -0.0120803
233.944 15.0219 812.648 -0.160475
234 15.0074 813.491 -0.322608
234.056 14.9839 814.334 -0.484672
234.112 14.9512 815.174 -0.648631
234.169 14.9093 816.013 -0.805498
234.225 14.8591 816.849 -0.95253
234.281 14.8012 817.682 -1.08055
234.337 14.7366 818.511 -1.19396
234.393 14.6664 819.337 -1.2849
234.449 14.5916 820.158 -1.36274
234.506 14.5129 820.975 -1.42288
234.562 14.4314 821.788 -1.46923
234.618 14.3482 822.596 -1.48882
234.674 14.2634 823.399 -1.51967
234.73 14.1777 824.197 -1.53158
234.787 14.0912 824.991 -1.54775
234.843 14.0041 825.78 -1.55389
234.899 13.9167 826.564 -1.55928
234.955 13.8293 827.342 -1.55249
235.011 13.7425 828.116 -1.54072
235.067 13.6559 828.886 -1.54176
235.124 13.5696 829.65 -1.53336
235.18 13.4836 830.409 -1.52773
235.236 13.3981 831.164 -1.52142
235.292 13.313 831.914 -1.50814
235.348 13.2285 832.659 -1.5054
235.404 13.1441 833.399 -1.4982
235.461 13.0604 834.135 -1.48199
235.517 12.9775 834.866 -1.47305
235.573 12.8952 835.592 -1.45853
235.629 12.814 836.314 -1.43271
235.685 12.7346 837.031 -1.39934
235.742 12.6573 837.744 -1.3608
235.798 12.5826 838.452 -1.30744
235.854 12.5109 839.157 -1.25528
235.91 12.4424 839.857 -1.19023
235.966 12.3783 840.554 -1.11029
236.022 12.3184 841.247 -1.03909
236.079 12.2627 841.938 -0.958403
236.135 12.2117 842.625 -0.873966
236.191 12.1655 843.309 -0.792976
236.247 12.1238 843.991 -0.707009
236.303 12.0871 844.671 -0.621188
236.36 12.0549 845.349 -0.537987
236.416 12.0276 846.025 -0.45717
236.472 12.0043 846.7 -0.389854
236.528 11.9845 847.374 -0.326184
236.584 11.9684 848.047 -0.259536
236.64 11.9556 848.719 -0.207714
236.697 11.9457 849.39 -0.153862
236.753 11.9388 850.061 -0.10392
236.809 11.9345 850.731 -0.062573
236.865 11.9323 851.402 -0.0226761
236.921 11.9326 852.072 0.0216922
236.978 11.935 852.743 0.0572721
237.034 11.9392 853.413 0.0871375
237.09 11.9455 854.084 0.127075
237.146 11.9535 854.756 0.147934
237.202 11.9623 855.427 0.163344
237.258 11.9724 856.1 0.188741
237.315 11.9839 856.773 0.216976
237.371 11.9966 857.446 0.232136
237.427 12.01 858.121 0.243227
237.483 12.0243 858.796 0.260234
237.539 12.0391 859.472 0.266048
237.596 12.0541 860.149 0.266325
237.652 12.069 860.827 0.263655
237.708 12.0837 861.505 0.258573
237.764 12.0981 862.185 0.255454
237.82 12.1122 862.865 0.246111
237.876 12.1254 863.546 0.228955
237.933 12.1376 864.227 0.20786
237.989 12.1484 864.909 0.182308
238.045 12.1577 865.592 0.150877
238.101 12.1651 866.276 0.116143
238.157 12.1704 866.959 0.0804124
238.213 12.1734 867.643 0.0375885
238.27 12.1742 868.327 -0.00435744
238.326 12.1727 869.011 -0.0425125
238.382 12.1688 869.695 -0.0854894
238.438 12.1625 870.378 -0.128864
238.494 12.1542 871.061 -0.161644
238.551 12.144 871.744 -0.191327
238.607 12.1324 872.425 -0.217895
238.663 12.1196 873.107 -0.234544
238.719 12.1061 873.787 -0.242229
238.775 12.0924 874.467 -0.246898
238.831 12.0784 875.146 -0.25212
238.888 12.0643 875.824 -0.247576
238.944 12.051 876.501 -0.230923
239 12.0387 877.178 -0.209055
239.056 12.0276 877.853 -0.187588
239.112 12.0179 878.529 -0.166325
239.169 12.0095 879.204 -0.137378
239.225 12.0029 879.878 -0.105716
239.281 11.9982 880.552 -0.070324
239.337 11.995 881.226 -0.0462348
239.393 11.993 881.9 -0.0287103
239.449 11.9919 882.574 -0.0154447
239.506 11.9914 883.247 -0.00249746
239.562 11.9915 883.921 0.00412545
239.618 11.9913 884.595 -0.0106346
239.674 11.9903 885.268 -0.0228216
239.73 11.9884 885.942 -0.0429001
239.787 11.9853 886.615 -0.064042
239.843 11.981 887.289 -0.0824397
239.899 11.9747 887.962 -0.133309
239.955 11.9659 888.634 -0.169229
240.011 11.955 889.306 -0.211426
240.067 11.9417 889.977 -0.251881
240.124 11.9259 890.647 -0.303753
240.18 11.9073 891.317 -0.345913
240.236 11.8867 891.985 -0.383368
240.292 11.8636 892.652 -0.428438
240.348 11.8385 893.318 -0.459624
240.404 11.8113 893.982 -0.4994
240.461 11.7822 894.644 -0.528144
240.517 11.7513 895.305 -0.559289
240.573 11.7192 895.964 -0.585454
240.629 11.6855 896.622 -0.611559
240.685 11.6503 897.277 -0.63275
240.742 11.6137 897.93 -0.662496
240.798 11.5757 898.582 -0.685503
240.854 11.5366 899.231 -0.702969
240.91 11.4965 899.877 -0.721541
240.966 11.4556 900.522 -0.733791
241.022 11.4142 901.164 -0.739791
241.079 11.3722 901.804 -0.752361
241.135 11.3304 902.441 -0.741628
241.191 11.2887 903.076 -0.738896
241.247 11.2478 903.709 -0.719146
241.303 11.2081 904.34 -0.701443
241.36 11.1697 904.968 -0.666946
241.416 11.1334 905.594 -0.629742
241.472 11.0996 906.219 -0.581575
241.528 11.0685 906.841 -0.532732
241.584 11.0407 907.462 -0.464649
241.64 11.0169 908.082 -0.394729
241.697 10.9973 908.7 -0.316065
241.753 10.9821 909.317 -0.238253
241.809 10.9718 909.934 -0.149294
241.865 10.9661 910.55 -0.0676752
241.921 10.9652 911.166 0.0175695
241.978 10.9692 911.782 0.104136
242.034 10.978 912.399 0.190245
242.09 10.9913 913.016 0.27171
242.146 11.0093 913.634 0.348216
242.202 11.0312 914.253 0.417803
242.258 11.0568 914.874 0.482077
242.315 11.0858 915.496 0.534293
242.371 11.1172 916.12 0.575461
242.427 11.1509 916.745 0.615577
242.483 11.1868 917.373 0.65116
242.539 11.2246 918.003 0.686866
242.596 11.2637 918.635 0.702883
242.652 11.3041 919.269 0.728901
242.708 11.3457 919.905 0.744005
242.764 11.3877 920.544 0.751524
242.82 11.4301 921.185 0.755014
242.876 11.4726 921.829 0.756091
242.933 11.5151 922.475 0.754073
242.989 11.557 923.123 0.743143
243.045 11.5988 923.774 0.742107
243.101 11.6397 924.427 0.719736
243.157 11.6798 925.082 0.704793
243.213 11.7181 925.739 0.670126
243.27 11.7545 926.399 0.632752
243.326 11.7885 927.061 0.58282
243.382 11.8193 927.724 0.525472
243.438 11.8465 928.389 0.455787
243.494 11.8699 929.055 0.386569
243.551 11.8889 929.723 0.307974
243.607 11.9027 930.391 0.202636
243.663 11.9105 931.06 0.0932105
243.719 11.9115 931.729 -0.0358623
243.775 11.9047 932.398 -0.180066
243.831 11.8893 933.067 -0.337969
243.888 11.8649 933.734 -0.498712
243.944 11.8314 934.399 -0.66288
244 11.7884 935.063 -0.833667
244.056 11.7358 935.723 -1.00354
244.112 11.6735 936.38 -1.17916
244.169 11.6012 937.034 -1.35794
244.225 11.5193 937.683 -1.52351
244.281 11.4283 938.327 -1.68559
244.337 11.3283 938.966 -1.84005
244.393 11.22 939.598 -1.97968
244.449 11.1047 940.225 -2.10105
244.506 10.9826 940.845 -2.21964
244.562 10.8542 941.457 -2.32403
244.618 10.7206 942.063 -2.41537
244.674 10.582 942.66 -2.49883
244.73 10.4393 943.25 -2.56448
244.787 10.2938 943.832 -2.60678
244.843 10.146 944.405 -2.64487
244.899 9.99663 944.97 -2.66676
244.955 9.84653 945.526 -2.67388
245.011 9.69643 946.075 -2.6683
245.067 9.54645 946.614 -2.67022
245.124 9.39671 947.145 -2.66234
245.18 9.24805 947.668 -2.63601
245.236 9.10081 948.183 -2.6064
245.292 8.95538 948.689 -2.57627
245.348 8.81188 949.188 -2.53967
245.404 8.67074 949.678 -2.49646
245.461 8.53221 950.16 -2.44652
245.517 8.39684 950.635 -2.38735
245.573 8.26452 951.102 -2.33326
245.629 8.13527 951.562 -2.27664
245.685 8.00979 952.015 -2.2022
245.742 7.88866 952.461 -2.12188
245.798 7.77207 952.9 -2.04193
245.854 7.66053 953.333 -1.94836
245.91 7.55449 953.76 -1.84806
245.966 7.45419 954.181 -1.73721
246.022 7.3598 954.596 -1.64111
246.079 7.2716 955.007 -1.51993
246.135 7.19023 955.413 -1.40114
246.191 7.11612 955.814 -1.27031
246.247 7.04897 956.211 -1.13866
246.303 6.98964 956.605 -1.00389
246.36 6.93802 956.996 -0.860699
246.416 6.894 957.385 -0.727354
246.472 6.85804 957.771 -0.580867
246.528 6.83013 958.155 -0.44198
246.584 6.8099 958.538 -0.302985
246.64 6.79749 958.92 -0.167757
246.697 6.7926 959.302 -0.0304119
246.753 6.79558 959.683 0.10428
246.809 6.8059 960.066 0.237825
246.865 6.82343 960.448 0.362589
246.921 6.84806 960.833 0.489373
246.978 6.87947 961.218 0.601796
247.034 6.91692 961.606 0.709215
247.09 6.96035 961.996 0.818469
247.146 7.00965 962.389 0.91762
247.202 7.0645 962.784 1.01136
247.258 7.12434 963.183 1.10197
247.315 7.18912 963.586 1.18433
247.371 7.25836 963.992 1.26422
247.427 7.33231 964.402 1.3446
247.483 7.40995 964.817 1.4088
247.539 7.49115 965.236 1.4659
247.596 7.57559 965.659 1.52706
247.652 7.66361 966.088 1.58827
247.708 7.75382 966.521 1.6198
247.764 7.846 966.96 1.65411
247.82 7.93977 967.404 1.67737
247.876 8.03512 967.853 1.70848
247.933 8.13191 968.308 1.72929
247.989 8.22963 968.768 1.7456
248.045 8.32816 969.234 1.75816
248.101 8.42706 969.705 1.75868
248.157 8.52592 970.182 1.75931
248.213 8.62464 970.664 1.75441
248.27 8.72298 971.152 1.74594
248.326 8.82047 971.645 1.72799
248.382 8.9168 972.144 1.70454
248.438 9.01175 972.648 1.67849
248.494 9.10472 973.158 1.64077
248.551 9.19507 973.672 1.58797
248.607 9.28301 974.192 1.54811
248.663 9.3684 974.716 1.50302
248.719 9.45149 975.245 1.46196
248.775 9.53208 975.779 1.41426
248.831 9.61 976.317 1.36753
248.888 9.68503 976.86 1.31454
248.944 9.75701 977.406 1.25535
249 9.82587 977.957 1.20307
249.056 9.89191 978.511 1.15817
249.112 9.9551 979.069 1.1086
249.169 10.0155 979.63 1.05237
249.225 10.0726 980.195 0.988936
249.281 10.1261 980.762 0.928303
249.337 10.1761 981.333 0.867044
249.393 10.2229 981.906 0.813539
249.449 10.2672 982.482 0.771076
249.506 10.3089 983.06 0.725682
249.562 10.3481 983.641 0.680016
249.618 10.385 984.223 0.641975
249.674 10.4198 984.808 0.60352
249.73 10.4526 985.394 0.570254
249.787 10.4835 985.983 0.536707
249.843 10.5124 986.573 0.50073
249.899 10.5395 987.164 0.467613
249.955 10.5646 987.757 0.433785
250.011 10.588 988.351 0.403208
250.067 10.6098 988.947 0.378431
250.124 10.6304 989.544 0.35973
250.18 10.6499 990.142 0.339696
250.236 10.6683 990.741 0.317341
250.292 10.6856 991.341 0.30243
250.348 10.702 991.941 0.2861
250.404 10.7177 992.543 0.274691
250.461 10.7328 993.146 0.267642
250.517 10.7476 993.749 0.262083
250.573 10.7623 994.354 0.262574
250.629 10.7775 994.959 0.272001
250.685 10.7927 995.565 0.270801
250.742 10.808 996.172 0.271963
250.798 10.8233 996.779 0.272744
250.854 10.8386 997.388 0.273676
250.91 10.8542 997.997 0.280609
250.966 10.8705 998.608 0.297149
251.022 10.8879 999.219 0.318319
251.079 10.9066 999.831 0.33967
251.135 10.9261 1000.44 0.352374
251.191 10.9462 1001.06 0.363703
251.247 10.9671 1001.67 0.377345
251.303 10.9891 1002.29 0.400048
251.36 11.0123 1002.91 0.423467
251.416 11.0368 1003.53 0.441752
251.472 11.0623 1004.15 0.459661
251.528 11.0882 1004.77 0.462142
251.584 11.1143 1005.4 0.464991
251.64 11.1405 1006.02 0.470096
251.697 11.1667 1006.65 0.46688
251.753 11.1929 1007.28 0.464782
251.809 11.2188 1007.91 0.455547
251.865 11.244 1008.54 0.443218
251.921 11.2684 1009.17 0.427488
251.978 11.2918 1009.8 0.409495
252.034 11.3142 1010.44 0.387358
252.09 11.3349 1011.08 0.353829
252.146 11.3533 1011.71 0.309656
252.202 11.3689 1012.35 0.254634
252.258 11.3811 1012.99 0.189555
252.315 11.3894 1013.63 0.119881
252.371 11.3935 1014.27 0.0415869
252.427 11.3931 1014.91 -0.0398762
252.483 11.3882 1015.55 -0.122195
252.539 11.3786 1016.19 -0.202687
252.596 11.3644 1016.83 -0.285403
252.652 11.3456 1017.47 -0.366027
252.708 11.3223 1018.1 -0.445714
252.764 11.2948 1018.74 -0.517457
252.82 11.2635 1019.37 -0.583731
252.876 11.2285 1020 -0.64872
252.933 11.1902 1020.63 -0.704494
252.989 11.1491 1021.26 -0.745524
253.045 11.1054 1021.88 -0.79441
253.101 11.0594 1022.51 -0.839082
253.157 11.0116 1023.13 -0.857992
253.213 10.9632 1023.74 -0.85868
253.27 10.9152 1024.36 -0.84936
253.326 10.8682 1024.97 -0.824053
253.382 10.8227 1025.58 -0.800368
253.438 10.7788 1026.19 -0.769575
253.494 10.7366 1026.79 -0.738597
253.551 10.6957 1027.39 -0.719371
253.607 10.6562 1027.99 -0.695475
253.663 10.618 1028.59 -0.667459
253.719 10.5813 1029.18 -0.643675
253.775 10.5463 1029.78 -0.611458
253.831 10.5131 1030.37 -0.57384
253.888 10.4819 1030.96 -0.542177
253.944 10.4528 1031.55 -0.504561
254 10.4256 1032.13 -0.467579
254.056 10.4005 1032.72 -0.430689
254.112 10.3779 1033.3 -0.386484
254.169 10.3579 1033.88 -0.335342
254.225 10.3406 1034.46 -0.289931
254.281 10.3261 1035.04 -0.235311
254.337 10.3149 1035.62 -0.176348
254.393 10.3072 1036.2 -0.109776
254.449 10.3035 1036.78 -0.0378339
254.506 10.3041 1037.36 0.0440887
254.562 10.3092 1037.94 0.122757
254.618 10.3189 1038.52 0.204373
254.674 10.3333 1039.1 0.288755
254.73 10.3519 1039.68 0.357369
254.787 10.374 1040.26 0.415252
254.843 10.3991 1040.85 0.467431
254.899 10.4268 1041.43 0.51009
254.955 10.4566 1042.02 0.541276
255.011 10.4877 1042.61 0.560538
255.067 10.5192 1043.2 0.558234
255.124 10.5501 1043.79 0.540551
255.18 10.5794 1044.38 0.506803
255.236 10.6062 1044.98 0.456686
255.292 10.6299 1045.57 0.398297
255.348 10.6501 1046.17 0.332935
255.404 10.6665 1046.77 0.261615
255.461 10.6788 1047.37 0.191434
255.517 10.6872 1047.97 0.119846
255.573 10.6912 1048.57 0.041015
255.629 10.691 1049.17 -0.0343846
255.685 10.6864 1049.77 -0.110606
255.742 10.6775 1050.37 -0.191665
255.798 10.6642 1050.97 -0.265058
255.854 10.6468 1051.57 -0.337858
255.91 10.6256 1052.17 -0.402819
255.966 10.601 1052.76 -0.463373
256.022 10.5729 1053.36 -0.524616
256.079 10.5413 1053.95 -0.586904
256.135 10.5064 1054.54 -0.647911
256.191 10.4681 1055.13 -0.706954
256.247 10.4259 1055.72 -0.778213
256.303 10.3798 1056.3 -0.849448
256.36 10.3293 1056.88 -0.932346
256.416 10.2741 1057.46 -1.01656
256.472 10.2141 1058.04 -1.10215
256.528 10.1492 1058.61 -1.19132
256.584 10.0794 1059.18 -1.27261
256.64 10.005 1059.74 -1.36069
256.697 9.9258 1060.3 -1.43982
256.753 9.84248 1060.86 -1.51065
256.809 9.75558 1061.41 -1.57053
256.865 9.66619 1061.95 -1.60696
256.921 9.57469 1062.49 -1.64383
256.978 9.48182 1063.03 -1.65739
257.034 9.38863 1063.56 -1.65555
257.09 9.29631 1064.08 -1.63296
257.146 9.20571 1064.6 -1.59526
257.202 9.11804 1065.11 -1.53733
257.258 9.0338 1065.62 -1.46914
257.315 8.9541 1066.13 -1.38434
257.371 8.87947 1066.63 -1.29246
257.427 8.80993 1067.12 -1.19867
257.483 8.74598 1067.62 -1.09694
257.539 8.68815 1068.11 -0.985979
257.596 8.63677 1068.59 -0.867171
257.652 8.59198 1069.08 -0.751133
257.708 8.55373 1069.56 -0.636049
257.764 8.52163 1070.04 -0.527798
257.82 8.49567 1070.51 -0.418547
257.876 8.47574 1070.99 -0.31552
257.933 8.46149 1071.47 -0.21532
257.989 8.45283 1071.94 -0.115169
258.045 8.44964 1072.42 -0.0195765
258.101 8.45163 1072.89 0.069604
258.157 8.45827 1073.37 0.149072
258.213 8.46932 1073.84 0.226222
258.27 8.48471 1074.32 0.307751
258.326 8.50464 1074.8 0.381152
258.382 8.52852 1075.27 0.453089
258.438 8.55614 1075.75 0.51751
258.494 8.58729 1076.24 0.578645
258.551 8.62176 1076.72 0.636955
258.607 8.65957 1077.21 0.696401
258.663 8.70042 1077.69 0.744412
258.719 8.74392 1078.18 0.794334
258.775 8.79031 1078.68 0.844929
258.831 8.83946 1079.17 0.893711
258.888 8.89119 1079.67 0.938289
258.944 8.94515 1080.17 0.976924
259 9.00149 1080.68 1.0184
259.056 9.0599 1081.18 1.05026
259.112 9.11985 1081.69 1.07866
259.169 9.1812 1082.21 1.1008
259.225 9.24407 1082.73 1.13059
259.281 9.30824 1083.25 1.14823
259.337 9.37317 1083.77 1.16116
259.393 9.43884 1084.3 1.17477
259.449 9.5052 1084.83 1.1861
259.506 9.57186 1085.37 1.18611
259.562 9.63885 1085.91 1.19945
259.618 9.70662 1086.45 1.20772
259.674 9.77459 1087 1.21199
259.73 9.84325 1087.55 1.22867
259.787 9.91281 1088.11 1.24148
259.843 9.98303 1088.67 1.25624
259.899 10.0544 1089.23 1.28176
259.955 10.1272 1089.8 1.30353
260.011 10.2012 1090.37 1.32123
260.067 10.276 1090.95 1.33989
260.124 10.3521 1091.53 1.36504
260.18 10.4292 1092.11 1.37931
260.236 10.5076 1092.7 1.4059
260.292 10.5873 1093.29 1.42586
260.348 10.668 1093.89 1.44195
260.404 10.7494 1094.49 1.45566
260.461 10.8319 1095.1 1.47437
260.517 10.915 1095.71 1.48236
260.573 10.9983 1096.33 1.48319
260.629 11.0815 1096.95 1.47793
260.685 11.1645 1097.57 1.4774
260.742 11.2475 1098.2 1.47371
260.798 11.3293 1098.84 1.44678
260.854 11.4104 1099.48 1.44174
260.91 11.4907 1100.12 1.4179
260.966 11.5693 1100.77 1.38362
261.022 11.6459 1101.42 1.34757
261.079 11.7202 1102.08 1.30626
261.135 11.7922 1102.74 1.26756
261.191 11.8623 1103.4 1.23166
261.247 11.93 1104.07 1.188
261.303 11.9954 1104.74 1.14764
261.36 12.0586 1105.42 1.11105
261.416 12.1201 1106.1 1.08119
261.472 12.1794 1106.78 1.03911
261.528 12.2365 1107.47 0.997887
261.584 12.291 1108.16 0.954883
261.64 12.3435 1108.85 0.92277
261.697 12.3943 1109.54 0.890389
261.753 12.4432 1110.24 0.857751
261.809 12.4905 1110.94 0.829384
261.865 12.5362 1111.65 0.805631
261.921 12.5809 1112.35 0.788705
261.978 12.6245 1113.06 0.765664
262.034 12.6667 1113.77 0.738898
262.09 12.7075 1114.48 0.72203
262.146 12.7475 1115.2 0.704587
262.202 12.7865 1115.92 0.68871
262.258 12.8248 1116.64 0.676668
262.315 12.8625 1117.36 0.668299
262.371 12.8998 1118.08 0.661147
262.427 12.9371 1118.81 0.663442
262.483 12.9743 1119.54 0.662656
262.539 13.0116 1120.27 0.664902
262.596 13.0492 1121 0.672211
262.652 13.0872 1121.73 0.679258
262.708 13.1257 1122.47 0.687221
262.764 13.1645 1123.21 0.692756
262.82 13.2037 1123.95 0.702358
262.876 13.2435 1124.69 0.708178
262.933 13.2834 1125.44 0.711743
262.989 13.3233 1126.19 0.708016
263.045 13.3628 1126.94 0.701264
263.101 13.4019 1127.69 0.691595
263.157 13.4402 1128.44 0.673085
263.213 13.477 1129.2 0.639747
263.27 13.5119 1129.96 0.608723
263.326 13.5448 1130.72 0.571791
263.382 13.5757 1131.48 0.530162
263.438 13.6038 1132.24 0.481072
263.494 13.6287 1133.01 0.420369
263.551 13.6503 1133.77 0.358002
263.607 13.6682 1134.54 0.289977
263.663 13.6818 1135.31 0.209989
263.719 13.6907 1136.08 0.123982
263.775 13.6949 1136.85 0.0424176
263.831 13.6941 1137.62 -0.0522939
263.888 13.6878 1138.39 -0.152061
263.944 13.676 1139.15 -0.248612
264 13.6587 1139.92 -0.345745
264.056 13.6362 1140.69 -0.438802
264.112 13.6078 1141.45 -0.549281
264.169 13.5734 1142.22 -0.653008
264.225 13.5334 1142.98 -0.75123
264.281 13.4882 1143.74 -0.839139
264.337 13.4376 1144.49 -0.94173
264.393 13.3816 1145.25 -1.03501
264.449 13.3205 1146 -1.12157
264.506 13.2543 1146.74 -1.21506
264.562 13.1828 1147.48 -1.31138
264.618 13.1061 1148.22 -1.39849
264.674 13.0246 1148.96 -1.48636
264.73 12.9384 1149.69 -1.56694
264.787 12.8479 1150.41 -1.64078
264.843 12.7532 1151.13 -1.71467
264.899 12.6546 1151.84 -1.7832
264.955 12.5524 1152.55 -1.84255
265.011 12.447 1153.25 -1.89272
265.067 12.3395 1153.95 -1.92593
265.124 12.2303 1154.64 -1.9537
265.18 12.1201 1155.32 -1.96538
265.236 12.0099 1156 -1.95493
265.292 11.9011 1156.67 -1.92312
265.348 11.7942 1157.33 -1.88761
265.404 11.6903 1157.99 -1.82193
265.461 11.5905 1158.64 -1.74666
265.517 11.4951 1159.29 -1.66357
265.573 11.4045 1159.93 -1.57411
265.629 11.3196 1160.57 -1.46479
265.685 11.2409 1161.21 -1.35694
265.742 11.1687 1161.84 -1.24383
265.798 11.1025 1162.46 -1.12778
265.854 11.0429 1163.08 -1.01484
265.91 10.9898 1163.7 -0.899026
265.966 10.9431 1164.32 -0.788478
266.022 10.9023 1164.93 -0.683309
266.079 10.8676 1165.54 -0.57615
266.135 10.8385 1166.15 -0.481497
266.191 10.8143 1166.76 -0.394331
266.247 10.7954 1167.37 -0.303
266.303 10.7813 1167.97 -0.216175
266.36 10.7717 1168.58 -0.136973
266.416 10.7668 1169.18 -0.0582348
266.472 10.7656 1169.79 0.00640864
266.528 10.7682 1170.39 0.0730743
266.584 10.7747 1171 0.144522
266.64 10.7851 1171.6 0.210344
266.697 10.7989 1172.21 0.272301
266.753 10.8165 1172.82 0.337228
266.809 10.8371 1173.42 0.389338
266.865 10.8607 1174.03 0.441667
266.921 10.8873 1174.64 0.493962
266.978 10.9167 1175.26 0.542184
267.034 10.9488 1175.87 0.588283
267.09 10.9833 1176.49 0.631628
267.146 11.02 1177.11 0.665233
267.202 11.0581 1177.73 0.689284
267.258 11.098 1178.35 0.721726
267.315 11.139 1178.97 0.733416
267.371 11.1809 1179.6 0.753922
267.427 11.2239 1180.23 0.771325
267.483 11.2673 1180.86 0.768586
267.539 11.3104 1181.5 0.765468
267.596 11.3535 1182.13 0.769475
267.652 11.3969 1182.77 0.772843
267.708 11.4399 1183.42 0.761059
267.764 11.4822 1184.06 0.74648
267.82 11.5237 1184.71 0.732223
267.876 11.5643 1185.35 0.714315
267.933 11.6041 1186.01 0.702991
267.989 11.6429 1186.66 0.683845
268.045 11.6811 1187.31 0.685842
268.101 11.7191 1187.97 0.673265
268.157 11.7561 1188.63 0.646918
268.213 11.7917 1189.29 0.623622
268.27 11.8261 1189.96 0.604715
268.326 11.8596 1190.62 0.591507
268.382 11.8922 1191.29 0.576291
268.438 11.9238 1191.96 0.556737
268.494 11.9546 1192.63 0.543103
268.551 11.9849 1193.3 0.537235
268.607 12.0148 1193.98 0.529356
268.663 12.0444 1194.65 0.525967
268.719 12.0739 1195.33 0.525165
268.775 12.1036 1196.01 0.528401
268.831 12.1335 1196.69 0.535383
268.888 12.1638 1197.37 0.544058
268.944 12.195 1198.06 0.559467
269 12.227 1198.74 0.576811
269.056 12.2598 1199.43 0.588476
269.112 12.2931 1200.12 0.59463
269.169 12.3263 1200.81 0.586791
269.225 12.3586 1201.51 0.570435
269.281 12.3895 1202.2 0.534352
269.337 12.4183 1202.9 0.491372
269.393 12.4437 1203.6 0.424956
269.449 12.4651 1204.3 0.348164
269.506 12.4816 1205 0.258566
269.562 12.4924 1205.7 0.148171
269.618 12.4965 1206.4 0.019148
269.674 12.4931 1207.1 -0.117871
269.73 12.4812 1207.81 -0.272958
269.787 12.4607 1208.51 -0.427012
269.843 12.4316 1209.21 -0.578141
269.899 12.3939 1209.9 -0.731092
269.955 12.3482 1210.6 -0.868436
270.011 12.2951 1211.29 -0.98929
270.067 12.2359 1211.98 -1.09782
270.124 12.1709 1212.66 -1.19396
270.18 12.101 1213.34 -1.27441
270.236 12.0266 1214.02 -1.35399
270.292 11.9486 1214.7 -1.41329
270.348 11.8677 1215.36 -1.45338
270.404 11.7852 1216.03 -1.47504
270.461 11.7024 1216.69 -1.47062
270.517 11.6205 1217.34 -1.44777
270.573 11.5402 1217.99 -1.41574
270.629 11.4621 1218.64 -1.37367
270.685 11.3864 1219.28 -1.32844
270.742 11.3134 1219.92 -1.2811
270.798 11.2433 1220.55 -1.22503
270.854 11.1762 1221.18 -1.17123
270.91 11.1122 1221.8 -1.11625
270.966 11.0514 1222.43 -1.06385
271.022 10.993 1223.05 -1.02247
271.079 10.9369 1223.66 -0.981436
271.135 10.8828 1224.27 -0.95511
271.191 10.8299 1224.88 -0.933975
271.247 10.7781 1225.49 -0.915138
271.303 10.7272 1226.09 -0.901205
271.36 10.6773 1226.69 -0.880183
271.416 10.6282 1227.29 -0.869228
271.472 10.5799 1227.89 -0.853149
271.528 10.5324 1228.48 -0.838047
271.584 10.4864 1229.07 -0.803018
271.64 10.4429 1229.66 -0.75657
271.697 10.402 1230.24 -0.70546
271.753 10.3639 1230.83 -0.657837
271.809 10.329 1231.41 -0.600633
271.865 10.2972 1231.99 -0.543183
271.921 10.2688 1232.57 -0.480832
271.978 10.2439 1233.14 -0.416808
272.034 10.2229 1233.72 -0.345994
272.09 10.2057 1234.29 -0.27834
272.146 10.1924 1234.86 -0.212952
272.202 10.1827 1235.43 -0.142527
272.258 10.177 1236.01 -0.0742125
272.315 10.175 1236.58 -0.0154306
272.371 10.1762 1237.15 0.0428308
272.427 10.1808 1237.72 0.106815
272.483 10.1888 1238.29 0.166269
272.539 10.2003 1238.87 0.230015
272.596 10.2145 1239.44 0.265149
272.652 10.2309 1240.01 0.305431
272.708 10.2492 1240.59 0.34103
272.764 10.2697 1241.17 0.378428
272.82 10.292 1241.74 0.408304
272.876 10.3158 1242.32 0.438588
272.933 10.3416 1242.9 0.471058
272.989 10.3693 1243.49 0.50523
273.045 10.3985 1244.07 0.529577
273.101 10.429 1244.65 0.553971
273.157 10.4612 1245.24 0.586799
273.213 10.4955 1245.83 0.621767
273.27 10.5317 1246.42 0.661161
273.326 10.5699 1247.01 0.693348
273.382 10.6103 1247.61 0.735355
273.438 10.653 1248.21 0.776876
273.494 10.6981 1248.81 0.814602
273.551 10.745 1249.41 0.850393
273.607 10.7939 1250.01 0.886835
273.663 10.8451 1250.62 0.925685
273.719 10.8985 1251.23 0.967823
273.775 10.9543 1251.85 1.01237
273.831 11.0128 1252.47 1.05889
273.888 11.0737 1253.09 1.09998
273.944 11.1368 1253.71 1.13511
274 11.202 1254.34 1.18
274.056 11.2699 1254.97 1.22971
274.112 11.3404 1255.61 1.26722
274.169 11.4129 1256.24 1.30657
274.225 11.4879 1256.89 1.35357
274.281 11.565 1257.54 1.38653
274.337 11.6442 1258.19 1.42308
274.393 11.7252 1258.85 1.45557
274.449 11.8075 1259.51 1.46782
274.506 11.8904 1260.17 1.47742
274.562 11.9736 1260.84 1.48445
274.618 12.0571 1261.52 1.48807
274.674 12.1407 1262.2 1.48795
274.73 12.2243 1262.88 1.48675
274.787 12.3078 1263.57 1.48622
274.843 12.3914 1264.27 1.48682
274.899 12.4751 1264.97 1.48819
274.955 12.5583 1265.67 1.47775
275.011 12.6411 1266.38 1.46717
275.067 12.7229 1267.09 1.44935
275.124 12.8037 1267.81 1.43429
275.18 12.8839 1268.53 1.42099
275.236 12.9632 1269.26 1.4057
275.292 13.0414 1269.99 1.38268
275.348 13.1181 1270.72 1.35305
275.404 13.1933 1271.46 1.32845
275.461 13.2669 1272.21 1.30025
275.517 13.3393 1272.96 1.2794
275.573 13.4105 1273.71 1.2613
275.629 13.4809 1274.46 1.2434
275.685 13.55 1275.22 1.22062
275.742 13.6177 1275.99 1.19874
275.798 13.6841 1276.75 1.16496
275.854 13.7488 1277.52 1.14763
275.91 13.812 1278.3 1.11323
275.966 13.8735 1279.08 1.08379
276.022 13.9337 1279.86 1.06096
276.079 13.9925 1280.64 1.03798
276.135 14.0496 1281.43 1.00243
276.191 14.1049 1282.22 0.976294
276.247 14.1593 1283.02 0.962206
276.303 14.2128 1283.81 0.948784
276.36 14.266 1284.61 0.94455
276.416 14.3194 1285.42 0.955663
276.472 14.3731 1286.22 0.95942
276.528 14.4274 1287.03 0.975729
276.584 14.4831 1287.85 1.0071
276.64 14.5402 1288.66 1.02604
276.697 14.5988 1289.48 1.04643
276.753 14.6579 1290.3 1.05655
276.809 14.7172 1291.13 1.05872
276.865 14.7772 1291.96 1.07098
276.921 14.8374 1292.79 1.07429
276.978 14.8977 1293.62 1.07342
277.034 14.9578 1294.46 1.06623
277.09 15.0174 1295.31 1.05472
277.146 15.0756 1296.15 1.02567
277.202 15.1323 1297 0.99456
277.258 15.1868 1297.85 0.954448
277.315 15.2387 1298.71 0.898783
277.371 15.2871 1299.56 0.833438
277.427 15.3316 1300.42 0.762412
277.483 15.3714 1301.29 0.669225
277.539 15.4057 1302.15 0.570691
277.596 15.434 1303.02 0.459097
277.652 15.456 1303.89 0.342864
277.708 15.4713 1304.76 0.219894
277.764 15.4796 1305.63 0.0978238
277.82 15.4805 1306.49 -0.0344071
277.876 15.4744 1307.36 -0.159441
277.933 15.4618 1308.23 -0.263321
277.989 15.4435 1309.1 -0.365003
278.045 15.4195 1309.97 -0.468794
278.101 15.3903 1310.83 -0.552129
278.157 15.3569 1311.7 -0.618571
278.213 15.3201 1312.56 -0.677289
278.27 15.2806 1313.42 -0.718124
278.326 15.2393 1314.27 -0.745064
278.382 15.1969 1315.13 -0.760715
278.438 15.1542 1315.98 -0.756636
278.494 15.112 1316.83 -0.744049
278.551 15.071 1317.68 -0.720922
278.607 15.032 1318.52 -0.675291
278.663 14.9957 1319.37 -0.628559
278.719 14.962 1320.21 -0.583695
278.775 14.9305 1321.05 -0.553398
278.831 14.9004 1321.89 -0.527533
278.888 14.8715 1322.72 -0.510373
278.944 14.8431 1323.56 -0.499507
279 14.8149 1324.39 -0.497279
279.056 14.7873 1325.22 -0.493685
279.112 14.7592 1326.05 -0.50057
279.169 14.7303 1326.88 -0.523088
279.225 14.7 1327.71 -0.553974
279.281 14.6679 1328.53 -0.58173
279.337 14.6345 1329.35 -0.605124
279.393 14.5993 1330.17 -0.638817
279.449 14.5625 1330.99 -0.667526
279.506 14.5242 1331.81 -0.690388
279.562 14.4843 1332.63 -0.716484
279.618 14.4437 1333.44 -0.7268
279.674 14.4021 1334.25 -0.743935
279.73 14.3608 1335.06 -0.733099
279.787 14.3199 1335.86 -0.722821
279.843 14.28 1336.66 -0.703127
279.899 14.241 1337.46 -0.686793
279.955 14.2034 1338.26 -0.657487
