# t frame_uz frame_z ub_dans_repere
160.001 -0.000199332 -2.05286e-07 -0.193552
160.019 -0.0571919 -0.000615446 -3.20789
160.051 -0.155423 -0.00439873 -2.91954
160.092 -0.267876 -0.0136896 -2.57857
160.14 -0.379084 -0.0295275 -2.21513
160.19 -0.479828 -0.0518106 -1.8473
160.243 -0.566031 -0.0799298 -1.4933
160.297 -0.635039 -0.112776 -1.13974
160.352 -0.68621 -0.149434 -0.795464
160.407 -0.719188 -0.188298 -0.475733
160.463 -0.735749 -0.229183 -0.181105
160.519 -0.737731 -0.270492 0.0556996
160.575 -0.72775 -0.3115 0.253273
160.631 -0.708124 -0.351616 0.410575
160.687 -0.680574 -0.390361 0.543909
160.743 -0.646101 -0.42733 0.665409
160.798 -0.604573 -0.462132 0.791014
160.854 -0.556061 -0.494376 0.917047
160.91 -0.500559 -0.523669 1.04025
160.966 -0.438423 -0.549629 1.15396
161.022 -0.370413 -0.571943 1.25169
161.079 -0.297457 -0.590313 1.32762
161.135 -0.220992 -0.604461 1.38584
161.191 -0.140403 -0.614178 1.46279
161.247 -0.0562625 -0.619244 1.52035
161.303 0.0307816 -0.619484 1.56948
161.36 0.120053 -0.614755 1.60475
161.416 0.211469 -0.604938 1.64295
161.472 0.304819 -0.589918 1.67202
161.528 0.399409 -0.569609 1.68947
161.584 0.494924 -0.543955 1.70433
161.64 0.590633 -0.512921 1.69546
161.697 0.686519 -0.476508 1.7073
161.753 0.781828 -0.434724 1.69179
161.809 0.876408 -0.387608 1.67542
161.865 0.969987 -0.335214 1.661
161.921 1.06294 -0.277584 1.65023
161.978 1.15543 -0.214748 1.64245
162.034 1.24735 -0.146737 1.63567
162.09 1.33927 -0.0735638 1.63848
162.146 1.43116 0.00477454 1.63377
162.202 1.52237 0.0882552 1.61761
162.258 1.61307 0.17684 1.61276
162.315 1.70352 0.270512 1.60804
162.371 1.7936 0.369252 1.60243
162.427 1.88319 0.473039 1.59028
162.483 1.97223 0.58184 1.58062
162.539 2.06088 0.695628 1.57801
162.596 2.14919 0.814387 1.5683
162.652 2.23719 0.938095 1.56535
162.708 2.325 1.06674 1.56347
162.764 2.41294 1.20032 1.56599
162.82 2.50118 1.33885 1.5748
162.876 2.58999 1.48236 1.58608
162.933 2.67954 1.63088 1.59885
162.989 2.76995 1.78446 1.61402
163.045 2.86161 1.94316 1.64186
163.101 2.95494 2.10706 1.67569
163.157 3.05019 2.27627 1.70552
163.213 3.147 2.45089 1.73392
163.27 3.24529 2.63099 1.75898
163.326 3.34508 2.81667 1.78862
163.382 3.44661 3.00801 1.82121
163.438 3.55005 3.20511 1.85546
163.494 3.65556 3.4081 1.89259
163.551 3.76316 3.61709 1.92885
163.607 3.87292 3.83219 1.9671
163.663 3.98494 4.05354 2.01108
163.719 4.09928 4.28126 2.05097
163.775 4.21552 4.51546 2.08278
163.831 4.33363 4.75626 2.11357
163.888 4.45329 5.00375 2.14212
163.944 4.5745 5.25802 2.1688
164 4.69695 5.51913 2.18811
164.056 4.82026 5.78716 2.20234
164.112 4.94462 6.06215 2.21921
164.169 5.06973 6.34415 2.23218
164.225 5.19524 6.63319 2.23537
164.281 5.32102 6.9293 2.24114
164.337 5.44696 7.23248 2.24286
164.393 5.573 7.54274 2.24422
164.449 5.69911 7.86008 2.24315
164.506 5.82524 8.1845 2.24343
164.562 5.95135 8.51602 2.24498
164.618 6.0773 8.85461 2.23944
164.674 6.20283 9.20026 2.23
164.73 6.32767 9.55295 2.21685
164.787 6.45168 9.91262 2.19582
164.843 6.57395 10.2792 2.16311
164.899 6.69437 10.6526 2.13153
164.955 6.81323 11.0327 2.10474
165.011 6.9304 11.4194 2.07357
165.067 7.04596 11.8127 2.04533
165.124 7.15996 12.2124 2.01559
165.18 7.27227 12.6184 1.98556
165.236 7.38243 13.0307 1.94015
165.292 7.48974 13.4491 1.88572
165.348 7.59415 13.8734 1.83583
165.404 7.69568 14.3034 1.79178
165.461 7.79441 14.7391 1.73238
165.517 7.89025 15.1802 1.67898
165.573 7.98305 15.6267 1.63049
165.629 8.07245 16.0782 1.5597
165.685 8.15874 16.5346 1.51191
165.742 8.24145 16.9958 1.44624
165.798 8.32092 17.4615 1.38862
165.854 8.39691 17.9315 1.3284
165.91 8.46929 18.4057 1.26337
165.966 8.538 18.8838 1.19713
166.022 8.60299 19.3657 1.13033
166.079 8.66396 19.8511 1.05568
166.135 8.72073 20.3398 0.979269
166.191 8.77318 20.8315 0.902903
166.247 8.82118 21.326 0.824104
166.303 8.86467 21.8231 0.73666
166.36 8.9035 22.3224 0.657153
166.416 8.93725 22.8238 0.564592
166.472 8.96546 23.3268 0.46087
166.528 8.98805 23.8313 0.363619
166.584 9.00517 24.3368 0.267265
166.64 9.01698 24.8432 0.170517
166.697 9.02325 25.35 0.0740157
166.753 9.02439 25.857 -0.0151804
166.809 9.02093 26.3639 -0.0941784
166.865 9.0132 26.8704 -0.165389
166.921 9.00144 27.3764 -0.23471
166.978 8.9865 27.8816 -0.28651
167.034 8.96924 28.3859 -0.318136
167.09 8.95051 28.8892 -0.343896
167.146 8.93095 29.3913 -0.350694
167.202 8.91133 29.8924 -0.347299
167.258 8.89196 30.3924 -0.340866
167.315 8.87323 30.8913 -0.329532
167.371 8.8549 31.3892 -0.323776
167.427 8.8365 31.886 -0.328277
167.483 8.81797 32.3818 -0.332129
167.539 8.7991 32.8766 -0.3395
167.596 8.7796 33.3703 -0.3524
167.652 8.75926 33.8628 -0.368218
167.708 8.7383 34.3542 -0.376316
167.764 8.7165 34.8444 -0.391377
167.82 8.69413 35.3333 -0.403477
167.876 8.67149 35.821 -0.401582
167.933 8.64896 36.3074 -0.402803
167.989 8.62626 36.7925 -0.401554
168.045 8.60412 37.2764 -0.391986
168.101 8.58215 37.7591 -0.389862
168.157 8.56063 38.2405 -0.3757
168.213 8.5406 38.7207 -0.338981
168.27 8.52278 39.1999 -0.306111
168.326 8.50667 39.6782 -0.264231
168.382 8.49408 40.1556 -0.200592
168.438 8.48477 40.6325 -0.133611
168.494 8.47999 41.109 -0.0505
168.551 8.48023 41.5854 0.0435084
168.607 8.48622 42.062 0.149608
168.663 8.49857 42.5391 0.269796
168.719 8.51756 43.0172 0.386048
168.775 8.54357 43.4965 0.511195
168.831 8.57612 43.9776 0.624461
168.888 8.61508 44.4607 0.743951
168.944 8.66071 44.9462 0.85634
169 8.71275 45.4344 0.972369
169.056 8.77127 45.9259 1.08542
169.112 8.83565 46.4208 1.1869
169.169 8.90534 46.9195 1.27223
169.225 8.97951 47.4223 1.35762
169.281 9.0584 47.9294 1.43397
169.337 9.14113 48.441 1.49304
169.393 9.22648 48.9575 1.53698
169.449 9.31421 49.4787 1.5733
169.506 9.40341 50.005 1.59326
169.562 9.4934 50.5363 1.60486
169.618 9.58315 51.0727 1.59071
169.674 9.67227 51.6141 1.57941
169.73 9.76018 52.1604 1.55155
169.787 9.84614 52.7117 1.51156
169.843 9.92985 53.2677 1.47365
169.899 10.0111 53.8283 1.43218
169.955 10.0901 54.3934 1.38748
170.011 10.1664 54.9628 1.33647
170.067 10.2399 55.5364 1.29159
170.124 10.3107 56.1141 1.23833
170.18 10.3786 56.6957 1.19126
170.236 10.4442 57.281 1.14914
170.292 10.5074 57.8699 1.11248
170.348 10.5685 58.4622 1.06745
170.404 10.6268 59.0579 1.01925
170.461 10.6824 59.6568 0.973851
170.517 10.7353 60.2588 0.920609
170.573 10.7856 60.8636 0.87893
170.629 10.8333 61.4711 0.826208
170.685 10.8777 62.0813 0.770575
170.742 10.9193 62.6938 0.715381
170.798 10.9572 63.3085 0.646565
170.854 10.9905 63.9252 0.555229
170.91 11.0187 64.5437 0.468159
170.966 11.0424 65.1635 0.387985
171.022 11.0615 65.7845 0.312235
171.079 11.0763 66.4065 0.232307
171.135 11.0868 67.0291 0.158225
171.191 11.0932 67.6522 0.087514
171.247 11.0959 68.2755 0.0213398
171.303 11.095 68.8989 -0.0413546
171.36 11.0903 69.522 -0.105736
171.416 11.0825 70.1448 -0.158836
171.472 11.0717 70.7671 -0.214881
171.528 11.058 71.3887 -0.264099
171.584 11.0417 72.0094 -0.303635
171.64 11.0236 72.6291 -0.332249
171.697 11.0038 73.2477 -0.366609
171.753 10.9824 73.8652 -0.390471
171.809 10.96 74.4814 -0.403879
171.865 10.9372 75.0964 -0.408686
171.921 10.914 75.7101 -0.417488
171.978 10.8904 76.3224 -0.417196
172.034 10.867 76.9335 -0.415119
172.09 10.8439 77.5432 -0.410666
172.146 10.8211 78.1516 -0.400672
172.202 10.799 78.7588 -0.394179
172.258 10.7768 79.3647 -0.391799
172.315 10.7553 79.9694 -0.376298
172.371 10.7346 80.573 -0.365992
172.427 10.7143 81.1754 -0.355996
172.483 10.6944 81.7766 -0.352997
172.539 10.6745 82.3768 -0.356928
172.596 10.6544 82.9758 -0.358113
172.652 10.6338 83.5736 -0.373487
172.708 10.6125 84.1703 -0.380886
172.764 10.5905 84.7658 -0.397927
172.82 10.5675 85.36 -0.416604
172.876 10.5432 85.9529 -0.4453
172.933 10.5171 86.5443 -0.477121
172.989 10.4892 87.1342 -0.510985
173.045 10.4592 87.7225 -0.550864
173.101 10.4272 88.309 -0.581024
173.157 10.3936 88.8937 -0.607424
173.213 10.3586 89.4764 -0.634331
173.27 10.3222 90.0572 -0.65754
173.326 10.2845 90.6358 -0.676144
173.382 10.2458 91.2123 -0.695619
173.438 10.2062 91.7866 -0.709985
173.494 10.1659 92.3586 -0.718931
173.551 10.1253 92.9283 -0.724331
173.607 10.0848 93.4958 -0.718584
173.663 10.0443 94.061 -0.71701
173.719 10.0045 94.6239 -0.703671
173.775 9.96584 95.1847 -0.676849
173.831 9.92853 95.7433 -0.653423
173.888 9.89279 96.2999 -0.626759
173.944 9.85892 96.8545 -0.587164
174 9.82726 97.4073 -0.547369
174.056 9.79783 97.9584 -0.50966
174.112 9.77062 98.5079 -0.4672
174.169 9.74532 99.0559 -0.436825
174.225 9.72179 99.6026 -0.406816
174.281 9.69994 100.148 -0.376851
174.337 9.67952 100.692 -0.354582
174.393 9.6602 101.235 -0.338461
174.449 9.6418 101.778 -0.322951
174.506 9.6238 102.319 -0.316469
174.562 9.60592 102.859 -0.320054
174.618 9.5882 103.398 -0.31236
174.674 9.57036 103.936 -0.319114
174.73 9.5525 104.473 -0.317522
174.787 9.53489 105.009 -0.309648
174.843 9.51755 105.544 -0.305287
174.899 9.5008 106.078 -0.293009
174.955 9.48473 106.611 -0.279766
175.011 9.46973 107.144 -0.256362
175.067 9.45627 107.675 -0.230402
175.124 9.44438 108.206 -0.197307
175.18 9.43429 108.736 -0.166896
175.236 9.42611 109.266 -0.131101
175.292 9.41989 109.795 -0.0942786
175.348 9.4158 110.324 -0.0594465
175.404 9.41421 110.853 -0.00761899
175.461 9.41485 111.382 0.0262556
175.517 9.41738 111.911 0.0566975
175.573 9.42176 112.44 0.0854506
175.629 9.42756 112.97 0.113385
175.685 9.43426 113.5 0.124851
175.742 9.44146 114.03 0.132302
175.798 9.44899 114.561 0.138277
175.854 9.45714 115.092 0.146513
175.91 9.46523 115.623 0.138247
175.966 9.47297 116.155 0.135503
176.022 9.48042 116.688 0.129888
176.079 9.48736 117.221 0.11881
176.135 9.49345 117.754 0.102844
176.191 9.49815 118.287 0.0683004
176.247 9.50111 118.821 0.0434622
176.303 9.50259 119.355 0.0125094
176.36 9.50202 119.889 -0.0269855
176.416 9.49922 120.423 -0.0658333
176.472 9.49367 120.956 -0.122518
176.528 9.48488 121.489 -0.17877
176.584 9.47275 122.022 -0.237815
176.64 9.45762 122.553 -0.295137
176.697 9.43887 123.084 -0.358308
176.753 9.41645 123.613 -0.424498
176.809 9.39046 124.142 -0.486363
176.865 9.36111 124.668 -0.545822
176.921 9.32834 125.193 -0.607255
176.978 9.29227 125.716 -0.665522
177.034 9.25295 126.237 -0.722466
177.09 9.21075 126.755 -0.773585
177.146 9.16636 127.271 -0.798659
177.202 9.12021 127.784 -0.83527
177.258 9.0725 128.295 -0.857403
177.315 9.02395 128.803 -0.867836
177.371 8.97499 129.309 -0.871388
177.427 8.92645 129.811 -0.859092
177.483 8.87859 130.311 -0.846611
177.539 8.83204 130.808 -0.814884
177.596 8.78806 131.303 -0.760884
177.652 8.74747 131.795 -0.693255
177.708 8.71134 132.285 -0.61556
177.764 8.67915 132.774 -0.541674
177.82 8.65169 133.26 -0.449214
177.876 8.62941 133.746 -0.362713
177.933 8.61216 134.23 -0.271506
177.989 8.59988 134.713 -0.182374
178.045 8.59247 135.196 -0.0971418
178.101 8.59031 135.679 0.00267848
178.157 8.5934 136.161 0.0896467
178.213 8.6014 136.644 0.178094
178.27 8.61462 137.128 0.271001
178.326 8.63263 137.613 0.355771
178.382 8.65577 138.098 0.445257
178.438 8.68333 138.586 0.521561
178.494 8.7154 139.074 0.60451
178.551 8.752 139.565 0.682605
178.607 8.79309 140.058 0.763695
178.663 8.83852 140.554 0.838208
178.719 8.88833 141.052 0.918224
178.775 8.9425 141.553 0.992171
178.831 9.0006 142.058 1.06062
178.888 9.06212 142.565 1.11848
178.944 9.12695 143.077 1.17485
179 9.195 143.592 1.22976
179.056 9.2655 144.11 1.26946
179.112 9.3379 144.633 1.29904
179.169 9.4117 145.161 1.32163
179.225 9.48638 145.692 1.33252
179.281 9.56143 146.227 1.33442
179.337 9.63595 146.767 1.31828
179.393 9.70901 147.311 1.28777
179.449 9.77999 147.859 1.24446
179.506 9.84794 148.41 1.18486
179.562 9.91211 148.966 1.11211
179.618 9.97206 149.525 1.03569
179.674 10.0272 150.087 0.947679
179.73 10.0774 150.652 0.850075
179.787 10.1223 151.22 0.754644
179.843 10.1608 151.79 0.640599
179.899 10.1929 152.361 0.522896
179.955 10.2186 152.935 0.408523
180.011 10.2372 153.51 0.279188
180.067 10.2484 154.085 0.14983
180.124 10.2525 154.661 0.0205285
180.18 10.2489 155.237 -0.121527
180.236 10.2371 155.813 -0.268883
180.292 10.2175 156.387 -0.403288
180.348 10.1904 156.96 -0.530412
180.404 10.1561 157.532 -0.664389
180.461 10.1147 158.101 -0.785923
180.517 10.067 158.667 -0.892115
180.573 10.0135 159.231 -0.98422
180.629 9.95546 159.792 -1.06464
180.685 9.8932 160.349 -1.13381
180.742 9.828 160.903 -1.17129
180.798 9.76071 161.452 -1.21391
180.854 9.69179 161.999 -1.23098
180.91 9.62242 162.541 -1.23414
180.966 9.5536 163.079 -1.21943
181.022 9.48596 163.613 -1.19159
181.079 9.42025 164.144 -1.15495
181.135 9.35677 164.671 -1.11012
181.191 9.29611 165.195 -1.05764
181.247 9.23806 165.715 -1.0128
181.303 9.18271 166.232 -0.963857
181.36 9.13035 166.746 -0.911377
181.416 9.08078 167.257 -0.865404
181.472 9.03414 167.766 -0.806029
181.528 8.9905 168.272 -0.755936
181.584 8.94955 168.776 -0.712514
181.64 8.91135 169.277 -0.657865
181.697 8.87577 169.777 -0.617647
181.753 8.84293 170.274 -0.566045
181.809 8.81285 170.77 -0.511375
181.865 8.78586 171.264 -0.460627
181.921 8.76195 171.757 -0.405008
181.978 8.74084 172.248 -0.359508
182.034 8.72266 172.739 -0.299151
182.09 8.70801 173.228 -0.233705
182.146 8.69703 173.717 -0.173078
182.202 8.68937 174.206 -0.111017
182.258 8.68509 174.694 -0.0504671
182.315 8.68403 175.181 0.000510709
182.371 8.68599 175.669 0.05576
182.427 8.69055 176.157 0.0978549
182.483 8.69762 176.646 0.143247
182.539 8.70671 177.135 0.17556
182.596 8.71763 177.624 0.204585
182.652 8.73044 178.115 0.240709
182.708 8.74458 178.606 0.257423
182.764 8.7593 179.097 0.266693
182.82 8.77421 179.59 0.264096
182.876 8.78923 180.083 0.272106
182.933 8.80435 180.578 0.267177
182.989 8.81924 181.073 0.261589
183.045 8.8339 181.569 0.261934
183.101 8.84841 182.065 0.253716
183.157 8.86192 182.563 0.23064
183.213 8.87479 183.061 0.229909
183.27 8.88739 183.56 0.222911
183.326 8.89983 184.06 0.22112
183.382 8.91213 184.56 0.223209
183.438 8.92466 185.062 0.225838
183.494 8.93755 185.563 0.231733
183.551 8.95097 186.066 0.242726
183.607 8.96464 186.569 0.243151
183.663 8.97864 187.073 0.252685
183.719 8.9931 187.578 0.259796
183.775 9.00772 188.084 0.261364
183.831 9.02257 188.591 0.264199
183.888 9.03779 189.098 0.276724
183.944 9.0538 189.606 0.290078
184 9.07037 190.115 0.299927
184.056 9.08721 190.626 0.304047
184.112 9.10436 191.137 0.307545
184.169 9.12193 191.649 0.316772
184.225 9.13981 192.162 0.326328
184.281 9.15838 192.676 0.33655
184.337 9.17772 193.191 0.349535
184.393 9.19788 193.707 0.366633
184.449 9.219 194.225 0.385775
184.506 9.24137 194.743 0.403409
184.562 9.26502 195.263 0.431576
184.618 9.2899 195.785 0.450516
184.674 9.31619 196.308 0.475047
184.73 9.34414 196.832 0.510004
184.787 9.37355 197.358 0.53239
184.843 9.40441 197.885 0.559078
184.899 9.43662 198.415 0.584609
184.955 9.47036 198.946 0.614286
185.011 9.50587 199.479 0.641395
185.067 9.5427 200.015 0.667219
185.124 9.58076 200.552 0.68475
185.18 9.61964 201.092 0.695043
185.236 9.65901 201.633 0.700832
185.292 9.69811 202.177 0.692075
185.348 9.73655 202.723 0.679809
185.404 9.77409 203.272 0.660225
185.461 9.80998 203.822 0.62534
185.517 9.84376 204.374 0.581876
185.573 9.87473 204.928 0.530805
185.629 9.90238 205.484 0.466148
185.685 9.92614 206.041 0.393082
185.742 9.94568 206.599 0.315494
185.798 9.96071 207.159 0.234259
185.854 9.97091 207.719 0.14628
185.91 9.97605 208.279 0.0564858
185.966 9.97599 208.84 -0.0389103
186.022 9.97073 209.4 -0.135447
186.079 9.9604 209.96 -0.217817
186.135 9.94532 210.519 -0.301509
186.191 9.92552 211.077 -0.383126
186.247 9.90141 211.634 -0.458499
186.303 9.87347 212.189 -0.521189
186.36 9.84256 212.743 -0.568
186.416 9.80909 213.294 -0.610654
186.472 9.7736 213.844 -0.640754
186.528 9.73738 214.392 -0.646124
186.584 9.7017 214.938 -0.628038
186.64 9.66752 215.482 -0.595933
186.697 9.63564 216.024 -0.54705
186.753 9.60709 216.564 -0.482151
186.809 9.58229 217.103 -0.412497
186.865 9.56262 217.641 -0.309382
186.921 9.54899 218.178 -0.19381
186.978 9.54187 218.714 -0.0826786
187.034 9.54114 219.25 0.0344132
187.09 9.5469 219.786 0.14696
187.146 9.55892 220.323 0.258884
187.202 9.57712 220.86 0.367663
187.258 9.60142 221.399 0.474326
187.315 9.63136 221.94 0.571882
187.371 9.66646 222.482 0.659188
187.427 9.70659 223.026 0.750024
187.483 9.75131 223.573 0.827343
187.539 9.80006 224.122 0.892817
187.596 9.85194 224.675 0.946839
187.652 9.90699 225.23 1.00078
187.708 9.96474 225.789 1.04204
187.764 10.0244 226.35 1.07322
187.82 10.0855 226.916 1.09838
187.876 10.1479 227.484 1.12096
187.933 10.2118 228.057 1.14616
187.989 10.2766 228.632 1.16033
188.045 10.3425 229.212 1.17729
188.101 10.4092 229.795 1.19146
188.157 10.4764 230.382 1.20004
188.213 10.5439 230.973 1.19951
188.27 10.6115 231.568 1.20234
188.326 10.6791 232.166 1.20177
188.382 10.7463 232.768 1.19275
188.438 10.8124 233.374 1.16867
188.494 10.8774 233.984 1.1503
188.551 10.9414 234.597 1.12887
188.607 11.0038 235.214 1.09849
188.663 11.064 235.834 1.05194
188.719 11.1218 236.458 1.01383
188.775 11.1775 237.085 0.978194
188.831 11.2312 237.714 0.938589
188.888 11.2829 238.347 0.906198
188.944 11.3324 238.983 0.869238
189 11.3798 239.621 0.827599
189.056 11.4249 240.262 0.784334
189.112 11.4679 240.905 0.751324
189.169 11.5085 241.551 0.707078
189.225 11.5467 242.198 0.661712
189.281 11.5829 242.848 0.631381
189.337 11.6167 243.5 0.583936
189.393 11.6478 244.154 0.534188
189.449 11.6762 244.809 0.488081
189.506 11.7017 245.466 0.432041
189.562 11.724 246.124 0.373052
189.618 11.7434 246.784 0.327622
189.674 11.7599 247.444 0.268918
189.73 11.7732 248.105 0.212662
189.787 11.7834 248.767 0.159315
189.843 11.7904 249.429 0.100328
189.899 11.7944 250.092 0.0549873
189.955 11.7964 250.754 0.0262159
190.011 11.7968 251.417 -0.00490502
190.067 11.7956 252.08 -0.0328158
190.124 11.7932 252.742 -0.0458803
190.18 11.7902 253.405 -0.0563552
190.236 11.7874 254.067 -0.0458932
190.292 11.7856 254.729 -0.0211392
190.348 11.785 255.391 0.00194382
190.404 11.7865 256.053 0.0432732
190.461 11.7907 256.716 0.0997969
190.517 11.7987 257.378 0.166911
190.573 11.81 258.042 0.227238
190.629 11.8252 258.705 0.298746
190.685 11.8439 259.37 0.356287
190.742 11.8653 260.037 0.393778
190.798 11.8887 260.704 0.432026
190.854 11.9131 261.373 0.435492
190.91 11.9372 262.043 0.417771
190.966 11.9597 262.714 0.390037
191.022 11.9803 263.387 0.348531
191.079 11.9978 264.06 0.285106
191.135 12.0116 264.735 0.218281
191.191 12.0213 265.41 0.140195
191.247 12.0266 266.086 0.0626066
191.303 12.0274 266.761 -0.0144256
191.36 12.0237 267.437 -0.100898
191.416 12.0154 268.112 -0.178236
191.472 12.0029 268.787 -0.249617
191.528 11.9865 269.461 -0.321815
191.584 11.9665 270.133 -0.381639
191.64 11.9434 270.805 -0.429732
191.697 11.9177 271.475 -0.472477
191.753 11.8898 272.144 -0.504805
191.809 11.861 272.811 -0.523138
191.865 11.8307 273.476 -0.551936
191.921 11.7996 274.139 -0.55621
191.978 11.7683 274.801 -0.550165
192.034 11.7383 275.461 -0.529425
192.09 11.7095 276.12 -0.496205
192.146 11.6828 276.777 -0.456721
192.202 11.6591 277.432 -0.402657
192.258 11.6381 278.087 -0.353809
192.315 11.6202 278.74 -0.295136
192.371 11.6058 279.392 -0.225365
192.427 11.5948 280.044 -0.183716
192.483 11.5862 280.695 -0.131008
192.539 11.5799 281.346 -0.0994151
192.596 11.5754 281.996 -0.0729268
192.652 11.572 282.646 -0.0517625
192.708 11.5691 283.296 -0.0481437
192.764 11.5668 283.946 -0.0387207
192.82 11.5651 284.596 -0.0284814
192.876 11.5643 285.245 -0.0109572
192.933 11.5648 285.895 0.0255659
192.989 11.5677 286.545 0.0734229
193.045 11.5737 287.195 0.131763
193.101 11.5836 287.846 0.203889
193.157 11.5988 288.497 0.30867
193.213 11.6193 289.149 0.405856
193.27 11.6463 289.803 0.52962
193.326 11.6804 290.458 0.660443
193.382 11.7222 291.116 0.79653
193.438 11.7718 291.776 0.941345
193.494 11.8296 292.439 1.08813
193.551 11.896 293.106 1.24794
193.607 11.9712 293.777 1.39587
193.663 12.0546 294.452 1.54834
193.719 12.1465 295.132 1.6943
193.775 12.2464 295.818 1.83381
193.831 12.3538 296.51 1.96093
193.888 12.4674 297.207 2.06587
193.944 12.5875 297.912 2.17444
194 12.7124 298.623 2.26153
194.056 12.8423 299.342 2.34478
194.112 12.9766 300.068 2.41876
194.169 13.1145 300.801 2.47261
194.225 13.2544 301.543 2.50696
194.281 13.3965 302.292 2.53821
194.337 13.5402 303.05 2.56383
194.393 13.6843 303.815 2.56662
194.449 13.8276 304.589 2.53964
194.506 13.9693 305.371 2.51041
194.562 14.1087 306.16 2.46225
194.618 14.2445 306.957 2.38216
194.674 14.3761 307.762 2.31473
194.73 14.5034 308.574 2.22935
194.787 14.6257 309.393 2.13807
194.843 14.7428 310.219 2.04773
194.899 14.854 311.051 1.93148
194.955 14.9585 311.889 1.81243
195.011 15.056 312.732 1.68203
195.067 15.1452 313.581 1.5204
195.124 15.2245 314.435 1.33475
195.18 15.2932 315.292 1.14339
195.236 15.3507 316.154 0.943908
195.292 15.3965 317.018 0.72306
195.348 15.4294 317.884 0.489084
195.404 15.4481 318.751 0.228679
195.461 15.4523 319.619 -0.0342048
195.517 15.4411 320.487 -0.309585
195.573 15.4138 321.354 -0.599565
195.629 15.3701 322.218 -0.900548
195.685 15.3097 323.08 -1.19395
195.742 15.2327 323.937 -1.48229
195.798 15.1403 324.79 -1.75229
195.854 15.0337 325.637 -1.9908
195.91 14.9148 326.478 -2.19446
195.966 14.7854 327.311 -2.37231
196.022 14.6468 328.137 -2.52684
196.079 14.5006 328.955 -2.64551
196.135 14.3494 329.765 -2.72142
196.191 14.1948 330.566 -2.76826
196.247 14.0385 331.358 -2.78538
196.303 13.8821 332.141 -2.78247
196.36 13.7266 332.916 -2.75006
196.416 13.5729 333.682 -2.72306
196.472 13.4212 334.439 -2.67954
196.528 13.2724 335.188 -2.63458
196.584 13.1257 335.929 -2.59217
196.64 12.9812 336.662 -2.55898
196.697 12.8378 337.386 -2.54461
196.753 12.6953 338.102 -2.53289
196.809 12.5535 338.811 -2.52054
196.865 12.4118 339.511 -2.52225
196.921 12.2702 340.204 -2.51433
196.978 12.1292 340.889 -2.50981
197.034 11.9886 341.565 -2.49743
197.09 11.8488 342.234 -2.47839
197.146 11.7105 342.895 -2.45052
197.202 11.5743 343.548 -2.40585
197.258 11.4408 344.194 -2.35575
197.315 11.3106 344.832 -2.29232
197.371 11.184 345.463 -2.22551
197.427 11.0613 346.088 -2.15563
197.483 10.9428 346.705 -2.07619
197.539 10.8292 347.316 -1.98598
197.596 10.7205 347.921 -1.8997
197.652 10.6166 348.519 -1.81974
197.708 10.517 349.112 -1.74157
197.764 10.4213 349.7 -1.68195
197.82 10.3286 350.282 -1.6303
197.876 10.2382 350.86 -1.59428
197.933 10.1496 351.432 -1.56422
197.989 10.0626 351.999 -1.54101
198.045 9.97621 352.561 -1.5391
198.101 9.88946 353.119 -1.54733
198.157 9.80196 353.672 -1.56244
198.213 9.71392 354.219 -1.56774
198.27 9.62594 354.762 -1.56387
198.326 9.53838 355.3 -1.55468
198.382 9.45165 355.833 -1.53632
198.438 9.3662 356.361 -1.50845
198.494 9.28283 356.884 -1.46659
198.551 9.20233 357.403 -1.41004
198.607 9.12542 357.917 -1.33899
198.663 9.05286 358.428 -1.25762
198.719 8.9853 358.934 -1.16765
198.775 8.92294 359.437 -1.06925
198.831 8.86653 359.936 -0.958771
198.888 8.81666 360.432 -0.839806
198.944 8.77354 360.926 -0.717566
199 8.73719 361.418 -0.59702
199.056 8.70807 361.908 -0.466687
199.112 8.68596 362.396 -0.346423
199.169 8.67041 362.884 -0.230834
199.225 8.66128 363.37 -0.116097
199.281 8.6582 363.857 -0.014824
199.337 8.66084 364.343 0.0870625
199.393 8.66912 364.83 0.185447
199.449 8.6826 365.318 0.274967
199.506 8.70088 365.806 0.359072
199.562 8.72379 366.296 0.443164
199.618 8.75134 366.787 0.523913
199.674 8.78342 367.279 0.602731
199.73 8.81989 367.774 0.678177
199.787 8.86029 368.271 0.746624
199.843 8.90433 368.77 0.807578
199.899 8.95162 369.272 0.860793
199.955 9.00168 369.776 0.910634
200.011 9.05431 370.284 0.95179
200.067 9.10899 370.794 0.987026
200.124 9.16566 371.308 1.02086
200.18 9.22384 371.825 1.04352
200.236 9.28293 372.345 1.0563
200.292 9.34245 372.869 1.06208
200.348 9.40212 373.395 1.06365
200.404 9.46169 373.926 1.05717
200.461 9.5202 374.459 1.03058
200.517 9.57704 374.996 1.00014
200.573 9.63189 375.536 0.959769
200.629 9.68418 376.079 0.910782
200.685 9.73343 376.624 0.854188
200.742 9.77937 377.173 0.795087
200.798 9.82151 377.724 0.722854
200.854 9.85984 378.277 0.653742
200.91 9.8942 378.832 0.582064
200.966 9.92421 379.389 0.501123
201.022 9.94982 379.947 0.426249
201.079 9.97136 380.507 0.355276
201.135 9.9889 381.068 0.282418
201.191 10.0021 381.629 0.202084
201.247 10.0107 382.192 0.118752
201.303 10.0147 382.754 0.0420893
201.36 10.0146 383.317 -0.0345566
201.416 10.01 383.879 -0.109748
201.472 10.0013 384.441 -0.184841
201.528 9.98853 385.003 -0.255563
201.584 9.97178 385.563 -0.331475
201.64 9.95102 386.123 -0.399165
201.697 9.9263 386.681 -0.465843
201.753 9.89809 387.238 -0.52473
201.809 9.86668 387.793 -0.580035
201.865 9.83249 388.346 -0.627465
201.921 9.79613 388.897 -0.657856
201.978 9.75829 389.446 -0.683114
202.034 9.71947 389.993 -0.697451
202.09 9.68015 390.538 -0.698617
202.146 9.64159 391.08 -0.675097
202.202 9.60501 391.621 -0.633919
202.258 9.57136 392.159 -0.571842
202.315 9.54185 392.696 -0.492641
202.371 9.51709 393.231 -0.405719
202.427 9.4982 393.765 -0.285399
202.483 9.48656 394.298 -0.155167
202.539 9.48244 394.831 -0.0183421
202.596 9.48604 395.364 0.121387
202.652 9.49802 395.897 0.276986
202.708 9.51874 396.432 0.429004
202.764 9.5478 396.967 0.574556
202.82 9.58452 397.505 0.704836
202.876 9.62828 398.045 0.825105
202.933 9.67846 398.587 0.937603
202.989 9.73423 399.133 1.02523
203.045 9.79446 399.682 1.1005
203.101 9.8585 400.234 1.16306
203.157 9.92539 400.79 1.20862
203.213 9.99444 401.35 1.24147
203.27 10.0648 401.914 1.25711
203.326 10.1356 402.482 1.26198
203.382 10.2063 403.054 1.25571
203.438 10.2765 403.629 1.24534
203.494 10.3457 404.209 1.22399
203.551 10.4136 404.793 1.196
203.607 10.4797 405.38 1.16336
203.663 10.5437 405.971 1.12407
203.719 10.6053 406.565 1.07727
203.775 10.6645 407.163 1.03721
203.831 10.7212 407.764 0.989234
203.888 10.7746 408.368 0.923818
203.944 10.8243 408.975 0.855429
204 10.8701 409.585 0.790406
204.056 10.9123 410.197 0.723602
204.112 10.9507 410.811 0.655864
204.169 10.9851 411.428 0.582202
204.225 11.0153 412.046 0.50984
204.281 11.0416 412.666 0.43966
204.337 11.0639 413.287 0.36538
204.393 11.082 413.909 0.289139
204.449 11.0958 414.532 0.216248
204.506 11.1049 415.156 0.129973
204.562 11.1093 415.78 0.0424757
204.618 11.1089 416.404 -0.0384954
204.674 11.1038 417.028 -0.122591
204.73 11.0941 417.651 -0.204617
204.787 11.0804 418.274 -0.268927
204.843 11.0634 418.896 -0.323614
204.899 11.0438 419.517 -0.365766
204.955 11.022 420.137 -0.397605
205.011 10.9989 420.755 -0.416716
205.067 10.9752 421.372 -0.424054
205.124 10.9516 421.988 -0.416542
205.18 10.9286 422.603 -0.399378
205.236 10.9072 423.216 -0.370248
205.292 10.8877 423.828 -0.331316
205.348 10.87 424.439 -0.306156
205.404 10.8536 425.049 -0.279713
205.461 10.8392 425.658 -0.240189
205.517 10.8267 426.267 -0.211246
205.573 10.8155 426.875 -0.192915
205.629 10.8049 427.482 -0.185041
205.685 10.7946 428.089 -0.186057
205.742 10.7838 428.695 -0.198967
205.798 10.7715 429.3 -0.235382
205.854 10.7569 429.905 -0.274679
205.91 10.7398 430.509 -0.33046
205.966 10.7184 431.111 -0.414863
206.022 10.6921 431.712 -0.50702
206.079 10.6598 432.312 -0.622589
206.135 10.6203 432.91 -0.751959
206.191 10.5738 433.505 -0.882958
206.247 10.5191 434.097 -1.0356
206.303 10.456 434.686 -1.18131
206.36 10.3843 435.271 -1.34262
206.416 10.3036 435.852 -1.49323
206.472 10.2149 436.428 -1.6403
206.528 10.1172 436.998 -1.79819
206.584 10.0115 437.563 -1.94347
206.64 9.89735 438.122 -2.08735
206.697 9.77545 438.674 -2.22266
206.753 9.64625 439.218 -2.35189
206.809 9.51032 439.756 -2.46504
206.865 9.36822 440.285 -2.56704
206.921 9.22097 440.807 -2.65564
206.978 9.06919 441.32 -2.72962
207.034 8.9138 441.824 -2.78464
207.09 8.75614 442.319 -2.82378
207.146 8.59602 442.806 -2.86569
207.202 8.43422 443.283 -2.89275
207.258 8.2708 443.752 -2.91358
207.315 8.10694 444.211 -2.91813
207.371 7.94279 444.661 -2.92474
207.427 7.77863 445.101 -2.91823
207.483 7.61466 445.533 -2.91807
207.539 7.45079 445.955 -2.911
207.596 7.28752 446.368 -2.90306
207.652 7.12428 446.772 -2.90521
207.708 6.96156 447.167 -2.88904
207.764 6.79989 447.553 -2.86921
207.82 6.63949 447.929 -2.8434
207.876 6.48115 448.297 -2.80464
207.933 6.32534 448.656 -2.74845
207.989 6.17313 449.006 -2.68118
208.045 6.02459 449.348 -2.61266
208.101 5.88091 449.681 -2.51972
208.157 5.74319 450.007 -2.40754
208.213 5.61206 450.325 -2.28336
208.27 5.48817 450.636 -2.15125
208.326 5.37221 450.941 -2.00607
208.382 5.2649 451.239 -1.84812
208.438 5.16634 451.531 -1.69065
208.494 5.0771 451.818 -1.52021
208.551 4.99741 452.101 -1.34949
208.607 4.92757 452.379 -1.172
208.663 4.86796 452.654 -0.984386
208.719 4.81852 452.926 -0.810659
208.775 4.77891 453.195 -0.637165
208.831 4.74886 453.463 -0.46757
208.888 4.72834 453.729 -0.295817
208.944 4.71731 453.994 -0.129359
209 4.71553 454.259 0.0316105
209.056 4.72243 454.524 0.184856
209.112 4.73797 454.79 0.3387
209.169 4.76205 455.057 0.484233
209.225 4.79389 455.325 0.62208
209.281 4.83345 455.596 0.758695
209.337 4.88058 455.869 0.890349
209.393 4.93463 456.145 1.00994
209.449 4.99523 456.424 1.12573
209.506 5.06243 456.707 1.23914
209.562 5.13552 456.994 1.34151
209.618 5.21414 457.285 1.43682
209.674 5.29801 457.581 1.52721
209.73 5.38675 457.881 1.61257
209.787 5.48023 458.187 1.69521
209.843 5.57822 458.498 1.77582
209.899 5.68003 458.815 1.83552
209.955 5.78524 459.138 1.89492
210.011 5.8932 459.466 1.934
210.067 6.00268 459.801 1.95678
210.124 6.11319 460.142 1.97544
210.18 6.22457 460.489 1.98749
210.236 6.33618 460.843 1.98486
210.292 6.44715 461.202 1.9648
210.348 6.55648 461.568 1.93124
210.404 6.66363 461.94 1.88848
210.461 6.76786 462.318 1.83185
210.517 6.86856 462.702 1.76034
210.573 6.96542 463.091 1.69792
210.629 7.05825 463.485 1.62127
210.685 7.14679 463.885 1.54102
210.742 7.23055 464.289 1.45681
210.798 7.30932 464.698 1.36255
210.854 7.38235 465.111 1.25618
210.91 7.44946 465.528 1.1602
210.966 7.51122 465.949 1.06086
211.022 7.56742 466.373 0.961972
211.079 7.61818 466.8 0.864541
211.135 7.66369 467.229 0.773462
211.191 7.70392 467.661 0.677869
211.247 7.73906 468.095 0.588101
211.303 7.76968 468.531 0.511502
211.36 7.79565 468.968 0.426356
211.416 7.81723 469.407 0.356253
211.472 7.83507 469.847 0.293743
211.528 7.84911 470.288 0.222951
211.584 7.85992 470.729 0.175901
211.64 7.86825 471.171 0.130024
211.697 7.87415 471.613 0.0899995
211.753 7.87803 472.055 0.0527049
211.809 7.87956 472.498 0.0101708
211.865 7.87897 472.941 -0.0234351
211.921 7.8767 473.383 -0.0527888
211.978 7.87281 473.826 -0.0790261
212.034 7.86788 474.268 -0.0928165
212.09 7.86207 474.71 -0.108867
212.146 7.85557 475.151 -0.125044
212.202 7.84766 475.592 -0.153124
212.258 7.83834 476.033 -0.17372
212.315 7.82766 476.473 -0.202075
212.371 7.81538 476.912 -0.230575
212.427 7.80122 477.351 -0.26735
212.483 7.78484 477.788 -0.308833
212.539 7.76626 478.225 -0.346506
212.596 7.74556 478.661 -0.384057
212.652 7.72252 479.095 -0.428837
212.708 7.69731 479.528 -0.463349
212.764 7.66987 479.96 -0.502948
212.82 7.6404 480.39 -0.540891
212.876 7.60888 480.818 -0.573054
212.933 7.57543 481.244 -0.613819
212.989 7.54047 481.669 -0.633257
213.045 7.50421 482.091 -0.653977
213.101 7.46689 482.511 -0.669325
213.157 7.42905 482.93 -0.676415
213.213 7.39063 483.346 -0.68808
213.27 7.35174 483.76 -0.694508
213.326 7.31246 484.171 -0.701294
213.382 7.27298 484.581 -0.703784
213.438 7.23325 484.988 -0.707357
213.494 7.19371 485.393 -0.700868
213.551 7.1545 485.796 -0.693636
213.607 7.11623 486.196 -0.67351
213.663 7.07912 486.595 -0.652714
213.719 7.04322 486.991 -0.629095
213.775 7.00863 487.386 -0.606006
213.831 6.97522 487.779 -0.591512
213.888 6.94265 488.169 -0.573646
213.944 6.91085 488.558 -0.562114
214 6.87954 488.946 -0.555118
214.056 6.84843 489.331 -0.551766
214.112 6.81741 489.715 -0.551044
214.169 6.78662 490.097 -0.549625
214.225 6.75569 490.477 -0.551451
214.281 6.72451 490.855 -0.557353
214.337 6.69268 491.232 -0.572488
214.393 6.66008 491.607 -0.584813
214.449 6.62655 491.98 -0.602841
214.506 6.59224 492.351 -0.619163
214.562 6.55686 492.72 -0.634663
214.618 6.52012 493.087 -0.665931
214.674 6.48175 493.452 -0.693218
214.73 6.44208 493.815 -0.712943
214.787 6.40115 494.176 -0.737957
214.843 6.35906 494.534 -0.757012
214.899 6.31615 494.89 -0.768064
214.955 6.2724 495.243 -0.78822
215.011 6.22776 495.594 -0.799258
215.067 6.18242 495.942 -0.810694
215.124 6.13619 496.288 -0.82857
215.18 6.08902 496.631 -0.849727
215.236 6.04059 496.972 -0.869667
215.292 5.99111 497.309 -0.884593
215.348 5.94113 497.644 -0.894657
215.404 5.89048 497.976 -0.904182
215.461 5.83958 498.306 -0.903429
215.517 5.78893 498.632 -0.902225
215.573 5.73882 498.955 -0.88515
215.629 5.68956 499.276 -0.869217
215.685 5.64165 499.594 -0.841976
215.742 5.59546 499.91 -0.809155
215.798 5.55114 500.222 -0.770112
215.854 5.50957 500.533 -0.722718
215.91 5.47048 500.841 -0.67905
215.966 5.43416 501.147 -0.62484
216.022 5.40093 501.451 -0.574069
216.079 5.37039 501.754 -0.522791
216.135 5.34268 502.055 -0.474533
216.191 5.31751 502.354 -0.430654
216.247 5.295 502.652 -0.37877
216.303 5.27525 502.949 -0.328241
216.36 5.25791 503.244 -0.293255
216.416 5.24243 503.539 -0.263648
216.472 5.22848 503.833 -0.238107
216.528 5.21575 504.127 -0.220912
216.584 5.20394 504.419 -0.203157
216.64 5.19296 504.711 -0.190826
216.697 5.18266 505.003 -0.178988
216.753 5.17293 505.293 -0.168312
216.809 5.16354 505.584 -0.162916
216.865 5.15485 505.873 -0.148993
216.921 5.14693 506.163 -0.13549
216.978 5.13973 506.452 -0.121766
217.034 5.13336 506.74 -0.110639
217.09 5.12774 507.028 -0.097022
217.146 5.12264 507.316 -0.0864544
217.202 5.11829 507.604 -0.0711511
217.258 5.11475 507.891 -0.056983
217.315 5.11209 508.179 -0.0402276
217.371 5.11033 508.466 -0.0264626
217.427 5.10995 508.753 0.00500944
217.483 5.11106 509.04 0.0312704
217.539 5.11378 509.327 0.058362
217.596 5.11798 509.615 0.0862733
217.652 5.12367 509.902 0.11297
217.708 5.131 510.19 0.141538
217.764 5.14013 510.479 0.177684
217.82 5.15116 510.768 0.210517
217.876 5.16424 511.058 0.246914
217.933 5.17912 511.349 0.277033
217.989 5.19555 511.64 0.305551
218.045 5.2138 511.933 0.340793
218.101 5.23423 512.226 0.379143
218.157 5.25686 512.521 0.419008
218.213 5.28179 512.817 0.458254
218.27 5.30916 513.115 0.502652
218.326 5.33868 513.414 0.540265
218.382 5.37013 513.715 0.572482
218.438 5.4036 514.018 0.610601
218.494 5.43863 514.322 0.635003
218.551 5.4755 514.629 0.666125
218.607 5.51426 514.938 0.707503
218.663 5.55506 515.249 0.73795
218.719 5.59742 515.563 0.762642
218.775 5.6411 515.879 0.78669
218.831 5.68604 516.197 0.809637
218.888 5.73236 516.518 0.834292
218.944 5.77992 516.842 0.851648
219 5.82803 517.168 0.860993
219.056 5.87654 517.497 0.864364
219.112 5.92547 517.829 0.874498
219.169 5.97482 518.164 0.880227
219.225 6.02431 518.501 0.879183
219.281 6.07385 518.841 0.883657
219.337 6.12352 519.184 0.885452
219.393 6.17351 519.53 0.892931
219.449 6.22399 519.878 0.902045
219.506 6.27464 520.23 0.900748
219.562 6.3257 520.584 0.913878
219.618 6.37716 520.941 0.918666
219.674 6.42868 521.301 0.916254
219.73 6.47992 521.664 0.909276
219.787 6.53063 522.029 0.89756
219.843 6.58043 522.398 0.879413
219.899 6.62917 522.769 0.858283
219.955 6.6768 523.143 0.841239
220.011 6.72321 523.52 0.815436
220.067 6.76834 523.899 0.794304
220.124 6.81224 524.281 0.77281
220.18 6.85462 524.665 0.741498
220.236 6.89528 525.052 0.71044
220.292 6.93403 525.44 0.676752
220.348 6.97081 525.831 0.64044
220.404 7.00568 526.224 0.606632
220.461 7.03864 526.619 0.573248
220.517 7.06985 527.015 0.542984
220.573 7.09978 527.413 0.522143
220.629 7.12834 527.813 0.498621
220.685 7.15538 528.215 0.47154
220.742 7.18095 528.617 0.443267
220.798 7.20476 529.022 0.412025
220.854 7.22715 529.427 0.391626
220.91 7.24847 529.834 0.375234
220.966 7.26868 530.242 0.351846
221.022 7.28772 530.651 0.329866
221.079 7.30533 531.061 0.297396
221.135 7.32105 531.472 0.265294
221.191 7.33474 531.884 0.229795
221.247 7.34625 532.296 0.187794
221.303 7.3552 532.709 0.145437
221.36 7.36166 533.123 0.0963192
221.416 7.36556 533.536 0.0500809
221.472 7.3667 533.95 -0.00188374
221.528 7.36463 534.364 -0.0625639
221.584 7.35918 534.777 -0.119373
221.64 7.35053 535.191 -0.175398
221.697 7.33872 535.603 -0.234753
221.753 7.32329 536.015 -0.300512
221.809 7.30438 536.426 -0.359477
221.865 7.2819 536.835 -0.427875
221.921 7.25549 537.244 -0.496839
221.978 7.22569 537.65 -0.550576
222.034 7.19293 538.055 -0.600927
222.09 7.15781 538.458 -0.642515
222.146 7.12037 538.859 -0.683046
222.202 7.08113 539.258 -0.707085
222.258 7.0407 539.654 -0.730765
222.315 6.99867 540.048 -0.758787
222.371 6.95586 540.44 -0.760539
222.427 6.91337 540.829 -0.755721
222.483 6.87119 541.216 -0.74473
222.539 6.82989 541.601 -0.723912
222.596 6.79028 541.983 -0.695096
222.652 6.75304 542.363 -0.637313
222.708 6.71851 542.742 -0.598722
222.764 6.68679 543.118 -0.540674
222.82 6.65849 543.493 -0.48589
222.876 6.63285 543.866 -0.43256
222.933 6.61103 544.238 -0.357145
222.989 6.59331 544.609 -0.292768
223.045 6.57915 544.978 -0.218171
223.101 6.56983 545.348 -0.132205
223.157 6.56485 545.717 -0.0586768
223.213 6.56444 546.085 0.0302418
223.27 6.56938 546.454 0.124931
223.326 6.5792 546.824 0.208083
223.382 6.59366 547.194 0.293986
223.438 6.61351 547.565 0.388693
223.494 6.63841 547.937 0.479618
223.551 6.66829 548.311 0.569437
223.607 6.70346 548.687 0.662211
223.663 6.74328 549.065 0.742055
223.719 6.78767 549.445 0.82272
223.775 6.83677 549.828 0.906402
223.831 6.89056 550.214 0.991994
223.888 6.94908 550.603 1.07552
223.944 7.01208 550.996 1.15248
224 7.07957 551.392 1.23074
224.056 7.15079 551.792 1.29137
224.112 7.22523 552.196 1.34645
224.169 7.30267 552.605 1.39935
224.225 7.38253 553.018 1.43574
224.281 7.46427 553.435 1.46756
224.337 7.54773 553.857 1.49737
224.393 7.63247 554.284 1.51784
224.449 7.7182 554.716 1.5296
224.506 7.80403 555.152 1.52862
224.562 7.88935 555.594 1.51205
224.618 7.97354 556.04 1.48766
224.674 8.05669 556.49 1.47117
224.73 8.13825 556.946 1.43749
224.787 8.21771 557.406 1.3951
224.843 8.29479 557.87 1.35709
224.899 8.36901 558.338 1.29808
224.955 8.44019 558.811 1.24383
225.011 8.50825 559.288 1.18763
225.067 8.57304 559.768 1.12999
225.124 8.63421 560.251 1.0605
225.18 8.69153 560.738 0.996502
225.236 8.74565 561.229 0.942546
225.292 8.79698 561.722 0.895492
225.348 8.84595 562.218 0.855796
225.404 8.89329 562.716 0.833336
225.461 8.93969 563.217 0.821148
225.517 8.986 563.721 0.828024
225.573 9.03288 564.227 0.838885
225.629 9.0806 564.737 0.85548
225.685 9.12957 565.248 0.882904
225.742 9.17987 565.763 0.905363
225.798 9.23143 566.28 0.92525
225.854 9.28379 566.801 0.936074
225.91 9.3366 567.324 0.945485
225.966 9.39026 567.85 0.958123
226.022 9.44425 568.38 0.960354
226.079 9.49774 568.912 0.94663
226.135 9.55028 569.448 0.926019
226.191 9.6015 569.986 0.899292
226.247 9.65031 570.527 0.848479
226.303 9.69617 571.071 0.791349
226.36 9.73861 571.617 0.730577
226.416 9.7775 572.165 0.667648
226.472 9.81283 572.716 0.602262
226.528 9.84477 573.268 0.546443
226.584 9.87349 573.822 0.487682
226.64 9.899 574.378 0.430682
226.697 9.92182 574.935 0.390864
226.753 9.94199 575.493 0.339978
226.809 9.95964 576.052 0.29602
226.865 9.97516 576.612 0.264438
226.921 9.98908 577.173 0.238195
226.978 10.0017 577.734 0.211649
227.034 10.0127 578.297 0.185781
227.09 10.0221 578.86 0.162277
227.146 10.0309 579.423 0.155439
227.202 10.0392 579.987 0.143305
227.258 10.0466 580.551 0.128603
227.315 10.0536 581.116 0.118177
227.371 10.0597 581.681 0.0994928
227.427 10.0641 582.246 0.0669784
227.483 10.0668 582.811 0.0318136
227.539 10.0671 583.377 -0.0127794
227.596 10.0647 583.942 -0.0654559
227.652 10.0587 584.508 -0.132642
227.708 10.0492 585.073 -0.196791
227.764 10.0351 585.637 -0.290925
227.82 10.0154 586.2 -0.390701
227.876 9.99012 586.762 -0.486938
227.933 9.95922 587.322 -0.592996
227.989 9.92224 587.88 -0.701352
228.045 9.87941 588.436 -0.804017
228.101 9.8305 588.99 -0.910483
228.157 9.77607 589.54 -1.00356
228.213 9.71582 590.087 -1.11449
228.27 9.64994 590.631 -1.21025
228.326 9.57883 591.171 -1.30416
228.382 9.5026 591.706 -1.38866
228.438 9.42205 592.237 -1.464
228.494 9.33741 592.764 -1.53442
228.551 9.24902 593.285 -1.59833
228.607 9.15704 593.802 -1.65932
228.663 9.06212 594.313 -1.70871
228.719 8.96482 594.819 -1.74554
228.775 8.8655 595.319 -1.78306
228.831 8.76506 595.814 -1.79463
228.888 8.66359 596.303 -1.81346
228.944 8.56113 596.786 -1.82378
229 8.45884 597.264 -1.82014
229.056 8.35711 597.736 -1.80429
229.112 8.25584 598.202 -1.79858
229.169 8.15537 598.662 -1.78076
229.225 8.05587 599.117 -1.76169
229.281 7.95747 599.566 -1.74212
229.337 7.86059 600.01 -1.71278
229.393 7.76525 600.448 -1.68073
229.449 7.67173 600.881 -1.65337
229.506 7.57997 601.309 -1.61944
229.562 7.48998 601.732 -1.59027
229.618 7.40158 602.15 -1.56455
229.674 7.31439 602.563 -1.54118
229.73 7.22868 602.971 -1.52268
229.787 7.14333 603.374 -1.50788
229.843 7.05831 603.772 -1.51496
229.899 6.97298 604.166 -1.52026
229.955 6.88668 604.555 -1.54743
230.011 6.79892 604.939 -1.57683
230.067 6.70921 605.318 -1.61443
230.124 6.61715 605.692 -1.65737
230.18 6.52259 606.06 -1.69959
230.236 6.42547 606.423 -1.75373
230.292 6.32461 606.781 -1.81706
230.348 6.22051 607.133 -1.87827
230.404 6.1131 607.479 -1.93349
230.461 6.00231 607.818 -1.99641
230.517 5.88869 608.152 -2.04341
230.573 5.77214 608.479 -2.09203
230.629 5.65333 608.799 -2.12786
230.685 5.53243 609.113 -2.16397
230.742 5.4102 609.419 -2.18359
230.798 5.28693 609.719 -2.19357
230.854 5.16335 610.012 -2.20493
230.91 5.03978 610.298 -2.18859
230.966 4.91696 610.577 -2.17969
231.022 4.79558 610.849 -2.14512
231.079 4.67651 611.114 -2.10021
231.135 4.56 611.373 -2.05148
231.191 4.44643 611.625 -1.99733
231.247 4.33636 611.871 -1.93386
231.303 4.22982 612.112 -1.87049
231.36 4.12698 612.346 -1.8037
231.416 4.02832 612.574 -1.72462
231.472 3.9338 612.797 -1.65224
231.528 3.84354 613.015 -1.57871
231.584 3.75761 613.228 -1.50085
231.64 3.6758 613.437 -1.42505
231.697 3.59808 613.64 -1.3567
231.753 3.52409 613.84 -1.28594
231.809 3.45424 614.036 -1.21484
231.865 3.38794 614.227 -1.16023
231.921 3.32503 614.416 -1.09435
231.978 3.26528 614.6 -1.04374
232.034 3.20896 614.782 -0.975681
232.09 3.15596 614.96 -0.913158
232.146 3.10664 615.136 -0.852846
232.202 3.0612 615.309 -0.778713
232.258 3.02031 615.48 -0.698881
232.315 2.98363 615.648 -0.615251
232.371 2.95227 615.815 -0.523316
232.427 2.92597 615.98 -0.42086
232.483 2.90609 616.143 -0.314996
232.539 2.89213 616.306 -0.196461
232.596 2.88559 616.468 -0.064047
232.652 2.8863 616.63 0.0664489
232.708 2.8954 616.793 0.224997
232.764 2.91315 616.956 0.38006
232.82 2.93978 617.12 0.54095
232.876 2.97587 617.287 0.708249
232.933 3.02112 617.455 0.870141
232.989 3.07559 617.627 1.03459
233.045 3.13907 617.802 1.1927
233.101 3.21146 617.981 1.35238
233.157 3.29239 618.164 1.49678
233.213 3.38109 618.352 1.63012
233.27 3.47687 618.545 1.76036
233.326 3.57947 618.744 1.86411
233.382 3.68733 618.948 1.95696
233.438 3.80034 619.159 2.04528
233.494 3.91783 619.377 2.11798
233.551 4.03886 619.601 2.17844
233.607 4.16283 619.832 2.22153
233.663 4.2886 620.07 2.24637
233.719 4.41561 620.315 2.26774
233.775 4.54347 620.568 2.28136
233.831 4.67152 620.827 2.27836
233.888 4.79909 621.094 2.26568
233.944 4.92576 621.368 2.24448
234 5.05096 621.649 2.21798
234.056 5.17459 621.937 2.18613
234.112 5.29645 622.231 2.15729
234.169 5.41666 622.533 2.1275
234.225 5.53489 622.841 2.08956
234.281 5.65122 623.156 2.05383
234.337 5.76519 623.478 2.01516
234.393 5.87756 623.805 1.98891
234.449 5.98829 624.139 1.95836
234.506 6.09723 624.479 1.92302
234.562 6.20429 624.825 1.89239
234.618 6.30945 625.178 1.86105
234.674 6.41271 625.536 1.82402
234.73 6.51413 625.899 1.795
234.787 6.6141 626.269 1.77035
234.843 6.71296 626.643 1.74707
234.899 6.81011 627.024 1.71766
234.955 6.90607 627.41 1.70319
235.011 7.00135 627.801 1.69408
235.067 7.09594 628.197 1.68008
235.124 7.19014 628.599 1.67571
235.18 7.2843 629.006 1.67667
235.236 7.37835 629.419 1.67179
235.292 7.4723 629.836 1.67281
235.348 7.5664 630.259 1.67644
235.404 7.66101 630.688 1.68914
235.461 7.75634 631.121 1.70028
235.517 7.85294 631.56 1.7215
235.573 7.95052 632.005 1.74803
235.629 8.04959 632.455 1.77365
235.685 8.14992 632.91 1.79569
235.742 8.25171 633.372 1.82234
235.798 8.35458 633.839 1.83833
235.854 8.45863 634.312 1.86078
235.91 8.56405 634.79 1.88609
235.966 8.67021 635.275 1.89017
236.022 8.77681 635.766 1.89962
236.079 8.88378 636.262 1.90909
236.135 8.99109 636.765 1.90811
236.191 9.09821 637.274 1.90711
236.247 9.20503 637.789 1.89533
236.303 9.3107 638.309 1.87058
236.36 9.41475 638.836 1.83918
236.416 9.51667 639.368 1.79634
236.472 9.61628 639.906 1.75718
236.528 9.71357 640.45 1.71721
236.584 9.80878 640.999 1.67739
236.64 9.90151 641.553 1.63626
236.697 9.99194 642.112 1.59548
236.753 10.0794 642.676 1.5328
236.809 10.1631 643.246 1.45988
236.865 10.2429 643.819 1.39302
236.921 10.3191 644.397 1.33375
236.978 10.3914 644.979 1.25972
237.034 10.4599 645.566 1.18636
237.09 10.5243 646.155 1.11305
237.146 10.5845 646.749 1.04329
237.202 10.6404 647.345 0.960494
237.258 10.6917 647.945 0.877165
237.315 10.7385 648.547 0.79897
237.371 10.7809 649.152 0.723662
237.427 10.819 649.759 0.646283
237.483 10.8531 650.368 0.582541
237.539 10.8833 650.978 0.507372
237.596 10.9095 651.591 0.43699
237.652 10.9316 652.204 0.363891
237.708 10.9494 652.819 0.285515
237.764 10.9627 653.435 0.20432
237.82 10.9713 654.051 0.119732
237.876 10.975 654.668 0.0266695
237.933 10.9732 655.284 -0.0728286
237.989 10.9655 655.9 -0.180193
238.045 10.9513 656.516 -0.297165
238.101 10.9302 657.13 -0.429016
238.157 10.9017 657.744 -0.562216
238.213 10.8654 658.355 -0.702847
238.27 10.8211 658.964 -0.844434
238.326 10.7689 659.57 -0.986308
238.382 10.7088 660.173 -1.1252
238.438 10.6406 660.772 -1.27206
238.494 10.5644 661.368 -1.41327
238.551 10.4804 661.958 -1.54692
238.607 10.3892 662.544 -1.67486
238.663 10.291 663.124 -1.79214
238.719 10.1865 663.699 -1.90253
238.775 10.0762 664.268 -2.0021
238.831 9.96081 664.83 -2.08721
238.888 9.84105 665.385 -2.16024
238.944 9.71774 665.934 -2.21627
239 9.59179 666.476 -2.2655
239.056 9.46441 667.01 -2.2724
239.112 9.33683 667.538 -2.26164
239.169 9.21071 668.058 -2.23053
239.225 9.08665 668.571 -2.18941
239.281 8.96559 669.078 -2.13915
239.337 8.84691 669.578 -2.09429
239.393 8.73091 670.071 -2.043
239.449 8.61796 670.557 -1.98893
239.506 8.50822 671.038 -1.92769
239.562 8.40144 671.512 -1.88086
239.618 8.29744 671.981 -1.83159
239.674 8.19636 672.443 -1.77636
239.73 8.09776 672.9 -1.73873
239.787 8.0018 673.352 -1.69153
239.843 7.90858 673.799 -1.64027
239.899 7.81772 674.24 -1.59561
239.955 7.72956 674.676 -1.55329
240.011 7.64381 675.107 -1.51032
240.067 7.55973 675.534 -1.48437
240.124 7.47735 675.956 -1.45778
240.18 7.39616 676.373 -1.4381
240.236 7.31626 676.786 -1.41493
240.292 7.23685 677.194 -1.41488
240.348 7.15816 677.598 -1.39183
240.404 7.08004 677.998 -1.38397
240.461 7.00219 678.393 -1.38614
240.517 6.92481 678.784 -1.37454
240.573 6.8477 679.17 -1.37121
240.629 6.77103 679.552 -1.35725
240.685 6.69504 679.93 -1.34841
240.742 6.61973 680.304 -1.32802
240.798 6.54634 680.673 -1.2909
240.854 6.47542 681.038 -1.2421
240.91 6.40753 681.4 -1.184
240.966 6.34329 681.758 -1.11783
241.022 6.28357 682.112 -1.02691
241.079 6.22894 682.463 -0.933189
241.135 6.18002 682.811 -0.826398
241.191 6.13713 683.157 -0.71717
241.247 6.10105 683.501 -0.589549
241.303 6.07254 683.842 -0.453082
241.36 6.05144 684.183 -0.321377
241.416 6.03833 684.522 -0.170783
241.472 6.03337 684.861 -0.0319164
241.528 6.0366 685.2 0.112909
241.584 6.04777 685.54 0.257792
241.64 6.06703 685.88 0.395713
241.697 6.0942 686.222 0.539904
241.753 6.12911 686.565 0.677874
241.809 6.17146 686.911 0.804542
241.865 6.22084 687.26 0.923114
241.921 6.27658 687.611 1.03797
241.978 6.33851 687.966 1.14538
242.034 6.40654 688.324 1.2516
242.09 6.47977 688.686 1.33974
242.146 6.5578 689.053 1.41967
242.202 6.63993 689.424 1.48688
242.258 6.72523 689.8 1.53682
242.315 6.81277 690.181 1.57252
242.371 6.90249 690.566 1.61434
242.427 6.99434 690.957 1.64586
242.483 7.08711 691.353 1.65534
242.539 7.18094 691.755 1.67706
242.596 7.27544 692.161 1.68849
242.652 7.3708 692.573 1.70345
242.708 7.46657 692.991 1.70796
242.764 7.56254 693.413 1.70537
242.82 7.65813 693.841 1.69483
242.876 7.75399 694.275 1.7045
242.933 7.84966 694.714 1.70619
242.989 7.94526 695.158 1.69197
243.045 8.03927 695.607 1.66667
243.101 8.13263 696.062 1.66678
243.157 8.22542 696.522 1.64091
243.213 8.31658 696.987 1.61108
243.27 8.40611 697.458 1.58083
243.326 8.49386 697.933 1.54624
243.382 8.57908 698.413 1.49909
243.438 8.66111 698.898 1.43402
243.494 8.73928 699.387 1.36231
243.551 8.81344 699.88 1.29387
243.607 8.88399 700.378 1.23079
243.663 8.95091 700.879 1.16374
243.719 9.01385 701.384 1.09185
243.775 9.07261 701.893 1.01534
243.831 9.12735 702.404 0.947
243.888 9.17856 702.919 0.890491
243.944 9.22684 703.436 0.839624
244 9.27284 703.956 0.805085
244.056 9.3176 704.478 0.792607
244.112 9.36177 705.003 0.783423
244.169 9.40613 705.531 0.794599
244.225 9.45118 706.061 0.804522
244.281 9.49687 706.593 0.821553
244.337 9.54376 707.128 0.842709
244.393 9.59199 707.666 0.865512
244.449 9.64148 708.207 0.88967
244.506 9.69157 708.75 0.894346
244.562 9.74175 709.296 0.891693
244.618 9.79128 709.845 0.872971
244.674 9.83928 710.397 0.842452
244.73 9.88506 710.951 0.793051
244.787 9.92739 711.508 0.725663
244.843 9.96524 712.067 0.635417
244.899 9.99713 712.628 0.519479
244.955 10.0217 713.19 0.381751
245.011 10.038 713.754 0.22755
245.067 10.0451 714.318 0.0558039
245.124 10.0416 714.883 -0.13978
245.18 10.0269 715.446 -0.343284
245.236 10.0005 716.009 -0.556033
245.292 9.96187 716.569 -0.774128
245.348 9.91118 717.127 -0.988752
245.404 9.84872 717.682 -1.19198
245.461 9.77501 718.233 -1.38974
245.517 9.69063 718.779 -1.57358
245.573 9.59706 719.321 -1.72358
245.629 9.49564 719.856 -1.8559
245.685 9.38787 720.386 -1.95642
245.742 9.2758 720.91 -2.01482
245.798 9.16182 721.427 -2.03329
245.854 9.04805 721.938 -2.01437
245.91 8.93619 722.443 -1.97315
245.966 8.82775 722.941 -1.9004
246.022 8.72436 723.433 -1.79928
246.079 8.62678 723.92 -1.69366
246.135 8.53551 724.402 -1.57868
246.191 8.45096 724.878 -1.45502
246.247 8.37344 725.35 -1.33093
246.303 8.30262 725.818 -1.21521
246.36 8.2377 726.283 -1.11714
246.416 8.17834 726.743 -1.01661
246.472 8.12452 727.201 -0.922854
246.528 8.0755 727.656 -0.83687
246.584 8.03095 728.108 -0.763708
246.64 7.99026 728.558 -0.695653
246.697 7.95336 729.005 -0.629325
246.753 7.92071 729.451 -0.550477
246.809 7.8923 729.895 -0.477698
246.865 7.86787 730.338 -0.405645
246.921 7.84772 730.779 -0.327881
246.978 7.83203 731.219 -0.246841
247.034 7.82151 731.659 -0.147602
247.09 7.81627 732.098 -0.0554
247.146 7.81643 732.537 0.0455338
247.202 7.82273 732.977 0.154526
247.258 7.83512 733.416 0.26379
247.315 7.8531 733.857 0.358152
247.371 7.87628 734.299 0.44827
247.427 7.90444 734.743 0.536859
247.483 7.93713 735.188 0.610686
247.539 7.97353 735.635 0.671231
247.596 8.01281 736.084 0.717706
247.652 8.05395 736.536 0.741103
247.708 8.09562 736.989 0.738972
247.764 8.1365 737.446 0.718633
247.82 8.17573 737.904 0.68203
247.876 8.21223 738.365 0.624659
247.933 8.245 738.827 0.555109
247.989 8.27325 739.291 0.464603
248.045 8.29559 739.757 0.352615
248.101 8.31161 740.224 0.240811
248.157 8.32116 740.691 0.120333
248.213 8.32409 741.158 0.00454772
248.27 8.32 741.626 -0.123282
248.326 8.30872 742.093 -0.254011
248.382 8.29036 742.559 -0.375526
248.438 8.26501 743.024 -0.498599
248.494 8.23295 743.487 -0.618894
248.551 8.19431 743.949 -0.734117
248.607 8.14937 744.408 -0.843233
248.663 8.09798 744.864 -0.961905
248.719 8.03999 745.317 -1.07905
248.775 7.97514 745.766 -1.20505
248.831 7.90306 746.212 -1.33271
248.888 7.82377 746.653 -1.46457
248.944 7.73701 747.09 -1.59762
249 7.64298 747.521 -1.72723
249.056 7.54132 747.947 -1.86511
249.112 7.43191 748.367 -1.99996
249.169 7.31496 748.781 -2.13476
249.225 7.19083 749.188 -2.26012
249.281 7.05981 749.587 -2.37741
249.337 6.92246 749.979 -2.49065
249.393 6.77921 750.364 -2.58819
249.449 6.63095 750.739 -2.67116
249.506 6.47872 751.107 -2.73369
249.562 6.32352 751.466 -2.78172
249.618 6.16645 751.816 -2.80258
249.674 6.00861 752.157 -2.8128
249.73 5.8508 752.489 -2.79884
249.787 5.69439 752.812 -2.77056
249.843 5.54047 753.127 -2.71978
249.899 5.38989 753.433 -2.64786
249.955 5.2437 753.731 -2.57067
250.011 5.10291 754.021 -2.4664
250.067 4.96789 754.303 -2.3594
250.124 4.83963 754.578 -2.23501
250.18 4.7184 754.845 -2.11036
250.236 4.6053 755.107 -1.94703
250.292 4.5012 755.362 -1.791
250.348 4.40608 755.611 -1.62395
250.404 4.32049 755.856 -1.45118
250.461 4.24554 756.096 -1.26006
250.517 4.18141 756.333 -1.0634
250.573 4.12832 756.566 -0.866688
250.629 4.08627 756.796 -0.670264
250.685 4.05577 757.025 -0.46129
250.742 4.03658 757.252 -0.258952
250.798 4.02907 757.478 -0.0464813
250.854 4.03341 757.705 0.157492
250.91 4.04914 757.932 0.363248
250.966 4.07629 758.16 0.563137
251.022 4.11436 758.39 0.750609
251.079 4.16332 758.623 0.955
251.135 4.22306 758.859 1.13589
251.191 4.29293 759.098 1.31533
251.247 4.37218 759.342 1.47299
251.303 4.46018 759.591 1.6263
251.36 4.55617 759.845 1.75964
251.416 4.65919 760.104 1.877
251.472 4.76834 760.369 1.9846
251.528 4.8829 760.641 2.06925
251.584 5.00145 760.919 2.13839
251.64 5.12335 761.205 2.18629
251.697 5.24714 761.497 2.21044
251.753 5.37125 761.795 2.20982
251.809 5.49539 762.101 2.20431
251.865 5.61856 762.414 2.18392
251.921 5.74028 762.734 2.15073
251.978 5.85902 763.061 2.08562
252.034 5.97409 763.394 2.01847
252.09 6.08518 763.733 1.95068
252.146 6.19216 764.079 1.87304
252.202 6.29444 764.43 1.785
252.258 6.39179 764.787 1.69937
252.315 6.48429 765.149 1.61159
252.371 6.57218 765.516 1.52989
252.427 6.65571 765.888 1.45909
252.483 6.73482 766.265 1.37417
252.539 6.80981 766.646 1.30671
252.596 6.88129 767.031 1.25143
252.652 6.94976 767.42 1.19648
252.708 7.01497 767.812 1.13587
252.764 7.07673 768.209 1.07449
252.82 7.13518 768.608 1.01716
252.876 7.19047 769.011 0.964415
252.933 7.24333 769.417 0.923881
252.989 7.29377 769.825 0.880477
253.045 7.34174 770.237 0.837014
253.101 7.38763 770.651 0.799971
253.157 7.431 771.067 0.755571
253.213 7.47209 771.486 0.714041
253.27 7.51093 771.907 0.677172
253.326 7.54793 772.33 0.648858
253.382 7.58339 772.756 0.618323
253.438 7.61698 773.183 0.583933
253.494 7.64931 773.612 0.566753
253.551 7.68052 774.043 0.547499
253.607 7.71103 774.475 0.539614
253.663 7.74117 774.909 0.53631
253.719 7.7715 775.345 0.543838
253.775 7.80237 775.783 0.552352
253.831 7.83412 776.222 0.57221
253.888 7.8668 776.664 0.584998
253.944 7.90023 777.107 0.604771
254 7.93511 777.552 0.631995
254.056 7.97149 777.999 0.658394
254.112 8.00926 778.448 0.684926
254.169 8.0488 778.899 0.718566
254.225 8.08996 779.353 0.739982
254.281 8.13222 779.808 0.759447
254.337 8.17542 780.267 0.774889
254.393 8.21917 780.728 0.781502
254.449 8.26316 781.191 0.783318
254.506 8.30752 781.656 0.794144
254.562 8.35225 782.125 0.795518
254.618 8.3964 782.595 0.777815
254.674 8.43952 783.069 0.758004
254.73 8.48092 783.544 0.721741
254.787 8.52018 784.022 0.680327
254.843 8.55667 784.502 0.627517
254.899 8.59012 784.984 0.572752
254.955 8.62012 785.467 0.507845
255.011 8.64664 785.952 0.446259
255.067 8.66952 786.439 0.381604
255.124 8.68873 786.927 0.312774
255.18 8.70387 787.415 0.239854
255.236 8.71478 787.905 0.164847
255.292 8.72191 788.395 0.101299
255.348 8.7253 788.885 0.034736
255.404 8.72489 789.375 -0.0357197
255.461 8.72077 789.865 -0.0981288
255.517 8.71312 790.355 -0.159494
255.573 8.70226 790.844 -0.216813
255.629 8.68797 791.332 -0.279456
255.685 8.67021 791.82 -0.340404
255.742 8.64899 792.306 -0.401825
255.798 8.62472 792.791 -0.452451
255.854 8.59748 793.275 -0.506323
255.91 8.56715 793.757 -0.562104
255.966 8.53385 794.237 -0.610795
256.022 8.49809 794.715 -0.652164
256.079 8.46024 795.191 -0.688584
256.135 8.42016 795.665 -0.730839
256.191 8.3777 796.137 -0.770952
256.247 8.33341 796.606 -0.802737
256.303 8.2869 797.073 -0.840278
256.36 8.23869 797.537 -0.869635
256.416 8.18872 797.998 -0.901511
256.472 8.13695 798.456 -0.932206
256.528 8.08385 798.912 -0.951588
256.584 8.03014 799.364 -0.958999
256.64 7.97609 799.813 -0.964713
256.697 7.92167 800.259 -0.969385
256.753 7.86682 800.703 -0.977696
256.809 7.81209 801.143 -0.973165
256.865 7.75764 801.58 -0.966756
256.921 7.70394 802.014 -0.949486
256.978 7.65116 802.445 -0.932215
257.034 7.59945 802.873 -0.913102
257.09 7.54862 803.298 -0.895199
257.146 7.4991 803.721 -0.874564
257.202 7.45073 804.14 -0.847033
257.258 7.40434 804.557 -0.811697
257.315 7.35989 804.972 -0.778029
257.371 7.31726 805.384 -0.746862
257.427 7.27654 805.793 -0.711958
257.483 7.23772 806.201 -0.679161
257.539 7.2007 806.606 -0.643831
257.596 7.16576 807.01 -0.609956
257.652 7.13268 807.411 -0.575169
257.708 7.10118 807.811 -0.550781
257.764 7.07121 808.209 -0.522949
257.82 7.04289 808.605 -0.491382
257.876 7.01652 809 -0.453565
257.933 6.9919 809.393 -0.427868
257.989 6.96871 809.785 -0.402077
258.045 6.94682 810.176 -0.377965
258.101 6.92652 810.565 -0.349607
258.157 6.90824 810.954 -0.31167
258.213 6.89218 811.341 -0.267846
258.27 6.87846 811.728 -0.225133
258.326 6.86732 812.114 -0.177434
258.382 6.85914 812.5 -0.120124
258.438 6.85416 812.885 -0.0650539
258.494 6.85218 813.27 -0.0157588
258.551 6.85395 813.655 0.0611153
258.607 6.86015 814.04 0.141901
258.663 6.87065 814.426 0.216761
258.719 6.88556 814.812 0.298146
258.775 6.90509 815.2 0.381795
258.831 6.92904 815.589 0.461218
258.888 6.9576 815.979 0.540966
258.944 6.99077 816.371 0.623628
259 7.02869 816.765 0.712778
259.056 7.07158 817.161 0.793394
259.112 7.11846 817.56 0.861928
259.169 7.16933 817.961 0.930817
259.225 7.22366 818.366 0.991121
259.281 7.28154 818.774 1.0574
259.337 7.34329 819.185 1.12567
259.393 7.40839 819.6 1.17901
259.449 7.4758 820.018 1.21679
259.506 7.54528 820.44 1.25594
259.562 7.61713 820.867 1.29487
259.618 7.69072 821.297 1.31913
259.674 7.76586 821.732 1.34922
259.73 7.84276 822.171 1.37972
259.787 7.92104 822.614 1.40278
259.843 8.00072 823.062 1.42973
259.899 8.08198 823.514 1.45478
259.955 8.16456 823.971 1.47837
260.011 8.24847 824.432 1.50031
260.067 8.3336 824.898 1.52553
260.124 8.42 825.369 1.54539
260.18 8.50734 825.845 1.56084
260.236 8.59559 826.326 1.57558
260.292 8.68416 826.812 1.57713
260.348 8.77286 827.303 1.57798
260.404 8.86144 827.799 1.57402
260.461 8.9494 828.3 1.56105
260.517 9.03679 828.805 1.55132
260.573 9.12348 829.316 1.53559
260.629 9.20955 829.831 1.53082
260.685 9.29501 830.352 1.5152
260.742 9.37953 830.877 1.49768
260.798 9.46304 831.407 1.47652
260.854 9.5453 831.941 1.45416
260.91 9.62569 832.48 1.41752
260.966 9.7037 833.023 1.37182
261.022 9.77927 833.571 1.32476
261.079 9.85184 834.123 1.27186
261.135 9.9215 834.679 1.21944
261.191 9.98842 835.238 1.17265
261.247 10.0528 835.802 1.12668
261.303 10.1145 836.369 1.08086
261.36 10.1737 836.939 1.03488
261.416 10.2302 837.512 0.987668
261.472 10.2841 838.089 0.939229
261.528 10.3353 838.668 0.890441
261.584 10.3832 839.251 0.828424
261.64 10.4276 839.835 0.765332
261.697 10.4683 840.423 0.694197
261.753 10.5046 841.012 0.612326
261.809 10.5361 841.603 0.526406
261.865 10.5625 842.196 0.426783
261.921 10.5832 842.79 0.330271
261.978 10.5984 843.385 0.228442
262.034 10.6078 843.981 0.129959
262.09 10.6119 844.577 0.0330757
262.146 10.6103 845.173 -0.065989
262.202 10.6035 845.769 -0.159634
262.258 10.5915 846.365 -0.245234
262.315 10.575 846.959 -0.325332
262.371 10.5542 847.552 -0.397833
262.427 10.5297 848.145 -0.460385
262.483 10.5013 848.735 -0.530128
262.539 10.4695 849.324 -0.589178
262.596 10.4345 849.911 -0.640946
262.652 10.3968 850.496 -0.694546
262.708 10.3561 851.079 -0.741355
262.764 10.3133 851.659 -0.778418
262.82 10.2682 852.237 -0.812838
262.876 10.2217 852.812 -0.838372
262.933 10.1737 853.385 -0.860209
262.989 10.1247 853.955 -0.873104
263.045 10.0751 854.522 -0.885599
263.101 10.0255 855.086 -0.884423
263.157 9.97542 855.648 -0.892342
263.213 9.92546 856.207 -0.889202
263.27 9.87563 856.763 -0.885992
263.326 9.82631 857.316 -0.870192
263.382 9.7776 857.866 -0.867032
263.438 9.72911 858.414 -0.858097
263.494 9.681 858.959 -0.859191
263.551 9.63289 859.501 -0.853688
263.607 9.58519 860.041 -0.851584
263.663 9.53713 860.577 -0.854763
263.719 9.48887 861.112 -0.862024
263.775 9.44036 861.643 -0.859511
263.831 9.39229 862.172 -0.853896
263.888 9.3443 862.698 -0.853346
263.944 9.29694 863.221 -0.835009
264 9.25061 863.742 -0.815623
264.056 9.20592 864.26 -0.779656
264.112 9.16366 864.776 -0.733052
264.169 9.12446 865.289 -0.673087
264.225 9.08902 865.801 -0.601175
264.281 9.05776 866.31 -0.522084
264.337 9.03173 866.818 -0.427797
264.393 9.01114 867.325 -0.325911
264.449 8.99688 867.831 -0.204875
264.506 8.98891 868.336 -0.10291
264.562 8.98695 868.841 0.0100678
264.618 8.99112 869.346 0.121121
264.674 9.00146 869.851 0.225045
264.73 9.01751 870.357 0.325022
264.787 9.03844 870.865 0.401585
264.843 9.0631 871.373 0.46023
264.899 9.09043 871.883 0.497877
264.955 9.11855 872.395 0.498392
265.011 9.14538 872.908 0.461325
265.067 9.16955 873.423 0.404887
265.124 9.18909 873.939 0.306508
265.18 9.20241 874.455 0.188875
265.236 9.20829 874.972 0.0428028
265.292 9.20511 875.49 -0.124439
265.348 9.19225 876.006 -0.296934
265.404 9.16956 876.522 -0.475933
265.461 9.1366 877.036 -0.656526
265.517 9.09371 877.548 -0.833882
265.573 9.04104 878.057 -1.00479
265.629 8.97936 878.563 -1.15591
265.685 8.90925 879.065 -1.30417
265.742 8.83162 879.563 -1.43297
265.798 8.74784 880.057 -1.52688
265.854 8.65891 880.545 -1.61524
265.91 8.56621 881.028 -1.67134
265.966 8.47108 881.506 -1.70202
266.022 8.37519 881.979 -1.71213
266.079 8.27978 882.446 -1.68747
266.135 8.18642 882.908 -1.64269
266.191 8.09625 883.365 -1.57848
266.247 8.00982 883.817 -1.51179
266.303 7.92753 884.264 -1.43191
266.36 7.84958 884.707 -1.3599
266.416 7.77549 885.146 -1.29022
266.472 7.70516 885.58 -1.22737
266.528 7.63781 886.011 -1.17527
266.584 7.57354 886.438 -1.12624
266.64 7.51195 886.861 -1.07788
266.697 7.45243 887.281 -1.04632
266.753 7.39473 887.698 -1.0165
266.809 7.3383 888.111 -0.996177
266.865 7.28285 888.522 -0.976999
266.921 7.22876 888.929 -0.955323
266.978 7.17567 889.333 -0.93769
267.034 7.12369 889.735 -0.916249
267.09 7.07307 890.133 -0.888782
267.146 7.02423 890.529 -0.857599
267.202 6.97741 890.922 -0.815359
267.258 6.93339 891.312 -0.765839
267.315 6.89179 891.7 -0.725449
267.371 6.85279 892.086 -0.67154
267.427 6.81755 892.47 -0.601523
267.483 6.78562 892.852 -0.546878
267.539 6.75688 893.232 -0.486911
267.596 6.73115 893.611 -0.439258
267.652 6.70822 893.988 -0.386256
267.708 6.68802 894.364 -0.34245
267.764 6.67 894.74 -0.30545
267.82 6.65446 895.114 -0.258377
267.876 6.64085 895.487 -0.23268
267.933 6.62906 895.86 -0.192143
267.989 6.61943 896.232 -0.158662
268.045 6.61127 896.604 -0.135595
268.101 6.60465 896.975 -0.105623
268.157 6.59986 897.346 -0.070343
268.213 6.59665 897.716 -0.0454532
268.27 6.59489 898.087 -0.021585
268.326 6.59485 898.457 0.013347
268.382 6.59665 898.828 0.04488
268.438 6.60035 899.199 0.0791811
268.494 6.60617 899.57 0.121917
268.551 6.61445 899.941 0.164596
268.607 6.62527 900.313 0.209775
268.663 6.63852 900.686 0.25492
268.719 6.65459 901.059 0.307218
268.775 6.67339 901.433 0.353172
268.831 6.695 901.809 0.40501
268.888 6.71955 902.186 0.455216
268.944 6.74636 902.564 0.491043
269 6.77514 902.944 0.527149
269.056 6.80593 903.326 0.561433
269.112 6.83828 903.709 0.583687
269.169 6.87211 904.095 0.614315
269.225 6.90725 904.482 0.631636
269.281 6.94303 904.871 0.640682
269.337 6.97927 905.263 0.649742
269.393 7.01613 905.656 0.660856
269.449 7.05341 906.051 0.662507
269.506 7.09084 906.449 0.670262
269.562 7.1288 906.848 0.681718
269.618 7.16763 907.25 0.696885
269.674 7.20731 907.654 0.71371
269.73 7.24833 908.061 0.744766
269.787 7.29149 908.469 0.781988
269.843 7.33708 908.88 0.827029
269.899 7.3849 909.294 0.868623
269.955 7.43526 909.711 0.919685
270.011 7.48881 910.13 0.978505
270.067 7.54579 910.553 1.04077
270.124 7.60649 910.979 1.10782
270.18 7.67079 911.408 1.16358
270.236 7.73785 911.842 1.21381
270.292 7.80793 912.279 1.26671
270.348 7.88046 912.72 1.31254
270.404 7.95566 913.165 1.35402
270.461 8.0327 913.614 1.38028
270.517 8.11087 914.068 1.39835
270.573 8.18994 914.527 1.4132
270.629 8.26966 914.989 1.4215
270.685 8.34922 915.457 1.41019
270.742 8.42821 915.928 1.40254
270.798 8.50587 916.405 1.36824
270.854 8.58117 916.885 1.32143
270.91 8.65354 917.37 1.2691
270.966 8.72285 917.858 1.2076
271.022 8.78822 918.35 1.13133
271.079 8.84877 918.846 1.04192
271.135 8.904 919.345 0.941922
271.191 8.95334 919.847 0.834323
271.247 8.99608 920.351 0.709768
271.303 9.03181 920.858 0.58649
271.36 9.06085 921.367 0.472345
271.416 9.08344 921.876 0.354236
271.472 9.0994 922.387 0.237822
271.528 9.10909 922.899 0.130904
271.584 9.11278 923.411 0.0210894
271.64 9.11001 923.923 -0.0963362
271.697 9.10051 924.434 -0.215828
271.753 9.08497 924.945 -0.314055
271.809 9.06407 925.455 -0.414342
271.865 9.0376 925.963 -0.50712
271.921 9.0062 926.47 -0.592674
271.978 8.97003 926.974 -0.677342
272.034 8.92983 927.477 -0.739835
272.09 8.88611 927.977 -0.803706
272.146 8.83886 928.475 -0.866477
272.202 8.78824 928.97 -0.922918
272.258 8.73476 929.462 -0.970702
272.315 8.67865 929.95 -1.01467
272.371 8.62041 930.436 -1.04936
272.427 8.56032 930.918 -1.0845
272.483 8.49891 931.397 -1.09624
272.539 8.43695 931.873 -1.11131
272.596 8.37475 932.344 -1.10735
272.652 8.31303 932.813 -1.09047
272.708 8.25236 933.278 -1.06817
272.764 8.19364 933.739 -1.02782
272.82 8.13762 934.198 -0.974045
272.876 8.08512 934.653 -0.909927
272.933 8.03655 935.106 -0.831699
272.989 7.99304 935.556 -0.739076
273.045 7.95449 936.004 -0.650747
273.101 7.92105 936.449 -0.555394
273.157 7.89323 936.893 -0.4544
273.213 7.87123 937.336 -0.348748
273.27 7.85519 937.778 -0.244501
273.326 7.84516 938.219 -0.133615
273.382 7.84106 938.659 -0.0345039
273.438 7.84275 939.1 0.0729075
273.494 7.85032 939.541 0.17296
273.551 7.86368 939.982 0.282493
273.607 7.88319 940.424 0.390212
273.663 7.9086 940.868 0.493187
273.719 7.93992 941.313 0.600498
273.775 7.97746 941.761 0.712308
273.831 8.02104 942.21 0.820984
273.888 8.07095 942.663 0.932991
273.944 8.12682 943.118 1.03712
274 8.18874 943.577 1.14508
274.056 8.25659 944.039 1.2513
274.112 8.3305 944.505 1.35802
274.169 8.41047 944.976 1.46598
274.225 8.49589 945.451 1.55366
274.281 8.58602 945.931 1.63583
274.337 8.68012 946.417 1.6993
274.393 8.77753 946.908 1.75415
274.449 8.87756 947.404 1.7969
274.506 8.97934 947.907 1.81688
274.562 9.08173 948.414 1.82313
274.618 9.18406 948.928 1.81839
274.674 9.28579 949.448 1.80353
274.73 9.38643 949.973 1.78358
274.787 9.48571 950.503 1.7578
274.843 9.58355 951.039 1.72948
274.899 9.67951 951.581 1.69565
274.955 9.77342 952.128 1.65407
275.011 9.86468 952.68 1.6042
275.067 9.95274 953.237 1.54086
275.124 10.0367 953.799 1.46383
275.18 10.1155 954.366 1.3624
275.236 10.1887 954.937 1.26204
275.292 10.2561 955.511 1.15779
275.348 10.3177 956.09 1.05547
275.404 10.3733 956.671 0.943798
275.461 10.4222 957.256 0.819403
275.517 10.464 957.843 0.692465
275.573 10.4983 958.432 0.557258
275.629 10.525 959.022 0.417554
275.685 10.5437 959.614 0.277587
275.742 10.5545 960.207 0.13584
275.798 10.5572 960.8 -0.00793036
275.854 10.5521 961.393 -0.14497
275.91 10.5398 961.986 -0.268309
275.966 10.5203 962.577 -0.398608
276.022 10.4942 963.167 -0.509074
276.079 10.4621 963.756 -0.607078
276.135 10.4246 964.342 -0.70466
276.191 10.3823 964.927 -0.79139
276.247 10.3353 965.508 -0.865611
276.303 10.2847 966.087 -0.923306
276.36 10.231 966.663 -0.976525
276.416 10.1747 967.236 -1.01469
276.472 10.1165 967.806 -1.05231
276.528 10.0568 968.372 -1.07216
276.584 9.99624 968.935 -1.07989
276.64 9.93526 969.495 -1.08995
276.697 9.87369 970.051 -1.0983
276.753 9.81215 970.603 -1.09207
276.809 9.75086 971.153 -1.08833
276.865 9.68983 971.698 -1.08509
276.921 9.62909 972.241 -1.07551
276.978 9.56905 972.78 -1.06402
277.034 9.51009 973.315 -1.04176
277.09 9.45226 973.847 -1.02434
277.146 9.39536 974.377 -1.00433
277.202 9.34008 974.902 -0.974327
277.258 9.28675 975.425 -0.933244
277.315 9.23583 975.945 -0.887263
277.371 9.18772 976.463 -0.835122
277.427 9.14266 976.977 -0.778486
277.483 9.10099 977.489 -0.716227
277.539 9.06312 977.999 -0.644979
277.596 9.02941 978.507 -0.569843
277.652 8.99994 979.014 -0.494993
277.708 8.97457 979.518 -0.423708
277.764 8.95323 980.022 -0.350133
277.82 8.93595 980.524 -0.278956
277.876 8.92245 981.026 -0.214666
277.933 8.91263 981.527 -0.147586
277.989 8.90613 982.027 -0.0947236
278.045 8.90219 982.527 -0.0551987
278.101 8.90048 983.028 -0.0140727
278.157 8.9008 983.528 0.0187851
278.213 8.90274 984.028 0.0413721
278.27 8.90533 984.528 0.0473583
278.326 8.90793 985.028 0.0443987
278.382 8.91018 985.529 0.0349276
278.438 8.91168 986.029 0.0204477
278.494 8.91223 986.53 0.00272359
278.551 8.9117 987.031 -0.0184804
278.607 8.90968 987.531 -0.0474437
278.663 8.90587 988.032 -0.0831671
278.719 8.89988 988.532 -0.122665
278.775 8.89149 989.032 -0.165228
278.831 8.88065 989.531 -0.212414
278.888 8.8672 990.029 -0.260976
278.944 8.85091 990.527 -0.308823
279 8.83181 991.024 -0.359995
279.056 8.80977 991.519 -0.416504
279.112 8.78429 992.013 -0.478091
279.169 8.75506 992.506 -0.548748
279.225 8.72222 992.996 -0.609413
279.281 8.68587 993.485 -0.672324
279.337 8.64578 993.972 -0.741264
279.393 8.60169 994.456 -0.812698
279.449 8.55407 994.938 -0.869199
279.506 8.50329 995.417 -0.925538
279.562 8.44948 995.892 -0.979451
279.618 8.39274 996.365 -1.02842
279.674 8.33374 996.835 -1.06265
279.73 8.27289 997.301 -1.09744
279.787 8.21043 997.764 -1.12038
279.843 8.14677 998.223 -1.14013
279.899 8.08206 998.678 -1.15757
279.955 8.01692 999.13 -1.15855
