# i t cells coeurs_suggere(~100k/coeur)
12880 160.092 196400 2
12900 160.297 196757 2
12920 160.519 197597 2
12940 160.743 198703 2
12960 160.966 199032 2
12980 161.191 199795 2
13000 161.416 200873 3
13020 161.64 200866 3
13040 161.865 200950 3
13060 162.09 200187 3
13080 162.315 199060 2
13100 162.539 198990 2
13120 162.764 198787 2
13140 162.989 198780 2
13160 163.213 198738 2
13180 163.438 199025 2
13200 163.663 199515 2
13220 163.888 199676 2
13240 164.112 199739 2
13260 164.337 200306 3
13280 164.562 199991 2
13300 164.787 200873 3
13320 165.011 200733 3
13340 165.236 201825 3
13360 165.461 201706 3
13380 165.685 201258 3
13400 165.91 201111 3
13420 166.135 200047 3
13440 166.36 200145 3
13460 166.584 200159 3
13480 166.809 200047 3
13500 167.034 200614 3
13520 167.258 200068 3
13540 167.483 200306 3
13560 167.708 199606 2
13580 167.933 200586 3
13600 168.157 199158 2
13620 168.382 199543 2
13640 168.607 200250 3
13660 168.831 200642 3
13680 169.056 201461 3
13700 169.281 201993 3
13720 169.506 202441 3
13740 169.73 204121 3
13760 169.955 204744 3
13780 170.18 205192 3
13800 170.404 206893 3
13820 170.629 207369 3
13840 170.854 207691 3
13860 171.079 208272 3
13880 171.303 208440 3
13900 171.528 209623 3
13920 171.753 210085 3
13940 171.978 210232 3
13960 172.202 210869 3
13980 172.427 211534 3
14000 172.652 212822 3
14020 172.876 213347 3
14040 173.101 213403 3
14060 173.326 213823 3
14080 173.551 213844 3
14100 173.775 214005 3
14120 174 213928 3
14140 174.225 214061 3
14160 174.449 213592 3
14180 174.674 213151 3
14200 174.899 213375 3
14220 175.124 213508 3
14240 175.348 212367 3
14260 175.573 211807 3
14280 175.798 211009 3
14300 176.022 210239 3
14320 176.247 209581 3
14340 176.472 209105 3
14360 176.697 207929 3
14380 176.921 207145 3
14400 177.146 207152 3
14420 177.371 206907 3
14440 177.596 206746 3
14460 177.82 205920 3
14480 178.045 204310 3
14500 178.27 203981 3
14520 178.494 203092 3
14540 178.719 202049 3
14560 178.944 201391 3
14580 179.169 200019 3
14600 179.393 199830 2
14620 179.618 199368 2
14640 179.843 198535 2
14660 180.067 199207 2
14680 180.292 198773 2
14700 180.517 199228 2
14720 180.742 200383 3
14740 180.966 200775 3
14760 181.191 200306 3
14780 181.416 200803 3
14800 181.64 201356 3
14820 181.865 200285 3
14840 182.09 200866 3
14860 182.315 199557 2
14880 182.539 199137 2
14900 182.764 198689 2
14920 182.989 196897 2
14940 183.213 196288 2
14960 183.438 195091 2
14980 183.663 193852 2
15000 183.888 192382 2
15020 184.112 190898 2
15040 184.337 188770 2
15060 184.562 187951 2
15080 184.787 186593 2
15100 185.011 186040 2
15120 185.236 185844 2
15140 185.461 184808 2
15160 185.685 184829 2
15180 185.91 184612 2
15200 186.135 185039 2
15220 186.36 185480 2
15240 186.584 185837 2
15260 186.809 185074 2
15280 187.034 185592 2
15300 187.258 186117 2
15320 187.483 186404 2
15340 187.708 187160 2
15360 187.933 187692 2
15380 188.157 188420 2
15400 188.382 189267 2
15420 188.607 189407 2
15440 188.831 190177 2
15460 189.056 190884 2
15480 189.281 192319 2
15500 189.506 193075 2
15520 189.73 194769 2
15540 189.955 195448 2
15560 190.18 196582 2
15580 190.404 197856 2
15600 190.629 199865 2
15620 190.854 201608 3
15640 191.079 202420 3
15660 191.303 202714 3
15680 191.528 203988 3
15700 191.753 204940 3
15720 191.978 205052 3
15740 192.202 205493 3
15760 192.427 205010 3
15780 192.652 204149 3
15800 192.876 204282 3
15820 193.101 204233 3
15840 193.326 203351 3
15860 193.551 202616 3
15880 193.775 201685 3
15900 194 201146 3
15920 194.225 201055 3
15940 194.449 200586 3
15960 194.674 200362 3
15980 194.899 198885 2
16000 195.124 198248 2
16020 195.348 198906 2
16040 195.573 198367 2
16060 195.798 197233 2
16080 196.022 197548 2
16100 196.247 198402 2
16120 196.472 197982 2
16140 196.697 197849 2
16160 196.921 198017 2
16180 197.146 198654 2
16200 197.371 199403 2
16220 197.596 199991 2
16240 197.82 201195 3
16260 198.045 202959 3
16280 198.27 203442 3
16300 198.494 204863 3
16320 198.719 206620 3
16340 198.944 207383 3
16360 199.169 207936 3
16380 199.393 209168 3
16400 199.618 210225 3
16420 199.843 211555 3
16440 200.067 211247 3
16460 200.292 212143 3
16480 200.517 212738 3
16500 200.742 212717 3
16520 200.966 213151 3
16540 201.191 214453 3
16560 201.416 214593 3
16580 201.64 215237 3
16600 201.865 215930 3
16620 202.09 216329 3
16640 202.315 216819 3
16660 202.539 217141 3
16680 202.764 217785 3
16700 202.989 217309 3
16720 203.213 216966 3
16740 203.438 217533 3
16760 203.663 216994 3
16780 203.888 217162 3
16800 204.112 217561 3
16820 204.337 217281 3
16840 204.562 217085 3
16860 204.787 215909 3
16880 205.011 215769 3
16900 205.236 213865 3
16920 205.461 212885 3
16940 205.685 211597 3
16960 205.91 210218 3
16980 206.135 208048 3
17000 206.36 206732 3
17020 206.584 205472 3
17040 206.809 204128 3
17060 207.034 202105 3
17080 207.258 200145 3
17100 207.483 198661 2
17120 207.708 198094 2
17140 207.933 197121 2
17160 208.157 196211 2
17180 208.382 195273 2
17200 208.607 194986 2
17220 208.831 194860 2
17240 209.056 193950 2
17260 209.281 193985 2
17280 209.506 194118 2
17300 209.73 194944 2
17320 209.955 194629 2
17340 210.18 194503 2
17360 210.404 194769 2
17380 210.629 194650 2
17400 210.854 195455 2
17420 211.079 195189 2
17440 211.303 196015 2
17460 211.528 196428 2
17480 211.753 196526 2
17500 211.978 196848 2
17520 212.202 197156 2
17540 212.427 197912 2
17560 212.652 198171 2
17580 212.876 197835 2
17600 213.101 197779 2
17620 213.326 198801 2
17640 213.551 198367 2
17660 213.775 198738 2
17680 214 199914 2
17700 214.225 199557 2
17720 214.449 200418 3
17740 214.674 200810 3
17760 214.899 201433 3
17780 215.124 201286 3
17800 215.348 201657 3
17820 215.573 201475 3
17840 215.798 201391 3
17860 216.022 200628 3
17880 216.247 199620 2
17900 216.472 198059 2
17920 216.697 196288 2
17940 216.921 195007 2
17960 217.146 193922 2
17980 217.371 191619 2
18000 217.596 190611 2
18020 217.82 189351 2
18040 218.045 187790 2
18060 218.27 187552 2
18080 218.494 186936 2
18100 218.719 186152 2
18120 218.944 186530 2
18140 219.169 185872 2
18160 219.393 186341 2
18180 219.618 186236 2
18200 219.843 186334 2
18220 220.067 186061 2
18240 220.292 186425 2
18260 220.517 185837 2
18280 220.742 185865 2
18300 220.966 186411 2
18320 221.191 185214 2
18340 221.416 184962 2
18360 221.64 183835 2
18380 221.865 183422 2
18400 222.09 182953 2
18420 222.315 182274 2
18440 222.539 181630 2
18460 222.764 180853 2
18480 222.989 180146 2
18500 223.213 180013 2
18520 223.438 179194 2
18540 223.663 178515 2
18560 223.888 178158 2
18580 224.112 177563 2
18600 224.337 176366 2
18620 224.562 175638 2
18640 224.787 175316 2
18660 225.011 175575 2
18680 225.236 174987 2
18700 225.461 174777 2
18720 225.685 175239 2
18740 225.91 175232 2
18760 226.135 174560 2
18780 226.36 173853 2
18800 226.584 173615 2
18820 226.809 173202 2
18840 227.034 172740 2
18860 227.258 171732 2
18880 227.483 172019 2
18900 227.708 172390 2
18920 227.933 172082 2
18940 228.157 172852 2
18960 228.382 172908 2
18980 228.607 173916 2
19000 228.831 173622 2
19020 229.056 172817 2
19040 229.281 173223 2
19060 229.506 173160 2
19080 229.73 173475 2
19100 229.955 172663 2
19120 230.18 172789 2
19140 230.404 172705 2
19160 230.629 172131 2
19180 230.854 171361 2
19200 231.079 171368 2
19220 231.303 170857 2
19240 231.528 170297 2
19260 231.753 170136 2
19280 231.978 169443 2
19300 232.202 169534 2
19320 232.427 169534 2
19340 232.652 169625 2
19360 232.876 169569 2
19380 233.101 170437 2
19400 233.326 171347 2
19420 233.551 172187 2
19440 233.775 172495 2
19460 234 173230 2
19480 234.225 173832 2
19500 234.449 173580 2
19520 234.674 173986 2
19540 234.899 174084 2
19560 235.124 174637 2
19580 235.348 175239 2
19600 235.573 175295 2
19620 235.798 176212 2
19640 236.022 176562 2
19660 236.247 176513 2
19680 236.472 176387 2
19700 236.697 175841 2
19720 236.921 175764 2
19740 237.146 175323 2
19760 237.371 174546 2
19780 237.596 173832 2
19800 237.82 174651 2
19820 238.045 175176 2
19840 238.27 173769 2
19860 238.494 173335 2
19880 238.719 172978 2
19900 238.944 173034 2
19920 239.169 173244 2
19940 239.393 172432 2
19960 239.618 171984 2
19980 239.843 171578 2
20000 240.067 172278 2
20020 240.292 172446 2
20040 240.517 172376 2
20060 240.742 173111 2
20080 240.966 173811 2
20100 241.191 174014 2
20120 241.416 173972 2
20140 241.64 174595 2
20160 241.865 175631 2
20180 242.09 175736 2
20200 242.315 176646 2
20220 242.539 176681 2
20240 242.764 176842 2
20260 242.989 176667 2
20280 243.213 176751 2
20300 243.438 177010 2
20320 243.663 178151 2
20340 243.888 178382 2
20360 244.112 178221 2
20380 244.337 178907 2
20400 244.562 178879 2
20420 244.787 180545 2
20440 245.011 181035 2
20460 245.236 181819 2
20480 245.461 182554 2
20500 245.685 182890 2
20520 245.91 183023 2
20540 246.135 183751 2
20560 246.36 184066 2
20580 246.584 185025 2
20600 246.809 185746 2
20620 247.034 185921 2
20640 247.258 186691 2
20660 247.483 187251 2
20680 247.708 187342 2
20700 247.933 187153 2
20720 248.157 186726 2
20740 248.382 186978 2
20760 248.607 186880 2
20780 248.831 186691 2
20800 249.056 186817 2
20820 249.281 188098 2
20840 249.506 188455 2
20860 249.73 189232 2
20880 249.955 189505 2
20900 250.18 191038 2
20920 250.404 192522 2
20940 250.629 194055 2
20960 250.854 195651 2
20980 251.079 196386 2
21000 251.303 197786 2
21020 251.528 198248 2
21040 251.753 199046 2
21060 251.978 199816 2
21080 252.202 200173 3
21100 252.427 200999 3
21120 252.652 201013 3
21140 252.876 201083 3
21160 253.101 200950 3
21180 253.326 201006 3
21200 253.551 201132 3
21220 253.775 200992 3
21240 254 200705 3
21260 254.225 200467 3
21280 254.449 200439 3
21300 254.674 200082 3
21320 254.899 199284 2
21340 255.124 199221 2
21360 255.348 198577 2
21380 255.573 198437 2
21400 255.798 198178 2
21420 256.022 198325 2
21440 256.247 198416 2
21460 256.472 198472 2
21480 256.697 198584 2
21500 256.921 198255 2
21520 257.146 197905 2
21540 257.371 197380 2
21560 257.596 196183 2
21580 257.82 196568 2
21600 258.045 196736 2
21620 258.27 196911 2
21640 258.494 196771 2
21660 258.719 196428 2
21680 258.944 196855 2
21700 259.169 196974 2
21720 259.393 196981 2
21740 259.618 197044 2
21760 259.843 196827 2
21780 260.067 197485 2
21800 260.292 198192 2
21820 260.517 197863 2
21840 260.742 198570 2
21860 260.966 198535 2
21880 261.191 198808 2
21900 261.416 198668 2
21920 261.64 198801 2
21940 261.865 198934 2
21960 262.09 198787 2
21980 262.315 199249 2
22000 262.539 199032 2
22020 262.764 199081 2
22040 262.989 199501 2
22060 263.213 200040 3
22080 263.438 200593 3
22100 263.663 200824 3
22120 263.888 200873 3
22140 264.112 200929 3
22160 264.337 200838 3
22180 264.562 200670 3
22200 264.787 201510 3
22220 265.011 201167 3
22240 265.236 201818 3
22260 265.461 201461 3
22280 265.685 202161 3
22300 265.91 202693 3
22320 266.135 202553 3
22340 266.36 202917 3
22360 266.584 202630 3
22380 266.809 202763 3
22400 267.034 202763 3
22420 267.258 202931 3
22440 267.483 202721 3
22460 267.708 202357 3
22480 267.933 202504 3
22500 268.157 202196 3
22520 268.382 202399 3
22540 268.607 203134 3
22560 268.831 203827 3
22580 269.056 204233 3
22600 269.281 205087 3
22620 269.506 205290 3
22640 269.73 205696 3
22660 269.955 205276 3
22680 270.18 206214 3
22700 270.404 205990 3
22720 270.629 205927 3
22740 270.854 206172 3
22760 271.079 206648 3
22780 271.303 206361 3
22800 271.528 207390 3
22820 271.753 207110 3
22840 271.978 207558 3
22860 272.202 208055 3
22880 272.427 208104 3
22900 272.652 207950 3
22920 272.876 207978 3
22940 273.101 207908 3
22960 273.326 207516 3
22980 273.551 207621 3
23000 273.775 207208 3
23020 274 207096 3
23040 274.225 206830 3
23060 274.449 205591 3
23080 274.674 205500 3
23100 274.899 205010 3
23120 275.124 205360 3
23140 275.348 204870 3
23160 275.573 204583 3
23180 275.798 204380 3
23200 276.022 203442 3
23220 276.247 202966 3
23240 276.472 202504 3
23260 276.697 201762 3
23280 276.921 201440 3
23300 277.146 200607 3
23320 277.371 200215 3
23340 277.596 198878 2
23360 277.82 198759 2
23380 278.045 198983 2
23400 278.27 198437 2
23420 278.494 197373 2
23440 278.719 197016 2
23460 278.944 195581 2
23480 279.169 195189 2
23500 279.393 194307 2
23520 279.618 194377 2
23540 279.843 194566 2
