# t frame_uz frame_z ub_dans_repere
160.001 1.30288e-05 1.3418e-08 0.012651
160.019 0.00511473 5.1919e-05 0.330428
160.051 0.0205496 0.000497181 0.57283
160.092 0.0509761 0.0020715 0.834649
160.14 0.0983823 0.00576438 1.12024
160.19 0.164135 0.0126707 1.41496
160.243 0.247567 0.0239109 1.68784
160.297 0.347347 0.040434 1.94995
160.352 0.462637 0.0632594 2.19255
160.407 0.590536 0.0928414 2.40804
160.463 0.731737 0.130592 2.59863
160.519 0.883214 0.176596 2.77398
160.575 1.04357 0.231385 2.91943
160.631 1.21155 0.295408 3.05557
160.687 1.38636 0.369065 3.16956
160.743 1.56707 0.452713 3.26637
160.798 1.75272 0.546646 3.34734
160.854 1.9422 0.651104 3.4093
160.91 2.13469 0.766273 3.45521
160.966 2.32905 0.892285 3.48227
161.022 2.52502 1.02943 3.50426
161.079 2.72235 1.17794 3.51617
161.135 2.9201 1.33754 3.52115
161.191 3.11757 1.50825 3.50959
161.247 3.31448 1.69004 3.49924
161.303 3.51029 1.88285 3.47617
161.36 3.70495 2.08662 3.45839
161.416 3.89834 2.30129 3.43001
161.472 4.09 2.52677 3.39975
161.528 4.28011 2.76296 3.37409
161.584 4.46852 3.00977 3.33957
161.64 4.65499 3.26711 3.30462
161.697 4.83939 3.53485 3.26652
161.753 5.02138 3.81287 3.21797
161.809 5.20073 4.10103 3.17503
161.865 5.37752 4.39918 3.12797
161.921 5.55173 4.70717 3.07978
161.978 5.72323 5.02486 3.03543
162.034 5.89199 5.35209 2.97825
162.09 6.05751 5.68869 2.92567
162.146 6.21987 6.03449 2.86805
162.202 6.379 6.3893 2.80833
162.258 6.53478 6.75294 2.74972
162.315 6.68726 7.12521 2.69073
162.371 6.83636 7.50594 2.63263
162.427 6.98196 7.89493 2.56545
162.483 7.12412 8.29198 2.50674
162.539 7.26286 8.69691 2.44439
162.596 7.39813 9.10951 2.38479
162.652 7.5304 9.5296 2.33523
162.708 7.65987 9.95704 2.28546
162.764 7.78658 10.3916 2.23377
162.82 7.91043 10.8333 2.18558
162.876 8.03164 11.2818 2.1362
162.933 8.15043 11.737 2.09453
162.989 8.26676 12.1988 2.05662
163.045 8.38102 12.6671 2.01842
163.101 8.49297 13.1418 1.97725
163.157 8.60279 13.6226 1.93856
163.213 8.71007 14.1095 1.89199
163.27 8.81503 14.6024 1.85151
163.326 8.9178 15.1011 1.8146
163.382 9.01854 15.6055 1.78094
163.438 9.11683 16.1155 1.73551
163.494 9.21294 16.6309 1.69344
163.551 9.30666 17.1517 1.6532
163.607 9.39829 17.6776 1.6156
163.663 9.48774 18.2086 1.57671
163.719 9.57484 18.7446 1.53379
163.775 9.65996 19.2854 1.50292
163.831 9.74335 19.8309 1.47141
163.888 9.82474 20.381 1.43353
163.944 9.90414 20.9357 1.39929
164 9.98177 21.4947 1.37067
164.056 10.0578 22.0581 1.3422
164.112 10.1324 22.6256 1.31522
164.169 10.2053 23.1973 1.2877
164.225 10.2767 23.7731 1.26057
164.281 10.3467 24.3528 1.2376
164.337 10.4153 24.9364 1.21018
164.393 10.4822 25.5238 1.1774
164.449 10.5475 26.1149 1.15056
164.506 10.6113 26.7096 1.12634
164.562 10.6738 27.3078 1.10229
164.618 10.7348 27.9095 1.07777
164.674 10.7947 28.5146 1.05847
164.73 10.8534 29.1231 1.03529
164.787 10.911 29.7348 1.01744
164.843 10.9674 30.3496 0.997233
164.899 11.0228 30.9677 0.977315
164.955 11.0772 31.5888 0.961325
165.011 11.1306 32.2129 0.943284
165.067 11.1828 32.84 0.917381
165.124 11.2335 33.4699 0.892444
165.18 11.2829 34.1027 0.870719
165.236 11.3308 34.7382 0.842625
165.292 11.3774 35.3763 0.819
165.348 11.4227 36.017 0.799685
165.404 11.467 36.6602 0.782723
165.461 11.5105 37.3059 0.767747
165.517 11.5533 37.954 0.758251
165.573 11.5955 38.6045 0.747126
165.629 11.6372 39.2574 0.739644
165.685 11.6786 39.9125 0.734317
165.742 11.7196 40.57 0.728105
165.798 11.7606 41.2298 0.728184
165.854 11.8015 41.8919 0.726767
165.91 11.8418 42.5563 0.712778
165.966 11.8816 43.2229 0.706612
166.022 11.9212 43.8917 0.703489
166.079 11.9606 44.5628 0.701656
166.135 12 45.236 0.701855
166.191 12.0394 45.9115 0.702084
166.247 12.0788 46.5892 0.699115
166.303 12.1178 47.2691 0.689768
166.36 12.1561 47.9512 0.679628
166.416 12.1937 48.6354 0.66402
166.472 12.2308 49.3217 0.653539
166.528 12.2675 50.01 0.653053
166.584 12.304 50.7005 0.648577
166.64 12.3402 51.3929 0.638536
166.697 12.3758 52.0874 0.628002
166.753 12.4106 52.7838 0.612081
166.809 12.4443 53.4822 0.591615
166.865 12.477 54.1824 0.576936
166.921 12.5086 54.8844 0.554497
166.978 12.5396 55.5882 0.54366
167.034 12.5692 56.2937 0.520708
167.09 12.5977 57.0008 0.498864
167.146 12.625 57.7095 0.476026
167.202 12.651 58.4196 0.457613
167.258 12.6758 59.1312 0.428394
167.315 12.6989 59.8441 0.399886
167.371 12.7205 60.5582 0.374167
167.427 12.7405 61.2736 0.344965
167.483 12.7589 61.99 0.3168
167.539 12.7757 62.7073 0.2861
167.596 12.7907 63.4256 0.255598
167.652 12.804 64.1446 0.222952
167.708 12.8155 64.8643 0.19371
167.764 12.8253 65.5846 0.162736
167.82 12.8332 66.3054 0.125253
167.876 12.839 67.0266 0.0903563
167.933 12.8428 67.748 0.0530145
167.989 12.8448 68.4696 0.0215068
168.045 12.845 69.1912 -0.0079366
168.101 12.8436 69.9128 -0.0343953
168.157 12.8406 70.6343 -0.0670978
168.213 12.836 71.3555 -0.0953149
168.27 12.8295 72.0764 -0.126389
168.326 12.8215 72.7969 -0.153138
168.382 12.8122 73.5169 -0.173727
168.438 12.8018 74.2364 -0.194232
168.494 12.7903 74.9552 -0.212169
168.551 12.7778 75.6733 -0.228674
168.607 12.7642 76.3907 -0.250651
168.663 12.7496 77.1073 -0.267584
168.719 12.7341 77.8231 -0.282499
168.775 12.7176 78.5379 -0.297992
168.831 12.7003 79.2518 -0.315761
168.888 12.6822 79.9647 -0.324052
168.944 12.6636 80.6766 -0.33615
169 12.6441 81.3874 -0.354506
169.056 12.6238 82.097 -0.366686
169.112 12.6026 82.8055 -0.38135
169.169 12.581 83.5128 -0.389177
169.225 12.5589 84.2189 -0.396533
169.281 12.5361 84.9236 -0.411835
169.337 12.5125 85.6271 -0.425151
169.393 12.4884 86.3293 -0.432616
169.449 12.4637 87.03 -0.440667
169.506 12.4387 87.7294 -0.451316
169.562 12.4129 88.4273 -0.4638
169.618 12.3863 89.1238 -0.47819
169.674 12.3593 89.8188 -0.48216
169.73 12.3322 90.5122 -0.480445
169.787 12.3053 91.2041 -0.478195
169.843 12.2782 91.8945 -0.486712
169.899 12.2507 92.5834 -0.493086
169.955 12.2227 93.2707 -0.496115
170.011 12.1948 93.9564 -0.497893
170.067 12.167 94.6406 -0.493277
170.124 12.1393 95.3232 -0.490784
170.18 12.1119 96.0042 -0.487799
170.236 12.0846 96.6837 -0.484278
170.292 12.0574 97.3617 -0.481863
170.348 12.0307 98.0382 -0.473455
170.404 12.0047 98.7132 -0.458586
170.461 11.9791 99.3868 -0.452545
170.517 11.954 100.059 -0.443851
170.573 11.9292 100.73 -0.436933
170.629 11.9051 101.399 -0.42463
170.685 11.882 102.067 -0.406841
170.742 11.8596 102.734 -0.393218
170.798 11.8378 103.399 -0.38139
170.854 11.817 104.064 -0.367742
170.91 11.797 104.727 -0.343818
170.966 11.7784 105.389 -0.324879
171.022 11.761 106.05 -0.299523
171.079 11.745 106.71 -0.275328
171.135 11.7303 107.37 -0.255261
171.191 11.7167 108.028 -0.233095
171.247 11.7044 108.686 -0.206926
171.303 11.6936 109.343 -0.182595
171.36 11.6844 110 -0.150928
171.416 11.677 110.656 -0.118727
171.472 11.671 111.312 -0.0978426
171.528 11.6665 111.967 -0.0690918
171.584 11.6637 112.623 -0.0365489
171.64 11.6627 113.278 -0.00662636
171.697 11.6633 113.933 0.022587
171.753 11.6658 114.588 0.0617754
171.809 11.6705 115.244 0.0949655
171.865 11.6769 115.9 0.124283
171.921 11.6847 116.556 0.149453
171.978 11.6939 117.213 0.174007
172.034 11.7044 117.87 0.197278
172.09 11.7164 118.528 0.224138
172.146 11.7297 119.187 0.247016
172.202 11.7443 119.846 0.268021
172.258 11.7602 120.506 0.293665
172.315 11.7774 121.168 0.3149
172.371 11.7957 121.83 0.329894
172.427 11.815 122.493 0.354295
172.483 11.8355 123.158 0.3719
172.539 11.857 123.823 0.388863
172.596 11.8795 124.49 0.408419
172.652 11.9028 125.158 0.419293
172.708 11.927 125.828 0.437229
172.764 11.9522 126.499 0.455951
172.82 11.978 127.171 0.461309
172.876 12.0043 127.845 0.471544
172.933 12.0312 128.52 0.485767
172.989 12.0589 129.197 0.497245
173.045 12.087 129.876 0.503635
173.101 12.1156 130.556 0.511341
173.157 12.1443 131.237 0.51033
173.213 12.173 131.92 0.510834
173.27 12.2018 132.605 0.513274
173.326 12.2307 133.292 0.513267
173.382 12.2595 133.98 0.510472
173.438 12.2883 134.67 0.514617
173.494 12.3172 135.361 0.512274
173.551 12.346 136.054 0.511916
173.607 12.3751 136.748 0.520042
173.663 12.4042 137.445 0.516549
173.719 12.4331 138.142 0.513435
173.775 12.4618 138.842 0.510223
173.831 12.4901 139.543 0.502623
173.888 12.5182 140.246 0.499875
173.944 12.5463 140.95 0.500089
174 12.5742 141.656 0.494566
174.056 12.6018 142.363 0.485438
174.112 12.6288 143.072 0.477628
174.169 12.6553 143.782 0.468945
174.225 12.6813 144.494 0.459539
174.281 12.7071 145.207 0.457917
174.337 12.7325 145.922 0.447084
174.393 12.7572 146.638 0.431595
174.449 12.7808 147.356 0.412861
174.506 12.8032 148.075 0.389815
174.562 12.8246 148.795 0.376744
174.618 12.8455 149.516 0.369684
174.674 12.8662 150.238 0.364674
174.73 12.8864 150.962 0.357165
174.787 12.9061 151.686 0.34674
174.843 12.9252 152.412 0.337611
174.899 12.9439 153.139 0.328437
174.955 12.9623 153.866 0.326431
175.011 12.9806 154.595 0.325359
175.067 12.9986 155.325 0.316331
175.124 13.0161 156.056 0.309097
175.18 13.0331 156.788 0.299665
175.236 13.0498 157.521 0.294332
175.292 13.0661 158.254 0.285402
175.348 13.0819 158.989 0.282356
175.404 13.0977 159.724 0.278779
175.461 13.1133 160.461 0.278343
175.517 13.1286 161.198 0.268952
175.573 13.1436 161.936 0.263303
175.629 13.1582 162.675 0.260169
175.685 13.1726 163.415 0.253017
175.742 13.1864 164.155 0.242628
175.798 13.1997 164.896 0.234979
175.854 13.2128 165.638 0.230378
175.91 13.2255 166.381 0.22185
175.966 13.238 167.124 0.222696
176.022 13.2502 167.869 0.214921
176.079 13.262 168.613 0.203239
176.135 13.273 169.359 0.194056
176.191 13.2837 170.105 0.187176
176.247 13.2941 170.851 0.181908
176.303 13.304 171.599 0.175465
176.36 13.3136 172.346 0.16903
176.416 13.3229 173.095 0.163182
176.472 13.3322 173.843 0.167113
176.528 13.3414 174.593 0.163192
176.584 13.3506 175.343 0.163123
176.64 13.3596 176.093 0.159209
176.697 13.3684 176.844 0.156567
176.753 13.3773 177.595 0.160346
176.809 13.386 178.347 0.153151
176.865 13.3945 179.099 0.151007
176.921 13.403 179.852 0.153038
176.978 13.4119 180.605 0.15862
177.034 13.4207 181.359 0.15853
177.09 13.4297 182.113 0.159766
177.146 13.439 182.868 0.170584
177.202 13.4487 183.623 0.175208
177.258 13.4588 184.379 0.18244
177.315 13.4692 185.136 0.189726
177.371 13.4804 185.893 0.203098
177.427 13.4921 186.651 0.21279
177.483 13.5044 187.409 0.224777
177.539 13.5173 188.168 0.233775
177.596 13.5309 188.928 0.245392
177.652 13.5453 189.689 0.262904
177.708 13.5604 190.45 0.275054
177.764 13.5761 191.212 0.280502
177.82 13.5922 191.976 0.288701
177.876 13.6082 192.74 0.283176
177.933 13.6242 193.505 0.283941
177.989 13.6401 194.271 0.281578
178.045 13.6557 195.038 0.278775
178.101 13.6712 195.805 0.271262
178.157 13.6861 196.574 0.260427
178.213 13.7004 197.343 0.252327
178.27 13.7143 198.113 0.240881
178.326 13.7273 198.884 0.226821
178.382 13.7396 199.656 0.211699
178.438 13.7509 200.428 0.194004
178.494 13.7612 201.201 0.179643
178.551 13.7707 201.975 0.163824
178.607 13.7793 202.748 0.145768
178.663 13.7873 203.523 0.138196
178.719 13.7942 204.298 0.114039
178.775 13.7997 205.073 0.0858151
178.831 13.8037 205.848 0.0612619
178.888 13.806 206.624 0.0272666
178.944 13.8066 207.399 -0.00106003
179 13.8056 208.175 -0.0269029
179.056 13.8033 208.951 -0.0497073
179.112 13.7998 209.726 -0.0731845
179.169 13.7947 210.501 -0.104933
179.225 13.7874 211.276 -0.144443
179.281 13.7781 212.05 -0.179816
179.337 13.7671 212.824 -0.206916
179.393 13.7545 213.597 -0.235903
179.449 13.7403 214.369 -0.263277
179.506 13.7248 215.14 -0.287342
179.562 13.7075 215.911 -0.321793
179.618 13.6882 216.68 -0.358489
179.674 13.6672 217.449 -0.38511
179.73 13.6446 218.216 -0.415259
179.787 13.6201 218.981 -0.448362
179.843 13.5941 219.746 -0.474332
179.899 13.5663 220.509 -0.505741
179.955 13.5372 221.27 -0.527277
180.011 13.5072 222.029 -0.539481
180.067 13.4763 222.787 -0.556449
180.124 13.4444 223.543 -0.579139
180.18 13.4113 224.297 -0.593463
180.236 13.3775 225.05 -0.607632
180.292 13.3431 225.8 -0.616109
180.348 13.3082 226.548 -0.622354
180.404 13.2731 227.295 -0.625065
180.461 13.2379 228.039 -0.630292
180.517 13.2026 228.782 -0.623704
180.573 13.1673 229.522 -0.62977
180.629 13.1323 230.261 -0.617842
180.685 13.0979 230.998 -0.610438
180.742 13.0637 231.732 -0.605145
180.798 13.0299 232.465 -0.601246
180.854 12.9966 233.196 -0.584373
180.91 12.9643 233.925 -0.568751
180.966 12.9328 234.652 -0.554353
181.022 12.9025 235.378 -0.529252
181.079 12.8733 236.102 -0.510765
181.135 12.8453 236.824 -0.490584
181.191 12.8187 237.545 -0.464112
181.247 12.7935 238.264 -0.438504
181.303 12.7699 238.982 -0.41017
181.36 12.748 239.699 -0.375659
181.416 12.7279 240.414 -0.345723
181.472 12.7095 241.128 -0.317493
181.528 12.6927 241.842 -0.285475
181.584 12.6779 242.554 -0.251946
181.64 12.6649 243.266 -0.216701
181.697 12.6539 243.977 -0.1815
181.753 12.6449 244.688 -0.146862
181.809 12.638 245.398 -0.109606
181.865 12.6334 246.108 -0.0660988
181.921 12.6305 246.818 -0.0381242
181.978 12.6295 247.527 -0.0068439
182.034 12.6301 248.237 0.0215692
182.09 12.6321 248.946 0.045259
182.146 12.6354 249.656 0.0686992
182.202 12.6403 250.366 0.0994326
182.258 12.6469 251.076 0.131409
182.315 12.655 251.787 0.151957
182.371 12.6647 252.498 0.184063
182.427 12.6757 253.21 0.203965
182.483 12.6879 253.923 0.226546
182.539 12.7015 254.636 0.251382
182.596 12.7161 255.35 0.265955
182.652 12.7316 256.065 0.280922
182.708 12.7478 256.781 0.294489
182.764 12.7648 257.498 0.308036
182.82 12.7823 258.215 0.315248
182.876 12.8003 258.934 0.322254
182.933 12.8185 259.654 0.326253
182.989 12.8371 260.375 0.333805
183.045 12.8561 261.096 0.344361
183.101 12.8754 261.819 0.338409
183.157 12.8941 262.543 0.330337
183.213 12.9124 263.268 0.325851
183.27 12.9306 263.994 0.322301
183.326 12.9486 264.721 0.314138
183.382 12.9658 265.449 0.303009
183.438 12.9822 266.178 0.284042
183.494 12.9976 266.908 0.26977
183.551 13.0126 267.639 0.258889
183.607 13.0267 268.37 0.244011
183.663 13.0399 269.103 0.228486
183.719 13.052 269.836 0.207828
183.775 13.0631 270.569 0.187714
183.831 13.0725 271.304 0.154131
183.888 13.0802 272.038 0.127076
183.944 13.0865 272.773 0.103422
184 13.0916 273.509 0.0812898
184.056 13.0955 274.244 0.0636418
184.112 13.0983 274.98 0.0412327
184.169 13.1001 275.716 0.0212119
184.225 13.1008 276.452 0.00730659
184.281 13.1003 277.188 -0.0161706
184.337 13.0989 277.924 -0.0362599
184.393 13.0965 278.66 -0.0447819
184.449 13.0935 279.395 -0.0594132
184.506 13.0895 280.131 -0.0792597
184.562 13.0847 280.866 -0.0897568
184.618 13.079 281.601 -0.108738
184.674 13.0723 282.335 -0.125829
184.73 13.0647 283.07 -0.141631
184.787 13.0562 283.803 -0.155157
184.843 13.0471 284.537 -0.16765
184.899 13.0372 285.269 -0.182673
184.955 13.0265 286.001 -0.194868
185.011 13.0152 286.733 -0.204556
185.067 13.0035 287.463 -0.209037
185.124 12.9913 288.194 -0.219158
185.18 12.9789 288.923 -0.223155
185.236 12.9662 289.652 -0.231314
185.292 12.9527 290.38 -0.245774
185.348 12.9386 291.107 -0.256282
185.404 12.9238 291.833 -0.268611
185.461 12.9081 292.559 -0.285983
185.517 12.8913 293.284 -0.308056
185.573 12.8735 294.007 -0.321066
185.629 12.8551 294.73 -0.334916
185.685 12.8357 295.451 -0.354876
185.742 12.8151 296.172 -0.369596
185.798 12.7935 296.891 -0.390556
185.854 12.7711 297.609 -0.405227
185.91 12.7479 298.326 -0.421233
185.966 12.7235 299.041 -0.444059
186.022 12.6979 299.755 -0.463521
186.079 12.6713 300.467 -0.482794
186.135 12.6439 301.178 -0.493004
186.191 12.6158 301.888 -0.504671
186.247 12.5871 302.596 -0.511618
186.303 12.5579 303.302 -0.525808
186.36 12.5282 304.006 -0.531804
186.416 12.4982 304.709 -0.534656
186.472 12.4681 305.41 -0.536152
186.528 12.438 306.11 -0.534791
186.584 12.4082 306.807 -0.524795
186.64 12.3789 307.503 -0.521869
186.697 12.3498 308.198 -0.515476
186.753 12.3212 308.891 -0.501826
186.809 12.2934 309.582 -0.489036
186.865 12.2667 310.272 -0.467927
186.921 12.241 310.96 -0.447914
186.978 12.2165 311.647 -0.427434
187.034 12.1934 312.332 -0.400774
187.09 12.1717 313.017 -0.376121
187.146 12.1514 313.7 -0.348604
187.202 12.1329 314.382 -0.314993
187.258 12.1165 315.063 -0.273711
187.315 12.1018 315.743 -0.251362
187.371 12.0888 316.423 -0.217405
187.427 12.0778 317.101 -0.181888
187.483 12.0685 317.78 -0.152706
187.539 12.061 318.457 -0.121091
187.596 12.0553 319.135 -0.0856456
187.652 12.0513 319.812 -0.0610245
187.708 12.0487 320.489 -0.0376265
187.764 12.0471 321.166 -0.0206906
187.82 12.0466 321.842 -0.00130289
187.876 12.0471 322.519 0.0163287
187.933 12.0487 323.196 0.0363713
187.989 12.0514 323.873 0.0566385
188.045 12.0553 324.55 0.0741725
188.101 12.0599 325.228 0.0907581
188.157 12.0656 325.905 0.108633
188.213 12.0723 326.583 0.123507
188.27 12.0797 327.262 0.137506
188.326 12.0875 327.941 0.13906
188.382 12.0956 328.62 0.147384
188.438 12.1043 329.3 0.15873
188.494 12.1136 329.98 0.170375
188.551 12.1235 330.661 0.180026
188.607 12.134 331.342 0.191171
188.663 12.1451 332.025 0.203219
188.719 12.1569 332.707 0.21028
188.775 12.169 333.391 0.217569
188.831 12.1815 334.075 0.224995
188.888 12.1944 334.759 0.233187
188.944 12.208 335.445 0.246967
189 12.2222 336.131 0.258672
189.056 12.2372 336.818 0.26936
189.112 12.2525 337.506 0.278081
189.169 12.2682 338.195 0.281631
189.225 12.2841 338.885 0.281128
189.281 12.2998 339.576 0.276816
189.337 12.3152 340.267 0.272377
189.393 12.3305 340.96 0.27211
189.449 12.3458 341.653 0.272473
189.506 12.361 342.347 0.270801
189.562 12.3762 343.042 0.269086
189.618 12.3913 343.738 0.269692
189.674 12.4063 344.434 0.265146
189.73 12.4212 345.132 0.263491
189.787 12.436 345.83 0.262631
189.843 12.4506 346.529 0.258584
189.899 12.465 347.229 0.25309
189.955 12.4789 347.93 0.24663
190.011 12.4926 348.632 0.243964
190.067 12.5062 349.334 0.237354
190.124 12.5194 350.037 0.232107
190.18 12.5322 350.741 0.225198
190.236 12.5446 351.445 0.217536
190.292 12.5568 352.15 0.217622
190.348 12.5691 352.856 0.217842
190.404 12.5813 353.563 0.218202
190.461 12.5935 354.27 0.214991
190.517 12.6054 354.978 0.210924
190.573 12.6172 355.686 0.211453
190.629 12.6292 356.396 0.215802
190.685 12.6415 357.106 0.221594
190.742 12.654 357.816 0.22379
190.798 12.6669 358.528 0.230203
190.854 12.6798 359.24 0.231264
190.91 12.693 359.952 0.235114
190.966 12.7065 360.666 0.244958
191.022 12.7205 361.38 0.248083
191.079 12.7346 362.095 0.255763
191.135 12.7494 362.811 0.264995
191.191 12.7643 363.528 0.266676
191.247 12.7793 364.246 0.269447
191.303 12.7949 364.964 0.281081
191.36 12.8108 365.683 0.285898
191.416 12.827 366.404 0.290306
191.472 12.8435 367.125 0.298864
191.528 12.8607 367.847 0.307906
191.584 12.8782 368.57 0.315774
191.64 12.8963 369.294 0.325615
191.697 12.9149 370.019 0.336145
191.753 12.9342 370.746 0.344848
191.809 12.954 371.473 0.359679
191.865 12.9749 372.201 0.377489
191.921 12.9963 372.931 0.382572
191.978 13.0184 373.662 0.398839
192.034 13.0411 374.394 0.408836
192.09 13.0647 375.127 0.424763
192.146 13.0889 375.862 0.43585
192.202 13.1136 376.598 0.441526
192.258 13.1386 377.336 0.44879
192.315 13.1644 378.075 0.466568
192.371 13.191 378.815 0.478055
192.427 13.218 379.557 0.480938
192.483 13.2452 380.301 0.48675
192.539 13.273 381.046 0.500941
192.596 13.3015 381.792 0.509227
192.652 13.3303 382.541 0.514207
192.708 13.3593 383.291 0.516827
192.764 13.3885 384.042 0.519976
192.82 13.418 384.795 0.529325
192.876 13.4476 385.55 0.525903
192.933 13.4772 386.307 0.525795
192.989 13.5067 387.065 0.527734
193.045 13.5363 387.824 0.528478
193.101 13.5659 388.586 0.521313
193.157 13.5949 389.349 0.513368
193.213 13.6233 390.114 0.500898
193.27 13.6512 390.88 0.494906
193.326 13.6787 391.648 0.480151
193.382 13.7053 392.417 0.472111
193.438 13.7316 393.188 0.463858
193.494 13.7572 393.96 0.451334
193.551 13.7821 394.734 0.436065
193.607 13.806 395.509 0.417115
193.663 13.8288 396.286 0.397975
193.719 13.8506 397.063 0.380731
193.775 13.8714 397.842 0.362655
193.831 13.8911 398.622 0.343328
193.888 13.9097 399.403 0.322996
193.944 13.9272 400.185 0.301083
194 13.9434 400.968 0.279552
194.056 13.9583 401.752 0.255241
194.112 13.9718 402.537 0.23004
194.169 13.9839 403.322 0.202854
194.225 13.9943 404.108 0.174519
194.281 14.0031 404.894 0.144552
194.337 14.0104 405.681 0.119706
194.393 14.0161 406.469 0.0898363
194.449 14.0203 407.256 0.0627734
194.506 14.0229 408.044 0.0356481
194.562 14.0235 408.832 -0.00296841
194.618 14.0222 409.62 -0.0393147
194.674 14.0188 410.407 -0.0733471
194.73 14.0134 411.195 -0.111183
194.787 14.0058 411.982 -0.150979
194.843 13.9964 412.768 -0.176206
194.899 13.9856 413.554 -0.203339
194.955 13.9734 414.34 -0.225886
195.011 13.96 415.124 -0.246678
195.067 13.9452 415.908 -0.273214
195.124 13.9292 416.691 -0.293837
195.18 13.9122 417.473 -0.30887
195.236 13.8942 418.254 -0.32801
195.292 13.875 419.034 -0.350189
195.348 13.8543 419.812 -0.379327
195.404 13.8322 420.59 -0.402428
195.461 13.8091 421.366 -0.420294
195.517 13.7846 422.141 -0.444537
195.573 13.7589 422.915 -0.466772
195.629 13.7318 423.687 -0.491774
195.685 13.7036 424.457 -0.508477
195.742 13.6741 425.226 -0.534651
195.798 13.6435 425.994 -0.554188
195.854 13.6116 426.759 -0.578411
195.91 13.5781 427.523 -0.606174
195.966 13.5432 428.284 -0.635477
196.022 13.5063 429.044 -0.672389
196.079 13.4672 429.801 -0.709415
196.135 13.426 430.556 -0.751525
196.191 13.3823 431.309 -0.794963
196.247 13.3364 432.06 -0.83451
196.303 13.2882 432.807 -0.874554
196.36 13.2379 433.552 -0.908348
196.416 13.1856 434.294 -0.947374
196.472 13.1311 435.033 -0.984816
196.528 13.0745 435.769 -1.02105
196.584 13.016 436.501 -1.05393
196.64 12.9556 437.23 -1.08747
196.697 12.8934 437.956 -1.11834
196.753 12.8295 438.678 -1.15316
196.809 12.764 439.397 -1.17129
196.865 12.6977 440.112 -1.1884
196.921 12.6301 440.823 -1.2136
196.978 12.5612 441.53 -1.23207
197.034 12.4915 442.233 -1.24615
197.09 12.4211 442.933 -1.25771
197.146 12.3504 443.628 -1.26047
197.202 12.2795 444.32 -1.25975
197.258 12.2087 445.007 -1.25756
197.315 12.1385 445.691 -1.24637
197.371 12.0691 446.37 -1.22468
197.427 12.001 447.046 -1.19952
197.483 11.9346 447.718 -1.16944
197.539 11.8699 448.386 -1.14005
197.596 11.8069 449.051 -1.1075
197.652 11.7464 449.712 -1.05988
197.708 11.6886 450.37 -1.01024
197.764 11.6337 451.025 -0.950613
197.82 11.5825 451.677 -0.891586
197.876 11.5346 452.326 -0.825354
197.933 11.4907 452.972 -0.752128
197.989 11.4509 453.617 -0.679305
198.045 11.4153 454.259 -0.602196
198.101 11.3841 454.899 -0.524026
198.157 11.3574 455.538 -0.442917
198.213 11.3351 456.175 -0.365547
198.27 11.3171 456.811 -0.289166
198.326 11.3035 457.446 -0.209535
198.382 11.2945 458.081 -0.131239
198.438 11.2893 458.715 -0.0629332
198.494 11.2878 459.35 -0.000343628
198.551 11.2902 459.984 0.0704501
198.607 11.2964 460.618 0.135189
198.663 11.3057 461.253 0.184008
198.719 11.3175 461.889 0.225442
198.775 11.3317 462.525 0.268998
198.831 11.3481 463.162 0.308901
198.888 11.3663 463.8 0.331145
198.944 11.3856 464.44 0.352176
199 11.406 465.08 0.370632
199.056 11.4272 465.721 0.381144
199.112 11.4488 466.364 0.384931
199.169 11.4707 467.008 0.390357
199.225 11.4925 467.653 0.385613
199.281 11.5137 468.3 0.377211
199.337 11.5345 468.947 0.365161
199.393 11.5545 469.596 0.347916
199.449 11.5733 470.246 0.326917
199.506 11.591 470.896 0.306758
199.562 11.6073 471.548 0.280214
199.618 11.622 472.201 0.246832
199.674 11.6347 472.854 0.210961
199.73 11.6454 473.508 0.179155
199.787 11.6544 474.163 0.148294
199.843 11.6616 474.818 0.113439
199.899 11.6671 475.473 0.0869297
199.955 11.6708 476.128 0.0500169
200.011 11.6726 476.784 0.0160256
200.067 11.6725 477.44 -0.0139106
200.124 11.6705 478.096 -0.0488981
200.18 11.6663 478.751 -0.0914497
200.236 11.6602 479.406 -0.118888
200.292 11.6526 480.061 -0.145996
200.348 11.6437 480.716 -0.166334
200.404 11.6338 481.369 -0.180754
200.461 11.623 482.023 -0.201971
200.517 11.611 482.675 -0.219903
200.573 11.5981 483.327 -0.233669
200.629 11.5845 483.978 -0.247531
200.685 11.5702 484.628 -0.258817
200.742 11.5555 485.278 -0.265517
200.798 11.5401 485.927 -0.277865
200.854 11.5243 486.574 -0.28318
200.91 11.5083 487.221 -0.283708
200.966 11.4924 487.867 -0.282914
201.022 11.4763 488.512 -0.287455
201.079 11.46 489.157 -0.290429
201.135 11.4437 489.8 -0.290598
201.191 11.4274 490.442 -0.292188
201.247 11.4111 491.084 -0.287835
201.303 11.395 491.724 -0.28645
201.36 11.379 492.364 -0.283672
201.416 11.3632 493.003 -0.281366
201.472 11.3473 493.64 -0.280751
201.528 11.3317 494.277 -0.277182
201.584 11.3163 494.913 -0.270256
201.64 11.3015 495.549 -0.259956
201.697 11.2873 496.183 -0.246335
201.753 11.2739 496.817 -0.232476
201.809 11.2612 497.45 -0.223857
201.865 11.249 498.082 -0.21084
201.921 11.2376 498.714 -0.196182
201.978 11.2268 499.345 -0.18802
202.034 11.2167 499.975 -0.178436
202.09 11.2069 500.605 -0.170494
202.146 11.1975 501.234 -0.166001
202.202 11.1885 501.863 -0.156515
202.258 11.18 502.491 -0.144807
202.315 11.1721 503.119 -0.13622
202.371 11.1648 503.746 -0.12738
202.427 11.1579 504.373 -0.119539
202.483 11.1515 505 -0.111852
202.539 11.1456 505.626 -0.101897
202.596 11.1403 506.252 -0.088464
202.652 11.1357 506.878 -0.0768993
202.708 11.1318 507.503 -0.0635099
202.764 11.1286 508.129 -0.0524717
202.82 11.126 508.754 -0.0442343
202.876 11.1237 509.379 -0.0363708
202.933 11.1221 510.004 -0.025339
202.989 11.1209 510.628 -0.015671
203.045 11.1205 511.253 -0.00253373
203.101 11.1208 511.878 0.0107837
203.157 11.1217 512.503 0.0211232
203.213 11.1234 513.128 0.0317214
203.27 11.1256 513.753 0.0446068
203.326 11.1283 514.378 0.0541875
203.382 11.1318 515.003 0.0674861
203.438 11.1362 515.628 0.0856439
203.494 11.1413 516.254 0.0959032
203.551 11.1472 516.88 0.109315
203.607 11.1539 517.507 0.124431
203.663 11.1614 518.134 0.14032
203.719 11.1697 518.761 0.156078
203.775 11.179 519.389 0.171909
203.831 11.1892 520.017 0.186716
203.888 11.2003 520.646 0.204013
203.944 11.2123 521.276 0.220495
204 11.2252 521.906 0.235885
204.056 11.2391 522.537 0.251521
204.112 11.2538 523.169 0.269128
204.169 11.2694 523.802 0.282977
204.225 11.2858 524.436 0.298687
204.281 11.3031 525.07 0.314642
204.337 11.3212 525.706 0.327964
204.393 11.3402 526.342 0.345166
204.449 11.3602 526.98 0.363548
204.506 11.3811 527.619 0.376123
204.562 11.4026 528.259 0.389151
204.618 11.4252 528.901 0.411062
204.674 11.4489 529.543 0.428434
204.73 11.4735 530.187 0.443712
204.787 11.4991 530.833 0.466086
204.843 11.526 531.48 0.48518
204.899 11.5539 532.128 0.502115
204.955 11.5827 532.778 0.520851
205.011 11.6126 533.43 0.539307
205.067 11.6435 534.083 0.557049
205.124 11.6755 534.739 0.577013
205.18 11.7087 535.396 0.598684
205.236 11.743 536.055 0.617473
205.292 11.7781 536.715 0.632267
205.348 11.8143 537.378 0.654607
205.404 11.8517 538.043 0.670784
205.461 11.8901 538.71 0.690398
205.517 11.9295 539.38 0.708119
205.573 11.97 540.051 0.72683
205.629 12.0113 540.725 0.741451
205.685 12.0533 541.401 0.753185
205.742 12.096 542.08 0.764829
205.798 12.1393 542.761 0.773725
205.854 12.1827 543.444 0.773033
205.91 12.2266 544.13 0.784331
205.966 12.271 544.819 0.795062
206.022 12.3159 545.51 0.803
206.079 12.3612 546.203 0.807223
206.135 12.4065 546.899 0.811129
206.191 12.452 547.598 0.807749
206.247 12.4971 548.299 0.797215
206.303 12.5418 549.002 0.789891
206.36 12.5856 549.708 0.774815
206.416 12.6289 550.417 0.76743
206.472 12.6716 551.128 0.756933
206.528 12.7137 551.841 0.742345
206.584 12.7548 552.557 0.724396
206.64 12.795 553.275 0.709125
206.697 12.8341 553.995 0.689542
206.753 12.8722 554.717 0.670304
206.809 12.9093 555.441 0.651054
206.865 12.9449 556.168 0.62611
206.921 12.9793 556.896 0.600392
206.978 13.012 557.627 0.571349
207.034 13.0431 558.359 0.539449
207.09 13.0723 559.092 0.505028
207.146 13.0993 559.828 0.467279
207.202 13.1244 560.564 0.432687
207.258 13.1477 561.303 0.400073
207.315 13.1691 562.042 0.368633
207.371 13.1887 562.782 0.338633
207.427 13.2068 563.524 0.30792
207.483 13.2229 564.267 0.273681
207.539 13.237 565.01 0.235989
207.596 13.2491 565.754 0.202989
207.652 13.2594 566.499 0.166984
207.708 13.2674 567.244 0.126373
207.764 13.2734 567.989 0.092626
207.82 13.2776 568.735 0.0623344
207.876 13.2799 569.481 0.0270481
207.933 13.2803 570.227 -0.00720159
207.989 13.2789 570.973 -0.0376818
208.045 13.2758 571.719 -0.0675559
208.101 13.2709 572.465 -0.0995605
208.157 13.2642 573.21 -0.131657
208.213 13.2558 573.955 -0.163176
208.27 13.2458 574.7 -0.186578
208.326 13.2345 575.443 -0.210781
208.382 13.2219 576.186 -0.232595
208.438 13.2081 576.929 -0.255866
208.494 13.1929 577.67 -0.279922
208.551 13.1762 578.411 -0.310972
208.607 13.158 579.151 -0.328852
208.663 13.1393 579.889 -0.336385
208.719 13.12 580.627 -0.346326
208.775 13.1003 581.363 -0.353499
208.831 13.0803 582.098 -0.355115
208.888 13.0601 582.833 -0.361703
208.944 13.0398 583.566 -0.365611
209 13.0194 584.297 -0.35828
209.056 12.9995 585.028 -0.349826
209.112 12.9801 585.758 -0.340455
209.169 12.9611 586.486 -0.335816
209.225 12.9425 587.214 -0.32788
209.281 12.9244 587.94 -0.318527
209.337 12.9068 588.666 -0.310035
209.393 12.8896 589.39 -0.30236
209.449 12.8729 590.114 -0.29524
209.506 12.8567 590.837 -0.284812
209.562 12.8408 591.558 -0.282376
209.618 12.825 592.279 -0.278053
209.674 12.8096 592.999 -0.271898
209.73 12.7942 593.718 -0.276121
209.787 12.7786 594.437 -0.278731
209.843 12.7628 595.154 -0.28091
209.899 12.747 595.87 -0.28279
209.955 12.7309 596.586 -0.291841
210.011 12.7142 597.301 -0.300537
210.067 12.697 598.014 -0.30956
210.124 12.6796 598.727 -0.309236
210.18 12.6624 599.439 -0.303492
210.236 12.6454 600.15 -0.298164
210.292 12.629 600.86 -0.290622
210.348 12.6129 601.569 -0.284492
210.404 12.597 602.277 -0.279197
210.461 12.5816 602.984 -0.26984
210.517 12.5671 603.69 -0.249624
210.573 12.5535 604.396 -0.236049
210.629 12.541 605.1 -0.214806
210.685 12.5297 605.805 -0.192485
210.742 12.5196 606.508 -0.170254
210.798 12.5106 607.211 -0.152966
210.854 12.5028 607.914 -0.129567
210.91 12.4959 608.616 -0.117978
210.966 12.4899 609.318 -0.0995131
211.022 12.4851 610.019 -0.076843
211.079 12.4812 610.721 -0.0653259
211.135 12.478 611.422 -0.0536409
211.191 12.4754 612.123 -0.0402113
211.247 12.4735 612.823 -0.0268689
211.303 12.4723 613.524 -0.0177223
211.36 12.4716 614.225 -0.00905057
211.416 12.4708 614.925 -0.0151328
211.472 12.4699 615.626 -0.0158073
211.528 12.4692 616.327 -0.0100076
211.584 12.4685 617.027 -0.0140016
211.64 12.4677 617.727 -0.0141606
211.697 12.4668 618.428 -0.0152402
211.753 12.4661 619.128 -0.0117185
211.809 12.4654 619.829 -0.0149963
211.865 12.4641 620.529 -0.0268959
211.921 12.4626 621.229 -0.0256399
211.978 12.4612 621.929 -0.0273453
212.034 12.4595 622.629 -0.0294576
212.09 12.4577 623.329 -0.0337094
212.146 12.4556 624.029 -0.0431471
212.202 12.4532 624.728 -0.0441582
212.258 12.4505 625.428 -0.0482406
212.315 12.4479 626.127 -0.0456109
212.371 12.4455 626.827 -0.0393752
212.427 12.4433 627.526 -0.0427872
212.483 12.4407 628.225 -0.0492773
212.539 12.4377 628.924 -0.0517298
212.596 12.4349 629.622 -0.0484134
212.652 12.4324 630.321 -0.0440268
212.708 12.43 631.019 -0.0418476
212.764 12.4275 631.717 -0.0462426
212.82 12.4249 632.415 -0.0476348
212.876 12.4223 633.113 -0.0427035
212.933 12.42 633.811 -0.0376822
212.989 12.4179 634.509 -0.041367
213.045 12.4157 635.206 -0.031718
213.101 12.4138 635.904 -0.0345506
213.157 12.4122 636.601 -0.0220578
213.213 12.4115 637.298 -0.00849117
213.27 12.4111 637.996 -0.000767148
213.326 12.4114 638.693 0.00487563
213.382 12.4119 639.39 0.0126512
213.438 12.413 640.088 0.0235952
213.494 12.4146 640.785 0.0330404
213.551 12.4167 641.482 0.0417047
213.607 12.4194 642.18 0.0508478
213.663 12.4227 642.878 0.0637997
213.719 12.4269 643.576 0.0791621
213.775 12.4317 644.274 0.0900254
213.831 12.4371 644.973 0.100816
213.888 12.443 645.672 0.11071
213.944 12.4499 646.371 0.128384
214 12.4576 647.071 0.144597
214.056 12.4663 647.771 0.160642
214.112 12.4759 648.472 0.178111
214.169 12.4864 649.173 0.190901
214.225 12.4977 649.875 0.20693
214.281 12.5099 650.577 0.226673
214.337 12.5233 651.28 0.246348
214.393 12.5379 651.985 0.266308
214.449 12.5535 652.689 0.288217
214.506 12.5704 653.395 0.306772
214.562 12.5884 654.102 0.328939
214.618 12.6074 654.81 0.346028
214.674 12.6274 655.519 0.359528
214.73 12.6483 656.229 0.380369
214.787 12.6703 656.94 0.398907
214.843 12.6934 657.653 0.4192
214.899 12.7176 658.367 0.44009
214.955 12.7432 659.082 0.465516
215.011 12.7699 659.799 0.479829
215.067 12.7972 660.517 0.491542
215.124 12.8252 661.237 0.503698
215.18 12.8543 661.959 0.52704
215.236 12.8848 662.682 0.55076
215.292 12.9163 663.407 0.571629
215.348 12.9492 664.133 0.593204
215.404 12.9831 664.862 0.609246
215.461 13.0177 665.593 0.621577
215.517 13.0531 666.325 0.634811
215.573 13.0893 667.06 0.651907
215.629 13.1263 667.796 0.66597
215.685 13.1641 668.535 0.6754
215.742 13.2022 669.276 0.679585
215.798 13.2406 670.019 0.684835
215.854 13.2792 670.764 0.687939
215.91 13.3183 671.511 0.702987
215.966 13.358 672.261 0.708765
216.022 13.398 673.013 0.714911
216.079 13.4387 673.767 0.729417
216.135 13.4799 674.523 0.737144
216.191 13.5215 675.282 0.7435
216.247 13.5634 676.043 0.746419
216.303 13.6053 676.806 0.747544
216.36 13.6473 677.572 0.745154
216.416 13.689 678.34 0.738889
216.472 13.7299 679.111 0.720918
216.528 13.7699 679.883 0.703995
216.584 13.8092 680.658 0.696463
216.64 13.848 681.435 0.686455
216.697 13.886 682.215 0.667901
216.753 13.9228 682.996 0.646467
216.809 13.9581 683.779 0.616722
216.865 13.9919 684.565 0.590035
216.921 14.024 685.352 0.557258
216.978 14.0542 686.141 0.525311
217.034 14.0825 686.931 0.49108
217.09 14.1086 687.723 0.452085
217.146 14.1326 688.517 0.408739
217.202 14.154 689.311 0.362641
217.258 14.1728 690.107 0.316714
217.315 14.1887 690.904 0.263734
217.371 14.2017 691.701 0.211221
217.427 14.2118 692.5 0.159557
217.483 14.2188 693.298 0.100329
217.539 14.2224 694.097 0.0393383
217.596 14.2228 694.896 -0.0143732
217.652 14.2198 695.695 -0.0780388
217.708 14.2134 696.494 -0.138255
217.764 14.2034 697.292 -0.203747
217.82 14.1897 698.09 -0.271631
217.876 14.1723 698.886 -0.334543
217.933 14.1514 699.682 -0.397671
217.989 14.1268 700.476 -0.461159
218.045 14.0989 701.269 -0.520729
218.101 14.068 702.06 -0.572021
218.157 14.034 702.849 -0.624702
218.213 13.9974 703.636 -0.673572
218.27 13.9577 704.421 -0.725279
218.326 13.9152 705.204 -0.772943
218.382 13.8704 705.984 -0.815447
218.438 13.8235 706.762 -0.847998
218.494 13.7743 707.537 -0.89475
218.551 13.7229 708.309 -0.928077
218.607 13.6698 709.078 -0.955104
218.663 13.6152 709.844 -0.982361
218.719 13.5591 710.607 -1.00948
218.775 13.5019 711.367 -1.02522
218.831 13.4434 712.124 -1.04749
218.888 13.3841 712.877 -1.06215
218.944 13.3238 713.627 -1.07534
219 13.2633 714.373 -1.07665
219.056 13.2027 715.116 -1.07935
219.112 13.142 715.856 -1.07886
219.169 13.0814 716.592 -1.07548
219.225 13.0211 717.325 -1.0753
219.281 12.9609 718.055 -1.06904
219.337 12.9008 718.781 -1.06942
219.393 12.841 719.503 -1.06119
219.449 12.7819 720.223 -1.04375
219.506 12.7241 720.939 -1.01961
219.562 12.6676 721.652 -0.999648
219.618 12.6123 722.362 -0.97156
219.674 12.5589 723.068 -0.93784
219.73 12.5073 723.772 -0.903593
219.787 12.458 724.473 -0.862023
219.843 12.4106 725.172 -0.827392
219.899 12.3657 725.867 -0.78247
219.955 12.3235 726.56 -0.734064
220.011 12.2835 727.251 -0.694786
220.067 12.2459 727.94 -0.653501
220.124 12.2107 728.627 -0.605455
220.18 12.1781 729.312 -0.561266
220.236 12.1481 729.995 -0.517774
220.292 12.1204 730.677 -0.478059
220.348 12.0949 731.357 -0.434987
220.404 12.072 732.035 -0.389173
220.461 12.0515 732.713 -0.350057
220.517 12.0329 733.389 -0.318242
220.573 12.0163 734.065 -0.283109
220.629 12.0016 734.739 -0.245889
220.685 11.989 735.413 -0.211903
220.742 11.9781 736.086 -0.181759
220.798 11.969 736.759 -0.148722
220.854 11.9617 737.431 -0.118017
220.91 11.9561 738.103 -0.0903074
220.966 11.9522 738.774 -0.0562977
221.022 11.9499 739.446 -0.0303372
221.079 11.9489 740.117 -0.0110489
221.135 11.949 740.788 0.00934669
221.191 11.95 741.46 0.0266957
221.247 11.9524 742.131 0.0500243
221.303 11.9561 742.803 0.0764026
221.36 11.9611 743.475 0.0980256
221.416 11.9674 744.147 0.12223
221.472 11.9753 744.819 0.151533
221.528 11.9845 745.492 0.172735
221.584 11.9951 746.166 0.196848
221.64 12.0072 746.84 0.226133
221.697 12.0205 747.515 0.245302
221.753 12.0352 748.191 0.270916
221.809 12.0513 748.868 0.296793
221.865 12.0685 749.545 0.312125
221.921 12.0863 750.224 0.319569
221.978 12.1051 750.904 0.342504
222.034 12.1251 751.584 0.366298
222.09 12.1463 752.266 0.385662
222.146 12.1686 752.949 0.403024
222.202 12.1912 753.634 0.408967
222.258 12.2144 754.319 0.41267
222.315 12.2377 755.006 0.414197
222.371 12.2613 755.695 0.421768
222.427 12.285 756.384 0.418447
222.483 12.3085 757.075 0.417477
222.539 12.3315 757.768 0.403179
222.596 12.3535 758.461 0.382619
222.652 12.3744 759.156 0.362918
222.708 12.3939 759.852 0.337819
222.764 12.4123 760.549 0.319208
222.82 12.4299 761.247 0.308731
222.876 12.4466 761.945 0.291478
222.933 12.4624 762.645 0.271649
222.989 12.4771 763.346 0.256977
223.045 12.4908 764.047 0.235306
223.101 12.5032 764.749 0.207721
223.157 12.5143 765.452 0.190088
223.213 12.5243 766.156 0.170605
223.27 12.5333 766.86 0.152169
223.326 12.5415 767.564 0.139804
223.382 12.5487 768.269 0.122329
223.438 12.5551 768.974 0.10687
223.494 12.5605 769.679 0.091435
223.551 12.5651 770.385 0.077259
223.607 12.569 771.091 0.0609703
223.663 12.5719 771.798 0.0473296
223.719 12.5742 772.504 0.0396308
223.775 12.5763 773.21 0.0328847
223.831 12.578 773.917 0.0294752
223.888 12.5794 774.624 0.0246593
223.944 12.5808 775.33 0.0233793
224 12.5823 776.037 0.0288218
224.056 12.5839 776.744 0.0294323
224.112 12.5856 777.451 0.0279242
224.169 12.5871 778.158 0.0301038
224.225 12.5888 778.866 0.0311531
224.281 12.5908 779.573 0.0380317
224.337 12.5932 780.28 0.048528
224.393 12.596 780.988 0.0515108
224.449 12.5992 781.696 0.0571077
224.506 12.6025 782.403 0.0617169
224.562 12.606 783.112 0.0617285
224.618 12.6095 783.82 0.062887
224.674 12.6132 784.528 0.069355
224.73 12.6173 785.237 0.0741835
224.787 12.6216 785.946 0.0767642
224.843 12.6261 786.655 0.0836866
224.899 12.6308 787.365 0.0826466
224.955 12.6354 788.075 0.0829564
225.011 12.6403 788.785 0.088956
225.067 12.6454 789.495 0.0922441
225.124 12.6507 790.206 0.0931092
225.18 12.656 790.916 0.0969326
225.236 12.6614 791.628 0.095826
225.292 12.6667 792.339 0.0920681
225.348 12.6719 793.051 0.0903344
225.404 12.6768 793.763 0.0880841
225.461 12.6817 794.475 0.0879509
225.517 12.6869 795.188 0.0938904
225.573 12.6922 795.901 0.0959331
225.629 12.6977 796.614 0.0992634
225.685 12.7036 797.328 0.105962
225.742 12.7095 798.042 0.106677
225.798 12.7156 798.756 0.108837
225.854 12.7218 799.47 0.111224
225.91 12.7279 800.185 0.109114
225.966 12.7338 800.901 0.0998353
226.022 12.7393 801.616 0.0970367
226.079 12.7447 802.332 0.0957883
226.135 12.7498 803.048 0.0892272
226.191 12.7548 803.765 0.0898747
226.247 12.7596 804.481 0.0864005
226.303 12.7647 805.198 0.092236
226.36 12.77 805.916 0.0957732
226.416 12.7753 806.633 0.0951256
226.472 12.781 807.351 0.103332
226.528 12.7868 808.069 0.107241
226.584 12.7928 808.788 0.106978
226.64 12.7988 809.507 0.106048
226.697 12.8047 810.226 0.105466
226.753 12.8106 810.946 0.106082
226.809 12.8167 811.665 0.108281
226.865 12.8229 812.386 0.114081
226.921 12.8295 813.106 0.120593
226.978 12.8366 813.827 0.128382
227.034 12.8441 814.549 0.137264
227.09 12.8519 815.271 0.141055
227.146 12.8599 815.993 0.140924
227.202 12.868 816.716 0.145414
227.258 12.8761 817.439 0.143974
227.315 12.8843 818.162 0.147257
227.371 12.8928 818.887 0.153826
227.427 12.9015 819.611 0.158047
227.483 12.9108 820.336 0.168362
227.539 12.9208 821.062 0.184549
227.596 12.9314 821.788 0.193474
227.652 12.9425 822.515 0.198689
227.708 12.954 823.243 0.207958
227.764 12.9657 823.971 0.209823
227.82 12.9778 824.7 0.216392
227.876 12.9901 825.429 0.223862
227.933 13.003 826.159 0.233951
227.989 13.0167 826.89 0.248038
228.045 13.031 827.622 0.258417
228.101 13.0454 828.355 0.255202
228.157 13.0598 829.088 0.254362
228.213 13.0741 829.822 0.257213
228.27 13.0886 830.557 0.25802
228.326 13.1033 831.293 0.263965
228.382 13.1183 832.03 0.270949
228.438 13.1335 832.767 0.269306
228.494 13.1487 833.505 0.270379
228.551 13.1642 834.245 0.279137
228.607 13.1796 834.985 0.272508
228.663 13.1948 835.726 0.267063
228.719 13.2098 836.467 0.270282
228.775 13.2251 837.21 0.273542
228.831 13.2405 837.954 0.274747
228.888 13.2559 838.698 0.272914
228.944 13.271 839.443 0.268385
229 13.2862 840.189 0.267319
229.056 13.301 840.936 0.260455
229.112 13.3153 841.684 0.250644
229.169 13.3291 842.432 0.242209
229.225 13.3427 843.182 0.241871
229.281 13.356 843.932 0.233813
229.337 13.369 844.682 0.229349
229.393 13.3817 845.434 0.224349
229.449 13.3941 846.186 0.220916
229.506 13.4064 846.939 0.21728
229.562 13.4188 847.693 0.221949
229.618 13.4308 848.447 0.208999
229.674 13.4423 849.202 0.203366
229.73 13.454 849.957 0.210727
229.787 13.466 850.714 0.215323
229.843 13.4782 851.471 0.216122
229.899 13.4906 852.228 0.227355
229.955 13.5036 852.987 0.235742
230.011 13.5172 853.746 0.242312
230.067 13.531 854.505 0.24777
230.124 13.545 855.266 0.251802
230.18 13.5594 856.028 0.257131
230.236 13.5742 856.79 0.271118
230.292 13.59 857.553 0.285441
230.348 13.6064 858.317 0.295837
230.404 13.6234 859.082 0.308333
230.461 13.641 859.848 0.317105
230.517 13.6593 860.615 0.328214
230.573 13.6779 861.383 0.334383
230.629 13.697 862.152 0.34289
230.685 13.7167 862.922 0.356658
230.742 13.7371 863.693 0.367552
230.798 13.758 864.466 0.374069
230.854 13.7794 865.239 0.385291
230.91 13.8015 866.014 0.397282
230.966 13.8241 866.79 0.407735
231.022 13.8473 867.568 0.414933
231.079 13.8711 868.347 0.426617
231.135 13.8955 869.127 0.440267
231.191 13.9207 869.908 0.451426
231.247 13.9463 870.691 0.459678
231.303 13.9724 871.475 0.465459
231.36 13.9985 872.261 0.46473
231.416 14.0249 873.049 0.47272
231.472 14.0516 873.837 0.478167
231.528 14.0785 874.628 0.474396
231.584 14.1051 875.42 0.473367
231.64 14.1314 876.213 0.46734
231.697 14.1575 877.008 0.46049
231.753 14.1833 877.804 0.457649
231.809 14.2087 878.602 0.449761
231.865 14.234 879.401 0.44958
231.921 14.2592 880.201 0.445245
231.978 14.2836 881.003 0.428712
232.034 14.3073 881.806 0.411757
232.09 14.3301 882.611 0.400772
232.146 14.3521 883.417 0.384722
232.202 14.3731 884.224 0.365665
232.258 14.3931 885.032 0.350467
232.315 14.4121 885.841 0.331619
232.371 14.4302 886.651 0.315479
232.427 14.4475 887.463 0.302122
232.483 14.4638 888.275 0.282606
232.539 14.479 889.088 0.261438
232.596 14.4929 889.902 0.238937
232.652 14.5056 890.717 0.219658
232.708 14.5175 891.532 0.202597
232.764 14.5283 892.348 0.185234
232.82 14.5379 893.164 0.162834
232.876 14.5463 893.981 0.141933
232.933 14.5538 894.799 0.126139
232.989 14.5603 895.617 0.107867
233.045 14.5657 896.435 0.0843305
233.101 14.5695 897.253 0.0584303
233.157 14.5721 898.072 0.0398805
233.213 14.5738 898.891 0.0212802
233.27 14.5746 899.709 0.006804
233.326 14.5737 900.528 -0.0301585
233.382 14.5714 901.347 -0.0483584
233.438 14.568 902.165 -0.0684792
233.494 14.5636 902.984 -0.0829303
233.551 14.5582 903.802 -0.105161
233.607 14.5517 904.619 -0.125803
233.663 14.5439 905.437 -0.14571
233.719 14.5353 906.253 -0.160319
233.775 14.5262 907.07 -0.158444
233.831 14.5169 907.885 -0.170626
233.888 14.507 908.701 -0.182578
233.944 14.4962 909.515 -0.196147
234 14.4848 910.329 -0.207814
234.056 14.4727 911.143 -0.21741
234.112 14.4604 911.955 -0.220127
234.169 14.4479 912.767 -0.225998
234.225 14.4349 913.579 -0.234336
234.281 14.4217 914.389 -0.239577
234.337 14.408 915.199 -0.242657
234.393 14.3944 916.008 -0.243891
234.449 14.3809 916.816 -0.239067
234.506 14.3673 917.623 -0.239383
234.562 14.3539 918.43 -0.241523
234.618 14.3405 919.236 -0.235563
234.674 14.327 920.041 -0.239801
234.73 14.3138 920.846 -0.236379
234.787 14.3006 921.649 -0.232129
234.843 14.2874 922.452 -0.235393
234.899 14.2743 923.255 -0.231471
234.955 14.2615 924.056 -0.225383
235.011 14.249 924.857 -0.221216
235.067 14.2367 925.657 -0.217862
235.124 14.2247 926.456 -0.205218
235.18 14.2132 927.255 -0.202242
235.236 14.2021 928.053 -0.196633
235.292 14.1915 928.851 -0.185623
235.348 14.1808 929.648 -0.186765
235.404 14.1706 930.444 -0.18035
235.461 14.1609 931.24 -0.169034
235.517 14.1515 932.035 -0.165542
235.573 14.1423 932.83 -0.162006
235.629 14.1335 933.624 -0.153793
235.685 14.1249 934.418 -0.152147
235.742 14.1164 935.211 -0.152349
235.798 14.1079 936.004 -0.152327
235.854 14.0993 936.796 -0.148024
235.91 14.0908 937.588 -0.1519
235.966 14.0827 938.379 -0.142388
236.022 14.0747 939.17 -0.138314
236.079 14.0673 939.96 -0.13349
236.135 14.0603 940.751 -0.117496
236.191 14.0539 941.54 -0.110462
236.247 14.0479 942.33 -0.105361
236.303 14.0426 943.119 -0.0883612
236.36 14.0377 943.907 -0.0794744
236.416 14.0335 944.696 -0.074878
236.472 14.0298 945.484 -0.0612
236.528 14.0264 946.272 -0.0553427
236.584 14.0233 947.06 -0.0554483
236.64 14.0205 947.848 -0.0440827
236.697 14.0184 948.635 -0.0331183
236.753 14.0169 949.423 -0.0240548
236.809 14.0159 950.21 -0.0123789
236.865 14.0151 950.998 -0.0121843
236.921 14.0144 951.785 -0.0171523
236.978 14.0135 952.572 -0.012901
237.034 14.0124 953.36 -0.0222653
237.09 14.0111 954.147 -0.0294927
237.146 14.0093 954.934 -0.0353333
237.202 14.0069 955.721 -0.0460969
237.258 14.0039 956.508 -0.0618337
237.315 14 957.294 -0.07287
237.371 13.9954 958.081 -0.0871944
237.427 13.9901 958.867 -0.0998238
237.483 13.984 959.652 -0.11414
237.539 13.977 960.438 -0.131005
237.596 13.9691 961.223 -0.14953
237.652 13.9602 962.007 -0.164469
237.708 13.9498 962.791 -0.195075
237.764 13.9382 963.574 -0.215698
237.82 13.9255 964.357 -0.230169
237.876 13.9117 965.139 -0.255396
237.933 13.8965 965.92 -0.283007
237.989 13.8799 966.7 -0.304323
238.045 13.8618 967.479 -0.331809
238.101 13.8425 968.257 -0.354161
238.157 13.8222 969.034 -0.368049
238.213 13.8009 969.81 -0.38422
238.27 13.7791 970.585 -0.391115
238.326 13.757 971.358 -0.392324
238.382 13.7348 972.13 -0.395011
238.438 13.7126 972.901 -0.393348
238.494 13.6908 973.671 -0.38313
238.551 13.6698 974.439 -0.367439
238.607 13.6499 975.207 -0.346503
238.663 13.6313 975.973 -0.324122
238.719 13.6135 976.738 -0.305925
238.775 13.5973 977.502 -0.276426
238.831 13.5831 978.266 -0.237277
238.888 13.571 979.028 -0.199931
238.944 13.5611 979.79 -0.160723
239 13.5534 980.552 -0.121758
239.056 13.5478 981.313 -0.0856874
239.112 13.5441 982.074 -0.0536239
239.169 13.5424 982.835 -0.0148914
239.225 13.5428 983.596 0.0244448
239.281 13.5455 984.357 0.0605413
239.337 13.5501 985.118 0.0961161
239.393 13.5563 985.879 0.121355
239.449 13.564 986.641 0.145239
239.506 13.5727 987.403 0.161465
239.562 13.582 988.166 0.168768
239.618 13.5918 988.93 0.178671
239.674 13.6022 989.694 0.187326
239.73 13.6128 990.458 0.19113
239.787 13.6238 991.223 0.193564
239.843 13.6349 991.989 0.203053
239.899 13.6464 992.755 0.206338
239.955 13.6581 993.522 0.208786
240.011 13.6702 994.29 0.218261
240.067 13.6824 995.059 0.218645
240.124 13.6949 995.828 0.222107
240.18 13.7079 996.597 0.236574
240.236 13.7213 997.368 0.241793
240.292 13.7352 998.139 0.248726
240.348 13.7495 998.911 0.258404
240.404 13.7642 999.684 0.265919
240.461 13.7795 1000.46 0.276164
240.517 13.7953 1001.23 0.281731
240.573 13.8113 1002.01 0.28953
240.629 13.8279 1002.78 0.29817
240.685 13.8449 1003.56 0.303836
240.742 13.8622 1004.34 0.309338
240.798 13.8798 1005.12 0.312346
240.854 13.8976 1005.9 0.318102
240.91 13.9155 1006.68 0.319169
240.966 13.9334 1007.46 0.31722
241.022 13.951 1008.25 0.312812
241.079 13.9682 1009.03 0.304609
241.135 13.9851 1009.82 0.29417
241.191 14.0011 1010.6 0.283433
241.247 14.0169 1011.39 0.279881
241.303 14.0322 1012.18 0.269661
241.36 14.047 1012.97 0.265535
241.416 14.0615 1013.76 0.257004
241.472 14.076 1014.55 0.257513
241.528 14.0907 1015.34 0.262178
241.584 14.105 1016.13 0.253074
241.64 14.1189 1016.92 0.243266
241.697 14.1327 1017.72 0.243957
241.753 14.1463 1018.51 0.241231
241.809 14.1597 1019.31 0.235317
241.865 14.1731 1020.1 0.238433
241.921 14.1862 1020.9 0.233388
241.978 14.1993 1021.7 0.230152
242.034 14.2123 1022.5 0.234121
242.09 14.2254 1023.29 0.232185
242.146 14.2383 1024.09 0.226813
242.202 14.2509 1024.89 0.224613
242.258 14.2634 1025.69 0.220014
242.315 14.2756 1026.5 0.214127
242.371 14.2876 1027.3 0.213116
242.427 14.2992 1028.1 0.203094
242.483 14.3105 1028.91 0.200641
242.539 14.3219 1029.71 0.203878
242.596 14.3332 1030.52 0.201848
242.652 14.3444 1031.32 0.196898
242.708 14.3554 1032.13 0.193389
242.764 14.366 1032.93 0.188789
242.82 14.3765 1033.74 0.185095
242.876 14.3871 1034.55 0.18796
242.933 14.3975 1035.36 0.185897
242.989 14.408 1036.17 0.183709
243.045 14.4184 1036.98 0.18896
243.101 14.4291 1037.79 0.194078
243.157 14.4402 1038.6 0.199227
243.213 14.4516 1039.41 0.204569
243.27 14.463 1040.22 0.204078
243.326 14.4746 1041.04 0.20654
243.382 14.4865 1041.85 0.212529
243.438 14.4984 1042.66 0.214462
243.494 14.5106 1043.48 0.2167
243.551 14.5229 1044.29 0.223571
243.607 14.5354 1045.11 0.224379
243.663 14.5482 1045.93 0.225225
243.719 14.5609 1046.74 0.228371
243.775 14.5738 1047.56 0.233837
243.831 14.5871 1048.38 0.235982
243.888 14.6004 1049.2 0.240521
243.944 14.6137 1050.02 0.231987
244 14.6266 1050.84 0.226001
244.056 14.6394 1051.67 0.231234
244.112 14.6523 1052.49 0.22976
244.169 14.6655 1053.31 0.233152
244.225 14.6783 1054.14 0.22791
244.281 14.691 1054.96 0.22515
244.337 14.7036 1055.79 0.220995
244.393 14.7162 1056.61 0.226689
244.449 14.7288 1057.44 0.222037
244.506 14.741 1058.27 0.212313
244.562 14.7529 1059.1 0.212099
244.618 14.7647 1059.93 0.209267
244.674 14.7763 1060.76 0.20432
244.73 14.7879 1061.59 0.207058
244.787 14.7994 1062.42 0.207782
244.843 14.8111 1063.25 0.204292
244.899 14.8221 1064.08 0.193537
244.955 14.8327 1064.92 0.187065
245.011 14.8432 1065.75 0.182609
245.067 14.8534 1066.58 0.182318
245.124 14.8635 1067.42 0.175957
245.18 14.8733 1068.25 0.171426
245.236 14.8829 1069.09 0.171896
245.292 14.8923 1069.93 0.166133
245.348 14.9015 1070.76 0.161528
245.404 14.9106 1071.6 0.158683
245.461 14.9194 1072.44 0.161374
245.517 14.9282 1073.28 0.154701
245.573 14.9368 1074.12 0.151536
245.629 14.945 1074.96 0.142031
245.685 14.9527 1075.8 0.135369
245.742 14.9606 1076.64 0.142207
245.798 14.9685 1077.48 0.141677
245.854 14.9764 1078.32 0.135873
245.91 14.9838 1079.16 0.130796
245.966 14.9911 1080 0.129563
246.022 14.9985 1080.84 0.132193
246.079 15.0059 1081.69 0.131023
246.135 15.0133 1082.53 0.13414
246.191 15.0207 1083.37 0.130505
246.247 15.0279 1084.22 0.126498
246.303 15.0347 1085.06 0.118901
246.36 15.0412 1085.91 0.111323
246.416 15.0472 1086.75 0.104622
246.472 15.0528 1087.6 0.098408
246.528 15.0582 1088.44 0.0927884
246.584 15.0634 1089.29 0.0937021
246.64 15.0686 1090.14 0.0893765
246.697 15.0735 1090.98 0.0847265
246.753 15.0782 1091.83 0.0837098
246.809 15.0825 1092.68 0.0722933
246.865 15.086 1093.53 0.0534084
246.921 15.0888 1094.37 0.0461896
246.978 15.0909 1095.22 0.0352022
247.034 15.0926 1096.07 0.0241438
247.09 15.0938 1096.92 0.018509
247.146 15.0943 1097.76 0.00317588
247.202 15.0939 1098.61 -0.0140385
247.258 15.0927 1099.46 -0.0273864
247.315 15.0905 1100.31 -0.0458433
247.371 15.087 1101.16 -0.0751096
247.427 15.082 1102 -0.0972489
247.483 15.0756 1102.85 -0.122122
247.539 15.0681 1103.7 -0.144415
247.596 15.0593 1104.54 -0.167436
247.652 15.0487 1105.39 -0.201278
247.708 15.0362 1106.23 -0.239384
247.764 15.0216 1107.08 -0.274696
247.82 15.0048 1107.92 -0.312335
247.876 14.9863 1108.76 -0.345768
247.933 14.9655 1109.6 -0.384104
247.989 14.9423 1110.44 -0.431732
248.045 14.9168 1111.28 -0.475249
248.101 14.8885 1112.12 -0.520561
248.157 14.8574 1112.96 -0.575853
248.213 14.8236 1113.79 -0.621202
248.27 14.787 1114.62 -0.671135
248.326 14.7473 1115.45 -0.726285
248.382 14.7042 1116.28 -0.796257
248.438 14.657 1117.1 -0.867536
248.494 14.6063 1117.92 -0.930278
248.551 14.5515 1118.74 -1.00778
248.607 14.4934 1119.56 -1.05328
248.663 14.4318 1120.37 -1.12881
248.719 14.3665 1121.18 -1.18685
248.775 14.2978 1121.98 -1.24477
248.831 14.2254 1122.78 -1.31771
248.888 14.1496 1123.58 -1.37294
248.944 14.0704 1124.37 -1.43137
249 13.9884 1125.16 -1.47579
249.056 13.9036 1125.94 -1.53117
249.112 13.8162 1126.72 -1.57087
249.169 13.7269 1127.5 -1.60188
249.225 13.6357 1128.26 -1.6356
249.281 13.5432 1129.03 -1.65438
249.337 13.4495 1129.78 -1.67326
249.393 13.3552 1130.54 -1.68361
249.449 13.2605 1131.28 -1.68769
249.506 13.1657 1132.03 -1.68552
249.562 13.0709 1132.76 -1.68856
249.618 12.9764 1133.49 -1.67353
249.674 12.8832 1134.22 -1.65274
249.73 12.7911 1134.94 -1.63381
249.787 12.6999 1135.66 -1.6132
249.843 12.6095 1136.37 -1.6036
249.899 12.5202 1137.07 -1.57722
249.955 12.4322 1137.77 -1.55894
250.011 12.3459 1138.47 -1.52065
250.067 12.2619 1139.16 -1.47975
250.124 12.1797 1139.84 -1.44792
250.18 12.0998 1140.53 -1.40441
250.236 12.0223 1141.2 -1.35952
250.292 11.9472 1141.88 -1.32087
250.348 11.8745 1142.54 -1.27904
250.404 11.8043 1143.21 -1.23241
250.461 11.7367 1143.87 -1.18394
250.517 11.6721 1144.53 -1.12482
250.573 11.6107 1145.18 -1.07701
250.629 11.5519 1145.83 -1.02314
250.685 11.4964 1146.48 -0.967646
250.742 11.4441 1147.12 -0.906379
250.798 11.3952 1147.76 -0.846735
250.854 11.3499 1148.4 -0.780868
250.91 11.3081 1149.04 -0.719229
250.966 11.2701 1149.67 -0.648931
251.022 11.2359 1150.3 -0.58283
251.079 11.2054 1150.93 -0.518362
251.135 11.1785 1151.56 -0.455211
251.191 11.1547 1152.19 -0.403146
251.247 11.1342 1152.82 -0.34375
251.303 11.1167 1153.44 -0.288817
251.36 11.102 1154.06 -0.243254
251.416 11.09 1154.69 -0.193641
251.472 11.081 1155.31 -0.13972
251.528 11.0747 1155.93 -0.0925866
251.584 11.0713 1156.56 -0.0386556
251.64 11.0709 1157.18 0.0107401
251.697 11.0728 1157.8 0.0512731
251.753 11.0772 1158.42 0.0968945
251.809 11.0843 1159.04 0.145911
251.865 11.0941 1159.67 0.193297
251.921 11.1065 1160.29 0.234907
251.978 11.121 1160.92 0.272489
252.034 11.1376 1161.54 0.315916
252.09 11.1568 1162.17 0.353159
252.146 11.1778 1162.79 0.39155
252.202 11.2011 1163.42 0.428496
252.258 11.2267 1164.05 0.470697
252.315 11.2543 1164.68 0.505648
252.371 11.2839 1165.32 0.540891
252.427 11.3156 1165.95 0.57692
252.483 11.349 1166.59 0.60784
252.539 11.3841 1167.23 0.635326
252.596 11.4207 1167.87 0.662594
252.652 11.4589 1168.51 0.692433
252.708 11.4988 1169.16 0.721543
252.764 11.5401 1169.8 0.740981
252.82 11.5823 1170.45 0.758865
252.876 11.6253 1171.11 0.76936
252.933 11.6691 1171.76 0.788792
252.989 11.7137 1172.42 0.792688
253.045 11.7582 1173.08 0.794286
253.101 11.803 1173.74 0.796796
253.157 11.8477 1174.4 0.795105
253.213 11.8922 1175.07 0.790209
253.27 11.9366 1175.74 0.789694
253.326 11.981 1176.41 0.792346
253.382 12.0253 1177.09 0.784791
253.438 12.069 1177.77 0.773095
253.494 12.1122 1178.44 0.767047
253.551 12.1552 1179.13 0.763788
253.607 12.1981 1179.81 0.761829
253.663 12.2408 1180.5 0.759195
253.719 12.2831 1181.19 0.748452
253.775 12.3245 1181.88 0.727341
253.831 12.3652 1182.57 0.724865
253.888 12.4056 1183.27 0.713083
253.944 12.4452 1183.97 0.697676
254 12.4839 1184.67 0.685687
254.056 12.5221 1185.37 0.675389
254.112 12.5595 1186.07 0.659937
254.169 12.5963 1186.78 0.650814
254.225 12.6325 1187.49 0.641107
254.281 12.6681 1188.2 0.630104
254.337 12.7033 1188.91 0.623137
254.393 12.738 1189.63 0.614257
254.449 12.7722 1190.35 0.604723
254.506 12.8061 1191.06 0.601366
254.562 12.8396 1191.78 0.591665
254.618 12.8723 1192.51 0.574964
254.674 12.9041 1193.23 0.560087
254.73 12.935 1193.96 0.543996
254.787 12.9651 1194.68 0.527288
254.843 12.9942 1195.41 0.512245
254.899 13.0224 1196.15 0.497988
254.955 13.0499 1196.88 0.482613
255.011 13.0766 1197.61 0.47115
255.067 13.1027 1198.35 0.461401
255.124 13.1283 1199.08 0.450677
255.18 13.1533 1199.82 0.440181
255.236 13.1774 1200.56 0.4246
255.292 13.201 1201.3 0.414028
255.348 13.2239 1202.05 0.403662
255.404 13.2461 1202.79 0.388438
255.461 13.2673 1203.53 0.369842
255.517 13.2875 1204.28 0.351255
255.573 13.3064 1205.03 0.329169
255.629 13.3244 1205.78 0.310442
255.685 13.341 1206.52 0.287916
255.742 13.3564 1207.27 0.265509
255.798 13.3707 1208.03 0.241653
255.854 13.3834 1208.78 0.215727
255.91 13.3944 1209.53 0.183822
255.966 13.4038 1210.28 0.154077
256.022 13.4114 1211.04 0.121957
256.079 13.4169 1211.79 0.0850486
256.135 13.4206 1212.54 0.0496884
256.191 13.4224 1213.3 0.0205016
256.247 13.4223 1214.05 -0.0146076
256.303 13.4204 1214.81 -0.0483181
256.36 13.4165 1215.56 -0.0820643
256.416 13.4106 1216.31 -0.120923
256.472 13.4028 1217.07 -0.15394
256.528 13.3931 1217.82 -0.181436
256.584 13.3818 1218.57 -0.214948
256.64 13.3686 1219.32 -0.248497
256.697 13.3536 1220.07 -0.276436
256.753 13.337 1220.82 -0.307092
256.809 13.3186 1221.57 -0.344246
256.865 13.2985 1222.32 -0.366758
256.921 13.2769 1223.06 -0.394577
256.978 13.2543 1223.81 -0.41376
257.034 13.23 1224.55 -0.443001
257.09 13.2041 1225.3 -0.47235
257.146 13.1767 1226.04 -0.501793
257.202 13.1477 1226.78 -0.527113
257.258 13.1167 1227.51 -0.563609
257.315 13.084 1228.25 -0.59714
257.371 13.0499 1228.98 -0.614915
257.427 13.0144 1229.72 -0.641757
257.483 12.9774 1230.45 -0.669808
257.539 12.9391 1231.17 -0.688917
257.596 12.8996 1231.9 -0.712036
257.652 12.8586 1232.62 -0.740589
257.708 12.8163 1233.34 -0.760423
257.764 12.7726 1234.06 -0.787403
257.82 12.7277 1234.78 -0.803827
257.876 12.6822 1235.49 -0.816366
257.933 12.6359 1236.2 -0.826113
257.989 12.5893 1236.91 -0.834319
258.045 12.5417 1237.62 -0.854481
258.101 12.4932 1238.32 -0.86763
258.157 12.4442 1239.02 -0.874598
258.213 12.3951 1239.72 -0.87804
258.27 12.3457 1240.41 -0.875534
258.326 12.2966 1241.1 -0.878204
258.382 12.2469 1241.79 -0.885182
258.438 12.1967 1242.48 -0.893065
258.494 12.1467 1243.16 -0.892117
258.551 12.0963 1243.84 -0.899456
258.607 12.0453 1244.52 -0.912694
258.663 11.9939 1245.2 -0.917693
258.719 11.9419 1245.87 -0.932717
258.775 11.8887 1246.54 -0.952089
258.831 11.8349 1247.2 -0.961846
258.888 11.7807 1247.87 -0.966709
258.944 11.7257 1248.53 -0.986231
259 11.6697 1249.18 -1.00298
259.056 11.6131 1249.84 -1.00824
259.112 11.5559 1250.49 -1.02425
259.169 11.4983 1251.13 -1.02469
259.225 11.4402 1251.78 -1.0389
259.281 11.3814 1252.42 -1.05109
259.337 11.3224 1253.06 -1.04941
259.393 11.2633 1253.69 -1.05298
259.449 11.2038 1254.32 -1.06403
259.506 11.1438 1254.95 -1.07017
259.562 11.0835 1255.57 -1.0734
259.618 11.0232 1256.19 -1.07283
259.674 10.963 1256.81 -1.07386
259.73 10.9028 1257.42 -1.07097
259.787 10.8428 1258.04 -1.0628
259.843 10.7829 1258.64 -1.069
259.899 10.723 1259.25 -1.06221
259.955 10.6634 1259.85 -1.06355
260.011 10.6035 1260.44 -1.06475
260.067 10.5437 1261.04 -1.06292
260.124 10.4838 1261.63 -1.06963
260.18 10.4239 1262.21 -1.06462
260.236 10.3643 1262.8 -1.05652
260.292 10.3049 1263.38 -1.05954
260.348 10.2453 1263.96 -1.06277
260.404 10.1856 1264.53 -1.06154
260.461 10.126 1265.1 -1.05849
260.517 10.067 1265.67 -1.04982
260.573 10.008 1266.23 -1.04944
260.629 9.94959 1266.79 -1.03241
260.685 9.89183 1267.35 -1.02869
260.742 9.83454 1267.9 -1.01234
260.798 9.77823 1268.45 -0.995493
260.854 9.72281 1269 -0.983041
260.91 9.66806 1269.54 -0.971988
260.966 9.61397 1270.08 -0.957139
261.022 9.56082 1270.62 -0.937507
261.079 9.50888 1271.16 -0.915037
261.135 9.45829 1271.69 -0.891048
261.191 9.40912 1272.22 -0.865423
261.247 9.36133 1272.75 -0.840673
261.303 9.31494 1273.27 -0.815404
261.36 9.27022 1273.79 -0.780771
261.416 9.2278 1274.31 -0.739418
261.472 9.1873 1274.83 -0.708685
261.528 9.14893 1275.34 -0.669491
261.584 9.11237 1275.86 -0.633618
261.64 9.07841 1276.37 -0.585426
261.697 9.04687 1276.88 -0.545598
261.753 9.01739 1277.38 -0.510945
261.809 8.99016 1277.89 -0.466131
261.865 8.96571 1278.39 -0.41592
261.921 8.94367 1278.9 -0.373007
261.978 8.92424 1279.4 -0.328956
262.034 8.90719 1279.9 -0.286556
262.09 8.89255 1280.4 -0.244043
262.146 8.88023 1280.9 -0.201009
262.202 8.87071 1281.4 -0.150778
262.258 8.86359 1281.9 -0.11192
262.315 8.85855 1282.39 -0.0743827
262.371 8.8558 1282.89 -0.032743
262.427 8.85564 1283.39 0.0184699
262.483 8.85831 1283.89 0.0661585
262.539 8.86329 1284.38 0.103525
262.596 8.87048 1284.88 0.144918
262.652 8.87997 1285.38 0.18702
262.708 8.89183 1285.88 0.229776
262.764 8.90642 1286.38 0.278818
262.82 8.92313 1286.88 0.307912
262.876 8.94158 1287.38 0.342764
262.933 8.96208 1287.89 0.379722
262.989 8.98446 1288.39 0.411338
263.045 9.00865 1288.9 0.443002
263.101 9.03452 1289.4 0.471724
263.157 9.0617 1289.91 0.491673
263.213 9.08994 1290.42 0.509871
263.27 9.11907 1290.93 0.525541
263.326 9.1492 1291.45 0.544715
263.382 9.18047 1291.96 0.563089
263.438 9.21299 1292.48 0.587813
263.494 9.24646 1293 0.599971
263.551 9.2801 1293.52 0.598139
263.607 9.31349 1294.04 0.592835
263.663 9.34659 1294.56 0.588014
263.719 9.37968 1295.09 0.590845
263.775 9.41291 1295.62 0.592486
263.831 9.44615 1296.15 0.59058
263.888 9.47904 1296.68 0.579856
263.944 9.51124 1297.21 0.568775
264 9.54267 1297.75 0.552512
264.056 9.57306 1298.29 0.530936
264.112 9.60241 1298.82 0.516887
264.169 9.63092 1299.37 0.50163
264.225 9.65873 1299.91 0.488567
264.281 9.68546 1300.45 0.467082
264.337 9.71077 1301 0.440585
264.393 9.73464 1301.54 0.413483
264.449 9.7571 1302.09 0.391794
264.506 9.77833 1302.64 0.369028
264.562 9.79827 1303.19 0.343795
264.618 9.81679 1303.74 0.320049
264.674 9.83376 1304.29 0.289134
264.73 9.84888 1304.84 0.255605
264.787 9.86218 1305.4 0.224553
264.843 9.87397 1305.95 0.199457
264.899 9.88428 1306.51 0.171599
264.955 9.89318 1307.06 0.151043
265.011 9.90078 1307.62 0.127672
265.067 9.90708 1308.18 0.0995465
265.124 9.91235 1308.73 0.08851
265.18 9.91674 1309.29 0.0711686
265.236 9.92036 1309.85 0.0591223
265.292 9.92317 1310.4 0.0454122
265.348 9.92523 1310.96 0.0309717
265.404 9.92665 1311.52 0.0200592
265.461 9.92753 1312.08 0.0145895
265.517 9.928 1312.64 0.00776533
265.573 9.92866 1313.19 0.0117762
265.629 9.92941 1313.75 0.0143106
265.685 9.9303 1314.31 0.0163141
265.742 9.93121 1314.87 0.0151253
265.798 9.93194 1315.42 0.0122654
265.854 9.93241 1315.98 0.00723258
265.91 9.93259 1316.54 0.000414509
265.966 9.93228 1317.1 -0.00696961
266.022 9.93152 1317.66 -0.0164378
266.079 9.93053 1318.21 -0.0189955
266.135 9.92941 1318.77 -0.0208059
266.191 9.92816 1319.33 -0.0227277
266.247 9.92651 1319.89 -0.0331784
266.303 9.92462 1320.45 -0.0329586
266.36 9.92258 1321 -0.0384278
266.416 9.92022 1321.56 -0.0446465
266.472 9.91741 1322.12 -0.0518084
266.528 9.91434 1322.67 -0.0548414
266.584 9.91088 1323.23 -0.0663633
266.64 9.90695 1323.79 -0.0709955
266.697 9.90249 1324.34 -0.0824265
266.753 9.89757 1324.9 -0.0943818
266.809 9.89198 1325.46 -0.103417
266.865 9.88542 1326.01 -0.125301
266.921 9.8777 1326.57 -0.147536
266.978 9.86911 1327.12 -0.159337
267.034 9.85941 1327.68 -0.18045
267.09 9.84864 1328.23 -0.200641
267.146 9.83674 1328.78 -0.219485
267.202 9.82362 1329.33 -0.2425
267.258 9.80923 1329.89 -0.265969
267.315 9.7935 1330.44 -0.289658
267.371 9.7764 1330.99 -0.314042
267.427 9.75784 1331.53 -0.342181
267.483 9.73761 1332.08 -0.371427
267.539 9.7158 1332.63 -0.399161
267.596 9.69241 1333.17 -0.428352
267.652 9.66762 1333.72 -0.448012
267.708 9.6419 1334.26 -0.463009
267.764 9.61551 1334.8 -0.474371
267.82 9.58835 1335.34 -0.488603
267.876 9.56024 1335.88 -0.507309
267.933 9.53141 1336.41 -0.516386
267.989 9.50219 1336.95 -0.521692
268.045 9.47271 1337.48 -0.528479
268.101 9.44285 1338.01 -0.533886
268.157 9.41263 1338.54 -0.538768
268.213 9.38217 1339.07 -0.543277
268.27 9.35166 1339.6 -0.542695
268.326 9.32122 1340.12 -0.541293
268.382 9.29088 1340.64 -0.53808
268.438 9.26081 1341.16 -0.533812
268.494 9.23105 1341.68 -0.525688
268.551 9.20184 1342.2 -0.519649
268.607 9.17344 1342.72 -0.498297
268.663 9.14598 1343.23 -0.4823
268.719 9.11924 1343.74 -0.471315
268.775 9.09309 1344.26 -0.464093
268.831 9.0675 1344.76 -0.448588
268.888 9.04291 1345.27 -0.429487
268.944 9.01942 1345.78 -0.412399
269 8.99666 1346.29 -0.400269
269.056 8.97483 1346.79 -0.381714
269.112 8.95407 1347.29 -0.36226
269.169 8.93446 1347.8 -0.340316
269.225 8.9158 1348.3 -0.325942
269.281 8.89833 1348.8 -0.302299
269.337 8.88237 1349.3 -0.272876
269.393 8.86776 1349.8 -0.251631
269.449 8.85425 1350.29 -0.232422
269.506 8.84201 1350.79 -0.207478
269.562 8.83108 1351.29 -0.183898
269.618 8.82165 1351.78 -0.159744
269.674 8.81365 1352.28 -0.129776
269.73 8.80727 1352.77 -0.101534
269.787 8.80269 1353.27 -0.0696532
269.843 8.79974 1353.76 -0.0403094
269.899 8.79837 1354.26 -0.0134316
269.955 8.79877 1354.75 0.0199337
270.011 8.80087 1355.25 0.0495862
270.067 8.80452 1355.74 0.0753502
270.124 8.8097 1356.24 0.102873
270.18 8.81627 1356.73 0.126664
270.236 8.82414 1357.23 0.150966
270.292 8.83357 1357.72 0.179089
270.348 8.84489 1358.22 0.216554
270.404 8.8582 1358.72 0.249515
270.461 8.87315 1359.21 0.275661
270.517 8.88953 1359.71 0.303039
270.573 8.90742 1360.21 0.327629
270.629 8.9266 1360.71 0.350268
270.685 8.94713 1361.22 0.375769
270.742 8.96893 1361.72 0.397262
270.798 8.99204 1362.22 0.419669
270.854 9.01646 1362.73 0.444236
270.91 9.04196 1363.24 0.4598
270.966 9.06846 1363.75 0.479513
271.022 9.09584 1364.26 0.493086
271.079 9.12424 1364.77 0.513575
271.135 9.15366 1365.28 0.531618
271.191 9.18412 1365.8 0.546176
271.247 9.21541 1366.31 0.561684
271.303 9.24721 1366.83 0.569263
271.36 9.27928 1367.35 0.572514
271.416 9.3116 1367.88 0.578656
271.472 9.34431 1368.4 0.584988
271.528 9.37753 1368.93 0.597582
271.584 9.41105 1369.46 0.598927
271.64 9.44489 1369.98 0.60308
271.697 9.47908 1370.52 0.611094
271.753 9.51343 1371.05 0.612196
271.809 9.5479 1371.59 0.613263
271.865 9.58236 1372.12 0.61393
271.921 9.61664 1372.66 0.609465
271.978 9.65082 1373.2 0.607238
272.034 9.68468 1373.75 0.600387
272.09 9.71801 1374.29 0.58778
272.146 9.75057 1374.84 0.572253
272.202 9.78237 1375.39 0.563429
272.258 9.8137 1375.94 0.556985
272.315 9.84486 1376.49 0.552241
272.371 9.87562 1377.05 0.544615
272.427 9.90596 1377.6 0.535883
272.483 9.93573 1378.16 0.525862
272.539 9.96504 1378.72 0.519562
272.596 9.99391 1379.28 0.509627
272.652 10.0222 1379.84 0.497388
272.708 10.0497 1380.41 0.485929
272.764 10.0765 1380.97 0.471786
272.82 10.1029 1381.54 0.465772
272.876 10.1288 1382.11 0.459129
272.933 10.1543 1382.68 0.452303
272.989 10.1795 1383.25 0.442643
273.045 10.204 1383.82 0.431374
273.101 10.2278 1384.39 0.418267
273.157 10.2509 1384.97 0.407671
273.213 10.2737 1385.55 0.405579
273.27 10.2964 1386.12 0.404077
273.326 10.319 1386.7 0.40105
273.382 10.3416 1387.28 0.401183
273.438 10.364 1387.87 0.397369
273.494 10.3862 1388.45 0.395098
273.551 10.4085 1389.03 0.398654
273.607 10.4307 1389.62 0.394531
273.663 10.4527 1390.21 0.389081
273.719 10.4743 1390.79 0.38138
273.775 10.4953 1391.38 0.369359
273.831 10.5161 1391.97 0.367394
273.888 10.5368 1392.56 0.370821
273.944 10.5577 1393.16 0.375941
274 10.5792 1393.75 0.385999
274.056 10.6015 1394.35 0.40032
274.112 10.6243 1394.94 0.408605
274.169 10.6474 1395.54 0.414947
274.225 10.671 1396.14 0.421039
274.281 10.6947 1396.74 0.425037
274.337 10.7189 1397.34 0.432633
274.393 10.7437 1397.94 0.448763
274.449 10.7697 1398.55 0.47211
274.506 10.797 1399.15 0.493203
274.562 10.8249 1399.76 0.50102
274.618 10.8533 1400.37 0.506347
274.674 10.8821 1400.98 0.518712
274.73 10.9115 1401.59 0.527568
274.787 10.9415 1402.21 0.541688
274.843 10.9717 1402.82 0.540661
274.899 11.0024 1403.44 0.546454
274.955 11.0334 1404.06 0.551963
275.011 11.0644 1404.68 0.556201
275.067 11.0958 1405.3 0.557761
275.124 11.1271 1405.93 0.557933
275.18 11.1586 1406.55 0.561042
275.236 11.1903 1407.18 0.566947
275.292 11.2223 1407.81 0.573207
275.348 11.2546 1408.44 0.575997
275.404 11.2871 1409.08 0.578637
275.461 11.3195 1409.71 0.573486
275.517 11.3517 1410.35 0.570643
275.573 11.3835 1410.99 0.56557
275.629 11.4151 1411.63 0.559986
275.685 11.4465 1412.27 0.554978
275.742 11.4775 1412.92 0.548188
275.798 11.5078 1413.56 0.535514
275.854 11.5374 1414.21 0.519019
275.91 11.5665 1414.86 0.51419
275.966 11.5949 1415.51 0.502664
276.022 11.6229 1416.16 0.490435
276.079 11.6507 1416.81 0.493071
276.135 11.6778 1417.47 0.479029
276.191 11.7043 1418.13 0.466362
276.247 11.7302 1418.79 0.455323
276.303 11.7554 1419.45 0.446275
276.36 11.7802 1420.11 0.433465
276.416 11.8042 1420.77 0.422847
276.472 11.8275 1421.43 0.411444
276.528 11.8502 1422.1 0.398299
276.584 11.8725 1422.76 0.393643
276.64 11.8943 1423.43 0.386539
276.697 11.9157 1424.1 0.373664
276.753 11.9364 1424.77 0.366765
276.809 11.9566 1425.44 0.354363
276.865 11.9762 1426.12 0.344418
276.921 11.9952 1426.79 0.335144
276.978 12.0137 1427.46 0.324999
277.034 12.0316 1428.14 0.312223
277.09 12.0488 1428.82 0.302833
277.146 12.0653 1429.49 0.287427
277.202 12.081 1430.17 0.2718
277.258 12.0958 1430.85 0.259689
277.315 12.1097 1431.53 0.238155
277.371 12.1222 1432.21 0.212054
277.427 12.133 1432.89 0.179884
277.483 12.142 1433.57 0.145779
277.539 12.1489 1434.26 0.107202
277.596 12.1536 1434.94 0.0681904
277.652 12.1559 1435.62 0.0235425
277.708 12.1558 1436.31 -0.0212512
277.764 12.1532 1436.99 -0.0635868
277.82 12.1478 1437.67 -0.118081
277.876 12.1392 1438.35 -0.17976
277.933 12.1271 1439.03 -0.238165
277.989 12.1115 1439.72 -0.303116
278.045 12.0923 1440.4 -0.372426
278.101 12.0691 1441.07 -0.44045
278.157 12.0418 1441.75 -0.516091
278.213 12.0103 1442.43 -0.590052
278.27 11.9748 1443.1 -0.658209
278.326 11.9354 1443.77 -0.728237
278.382 11.8923 1444.44 -0.792562
278.438 11.8459 1445.11 -0.84966
278.494 11.7961 1445.77 -0.910545
278.551 11.743 1446.43 -0.968757
278.607 11.6867 1447.09 -1.02428
278.663 11.6273 1447.74 -1.07612
278.719 11.5655 1448.4 -1.11896
278.775 11.5014 1449.04 -1.15321
278.831 11.4355 1449.69 -1.18544
278.888 11.3681 1450.33 -1.21129
278.944 11.2995 1450.96 -1.22728
279 11.2299 1451.6 -1.24561
279.056 11.1594 1452.22 -1.25836
279.112 11.0887 1452.85 -1.25866
279.169 11.0181 1453.47 -1.25499
279.225 10.9477 1454.09 -1.25157
279.281 10.8778 1454.7 -1.23941
279.337 10.8087 1455.31 -1.21806
279.393 10.7414 1455.91 -1.18726
279.449 10.6755 1456.51 -1.16308
279.506 10.6113 1457.11 -1.12574
279.562 10.5494 1457.71 -1.08875
279.618 10.4896 1458.3 -1.0464
279.674 10.4323 1458.88 -1.0023
279.73 10.3775 1459.47 -0.959119
279.787 10.3252 1460.05 -0.911519
279.843 10.2757 1460.63 -0.858784
279.899 10.2293 1461.2 -0.804919
279.955 10.1859 1461.78 -0.751488
