# t frame_uz frame_z ub_dans_repere
160.001 0.000139909 1.44088e-07 0.135852
160.019 0.0316697 0.000338763 1.80985
160.051 0.0920345 0.00252671 1.91399
160.092 0.175069 0.00838565 2.07628
160.14 0.280251 0.0195646 2.3471
160.19 0.410271 0.0375845 2.73817
160.243 0.57082 0.0641868 3.26968
160.297 0.768441 0.101214 3.94087
160.352 1.01084 0.151226 4.74112
160.407 1.2998 0.216076 5.60809
160.463 1.64318 0.300153 6.47384
160.519 2.03171 0.404993 7.23268
160.575 2.45764 0.532879 7.83444
160.629 2.8957 0.680272 8.21083
160.682 3.3345 0.846942 8.35917
160.735 3.77729 1.03803 8.30182
160.788 4.20804 1.2523 7.95952
160.841 4.6131 1.48867 7.38962
160.894 4.98189 1.74542 6.6355
160.947 5.30763 2.02038 5.80205
161 5.58798 2.31119 4.93388
161.051 5.81345 2.60059 4.14826
161.103 6.00785 2.91436 3.37039
161.157 6.16557 3.24423 2.6299
161.212 6.28642 3.58664 1.92548
161.268 6.37116 3.93834 1.27439
161.323 6.422 4.29359 0.687364
161.379 6.4428 4.65064 0.177245
161.434 6.43831 5.00798 -0.234719
161.49 6.41461 5.3644 -0.545187
161.545 6.37591 5.719 -0.789396
161.601 6.32533 6.07104 -0.985833
161.656 6.26516 6.41995 -1.14619
161.712 6.19725 6.76525 -1.26992
161.767 6.12359 7.10659 -1.36137
161.822 6.04583 7.4437 -1.4254
161.878 5.96542 7.7764 -1.4618
161.933 5.88393 8.1046 -1.47227
161.989 5.80316 8.42829 -1.44992
162.045 5.7226 8.75078 -1.42838
162.101 5.64396 9.06961 -1.38157
162.157 5.56826 9.38412 -1.32204
162.213 5.49647 9.6945 -1.24794
162.27 5.4299 10.001 -1.14231
162.326 5.36937 10.304 -1.02449
162.382 5.31632 10.6038 -0.882381
162.438 5.27271 10.901 -0.699748
162.494 5.2405 11.1961 -0.485312
162.551 5.22143 11.4898 -0.233924
162.607 5.21764 11.7829 0.0513342
162.663 5.23045 12.0764 0.354427
162.719 5.26207 12.3712 0.704779
162.775 5.31459 12.6685 1.09237
162.831 5.38993 12.9695 1.51375
162.888 5.49006 13.2756 1.96687
162.944 5.61661 13.5881 2.44587
163 5.77095 13.9088 2.95225
163.056 5.95324 14.2367 3.47779
163.112 6.16509 14.576 4.00443
163.168 6.40629 14.9306 4.4756
163.224 6.67406 15.2998 4.94325
163.28 6.96564 15.6848 5.33649
163.337 7.27606 16.0868 5.634
163.393 7.60008 16.5068 5.8324
163.448 7.92623 16.9386 5.91155
163.503 8.25193 17.3868 5.87396
163.559 8.57085 17.8528 5.69511
163.614 8.87581 18.336 5.39959
163.669 9.16114 18.8354 4.995
163.724 9.42111 19.3497 4.5118
163.779 9.65145 19.8773 3.94133
163.834 9.84612 20.4102 3.31057
163.886 9.99806 20.9265 2.6653
163.938 10.116 21.4496 2.00686
163.99 10.1982 21.9777 1.29625
164.044 10.2444 22.5386 0.539708
164.1 10.2487 23.1095 -0.233257
164.156 10.2095 23.6848 -0.999949
164.213 10.1279 24.2564 -1.74467
164.269 10.0061 24.8221 -2.44207
164.325 9.84743 25.3797 -3.07269
164.381 9.6552 25.9271 -3.63531
164.438 9.43381 26.4628 -4.1259
164.494 9.18683 26.9852 -4.55387
164.55 8.91803 27.4929 -4.91926
164.606 8.63055 27.9848 -5.22926
164.663 8.32708 28.46 -5.50045
164.719 8.00983 28.9177 -5.7331
164.775 7.68065 29.3571 -5.92733
164.831 7.34004 29.7776 -6.11938
164.888 6.99081 30.1787 -6.25233
164.944 6.63625 30.5599 -6.33771
165 6.27822 30.9211 -6.3766
165.056 5.92059 31.2617 -6.34705
165.112 5.56677 31.5824 -6.25956
165.169 5.21955 31.8834 -6.12215
165.225 4.88135 32.1652 -5.94729
165.281 4.55409 32.4283 -5.7367
165.337 4.24021 32.6735 -5.48631
165.393 3.94233 32.9016 -5.18308
165.449 3.66241 33.1136 -4.84436
165.506 3.40244 33.3105 -4.4729
165.562 3.16422 33.4935 -4.09272
165.618 2.94743 33.6639 -3.70271
165.674 2.75095 33.8227 -3.36423
165.73 2.57178 33.9712 -3.07899
165.787 2.40675 34.1101 -2.85599
165.843 2.2511 34.24 -2.71192
165.899 2.10197 34.3614 -2.62362
165.955 1.95657 34.4746 -2.56871
166 1.84217 34.5594 -2.52679
166.053 1.70688 34.6533 -2.53174
166.108 1.5697 34.7415 -2.52455
166.163 1.43083 34.8234 -2.52621
166.218 1.29069 34.8982 -2.52801
166.274 1.14952 34.9655 -2.5221
166.33 1.01003 35.025 -2.48407
166.386 0.873174 35.0768 -2.42118
166.442 0.741108 35.1211 -2.32351
166.497 0.615224 35.1583 -2.20518
166.553 0.497432 35.1886 -2.04357
166.609 0.389711 35.2127 -1.84487
166.665 0.294085 35.2312 -1.62795
166.721 0.211429 35.2448 -1.38538
166.777 0.141458 35.2542 -1.168
166.832 0.0829062 35.2601 -0.969052
166.888 0.0345358 35.2631 -0.80104
166.944 -0.00556909 35.2636 -0.662665
167 -0.0383804 35.2622 -0.539006
167.056 -0.0650281 35.2591 -0.428048
167.112 -0.0844876 35.2548 -0.291265
167.169 -0.0957711 35.2496 -0.136895
167.225 -0.0974178 35.2441 0.0413987
167.281 -0.0876309 35.2389 0.269024
167.337 -0.0634328 35.2348 0.543678
167.393 -0.0228888 35.2325 0.849158
167.449 0.0351793 35.2331 1.17157
167.506 0.114278 35.2376 1.57306
167.561 0.215019 35.2472 1.96825
167.616 0.336703 35.2629 2.38648
167.671 0.481092 35.286 2.79581
167.726 0.647686 35.3178 3.20203
167.781 0.836734 35.3594 3.60925
167.835 1.04655 35.4122 3.96656
167.89 1.27565 35.477 4.31639
167.945 1.52353 35.555 4.6613
168 1.78896 35.6473 4.95356
168.056 2.07752 35.7574 5.25879
168.112 2.38322 35.8844 5.55425
168.169 2.70355 36.029 5.79713
168.225 3.03565 36.1915 6.01305
168.279 3.36857 36.3677 6.17477
168.334 3.71015 36.5635 6.2684
168.389 4.0606 36.7811 6.33309
168.445 4.41124 37.0183 6.29647
168.5 4.75714 37.2747 6.17346
168.556 5.09304 37.55 5.95847
168.611 5.4122 37.8404 5.71004
168.664 5.70865 38.1396 5.41577
168.718 5.99133 38.458 5.0846
168.773 6.25518 38.791 4.72532
168.827 6.49888 39.1377 4.35339
168.881 6.72263 39.4969 3.98395
168.935 6.9264 39.8675 3.62247
168.984 7.09336 40.21 3.30661
169.031 7.24269 40.5512 3.04023
169.085 7.39542 40.9427 2.74714
169.139 7.53544 41.3493 2.46619
169.194 7.66357 41.7696 2.22695
169.25 7.78036 42.1989 2.02449
169.306 7.88779 42.6382 1.8617
169.362 7.98718 43.0833 1.7041
169.418 8.0777 43.5336 1.56732
169.474 8.16145 43.9887 1.4418
169.53 8.23783 44.4483 1.30272
169.586 8.30468 44.9119 1.11456
169.642 8.35998 45.3788 0.905903
169.698 8.40331 45.8484 0.675445
169.754 8.43283 46.32 0.42333
169.81 8.44804 46.7927 0.187397
169.866 8.45057 47.2659 -0.047932
169.922 8.44145 47.7388 -0.227248
169.978 8.42491 48.2109 -0.321947
170.034 8.40702 48.683 -0.298736
170.09 8.39301 49.1548 -0.208621
170.146 8.38731 49.6261 -0.0272659
170.202 8.39227 50.0974 0.165162
170.258 8.40866 50.5694 0.366665
170.315 8.43492 51.0426 0.535646
170.371 8.46869 51.5176 0.635925
170.427 8.50619 51.9946 0.680675
170.483 8.54325 52.4738 0.630371
170.539 8.57385 52.9548 0.473286
170.596 8.59225 53.4372 0.212166
170.652 8.59292 53.92 -0.13234
170.708 8.57113 54.4021 -0.561091
170.764 8.52372 54.8822 -1.03934
170.82 8.44792 55.3586 -1.56189
170.876 8.34227 55.8298 -2.09768
170.933 8.20556 56.294 -2.66212
170.989 8.03771 56.7494 -3.20378
171.045 7.84091 57.1945 -3.68573
171.098 7.63221 57.6067 -4.03207
171.149 7.42185 57.9846 -4.26253
171.201 7.19129 58.3685 -4.43268
171.255 6.94982 58.7478 -4.50682
171.31 6.70243 59.1203 -4.50751
171.365 6.45425 59.4838 -4.44434
171.421 6.21012 59.8349 -4.34691
171.477 5.97244 60.1726 -4.21996
171.532 5.74023 60.4972 -4.13563
171.588 5.51333 60.8091 -4.04089
171.644 5.28993 61.1085 -3.9976
171.699 5.06741 61.3956 -4.0095
171.755 4.84363 61.6701 -4.02001
171.811 4.61879 61.9322 -4.04934
171.866 4.39247 62.1818 -4.07379
171.922 4.16648 62.4187 -4.04204
171.978 3.94366 62.6431 -3.96382
172.034 3.72656 62.8565 -3.81374
172.09 3.51958 63.0589 -3.58713
172.146 3.32768 63.25 -3.29009
172.202 3.15489 63.4311 -2.92812
172.258 3.00443 63.6031 -2.50446
172.315 2.87928 63.7676 -2.0397
172.371 2.78263 63.9259 -1.50176
172.427 2.71686 64.0799 -0.952691
172.483 2.68157 64.2312 -0.419473
172.539 2.67487 64.3815 0.0690875
172.596 2.69295 64.5323 0.475402
172.652 2.73046 64.6848 0.785506
172.708 2.78239 64.8399 1.00396
172.764 2.8438 64.9982 1.14477
172.82 2.91133 65.1603 1.23621
172.876 2.98275 65.3262 1.2836
172.933 3.05562 65.4962 1.30577
172.989 3.12961 65.6704 1.31886
173.045 3.20274 65.8487 1.28741
173.101 3.27317 66.031 1.22522
173.157 3.33791 66.2148 1.12085
173.208 3.39174 66.389 0.980805
173.259 3.43692 66.5622 0.820109
173.312 3.47323 66.7443 0.597623
173.366 3.49712 66.9326 0.341388
173.42 3.50594 67.1242 0.0372014
173.476 3.49778 67.3181 -0.270616
173.531 3.47187 67.5124 -0.590424
173.587 3.42866 67.7048 -0.888362
173.643 3.36853 67.8941 -1.19144
173.699 3.29274 68.0796 -1.46926
173.755 3.20235 68.2603 -1.7164
173.81 3.09796 68.4355 -1.96456
173.866 2.98142 68.6045 -2.17106
173.922 2.85381 68.7666 -2.35956
173.978 2.71642 68.9212 -2.52803
174.034 2.56982 69.0685 -2.66032
174.09 2.41661 69.2078 -2.76393
174.146 2.26015 69.3382 -2.79054
174.202 2.10264 69.4599 -2.80509
174.258 1.94615 69.5728 -2.7728
174.315 1.79274 69.6769 -2.69817
174.371 1.64456 69.7726 -2.59555
174.427 1.50296 69.8602 -2.46603
174.483 1.36995 69.9401 -2.30437
174.539 1.24684 70.0129 -2.1155
174.596 1.13543 70.0791 -1.89281
174.652 1.03728 70.1395 -1.64704
174.708 0.954001 70.1949 -1.37006
174.764 0.88609 70.2462 -1.1007
174.82 0.833567 70.2941 -0.831974
174.876 0.794891 70.3396 -0.595606
174.933 0.768023 70.3833 -0.411655
174.989 0.749232 70.4258 -0.289472
175.045 0.73492 70.4674 -0.244496
175.101 0.720788 70.5082 -0.258761
175.157 0.704823 70.5481 -0.311663
175.213 0.684834 70.5871 -0.388414
175.27 0.660199 70.6248 -0.477974
175.326 0.63084 70.6609 -0.551392
175.382 0.597701 70.6952 -0.612538
175.438 0.562408 70.7276 -0.634289
175.494 0.526991 70.758 -0.621441
175.551 0.493835 70.7865 -0.56776
175.607 0.464137 70.8132 -0.499567
175.663 0.440354 70.8384 -0.374205
175.719 0.424288 70.8626 -0.224784
175.775 0.417398 70.8862 -0.051387
175.831 0.42089 70.9097 0.139054
175.888 0.435953 70.9338 0.353787
175.944 0.464214 70.9592 0.612146
176 0.507867 70.9866 0.887755
176.056 0.567101 71.0171 1.17599
176.112 0.643109 71.0514 1.47659
176.169 0.736169 71.0906 1.77692
176.225 0.845664 71.1356 2.05629
176.281 0.969265 71.1872 2.30269
176.337 1.10575 71.2462 2.51386
176.393 1.25311 71.3133 2.69114
176.449 1.40898 71.3889 2.82684
176.506 1.57128 71.4735 2.92256
176.562 1.73819 71.5674 2.99331
176.618 1.9073 71.6707 3.0178
176.674 2.07613 71.7836 2.99037
176.73 2.24169 71.9058 2.91238
176.787 2.40146 72.0372 2.78812
176.843 2.55262 72.1772 2.61988
176.899 2.69369 72.3254 2.44156
176.955 2.82404 72.4812 2.24028
177.011 2.94283 72.6439 2.02474
177.067 3.04867 72.8129 1.78847
177.124 3.13996 72.9873 1.51495
177.18 3.21456 73.1663 1.19985
177.236 3.27056 73.3489 0.856625
177.292 3.30667 73.5339 0.49773
177.348 3.32259 73.7203 0.139024
177.404 3.31822 73.9069 -0.217723
177.461 3.29432 74.0926 -0.561945
177.517 3.25199 74.2763 -0.883665
177.573 3.19168 74.4571 -1.20099
177.629 3.11363 74.6338 -1.51347
177.685 3.01859 74.8056 -1.8072
177.742 2.90844 74.9716 -2.05815
177.798 2.78486 75.1309 -2.29511
177.854 2.64781 75.2827 -2.53329
177.91 2.49751 75.4265 -2.77216
177.966 2.33463 75.5614 -2.97313
178.022 2.16197 75.6867 -3.12923
178.079 1.9832 75.8022 -3.21067
178.135 1.8035 75.9075 -3.18309
178.191 1.62761 76.0029 -3.09306
178.247 1.46028 76.0886 -2.88634
178.303 1.30833 76.1655 -2.57347
178.36 1.17676 76.2344 -2.17143
178.416 1.07164 76.2969 -1.65244
178.472 1.0002 76.3545 -1.01101
178.528 0.966474 76.4094 -0.315053
178.584 0.972086 76.4637 0.374375
178.64 1.01818 76.5197 1.12302
178.697 1.10628 76.5797 1.8682
178.753 1.2367 76.646 2.63069
178.809 1.40831 76.7211 3.33451
178.865 1.61733 76.8071 3.96542
178.921 1.85907 76.906 4.51585
178.978 2.12876 77.0194 4.98321
179.034 2.42254 77.1488 5.3851
179.086 2.71383 77.2841 5.7126
179.139 3.02593 77.4376 6.01196
179.193 3.36062 77.6126 6.2642
179.248 3.71251 77.8089 6.48198
179.303 4.07569 78.0262 6.61844
179.359 4.44455 78.2638 6.69096
179.415 4.82001 78.5266 6.64972
179.471 5.18908 78.8103 6.47649
179.527 5.54448 79.1143 6.19386
179.584 5.88052 79.4377 5.79772
179.64 6.18995 79.7792 5.29207
179.696 6.4674 80.137 4.68518
179.752 6.70684 80.5091 3.96252
179.809 6.9038 80.8933 3.18619
179.865 7.05475 81.2871 2.3469
179.921 7.15833 81.6877 1.50282
179.977 7.21408 82.0926 0.647672
180.034 7.22254 82.4986 -0.178468
180.09 7.18456 82.9033 -1.00068
180.146 7.10283 83.3044 -1.74543
180.202 6.98213 83.6995 -2.40476
180.258 6.82664 84.0866 -3.00326
180.315 6.63906 84.464 -3.5542
180.371 6.42163 84.8298 -4.0762
180.427 6.17555 85.1824 -4.57428
180.483 5.90159 85.5202 -5.0754
180.539 5.60071 85.8417 -5.5397
180.596 5.27439 86.1455 -5.9804
180.652 4.92438 86.4301 -6.3916
180.708 4.55258 86.6943 -6.7553
180.764 4.16265 86.937 -7.06014
180.82 3.75813 87.1573 -7.27858
180.876 3.34492 87.3545 -7.39452
180.933 2.92886 87.5284 -7.39599
180.989 2.51727 87.679 -7.26639
181.045 2.11651 87.8069 -7.02826
181.101 1.73214 87.9127 -6.70932
181.157 1.36803 87.9977 -6.32724
181.213 1.02723 88.0629 -5.90129
181.27 0.71031 88.1099 -5.46749
181.326 0.418138 88.1398 -5.02425
181.382 0.1499 88.1541 -4.61431
181.438 -0.0959409 88.1542 -4.22057
181.494 -0.321002 88.1411 -3.86381
181.55 -0.526276 88.1162 -3.54368
181.605 -0.711425 88.0812 -3.27126
181.66 -0.883076 88.0365 -3.04044
181.715 -1.04362 87.9827 -2.85757
181.77 -1.19501 87.9204 -2.69986
181.825 -1.3397 87.8501 -2.60365
181.879 -1.48021 87.772 -2.53957
181.934 -1.61811 87.6863 -2.50105
181.989 -1.75476 87.5931 -2.48009
182.045 -1.89322 87.4903 -2.47427
182.101 -2.03167 87.3793 -2.46466
182.157 -2.1704 87.2605 -2.463
182.213 -2.30844 87.1339 -2.45106
182.27 -2.4446 86.9996 -2.40556
182.326 -2.57785 86.8577 -2.34216
182.382 -2.70628 86.7085 -2.24432
182.437 -2.82567 86.5552 -2.10768
182.492 -2.93669 86.3956 -1.94206
182.548 -3.03726 86.2302 -1.7466
182.603 -3.12757 86.0596 -1.56237
182.658 -3.20722 85.8843 -1.36439
182.713 -3.27619 85.705 -1.17494
182.768 -3.33514 85.5223 -1.00241
182.822 -3.38365 85.3422 -0.852963
182.874 -3.42458 85.1635 -0.737712
182.927 -3.45987 84.9829 -0.632897
182.979 -3.4899 84.8005 -0.533865
183.033 -3.51601 84.6097 -0.443498
183.09 -3.53748 84.4114 -0.340848
183.146 -3.55289 84.212 -0.224321
183.202 -3.56151 84.0121 -0.10746
183.257 -3.56258 83.8146 0.0362966
183.313 -3.55565 83.6174 0.19135
183.367 -3.53974 83.424 0.358364
183.423 -3.51438 83.229 0.525577
183.478 -3.47991 83.035 0.687418
183.534 -3.43633 82.8433 0.84952
183.589 -3.38388 82.6543 1.00822
183.645 -3.32328 82.4684 1.14973
183.7 -3.25498 82.2862 1.27841
183.756 -3.17928 82.108 1.41558
183.811 -3.09689 81.9342 1.52911
183.867 -3.00841 81.7652 1.63417
183.922 -2.91504 81.6013 1.71562
183.978 -2.81747 81.4428 1.78518
184.034 -2.71554 81.2887 1.84625
184.09 -2.61036 81.1396 1.88912
184.146 -2.50335 80.9966 1.91249
184.202 -2.39516 80.8596 1.92722
184.258 -2.28624 80.7287 1.94169
184.315 -2.17732 80.6039 1.93719
184.371 -2.06928 80.4852 1.91864
184.427 -1.9624 80.3726 1.88924
184.483 -1.85756 80.2659 1.84984
184.539 -1.75608 80.165 1.78403
184.596 -1.65779 80.0697 1.71179
184.652 -1.56347 79.9797 1.64856
184.708 -1.4734 79.8949 1.58097
184.763 -1.38877 79.8164 1.50895
184.817 -1.30921 79.7442 1.45198
184.871 -1.23367 79.6761 1.38115
184.925 -1.16116 79.6121 1.32959
184.978 -1.0915 79.5518 1.27031
185.034 -1.02324 79.4938 1.2237
185.089 -0.957002 79.4393 1.1761
185.144 -0.892991 79.3889 1.1582
185.2 -0.829388 79.3414 1.1393
185.255 -0.767653 79.2974 1.09939
185.311 -0.707202 79.2567 1.09035
185.366 -0.647854 79.2194 1.06594
185.422 -0.589269 79.1854 1.04764
185.477 -0.532383 79.1545 1.00884
185.533 -0.477524 79.1268 0.965067
185.589 -0.425737 79.102 0.906303
185.644 -0.377079 79.0799 0.852234
185.7 -0.33214 79.0605 0.780991
185.755 -0.290927 79.0434 0.723165
185.811 -0.253274 79.0285 0.651546
185.867 -0.219271 79.0156 0.588278
185.922 -0.188254 79.0044 0.537456
185.978 -0.159726 78.9949 0.499956
186.034 -0.133132 78.9869 0.453081
186.09 -0.107813 78.9803 0.438661
186.146 -0.0845992 78.975 0.398153
186.202 -0.0633261 78.971 0.354071
186.258 -0.0444291 78.9681 0.318746
186.315 -0.0290352 78.9661 0.244472
186.371 -0.0183815 78.9649 0.15182
186.427 -0.0136176 78.964 0.042702
186.483 -0.0157859 78.9632 -0.0911132
186.539 -0.0261432 78.962 -0.247326
186.596 -0.045721 78.9599 -0.413092
186.652 -0.0747199 78.9564 -0.596747
186.708 -0.113211 78.951 -0.7561
186.764 -0.16131 78.9431 -0.92412
186.82 -0.218112 78.9321 -1.06897
186.876 -0.282738 78.9177 -1.20565
186.933 -0.354809 78.8994 -1.32753
186.989 -0.43332 78.8769 -1.44181
187.045 -0.517356 78.8497 -1.52514
187.101 -0.605678 78.8177 -1.60194
187.157 -0.698016 78.7806 -1.66302
187.213 -0.793033 78.7382 -1.70886
187.27 -0.890281 78.6904 -1.73783
187.326 -0.988093 78.637 -1.73753
187.382 -1.08531 78.5783 -1.72758
187.438 -1.1809 78.514 -1.68361
187.494 -1.2737 78.4446 -1.62575
187.551 -1.36195 78.37 -1.53692
187.607 -1.44441 78.2907 -1.41944
187.663 -1.51934 78.207 -1.27302
187.719 -1.58512 78.1194 -1.09652
187.775 -1.63989 78.0284 -0.886309
187.831 -1.68184 77.9348 -0.650695
187.888 -1.70971 77.8393 -0.386775
187.944 -1.72205 77.7428 -0.103778
188 -1.71791 77.6461 0.194068
188.056 -1.69691 77.5502 0.48532
188.112 -1.65781 77.4561 0.822813
188.169 -1.60112 77.3648 1.14727
188.225 -1.52552 77.2773 1.479
188.281 -1.432 77.1947 1.79807
188.336 -1.32274 77.1192 2.11306
188.391 -1.19617 77.0502 2.38955
188.447 -1.05359 76.9887 2.68803
188.502 -0.896363 76.9355 2.94062
188.557 -0.726173 76.8915 3.16349
188.613 -0.544752 76.8573 3.35369
188.668 -0.353692 76.8335 3.51319
188.723 -0.154803 76.8205 3.64332
188.779 0.0501083 76.8187 3.74178
188.834 0.260091 76.8284 3.83497
188.889 0.475056 76.8499 3.91854
188.945 0.695027 76.8835 4.02934
189 0.92041 76.9294 4.11825
189.056 1.15645 76.989 4.27702
189.112 1.4024 77.0622 4.46199
189.169 1.66073 77.1497 4.69873
189.225 1.93459 77.2521 5.00083
189.281 2.22722 77.3706 5.34776
189.337 2.53959 77.5062 5.71644
189.393 2.87197 77.6599 6.05347
189.449 3.22271 77.833 6.35328
189.505 3.58354 78.0246 6.55612
189.56 3.94841 78.2336 6.67719
189.615 4.31593 78.4628 6.6677
189.67 4.68022 78.7122 6.59075
189.725 5.03851 78.9814 6.45163
189.78 5.38595 79.2699 6.22797
189.835 5.71968 79.5772 5.96886
189.89 6.03881 79.9022 5.68908
189.945 6.34242 80.2444 5.41047
189.993 6.59396 80.5539 5.19795
190.04 6.83553 80.8737 5.02429
190.087 7.06809 81.2022 4.89195
190.13 7.27606 81.5106 4.82715
190.175 7.48991 81.8401 4.80453
190.22 7.70878 82.1872 4.80672
190.267 7.93723 82.5572 4.86966
190.317 8.18134 82.9578 4.96456
190.369 8.44378 83.3909 5.10999
190.422 8.72467 83.8533 5.3118
190.477 9.02324 84.3383 5.60421
190.532 9.34091 84.8448 5.87584
190.588 9.6756 85.3764 6.07198
190.643 10.0131 85.9269 6.02389
190.699 10.3421 86.4959 5.78286
190.755 10.6489 87.0825 5.2871
190.811 10.9213 87.6852 4.60443
190.866 11.1513 88.3016 3.79393
190.922 11.3344 88.9293 2.93637
190.972 11.4576 89.5016 2.13169
191.019 11.5362 90.0414 1.37729
191.066 11.5801 90.588 0.640352
191.11 11.5914 91.0983 0.0122126
191.158 11.5742 91.6542 -0.595953
191.209 11.5272 92.2444 -1.13171
191.263 11.4532 92.8547 -1.55351
191.317 11.3585 93.4727 -1.86951
191.372 11.247 94.0949 -2.10532
191.427 11.124 94.7105 -2.30534
191.482 10.9925 95.3191 -2.44319
191.537 10.8545 95.92 -2.54125
191.592 10.7111 96.5109 -2.66438
191.647 10.5604 97.0964 -2.78181
191.702 10.4021 97.6734 -2.93485
191.757 10.2344 98.2414 -3.1195
191.813 10.0545 98.7997 -3.36678
191.865 9.86894 99.3221 -3.64924
191.917 9.66912 99.8281 -3.989
191.964 9.47366 100.274 -4.3152
192.011 9.26153 100.712 -4.68027
192.064 8.99765 101.198 -5.13219
192.118 8.7023 101.678 -5.62853
192.173 8.37547 102.147 -6.14573
192.229 8.01474 102.6 -6.71333
192.285 7.6213 103.035 -7.263
192.338 7.21554 103.43 -7.77472
192.393 6.77666 103.809 -8.24745
192.448 6.30795 104.167 -8.64467
192.503 5.82088 104.499 -8.91551
192.558 5.32389 104.804 -9.05246
192.614 4.82266 105.082 -9.07602
192.669 4.32477 105.331 -8.96473
192.724 3.83539 105.554 -8.7895
192.779 3.35903 105.75 -8.51218
192.834 2.89856 105.92 -8.22258
192.89 2.45585 106.065 -7.88559
192.945 2.03249 106.186 -7.52934
193 1.6286 106.285 -7.16621
193.056 1.23972 106.363 -6.76325
193.112 0.873319 106.421 -6.35295
193.169 0.532377 106.458 -5.8751
193.225 0.218687 106.477 -5.38073
193.281 -0.0659119 106.48 -4.8549
193.337 -0.31916 106.467 -4.27446
193.393 -0.538489 106.442 -3.64596
193.449 -0.721741 106.405 -2.99676
193.506 -0.866572 106.36 -2.29859
193.562 -0.972026 106.307 -1.59496
193.618 -1.03741 106.25 -0.877657
193.674 -1.06312 106.191 -0.178397
193.73 -1.0508 106.132 0.478129
193.787 -1.00399 106.074 1.06212
193.843 -0.927021 106.02 1.56365
193.899 -0.825077 105.971 1.9699
193.955 -0.702968 105.929 2.29264
194.011 -0.566127 105.894 2.51485
194.067 -0.418958 105.867 2.67406
194.124 -0.265891 105.849 2.75865
194.18 -0.110111 105.839 2.78718
194.236 0.0458745 105.838 2.76603
194.292 0.199511 105.846 2.70987
194.348 0.348765 105.862 2.61969
194.404 0.492032 105.887 2.50543
194.461 0.628279 105.919 2.37552
194.517 0.757092 105.959 2.2389
194.573 0.878525 106.005 2.10535
194.629 0.99239 106.059 1.97511
194.685 1.099 106.118 1.85353
194.742 1.19931 106.183 1.74645
194.798 1.2938 106.254 1.63737
194.854 1.38217 106.329 1.5264
194.91 1.46482 106.41 1.43759
194.966 1.54231 106.495 1.34466
195.022 1.61489 106.584 1.26063
195.079 1.68301 106.677 1.17382
195.135 1.74622 106.774 1.09549
195.188 1.80227 106.869 1.01901
195.242 1.85509 106.968 0.95192
195.297 1.90515 107.071 0.88722
195.352 1.95224 107.178 0.830581
195.408 1.99682 107.289 0.778101
195.464 2.03823 107.402 0.723399
195.52 2.07645 107.517 0.656579
195.576 2.11006 107.634 0.56117
195.632 2.13748 107.752 0.450513
195.687 2.15857 107.873 0.318571
195.743 2.17127 107.994 0.168524
195.799 2.17504 108.115 0.00572845
195.855 2.16922 108.236 -0.17457
195.911 2.15322 108.357 -0.359384
195.967 2.12672 108.476 -0.549612
196.022 2.08978 108.594 -0.734684
196.079 2.04244 108.71 -0.911888
196.135 1.9853 108.823 -1.0894
196.191 1.91896 108.932 -1.24448
196.247 1.84441 109.037 -1.37928
196.303 1.76219 109.138 -1.5126
196.358 1.67549 109.232 -1.61474
196.413 1.58429 109.321 -1.68978
196.469 1.48902 109.406 -1.73808
196.524 1.39198 109.485 -1.75927
196.579 1.29525 109.559 -1.73606
196.635 1.2009 109.627 -1.67895
196.69 1.11037 109.691 -1.60231
196.745 1.0249 109.749 -1.50342
196.801 0.94586 109.804 -1.37538
196.856 0.874453 109.853 -1.23242
196.911 0.811051 109.9 -1.0824
196.967 0.756458 109.943 -0.919879
197.022 0.710858 109.983 -0.754889
197.079 0.674443 110.022 -0.574218
197.135 0.648206 110.059 -0.393178
197.191 0.632103 110.095 -0.217698
197.246 0.625944 110.129 -0.0410338
197.301 0.629334 110.164 0.127755
197.357 0.642724 110.199 0.307724
197.412 0.664527 110.236 0.451244
197.468 0.693944 110.273 0.582933
197.523 0.730189 110.313 0.692382
197.578 0.771666 110.355 0.787406
197.634 0.817296 110.399 0.841467
197.689 0.865248 110.446 0.877469
197.745 0.914173 110.496 0.88459
197.8 0.963043 110.548 0.867757
197.856 1.01001 110.603 0.830097
197.911 1.05385 110.661 0.762946
197.967 1.09363 110.72 0.690679
198.022 1.12979 110.783 0.620648
198.079 1.16242 110.847 0.548764
198.135 1.19179 110.913 0.508807
198.191 1.21921 110.981 0.471957
198.247 1.24519 111.051 0.456685
198.303 1.27088 111.121 0.458051
198.36 1.29679 111.194 0.461276
198.416 1.32298 111.267 0.472249
198.472 1.34924 111.343 0.465826
198.528 1.37566 111.419 0.472478
198.584 1.40227 111.498 0.483444
198.64 1.43077 111.577 0.528456
198.697 1.46269 111.659 0.601467
198.753 1.49984 111.742 0.702951
198.809 1.54374 111.828 0.83381
198.865 1.59687 111.916 1.0177
198.921 1.66049 112.008 1.20939
198.978 1.73525 112.104 1.41054
199.034 1.82166 112.204 1.62445
199.09 1.92009 112.31 1.84172
199.146 2.0306 112.421 2.04837
199.202 2.15211 112.539 2.23416
199.258 2.28314 112.665 2.39797
199.315 2.42201 112.798 2.51594
199.371 2.5664 112.939 2.60101
199.427 2.71449 113.088 2.65496
199.483 2.86435 113.245 2.6723
199.539 3.01438 113.411 2.67338
199.596 3.16447 113.586 2.66776
199.652 3.31489 113.769 2.68684
199.708 3.46649 113.96 2.70858
199.764 3.62 114.16 2.74534
199.82 3.77554 114.368 2.78894
199.873 3.92524 114.573 2.86145
199.926 4.07898 114.785 2.93957
199.979 4.23706 115.006 3.01844
200.033 4.40469 115.242 3.11342
200.089 4.58127 115.493 3.20958
200.145 4.76476 115.757 3.30318
200.201 4.95342 116.031 3.38935
200.258 5.14693 116.316 3.47724
200.314 5.34503 116.613 3.55074
200.37 5.54731 116.92 3.62199
200.426 5.75335 117.239 3.68744
200.483 5.96268 117.569 3.74324
200.539 6.17501 117.912 3.79204
200.595 6.39009 118.266 3.83821
200.651 6.60634 118.633 3.8492
200.708 6.82197 119.012 3.83256
200.764 7.03659 119.403 3.80582
200.82 7.24876 119.805 3.75208
200.876 7.45722 120.22 3.67643
200.933 7.66082 120.646 3.58129
200.989 7.85932 121.084 3.50254
201.045 8.05186 121.532 3.36972
201.101 8.23598 121.991 3.21418
201.157 8.41008 122.459 3.023
201.213 8.57319 122.937 2.82123
201.27 8.72378 123.424 2.58104
201.326 8.85965 123.919 2.3082
201.382 8.98029 124.421 2.04168
201.438 9.0854 124.929 1.75437
201.494 9.17444 125.442 1.46756
201.551 9.24665 125.96 1.15753
201.607 9.30017 126.482 0.811999
201.663 9.33353 127.005 0.444198
201.719 9.34529 127.53 0.0521148
201.775 9.33407 128.055 -0.363957
201.831 9.29911 128.578 -0.800007
201.883 9.24543 129.057 -1.1871
201.932 9.17702 129.505 -1.55097
201.981 9.0907 129.95 -1.9203
202.033 8.97784 130.422 -2.31309
202.086 8.84592 130.891 -2.63298
202.138 8.69687 131.352 -2.95134
202.192 8.52862 131.818 -3.19556
202.247 8.34863 132.28 -3.3318
202.303 8.1619 132.736 -3.38437
202.358 7.97672 133.182 -3.30481
202.413 7.79741 133.617 -3.20698
202.469 7.62222 134.043 -3.1377
202.524 7.45045 134.459 -3.091
202.579 7.28074 134.866 -3.05723
202.635 7.1101 135.263 -3.08739
202.69 6.93911 135.651 -3.09212
202.745 6.77001 136.029 -3.01615
202.801 6.60765 136.399 -2.86785
202.856 6.45603 136.759 -2.64994
202.911 6.31989 137.112 -2.33853
202.967 6.20124 137.458 -2.01207
203.022 6.10048 137.8 -1.67141
203.079 6.01846 138.139 -1.32976
203.13 5.95867 138.449 -1.05171
203.176 5.91469 138.721 -0.880905
203.223 5.87671 138.996 -0.763583
203.273 5.83912 139.291 -0.744354
203.326 5.8005 139.596 -0.739098
203.38 5.75931 139.907 -0.804319
203.434 5.71265 140.22 -0.896674
203.49 5.65838 140.536 -1.03218
203.545 5.59585 140.847 -1.1804
203.601 5.52562 141.155 -1.33117
203.656 5.44652 141.459 -1.49425
203.712 5.35858 141.758 -1.6443
203.767 5.26287 142.052 -1.77777
203.823 5.16003 142.341 -1.89899
203.878 5.05171 142.623 -1.98596
203.933 4.93918 142.9 -2.05737
203.989 4.82229 143.17 -2.14319
204.045 4.69833 143.436 -2.26658
204.101 4.56481 143.696 -2.45309
204.157 4.41904 143.947 -2.69484
204.213 4.25841 144.19 -2.96177
204.27 4.08404 144.423 -3.1896
204.326 3.90049 144.647 -3.30552
204.382 3.71366 144.86 -3.32983
204.438 3.52919 145.062 -3.23999
204.494 3.3528 145.254 -3.06313
204.551 3.18833 145.437 -2.82343
204.607 3.03854 145.611 -2.56233
204.663 2.90529 145.777 -2.24358
204.719 2.79083 145.936 -1.90387
204.775 2.69618 146.09 -1.53902
204.831 2.62212 146.239 -1.17401
204.888 2.56738 146.384 -0.859125
204.944 2.52895 146.527 -0.592783
205 2.49984 146.668 -0.494063
205.056 2.47223 146.808 -0.509948
205.112 2.4404 146.946 -0.620878
205.169 2.40084 147.081 -0.771924
205.225 2.35137 147.215 -0.957675
205.281 2.29026 147.345 -1.18339
205.337 2.21616 147.471 -1.41531
205.393 2.12784 147.593 -1.68023
205.449 2.0241 147.709 -1.9596
205.506 1.90412 147.818 -2.25465
205.562 1.76712 147.921 -2.56682
205.618 1.61173 148.015 -2.89661
205.674 1.43794 148.1 -3.21777
205.73 1.24695 148.174 -3.51414
205.787 1.04052 148.237 -3.77644
205.843 0.821397 148.288 -3.97001
205.899 0.594555 148.327 -4.06726
205.955 0.364543 148.353 -4.10955
206.011 0.133278 148.365 -4.11297
206.067 -0.0950841 148.365 -4.01757
206.124 -0.315992 148.352 -3.86451
206.18 -0.525687 148.327 -3.62372
206.236 -0.7182 148.291 -3.29523
206.292 -0.890738 148.245 -2.9108
206.348 -1.03855 148.19 -2.4336
206.404 -1.15753 148.127 -1.89662
206.461 -1.2441 148.059 -1.29881
206.517 -1.29511 147.987 -0.636894
206.573 -1.30713 147.914 0.075309
206.629 -1.27838 147.841 0.806281
206.685 -1.20867 147.772 1.52597
206.742 -1.09925 147.707 2.22667
206.798 -0.951367 147.65 2.88752
206.854 -0.770144 147.603 3.43461
206.91 -0.563422 147.567 3.8209
206.966 -0.341247 147.542 4.01354
207.022 -0.114763 147.531 4.01633
207.079 0.104284 147.532 3.79413
207.135 0.304906 147.545 3.41172
207.191 0.480505 147.568 2.92214
207.247 0.627593 147.6 2.41932
207.303 0.746963 147.639 1.92823
207.36 0.840412 147.684 1.49219
207.416 0.911059 147.734 1.10955
207.472 0.962889 147.787 0.809765
207.528 1.00082 147.843 0.592319
207.584 1.02912 147.9 0.448102
207.64 1.0518 147.958 0.381243
207.697 1.07239 148.018 0.361688
207.753 1.09312 148.079 0.382233
207.809 1.11699 148.141 0.458209
207.865 1.14668 148.205 0.581479
207.921 1.18477 148.271 0.74613
207.978 1.23391 148.339 0.963617
208.034 1.29579 148.41 1.19115
208.09 1.37039 148.485 1.42223
208.146 1.45822 148.565 1.65584
208.202 1.55845 148.651 1.86864
208.258 1.6706 148.742 2.0814
208.315 1.79391 148.84 2.26821
208.371 1.92636 148.945 2.41265
208.427 2.0651 149.058 2.50977
208.483 2.20829 149.179 2.56833
208.539 2.35288 149.308 2.56968
208.596 2.49635 149.445 2.5379
208.652 2.63693 149.59 2.47237
208.708 2.7722 149.742 2.36989
208.764 2.90186 149.903 2.27167
208.82 3.02614 150.07 2.16922
208.876 3.14485 150.244 2.06677
208.933 3.25921 150.424 2.0073
208.989 3.37011 150.611 1.94702
209.045 3.47793 150.804 1.90662
209.101 3.58405 151.003 1.8811
209.157 3.68899 151.208 1.85642
209.213 3.79362 151.419 1.8624
209.27 3.8982 151.636 1.86544
209.326 4.00345 151.858 1.87995
209.382 4.109 152.087 1.8817
209.438 4.21474 152.321 1.87999
209.494 4.31943 152.561 1.85237
209.551 4.42129 152.807 1.78879
209.607 4.51849 153.059 1.68425
209.663 4.60832 153.316 1.53409
209.719 4.68817 153.578 1.34318
209.775 4.75559 153.843 1.0989
209.83 4.80702 154.106 0.823683
209.883 4.84167 154.363 0.539438
209.936 4.86155 154.62 0.277444
209.989 4.86759 154.878 0.00627057
210.045 4.85867 155.148 -0.274053
210.101 4.83494 155.421 -0.526586
210.157 4.79684 155.691 -0.779775
210.213 4.74459 155.959 -1.02433
210.27 4.67942 156.223 -1.25038
210.326 4.60272 156.484 -1.44019
210.382 4.51518 156.739 -1.63787
210.438 4.41736 156.99 -1.81526
210.494 4.30813 157.234 -2.0233
210.551 4.18866 157.472 -2.19637
210.607 4.05884 157.703 -2.39163
210.663 3.91778 157.927 -2.58949
210.717 3.77003 158.135 -2.80639
210.772 3.61035 158.335 -3.02347
210.826 3.43832 158.525 -3.25545
210.88 3.25438 158.706 -3.46267
210.935 3.06037 158.877 -3.6333
210.989 2.85828 159.037 -3.77546
211.045 2.64306 159.189 -3.89877
211.101 2.42108 159.33 -3.98026
211.157 2.19603 159.459 -4.02655
211.213 1.96978 159.574 -4.01825
211.27 1.74563 159.678 -3.96406
211.326 1.52606 159.768 -3.86185
211.382 1.31405 159.847 -3.70592
211.438 1.11227 159.914 -3.51691
211.494 0.922364 159.97 -3.2787
211.551 0.747164 160.016 -3.00904
211.607 0.588363 160.052 -2.702
211.663 0.447334 160.08 -2.38231
211.719 0.324868 160.101 -2.04506
211.775 0.221926 160.116 -1.68663
211.831 0.13902 160.126 -1.33214
211.888 0.0771986 160.131 -0.945964
211.944 0.0383393 160.134 -0.517554
212 0.024668 160.136 -0.0533823
212.056 0.0382116 160.137 0.435991
212.112 0.0794811 160.141 0.933108
212.169 0.148528 160.147 1.42005
212.225 0.243851 160.159 1.88407
212.281 0.365232 160.177 2.33427
212.337 0.50923 160.202 2.71729
212.393 0.674056 160.236 3.07065
212.449 0.857345 160.28 3.37904
212.506 1.05501 160.335 3.60629
212.562 1.26294 160.401 3.75575
212.618 1.47623 160.479 3.81242
212.674 1.6913 160.569 3.83074
212.73 1.90572 160.671 3.80649
212.787 2.11814 160.786 3.75869
212.843 2.32752 160.912 3.71297
212.899 2.53456 161.05 3.66786
212.955 2.73886 161.199 3.61338
213.011 2.94024 161.359 3.56319
213.067 3.13847 161.531 3.50661
213.124 3.33358 161.714 3.44799
213.18 3.52479 161.908 3.37413
213.236 3.71153 162.112 3.28926
213.292 3.89429 162.327 3.22531
213.348 4.07252 162.552 3.14558
213.404 4.24715 162.787 3.08469
213.461 4.41898 163.031 3.04789
213.517 4.58962 163.285 3.03796
213.573 4.75989 163.549 3.02136
213.629 4.92954 163.822 3.02129
213.685 5.09797 164.104 2.98119
213.742 5.26367 164.396 2.92593
213.798 5.42414 164.697 2.80373
213.854 5.57648 165.007 2.65621
213.91 5.71887 165.325 2.45056
213.966 5.84859 165.651 2.2163
214.022 5.96405 165.984 1.94883
214.079 6.0641 166.322 1.66295
214.135 6.14703 166.666 1.33947
214.191 6.21031 167.013 0.977404
214.247 6.25186 167.364 0.572381
214.303 6.26861 167.716 0.109416
214.36 6.25885 168.068 -0.368353
214.416 6.21994 168.418 -0.909336
214.472 6.14999 168.765 -1.47416
214.528 6.04809 169.108 -2.03299
214.584 5.91576 169.443 -2.56655
214.64 5.75572 169.77 -3.03238
214.697 5.57118 170.087 -3.43909
214.753 5.36539 170.393 -3.79957
214.809 5.14261 170.687 -4.07407
214.865 4.90598 170.968 -4.2908
214.921 4.65921 171.236 -4.44681
214.978 4.40596 171.489 -4.54895
215.034 4.14844 171.728 -4.60457
215.09 3.88925 171.952 -4.61498
215.146 3.62981 172.162 -4.61476
215.202 3.37082 172.357 -4.60862
215.258 3.11226 172.538 -4.60406
215.315 2.85259 172.704 -4.63757
215.371 2.59006 172.855 -4.69526
215.427 2.32422 172.992 -4.76005
215.483 2.05471 173.113 -4.82117
215.539 1.78128 173.22 -4.89534
215.596 1.50566 173.31 -4.91847
215.652 1.22929 173.386 -4.90983
215.708 0.957347 173.446 -4.79793
215.764 0.692122 173.49 -4.65814
215.82 0.43741 173.521 -4.4382
215.876 0.197443 173.537 -4.15877
215.933 -0.0253975 173.54 -3.82646
215.989 -0.227312 173.532 -3.42947
216.045 -0.405099 173.513 -2.98266
216.101 -0.555802 173.485 -2.47634
216.157 -0.676461 173.45 -1.92387
216.213 -0.765224 173.409 -1.35033
216.27 -0.821676 173.364 -0.783959
216.326 -0.847712 173.316 -0.2523
216.382 -0.84526 173.269 0.227392
216.438 -0.817939 173.222 0.653912
216.494 -0.767599 173.178 1.04383
216.551 -0.696873 173.137 1.40514
216.607 -0.606964 173.101 1.72261
216.663 -0.500197 173.07 2.01514
216.719 -0.378002 173.046 2.2815
216.775 -0.241865 173.029 2.51516
216.831 -0.0939092 173.021 2.70738
216.888 0.0637127 173.021 2.8644
216.944 0.227554 173.03 2.93958
217 0.392059 173.048 2.91197
217.056 0.553303 173.076 2.84183
217.112 0.709815 173.112 2.75056
217.169 0.859936 173.157 2.61162
217.225 1.00248 173.21 2.49039
217.281 1.13804 173.271 2.35664
217.337 1.26668 173.339 2.24586
217.393 1.39007 173.415 2.17187
217.449 1.51065 173.497 2.13252
217.505 1.62893 173.585 2.11871
217.56 1.74531 173.678 2.11857
217.615 1.86278 173.778 2.15214
217.67 1.98282 173.885 2.20206
217.725 2.10563 173.998 2.25915
217.78 2.2321 174.118 2.32511
217.835 2.36129 174.245 2.36062
217.89 2.49189 174.379 2.38307
217.945 2.62324 174.52 2.39164
218 2.75461 174.669 2.39086
218.056 2.88851 174.828 2.3753
218.112 3.02039 174.995 2.31739
218.169 3.14888 175.169 2.24928
218.225 3.27174 175.35 2.1465
218.281 3.38888 175.538 2.04282
218.337 3.5009 175.732 1.9505
218.393 3.60701 175.932 1.84979
218.449 3.70791 176.138 1.76685
218.506 3.80416 176.35 1.6718
218.562 3.89586 176.567 1.61642
218.618 3.9856 176.788 1.59254
218.674 4.07518 177.015 1.58155
218.73 4.16682 177.247 1.65281
218.787 4.26259 177.485 1.75593
218.843 4.36712 177.728 1.93604
218.899 4.48307 177.977 2.16068
218.955 4.61355 178.233 2.43826
219.011 4.76016 178.497 2.72775
219.067 4.92469 178.77 3.06924
219.124 5.10901 179.053 3.43263
219.18 5.31506 179.347 3.82905
219.236 5.5432 179.653 4.22703
219.292 5.79493 179.973 4.65814
219.348 6.07265 180.307 5.13545
219.404 6.37412 180.659 5.51746
219.461 6.69719 181.027 5.90467
219.517 7.04249 181.415 6.29654
219.573 7.40801 181.823 6.65767
219.629 7.79474 182.252 7.03625
219.685 8.19973 182.704 7.31016
219.742 8.61931 183.178 7.53822
219.798 9.04644 183.677 7.65162
219.854 9.47652 184.2 7.64279
219.91 9.90045 184.747 7.44191
219.966 10.3069 185.317 7.07748
220.022 10.6877 185.909 6.54679
220.079 11.0345 186.521 5.9098
220.135 11.3444 187.151 5.24205
220.191 11.6134 187.798 4.47205
220.247 11.8378 188.458 3.67388
220.303 12.0164 189.129 2.83671
220.36 12.1464 189.809 1.9592
220.416 12.2274 190.494 1.09572
220.47 12.2597 191.157 0.261149
220.524 12.2501 191.82 -0.466954
220.579 12.2012 192.497 -1.15025
220.635 12.1172 193.17 -1.75437
220.69 12.0022 193.837 -2.27836
220.742 11.871 194.461 -2.66136
220.795 11.7185 195.084 -3.02089
220.849 11.5452 195.71 -3.34503
220.903 11.3544 196.326 -3.6741
220.957 11.1456 196.931 -4.01581
221.011 10.9151 197.53 -4.39467
221.067 10.6538 198.134 -4.83653
221.124 10.3657 198.723 -5.33365
221.18 10.0467 199.295 -5.91228
221.236 9.69355 199.847 -6.53145
221.292 9.30698 200.379 -7.10672
221.348 8.89183 200.888 -7.57161
221.404 8.45434 201.373 -7.90516
221.461 8.00263 201.833 -8.10576
221.517 7.54212 202.267 -8.23092
221.573 7.07714 202.675 -8.30359
221.629 6.61087 203.057 -8.28998
221.685 6.14674 203.413 -8.23588
221.742 5.68667 203.742 -8.14002
221.798 5.23523 204.047 -7.95367
221.854 4.79565 204.326 -7.72061
221.91 4.37302 204.581 -7.37717
221.966 3.96946 204.813 -7.04879
222.022 3.58564 205.023 -6.68936
222.079 3.22124 205.212 -6.35529
222.135 2.87485 205.381 -6.04432
222.191 2.54456 205.531 -5.77209
222.247 2.22868 205.664 -5.52385
222.303 1.92624 205.779 -5.29486
222.36 1.63634 205.877 -5.06756
222.416 1.35849 205.959 -4.86077
222.472 1.09281 206.027 -4.6473
222.528 0.837969 206.08 -4.47179
222.584 0.592596 206.118 -4.30595
222.64 0.355639 206.144 -4.16703
222.697 0.125101 206.156 -4.05808
222.753 -0.0987848 206.155 -3.93333
222.809 -0.315049 206.142 -3.79302
222.865 -0.522448 206.118 -3.62463
222.921 -0.719633 206.082 -3.42821
222.978 -0.90491 206.035 -3.2059
223.034 -1.07748 205.978 -2.97645
223.09 -1.23615 205.912 -2.71169
223.146 -1.37975 205.838 -2.44969
223.202 -1.5082 205.756 -2.17822
223.258 -1.6207 205.667 -1.88144
223.315 -1.71663 205.573 -1.5948
223.371 -1.79578 205.474 -1.28872
223.427 -1.85763 205.371 -0.979569
223.483 -1.90303 205.265 -0.695551
223.539 -1.93179 205.157 -0.38691
223.596 -1.94234 205.048 -0.0473767
223.652 -1.93289 204.939 0.312411
223.708 -1.90305 204.831 0.679767
223.764 -1.85242 204.726 1.04598
223.82 -1.78094 204.624 1.42509
223.876 -1.68852 204.527 1.79259
223.933 -1.5758 204.436 2.15024
223.989 -1.4433 204.352 2.49095
224.045 -1.29319 204.276 2.78698
224.101 -1.1277 204.209 3.04783
224.157 -0.948438 204.151 3.28106
224.213 -0.757855 204.104 3.46551
224.27 -0.557379 204.069 3.6284
224.326 -0.348263 204.044 3.78478
224.382 -0.130787 204.032 3.93006
224.438 0.0943934 204.032 4.05658
224.494 0.32685 204.045 4.18595
224.551 0.565856 204.072 4.30533
224.607 0.812811 204.112 4.46205
224.663 1.07011 204.166 4.66356
224.719 1.33911 204.235 4.86908
224.775 1.62015 204.32 5.1002
224.831 1.91573 204.421 5.38048
224.888 2.22854 204.539 5.69634
224.944 2.56036 204.675 6.04036
224.991 2.85436 204.804 6.36714
225.042 3.19027 204.96 6.70906
225.096 3.56431 205.144 7.08665
225.151 3.96519 205.353 7.44917
225.206 4.38736 205.586 7.79429
225.262 4.83297 205.846 8.07975
225.318 5.29253 206.131 8.29595
225.374 5.75935 206.443 8.37161
225.428 6.2155 206.772 8.3308
225.483 6.66799 207.129 8.13865
225.538 7.10521 207.51 7.81428
225.593 7.52021 207.914 7.36598
225.648 7.90868 208.34 6.85287
225.703 8.26656 208.787 6.28363
225.758 8.59293 209.252 5.69946
225.813 8.8861 209.734 5.08415
225.868 9.14527 210.232 4.48037
225.923 9.37354 210.742 3.93454
225.978 9.57188 211.264 3.39805
226.034 9.74452 211.803 2.9034
226.09 9.89208 212.355 2.4497
226.146 10.0153 212.915 2.02874
226.202 10.1152 213.481 1.61416
226.258 10.192 214.052 1.19322
226.315 10.245 214.627 0.78089
226.371 10.2745 215.204 0.351789
226.427 10.2793 215.781 -0.0920638
226.482 10.261 216.342 -0.494811
226.535 10.2223 216.884 -0.89406
226.589 10.1613 217.435 -1.27939
226.643 10.08 217.983 -1.64156
226.697 9.97939 218.525 -1.99604
226.751 9.86092 219.061 -2.31148
226.805 9.72682 219.591 -2.59162
226.859 9.57826 220.113 -2.84694
226.913 9.41754 220.626 -3.05296
226.968 9.24543 221.13 -3.26152
227.022 9.05985 221.632 -3.4537
227.079 8.85987 222.134 -3.62842
227.135 8.65135 222.625 -3.77305
227.189 8.44319 223.087 -3.89029
227.242 8.23284 223.531 -3.97181
227.295 8.02248 223.956 -4.03409
227.348 7.80723 224.376 -4.05832
227.402 7.58804 224.791 -4.0309
227.457 7.36811 225.201 -3.97896
227.513 7.15061 225.602 -3.87951
227.568 6.94063 225.991 -3.73844
227.623 6.73961 226.369 -3.5638
227.679 6.54947 226.736 -3.35665
227.734 6.37111 227.093 -3.13046
227.789 6.20496 227.44 -2.90246
227.845 6.05243 227.779 -2.66028
227.9 5.91329 228.109 -2.40509
227.956 5.78844 228.433 -2.15672
228.011 5.67665 228.751 -1.91052
228.067 5.57865 229.063 -1.65785
228.122 5.49467 229.37 -1.41064
228.178 5.42479 229.673 -1.15712
228.234 5.36781 229.976 -0.912096
228.29 5.32511 230.277 -0.65732
228.347 5.29678 230.575 -0.405473
228.403 5.28217 230.873 -0.16359
228.459 5.28081 231.17 0.0673306
228.516 5.29213 231.468 0.283867
228.572 5.31505 231.767 0.485981
228.628 5.34852 232.067 0.666328
228.685 5.39144 232.37 0.824128
228.741 5.44247 232.675 0.963119
228.797 5.49984 232.984 1.05931
228.854 5.56225 233.295 1.13164
228.908 5.6252 233.599 1.16963
228.959 5.68436 233.889 1.13721
229.011 5.74105 234.188 1.04641
229.067 5.79442 234.512 0.87482
229.124 5.83548 234.839 0.62853
229.18 5.86001 235.168 0.299533
229.236 5.86347 235.497 -0.104073
229.292 5.84236 235.826 -0.566768
229.348 5.79355 236.153 -1.06442
229.404 5.71683 236.476 -1.56903
229.461 5.61206 236.793 -2.05669
229.517 5.48313 237.104 -2.43979
229.573 5.33415 237.407 -2.78379
229.629 5.16737 237.702 -3.08046
229.685 4.98708 237.986 -3.28423
229.742 4.79673 238.26 -3.44464
229.798 4.5997 238.523 -3.53699
229.854 4.39981 238.774 -3.56241
229.91 4.20069 239.015 -3.52815
229.961 4.02147 239.225 -3.45551
230.011 3.85216 239.419 -3.38839
230.067 3.66742 239.627 -3.28601
230.122 3.48795 239.825 -3.19276
230.178 3.31094 240.015 -3.11769
230.235 3.13809 240.196 -3.03907
230.291 2.96886 240.367 -2.99215
230.347 2.80225 240.528 -2.94284
230.404 2.63866 240.68 -2.88316
230.46 2.47831 240.823 -2.82651
230.516 2.32065 240.957 -2.78748
230.572 2.1644 241.083 -2.76876
230.629 2.00933 241.199 -2.74953
230.685 1.85582 241.307 -2.71325
230.741 1.70557 241.406 -2.63292
230.797 1.56182 241.497 -2.49315
230.854 1.42803 241.581 -2.29304
230.91 1.30694 241.657 -2.05392
230.966 1.20016 241.727 -1.79133
231.022 1.10853 241.791 -1.51864
231.079 1.03215 241.851 -1.25675
231.135 0.969792 241.907 -1.00967
231.191 0.920716 241.959 -0.785475
231.247 0.8833 242.01 -0.590769
231.303 0.855928 242.058 -0.422354
231.36 0.837279 242.106 -0.277033
231.416 0.825021 242.152 -0.184503
231.472 0.817559 242.198 -0.104614
231.528 0.813101 242.244 -0.0664557
231.584 0.809686 242.29 -0.0557007
231.64 0.807075 242.335 -0.0433145
231.697 0.804955 242.38 -0.028624
231.753 0.804197 242.426 -0.00129849
231.809 0.805767 242.471 0.0506004
231.865 0.811508 242.516 0.141735
231.921 0.822889 242.562 0.252221
231.978 0.841391 242.609 0.387048
232.034 0.868841 242.657 0.554962
232.09 0.905656 242.707 0.722523
232.146 0.951934 242.76 0.890309
232.202 1.00737 242.815 1.04767
232.258 1.07087 242.874 1.18248
232.315 1.14113 242.936 1.29301
232.371 1.2161 243.003 1.35891
232.427 1.29355 243.074 1.38916
232.483 1.37167 243.149 1.38656
232.539 1.4483 243.229 1.34863
232.596 1.52223 243.313 1.29031
232.652 1.5921 243.4 1.20899
232.708 1.65683 243.492 1.11121
232.764 1.71559 243.587 0.998363
232.82 1.76779 243.685 0.8849
232.876 1.81439 243.786 0.794443
232.933 1.85725 243.89 0.745918
232.989 1.89832 243.995 0.727152
233.045 1.93976 244.103 0.752647
233.101 1.98431 244.214 0.823791
233.157 2.03363 244.327 0.918738
233.213 2.08933 244.443 1.04428
233.27 2.15376 244.563 1.21579
233.326 2.22832 244.686 1.40458
233.382 2.31438 244.814 1.62058
233.438 2.41302 244.947 1.84105
233.494 2.52489 245.087 2.09558
233.551 2.65092 245.233 2.3437
233.606 2.78892 245.384 2.59244
233.661 2.93868 245.541 2.82917
233.715 3.09981 245.707 3.00544
233.77 3.26724 245.883 3.07712
233.825 3.43571 246.067 3.06849
233.88 3.60073 246.261 2.96393
233.934 3.75656 246.463 2.74985
233.989 3.89775 246.673 2.45914
234.045 4.02326 246.895 2.09368
234.101 4.12716 247.125 1.68382
234.157 4.20772 247.36 1.25401
234.213 4.26379 247.598 0.830461
234.27 4.29606 247.839 0.407966
234.326 4.30686 248.081 0.0465559
234.382 4.29926 248.322 -0.247322
234.438 4.27948 248.563 -0.455413
234.494 4.2487 248.803 -0.592262
234.551 4.21477 249.04 -0.58257
234.607 4.1831 249.276 -0.524179
234.658 4.16256 249.489 -0.304582
234.711 4.15588 249.708 0.0018991
234.764 4.16814 249.931 0.38517
234.818 4.20421 250.156 0.868843
234.871 4.26729 250.383 1.39652
234.925 4.35999 250.615 1.95452
234.979 4.48186 250.852 2.47965
235.034 4.63612 251.104 3.00004
235.09 4.82072 251.371 3.46501
235.146 5.02809 251.648 3.83294
235.202 5.25312 251.938 4.11122
235.258 5.49158 252.241 4.3311
235.315 5.74035 252.558 4.48317
235.371 5.99514 252.889 4.56732
235.427 6.25444 253.235 4.64468
235.483 6.51688 253.595 4.68893
235.539 6.78198 253.97 4.74119
235.596 7.05024 254.36 4.79164
235.652 7.3213 254.765 4.85619
235.708 7.59595 255.186 4.90347
235.764 7.87331 255.622 4.95852
235.82 8.15354 256.074 4.99189
235.876 8.4341 256.541 4.99544
235.933 8.71405 257.025 4.96651
235.989 8.99123 257.524 4.90793
236.045 9.26425 258.038 4.83202
236.101 9.53297 258.567 4.75491
236.157 9.79671 259.112 4.66448
236.213 10.0558 259.671 4.57903
236.27 10.3102 260.245 4.49936
236.326 10.5603 260.832 4.42067
236.382 10.8062 261.434 4.34829
236.438 11.0485 262.049 4.28998
236.494 11.2878 262.678 4.23779
236.551 11.5244 263.32 4.20032
236.607 11.7595 263.975 4.17232
236.663 11.9927 264.644 4.14086
236.719 12.2244 265.325 4.11517
236.775 12.4547 266.02 4.09142
236.831 12.6836 266.727 4.06289
236.888 12.9104 267.448 4.02271
236.944 13.1351 268.18 3.97447
237 13.3558 268.926 3.89088
237.056 13.5707 269.683 3.77181
237.112 13.7758 270.446 3.61582
237.167 13.9689 271.217 3.37213
237.223 14.1464 272.007 3.00583
237.28 14.2991 272.808 2.49969
237.336 14.4184 273.617 1.84614
237.392 14.4967 274.431 1.07143
237.449 14.5283 275.248 0.209339
237.505 14.5095 276.065 -0.692368
237.561 14.4399 276.88 -1.59855
237.617 14.3212 277.688 -2.43854
237.674 14.1573 278.489 -3.2135
237.73 13.9525 279.279 -3.90782
237.786 13.7109 280.056 -4.53491
237.842 13.4358 280.818 -5.11763
237.899 13.1294 281.564 -5.65765
237.955 12.7938 282.292 -6.1645
238.011 12.4329 282.999 -6.57196
238.067 12.0515 283.685 -6.92597
238.124 11.6537 284.349 -7.16765
238.173 11.2977 284.911 -7.26768
238.221 10.9475 285.444 -7.29629
238.272 10.5769 285.991 -7.21764
238.325 10.1996 286.539 -7.0568
238.379 9.82548 287.079 -6.79451
238.434 9.46274 287.606 -6.47098
238.489 9.11657 288.12 -6.08189
238.545 8.79214 288.615 -5.6817
238.6 8.48914 289.093 -5.29222
238.656 8.20969 289.555 -4.85675
238.711 7.95441 290.002 -4.41961
238.767 7.72403 290.436 -3.96983
238.822 7.51787 290.857 -3.5491
238.878 7.334 291.269 -3.15454
238.933 7.17112 291.67 -2.79664
238.989 7.02535 292.063 -2.52094
239.045 6.89094 292.452 -2.32651
239.101 6.76491 292.835 -2.18656
239.157 6.645 293.211 -2.10981
239.213 6.52794 293.581 -2.0652
239.27 6.41291 293.944 -2.03024
239.326 6.30095 294.3 -1.97327
239.382 6.19195 294.65 -1.91382
239.438 6.08764 294.995 -1.81593
239.494 5.98991 295.333 -1.68585
239.551 5.90155 295.667 -1.48659
239.607 5.82712 295.996 -1.21355
239.663 5.76969 296.321 -0.883428
239.719 5.73273 296.644 -0.503562
239.775 5.71938 296.965 -0.0550416
239.831 5.73258 297.287 0.428902
239.888 5.77422 297.61 0.961206
239.944 5.84683 297.937 1.51757
240 5.95151 298.269 2.08599
240.056 6.08841 298.608 2.67007
240.112 6.25769 298.955 3.24176
240.169 6.45841 299.314 3.78842
240.225 6.68773 299.684 4.27105
240.281 6.94311 300.068 4.70752
240.337 7.21944 300.467 5.04924
240.393 7.51184 300.883 5.3089
240.449 7.81609 301.315 5.47601
240.506 8.12764 301.765 5.58916
240.562 8.44387 302.232 5.6494
240.618 8.76256 302.717 5.69243
240.674 9.08372 303.22 5.73259
240.73 9.40724 303.741 5.77376
240.787 9.73369 304.281 5.83174
240.843 10.0625 304.839 5.86587
240.899 10.3936 305.415 5.91675
240.955 10.727 306.01 5.94243
241.011 11.0612 306.624 5.95538
241.067 11.3957 307.257 5.94314
241.124 11.7279 307.908 5.89481
241.18 12.0563 308.578 5.82156
241.236 12.3796 309.267 5.70711
241.292 12.6937 309.968 5.57701
241.347 12.9966 310.681 5.4017
241.402 13.2888 311.41 5.19462
241.458 13.57 312.154 5.00216
241.513 13.8402 312.914 4.79635
241.568 14.0983 313.688 4.56815
241.624 14.3448 314.477 4.37009
241.679 14.58 315.278 4.16825
241.734 14.8055 316.092 4.01298
241.79 15.0225 316.919 3.86475
241.845 15.2325 317.757 3.74881
241.9 15.4368 318.607 3.65281
241.956 15.6363 319.467 3.58027
242.011 15.8325 320.342 3.50341
242.067 16.0269 321.238 3.43555
242.124 16.2169 322.145 3.34854
242.18 16.4014 323.062 3.24109
242.236 16.5791 323.989 3.10012
242.292 16.7468 324.926 2.90689
242.348 16.9025 325.873 2.67958
242.404 17.0435 326.827 2.39181
242.461 17.1675 327.789 2.07732
242.517 17.2725 328.757 1.72478
242.573 17.3574 329.73 1.36167
242.629 17.4216 330.708 0.994308
242.685 17.4652 331.688 0.629452
242.742 17.4892 332.67 0.289858
242.798 17.4944 333.653 -0.0345661
242.854 17.4821 334.635 -0.33932
242.91 17.4534 335.617 -0.623863
242.966 17.4099 336.596 -0.869933
243.022 17.3528 337.572 -1.11371
243.079 17.2827 338.544 -1.3393
243.135 17.2 339.513 -1.56188
243.191 17.1044 340.476 -1.79669
243.247 16.9952 341.433 -2.0458
243.303 16.8716 342.384 -2.30983
243.36 16.7322 343.327 -2.59464
243.416 16.5771 344.262 -2.87282
243.472 16.4075 345.187 -3.11586
243.528 16.2239 346.103 -3.36609
243.584 16.027 347.008 -3.59785
243.64 15.8183 347.901 -3.7908
243.697 15.5994 348.783 -3.96707
243.753 15.3716 349.651 -4.11478
243.809 15.1359 350.507 -4.23029
243.865 14.8949 351.349 -4.32286
243.921 14.6497 352.178 -4.3852
243.978 14.4024 352.993 -4.41415
244.034 14.1547 353.793 -4.41352
244.09 13.9072 354.58 -4.38304
244.146 13.6626 355.353 -4.3351
244.202 13.4214 356.113 -4.26119
244.258 13.1851 356.859 -4.16621
244.315 12.9559 357.592 -4.03048
244.371 12.734 358.312 -3.8975
244.427 12.5203 359.02 -3.74193
244.483 12.3159 359.717 -3.56721
244.539 12.1221 360.402 -3.36853
244.596 11.94 361.077 -3.15912
244.652 11.7701 361.742 -2.93037
244.708 11.6135 362.398 -2.68827
244.764 11.4716 363.045 -2.42275
244.82 11.345 363.685 -2.14205
244.876 11.2341 364.319 -1.86001
244.933 11.1396 364.947 -1.56606
244.989 11.0614 365.57 -1.27439
245.043 11.0016 366.173 -0.984342
245.097 10.9585 366.762 -0.692064
245.152 10.9294 367.36 -0.426094
245.207 10.9137 367.961 -0.201081
245.263 10.9082 368.571 -0.0424527
245.319 10.9086 369.18 0.0239743
245.374 10.9079 369.789 -0.0535734
245.43 10.8976 370.398 -0.294404
245.486 10.8671 371.006 -0.738236
245.542 10.8053 371.611 -1.37764
245.598 10.7013 372.211 -2.21077
245.654 10.5453 372.804 -3.19529
245.71 10.3308 373.386 -4.27436
245.765 10.056 373.954 -5.3525
245.821 9.7273 374.499 -6.33947
245.873 9.36529 375.001 -7.20964
245.921 9.00312 375.435 -7.88959
245.965 8.64175 375.822 -8.44055
246.01 8.24317 376.205 -8.95035
246.064 7.75345 376.627 -9.38727
246.118 7.23564 377.03 -9.64806
246.173 6.70026 377.411 -9.76119
246.223 6.21515 377.732 -9.59231
246.272 5.7558 378.021 -9.33299
246.319 5.32056 378.283 -8.99697
246.36 4.96593 378.489 -8.64707
246.405 4.58748 378.702 -8.26498
246.454 4.19188 378.915 -7.91209
246.505 3.79518 379.12 -7.50454
246.559 3.40812 379.31 -7.07996
246.612 3.04466 379.479 -6.72894
246.664 2.70073 379.628 -6.43952
246.717 2.36932 379.76 -6.16427
246.771 2.0413 379.878 -5.94816
246.826 1.72431 379.979 -5.74801
246.88 1.41729 380.063 -5.56628
246.929 1.15238 380.124 -5.39387
246.968 0.942529 380.164 -5.24182
247.01 0.7277 380.198 -5.05854
247.063 0.471355 380.228 -4.78294
247.116 0.223864 380.246 -4.46165
247.171 -0.00840447 380.25 -4.09433
247.226 -0.221917 380.243 -3.71089
247.282 -0.416647 380.224 -3.38317
247.338 -0.59742 380.194 -3.12928
247.394 -0.766281 380.155 -2.94039
247.45 -0.926465 380.106 -2.80561
247.506 -1.08074 380.049 -2.72009
247.562 -1.2309 379.984 -2.64488
247.619 -1.37806 379.91 -2.60874
247.675 -1.52293 379.827 -2.55735
247.731 -1.66428 379.737 -2.48969
247.787 -1.79964 379.639 -2.34781
247.843 -1.9243 379.534 -2.12205
247.895 -2.02667 379.43 -1.82922
247.948 -2.11205 379.321 -1.48467
248 -2.17807 379.208 -1.10239
248.056 -2.22499 379.086 -0.67024
248.111 -2.24753 378.961 -0.220779
248.168 -2.24462 378.834 0.233286
248.219 -2.22081 378.72 0.6261
248.271 -2.17637 378.606 1.0083
248.324 -2.11047 378.492 1.37994
248.379 -2.02377 378.379 1.72778
248.434 -1.91793 378.271 2.03412
248.489 -1.79563 378.168 2.31208
248.545 -1.65899 378.073 2.55991
248.6 -1.5092 377.986 2.7928
248.656 -1.34674 377.908 3.01702
248.711 -1.17119 377.839 3.25702
248.764 -0.991287 377.782 3.48761
248.818 -0.796054 377.736 3.75115
248.872 -0.586967 377.7 4.01925
248.925 -0.362681 377.675 4.31116
248.974 -0.14267 377.664 4.57923
249.02 0.0718921 377.663 4.82367
249.071 0.327055 377.675 5.10383
249.124 0.607024 377.701 5.39529
249.178 0.909633 377.744 5.66807
249.233 1.23032 377.804 5.94921
249.289 1.56941 377.884 6.20662
249.344 1.92133 377.983 6.40756
249.4 2.28351 378.101 6.57554
249.455 2.65501 378.241 6.7487
249.511 3.03038 378.399 6.85275
249.565 3.40507 378.576 6.90771
249.619 3.78159 378.774 6.93069
249.674 4.15662 378.992 6.86649
249.728 4.52612 379.23 6.72794
249.782 4.88543 379.488 6.52394
249.837 5.23213 379.765 6.27048
249.891 5.56321 380.06 5.96084
249.946 5.87571 380.373 5.59633
250 6.16798 380.702 5.23217
250.056 6.44923 381.058 4.85409
250.112 6.71051 381.43 4.52589
250.167 6.94948 381.807 4.22987
250.219 7.15975 382.17 3.99362
250.272 7.36476 382.558 3.75776
250.326 7.56157 382.965 3.5358
250.382 7.75002 383.389 3.32664
250.437 7.92651 383.822 3.1126
250.492 8.09161 384.266 2.906
250.547 8.24452 384.718 2.67959
250.602 8.38588 385.178 2.47027
250.658 8.51455 385.645 2.23071
250.713 8.63094 386.119 2.01546
250.768 8.73385 386.599 1.76756
250.823 8.82379 387.084 1.52856
250.879 8.90091 387.574 1.30085
250.934 8.96518 388.068 1.07429
250.989 9.01642 388.565 0.820635
251.045 9.0549 389.071 0.589493
251.101 9.08024 389.581 0.357651
251.157 9.09113 390.091 0.073216
251.213 9.08728 390.602 -0.17672
251.27 9.06777 391.112 -0.454275
251.326 9.03311 391.62 -0.726234
251.382 8.9839 392.126 -0.975276
251.438 8.9222 392.629 -1.18775
251.494 8.84849 393.128 -1.38637
251.551 8.76513 393.622 -1.5509
251.607 8.67343 394.111 -1.68073
251.663 8.57592 394.595 -1.77282
251.719 8.473 395.074 -1.86969
251.775 8.36489 395.546 -1.95738
251.831 8.25201 396.012 -2.04679
251.888 8.1337 396.472 -2.13983
251.944 8.00966 396.925 -2.26202
252 7.8791 397.37 -2.37167
252.056 7.7419 397.808 -2.48958
252.112 7.59895 398.238 -2.58123
252.169 7.45141 398.66 -2.65526
252.225 7.30099 399.074 -2.68377
252.281 7.14985 399.479 -2.68586
252.337 7.00013 399.876 -2.64966
252.393 6.8537 400.264 -2.58013
252.449 6.71074 400.644 -2.52213
252.506 6.57163 401.016 -2.4451
252.562 6.43727 401.381 -2.34847
252.618 6.30963 401.738 -2.2226
252.674 6.18959 402.089 -2.07465
252.73 6.07878 402.433 -1.89701
252.787 5.97939 402.771 -1.67926
252.843 5.89346 403.104 -1.42241
252.899 5.82398 403.432 -1.09861
252.955 5.77354 403.758 -0.75699
253.011 5.74373 404.081 -0.376728
253.067 5.73759 404.403 0.0658649
253.124 5.75668 404.726 0.525705
253.18 5.8025 405.051 1.01515
253.236 5.87661 405.379 1.51738
253.292 5.97883 405.713 2.01687
253.348 6.10821 406.053 2.49119
253.404 6.26229 406.399 2.9377
253.46 6.44191 406.757 3.36291
253.517 6.64433 407.126 3.7444
253.573 6.86595 407.507 4.06088
253.629 7.10203 407.901 4.29295
253.685 7.34908 408.308 4.44869
253.741 7.60178 408.73 4.51132
253.798 7.85439 409.166 4.47838
253.854 8.10329 409.616 4.37938
253.91 8.34288 410.079 4.16883
253.966 8.56664 410.556 3.84185
254.022 8.76879 411.044 3.41135
254.079 8.94369 411.543 2.89618
254.135 9.08732 412.05 2.33856
254.191 9.19821 412.565 1.72814
254.247 9.27519 413.084 1.13859
254.303 9.32208 413.607 0.648402
254.36 9.34526 414.132 0.271146
254.416 9.35031 414.657 -0.005639
254.472 9.34167 415.182 -0.240485
254.528 9.32162 415.706 -0.433819
254.584 9.28898 416.229 -0.685688
254.64 9.24089 416.749 -0.975296
254.697 9.17396 417.266 -1.33687
254.753 9.08636 417.779 -1.71455
254.809 8.97723 418.286 -2.09307
254.865 8.8483 418.786 -2.41669
254.921 8.70496 419.278 -2.62555
254.978 8.55458 419.762 -2.70341
255.034 8.40122 420.237 -2.74133
255.089 8.24706 420.699 -2.79576
255.143 8.0947 421.137 -2.86367
255.198 7.936 421.574 -2.93216
255.253 7.77219 422.006 -3.00148
255.309 7.60268 422.434 -3.05943
255.364 7.42999 422.852 -3.12661
255.42 7.25241 423.261 -3.23133
255.476 7.06689 423.659 -3.39655
255.532 6.87104 424.046 -3.58882
255.587 6.66477 424.423 -3.77305
255.643 6.44899 424.787 -3.92465
255.699 6.22593 425.139 -4.0604
255.755 5.99791 425.479 -4.1014
255.81 5.76835 425.806 -4.12341
255.866 5.53884 426.12 -4.10558
255.922 5.31208 426.421 -4.03499
255.978 5.08981 426.71 -3.96673
256.034 4.8715 426.988 -3.86261
256.09 4.65644 427.254 -3.80693
256.146 4.4441 427.508 -3.75906
256.202 4.23476 427.751 -3.69822
256.258 4.02955 427.982 -3.60345
256.315 3.83227 428.202 -3.44451
256.371 3.64463 428.411 -3.26407
256.427 3.46829 428.609 -3.05443
256.483 3.30407 428.799 -2.83334
256.539 3.15234 428.979 -2.61786
256.596 3.013 429.151 -2.39148
256.652 2.88559 429.316 -2.18132
256.708 2.76982 429.475 -1.97469
256.764 2.66625 429.627 -1.75663
256.82 2.57489 429.773 -1.54105
256.874 2.49975 429.908 -1.31707
256.926 2.43796 430.038 -1.07566
256.979 2.38928 430.165 -0.820468
257.033 2.35329 430.293 -0.555539
257.089 2.33167 430.423 -0.279021
257.145 2.32555 430.554 0.00572004
257.201 2.33523 430.685 0.281107
257.258 2.35998 430.817 0.545694
257.313 2.39899 430.948 0.816142
257.368 2.45267 431.082 1.0775
257.422 2.51873 431.217 1.31976
257.476 2.59815 431.356 1.55132
257.531 2.68981 431.501 1.75992
257.586 2.7928 431.653 1.93445
257.642 2.90617 431.813 2.08173
257.698 3.02685 431.979 2.20599
257.754 3.15375 432.153 2.30773
257.81 3.28567 432.334 2.38067
257.866 3.42111 432.523 2.44378
257.922 3.55947 432.719 2.4891
257.978 3.69984 432.923 2.51822
258.034 3.84189 433.135 2.54151
258.09 3.98508 433.356 2.55566
258.146 4.12846 433.584 2.55436
258.202 4.27162 433.821 2.54434
258.258 4.41426 434.066 2.53353
258.315 4.55591 434.319 2.51927
258.371 4.6967 434.579 2.49785
258.427 4.83624 434.848 2.47316
258.483 4.97403 435.124 2.44073
258.539 5.10951 435.408 2.38931
258.596 5.24248 435.7 2.34862
258.652 5.37258 435.999 2.29382
258.708 5.50038 436.305 2.26103
258.764 5.62589 436.618 2.22149
258.82 5.74965 436.938 2.19421
258.876 5.87215 437.266 2.17105
258.933 5.99365 437.6 2.15927
258.989 6.11522 437.94 2.17128
259.045 6.2385 438.288 2.21541
259.101 6.36532 438.643 2.28943
259.157 6.49809 439.005 2.41018
259.213 6.63895 439.375 2.58065
259.27 6.78962 439.753 2.76166
259.326 6.95209 440.14 2.98613
259.382 7.12847 440.536 3.244
259.438 7.31991 440.943 3.51226
259.494 7.52604 441.361 3.77341
259.551 7.74672 441.791 4.02455
259.607 7.98067 442.234 4.25072
259.663 8.22548 442.691 4.41642
259.719 8.47725 443.161 4.51658
259.775 8.73164 443.646 4.52141
259.831 8.98246 444.145 4.408
259.888 9.223 444.658 4.17912
259.944 9.44687 445.184 3.83654
259.991 9.61692 445.634 3.43251
260.044 9.78139 446.151 2.85658
260.1 9.91682 446.7 2.14486
260.155 10.0087 447.254 1.31585
260.212 10.0521 447.818 0.407139
260.268 10.0431 448.384 -0.534145
260.324 9.98005 448.948 -1.50143
260.38 9.86351 449.506 -2.44481
260.437 9.6945 450.056 -3.36515
260.493 9.47469 450.595 -4.25667
260.549 9.20532 451.12 -5.12532
260.606 8.8882 451.628 -5.96368
260.662 8.52561 452.116 -6.73642
260.718 8.12442 452.583 -7.36201
260.775 7.69421 453.026 -7.79797
260.831 7.24655 453.444 -8.02014
260.887 6.79431 453.837 -8.00652
260.941 6.37161 454.187 -7.79156
260.99 5.99896 454.49 -7.4084
261.043 5.62064 454.796 -6.94129
261.098 5.2577 455.093 -6.39776
261.154 4.91926 455.373 -5.89872
261.209 4.60459 455.636 -5.48934
261.265 4.31148 455.882 -5.12859
261.321 4.03646 456.113 -4.81486
261.376 3.77729 456.329 -4.55667
261.432 3.53238 456.531 -4.2979
261.488 3.30157 456.72 -4.03718
261.543 3.08583 456.897 -3.75759
261.599 2.88614 457.062 -3.47063
261.655 2.70294 457.217 -3.16568
261.71 2.53771 457.362 -2.83895
261.766 2.39111 457.498 -2.4956
261.822 2.26501 457.627 -2.10202
261.877 2.16265 457.749 -1.65504
261.933 2.08579 457.867 -1.20214
261.989 2.03556 457.981 -0.706842
262.045 2.01269 458.095 -0.21759
262.101 2.01433 458.208 0.181693
262.157 2.0347 458.321 0.466463
262.213 2.06629 458.437 0.609984
262.27 2.10206 458.554 0.636739
262.326 2.13502 458.673 0.538556
262.382 2.15963 458.794 0.360289
262.438 2.17267 458.916 0.13677
262.494 2.17193 459.038 -0.119081
262.551 2.15553 459.16 -0.408564
262.607 2.12187 459.28 -0.727818
262.663 2.06978 459.397 -1.06191
262.719 1.99846 459.511 -1.41827
262.775 1.90701 459.62 -1.75507
262.831 1.79686 459.724 -2.08085
262.888 1.67053 459.821 -2.35936
262.944 1.53067 459.91 -2.57752
263 1.37929 459.991 -2.76862
263.056 1.21867 460.063 -2.91272
263.112 1.05071 460.126 -3.03934
263.169 0.875897 460.179 -3.16116
263.225 0.695325 460.222 -3.25205
263.281 0.509599 460.255 -3.33887
263.337 0.31889 460.277 -3.43113
263.393 0.123121 460.288 -3.52061
263.449 -0.0771184 460.289 -3.5891
263.506 -0.281413 460.277 -3.66359
263.562 -0.489038 460.255 -3.71194
263.618 -0.699143 460.22 -3.75271
263.674 -0.91029 460.174 -3.75596
263.73 -1.1201 460.116 -3.70856
263.784 -1.31705 460.049 -3.60965
263.838 -1.50712 459.971 -3.46009
263.892 -1.68763 459.884 -3.25811
263.946 -1.85486 459.788 -2.98614
264 -2.0056 459.683 -2.65522
264.056 -2.14128 459.565 -2.24987
264.112 -2.25364 459.441 -1.83177
264.169 -2.34249 459.312 -1.4178
264.225 -2.408 459.178 -0.994488
264.279 -2.44979 459.045 -0.62929
264.333 -2.47379 458.911 -0.308715
264.388 -2.48034 458.775 -9.94228e-05
264.444 -2.47187 458.638 0.260994
264.5 -2.44937 458.501 0.49543
264.555 -2.41532 458.366 0.691005
264.611 -2.37189 458.233 0.835572
264.666 -2.32154 458.103 0.949742
264.722 -2.26554 457.975 1.04797
264.778 -2.20456 457.851 1.12515
264.833 -2.14023 457.731 1.18668
264.889 -2.07242 457.614 1.23911
264.944 -2.00202 457.501 1.28541
265 -1.92872 457.392 1.33968
265.056 -1.85253 457.286 1.36683
265.112 -1.77492 457.185 1.39276
265.169 -1.69609 457.088 1.40916
265.225 -1.6159 456.995 1.43736
265.281 -1.53391 456.907 1.48089
265.337 -1.44924 456.824 1.52327
265.393 -1.36169 456.746 1.58654
265.449 -1.26994 456.672 1.66916
265.506 -1.17265 456.604 1.77073
265.562 -1.06879 456.542 1.89771
265.618 -0.957563 456.485 2.03782
265.674 -0.837562 456.435 2.20388
265.73 -0.707349 456.393 2.40088
265.787 -0.564173 456.358 2.65098
265.843 -0.405328 456.331 2.9544
265.899 -0.227829 456.314 3.30661
265.955 -0.0302892 456.308 3.65082
266.011 0.187913 456.314 4.03084
266.067 0.427509 456.332 4.41864
266.124 0.689267 456.365 4.8153
266.18 0.972409 456.413 5.18502
266.236 1.27483 456.478 5.51131
266.292 1.59387 456.56 5.79237
266.348 1.92325 456.66 6.02144
266.401 2.25252 456.773 6.20281
266.456 2.59438 456.907 6.32301
266.511 2.9468 457.062 6.39365
266.567 3.30271 457.238 6.40181
266.622 3.65725 457.433 6.36795
266.678 4.00908 457.648 6.30496
266.733 4.3573 457.883 6.23309
266.789 4.70099 458.136 6.14194
266.844 5.03856 458.409 6.02543
266.9 5.36977 458.7 5.91198
266.956 5.69467 459.009 5.80121
267.011 6.01461 459.337 5.70195
267.067 6.33088 459.685 5.58698
267.124 6.64114 460.052 5.48532
267.18 6.94592 460.435 5.38341
267.236 7.24528 460.835 5.30339
267.292 7.53772 461.25 5.19618
267.348 7.82616 461.683 5.08992
267.404 8.10865 462.133 4.9797
267.46 8.38395 462.598 4.84246
267.517 8.65109 463.078 4.68482
267.573 8.90894 463.573 4.52591
267.629 9.15805 464.082 4.36248
267.685 9.39819 464.605 4.20559
267.741 9.62948 465.141 4.05446
267.798 9.85216 465.69 3.90809
267.851 10.0562 466.221 3.77779
267.901 10.2427 466.732 3.6771
267.951 10.4213 467.243 3.57688
268 10.5959 467.764 3.49821
268.055 10.7871 468.356 3.4339
268.111 10.9767 468.962 3.39811
268.167 11.1659 469.58 3.39928
268.223 11.358 470.215 3.41577
268.279 11.5502 470.861 3.40456
268.335 11.7364 471.508 3.32879
268.389 11.9145 472.154 3.21249
268.445 12.0868 472.821 3.0232
268.5 12.2468 473.498 2.77726
268.556 12.3916 474.182 2.4819
268.611 12.5184 474.875 2.14509
268.667 12.6261 475.574 1.79947
268.722 12.7142 476.278 1.44737
268.778 12.7824 476.986 1.07257
268.831 12.8269 477.669 0.679502
268.884 12.8493 478.346 0.253321
268.934 12.8499 478.994 -0.147715
268.981 12.8325 479.596 -0.523573
269.031 12.7948 480.234 -0.912548
269.083 12.7366 480.901 -1.24622
269.136 12.6623 481.565 -1.52349
269.185 12.5822 482.183 -1.70086
269.235 12.4924 482.82 -1.80538
269.287 12.3969 483.466 -1.85021
269.34 12.2994 484.117 -1.83902
269.393 12.2021 484.768 -1.8259
269.447 12.1034 485.422 -1.84297
269.501 12.0017 486.074 -1.90582
269.557 11.8926 486.733 -2.03749
269.612 11.7727 487.389 -2.26237
269.667 11.6372 488.037 -2.56972
269.723 11.4829 488.677 -2.93366
269.778 11.3063 489.307 -3.364
269.834 11.1038 489.928 -3.84478
269.889 10.8745 490.536 -4.33024
269.945 10.6183 491.13 -4.81376
270 10.337 491.709 -5.23872
270.056 10.0298 492.28 -5.61611
270.112 9.70429 492.832 -5.89603
270.169 9.36673 493.366 -6.06667
270.225 9.02307 493.881 -6.13255
270.281 8.68084 494.376 -6.0416
270.337 8.34748 494.853 -5.83588
270.393 8.03001 495.311 -5.51976
270.449 7.73333 495.752 -5.10851
270.506 7.46271 496.177 -4.62474
270.562 7.22056 496.588 -4.09388
270.618 7.00949 496.986 -3.52992
270.674 6.83151 497.374 -2.91835
270.73 6.6888 497.753 -2.28551
270.787 6.58245 498.125 -1.62457
270.843 6.51386 498.492 -0.947772
270.899 6.48344 498.857 -0.270677
270.955 6.4908 499.221 0.398268
271.011 6.53524 499.587 1.04662
271.067 6.6151 499.957 1.66
271.124 6.7284 500.332 2.23953
271.18 6.87137 500.715 2.74208
271.235 7.03713 501.097 3.2092
271.286 7.21481 501.465 3.58965
271.337 7.40675 501.837 3.90898
271.39 7.62214 502.234 4.20296
271.443 7.85803 502.652 4.47774
271.498 8.11012 503.089 4.70179
271.553 8.37339 503.543 4.8608
271.609 8.6487 504.02 4.96524
271.665 8.92901 504.513 5.04256
271.721 9.21118 505.021 5.04229
271.776 9.49067 505.545 4.96601
271.832 9.76464 506.085 4.85169
271.888 10.03 506.64 4.66181
271.944 10.2817 507.209 4.38865
272 10.5161 507.791 4.06054
272.056 10.7311 508.39 3.65496
272.112 10.9196 508.998 3.16565
272.168 11.0787 509.617 2.59467
272.225 11.2037 510.243 1.97055
272.281 11.2915 510.876 1.28265
272.337 11.3385 511.512 0.539524
272.393 11.3431 512.15 -0.221808
272.449 11.305 512.786 -0.978736
272.506 11.2248 513.419 -1.71593
272.562 11.1052 514.046 -2.39391
272.618 10.9499 514.664 -3.00375
272.674 10.762 515.273 -3.55435
272.73 10.545 515.871 -4.05615
272.786 10.3012 516.455 -4.50714
272.843 10.034 517.025 -4.91133
272.899 9.74516 517.579 -5.28992
272.955 9.43666 518.117 -5.6274
273.011 9.10896 518.636 -5.96877
273.067 8.76345 519.136 -6.27254
273.123 8.40735 519.607 -6.5901
273.178 8.0329 520.061 -6.86314
273.233 7.64344 520.494 -7.12139
273.289 7.24106 520.905 -7.32508
273.345 6.82758 521.294 -7.53266
273.4 6.40475 521.659 -7.67841
273.456 5.97463 522 -7.79249
273.511 5.5381 522.318 -7.89889
273.567 5.0962 522.611 -7.98764
273.622 4.65051 522.879 -8.05529
273.678 4.19995 523.122 -8.14213
273.733 3.74476 523.34 -8.22648
273.789 3.28551 523.533 -8.29266
273.844 2.82257 523.7 -8.35562
273.9 2.35745 523.841 -8.38997
273.956 1.89104 523.957 -8.38645
274.011 1.42517 524.046 -8.35819
274.067 0.95857 524.111 -8.25991
274.124 0.497922 524.149 -8.14821
274.18 0.0452541 524.162 -7.98619
274.236 -0.395754 524.149 -7.75291
274.292 -0.822147 524.113 -7.47918
274.348 -1.23222 524.053 -7.16586
274.404 -1.62302 523.97 -6.80848
274.461 -1.9923 523.866 -6.40788
274.517 -2.33754 523.743 -5.96871
274.573 -2.65843 523.6 -5.52813
274.629 -2.95324 523.441 -5.06505
274.685 -3.22335 523.266 -4.64153
274.742 -3.47059 523.076 -4.23848
274.798 -3.69693 522.874 -3.90024
274.854 -3.90517 522.659 -3.58212
274.91 -4.09664 522.433 -3.29135
274.966 -4.27172 522.197 -3.00563
275.022 -4.43185 521.951 -2.75024
275.079 -4.57743 521.697 -2.48858
275.135 -4.70864 521.436 -2.23248
275.191 -4.82509 521.167 -1.96765
275.247 -4.92586 520.893 -1.67484
275.303 -5.00966 520.613 -1.36575
275.36 -5.07485 520.329 -1.0201
275.416 -5.12047 520.043 -0.671501
275.472 -5.14571 519.754 -0.307339
275.528 -5.15125 519.465 0.0387377
275.584 -5.13842 519.176 0.347813
275.64 -5.10971 518.888 0.619472
275.697 -5.06659 518.602 0.859376
275.753 -5.01078 518.319 1.0757
275.809 -4.94404 518.04 1.25888
275.865 -4.86805 517.765 1.41281
275.921 -4.78417 517.494 1.54484
275.978 -4.69383 517.228 1.65166
276.034 -4.59827 516.968 1.73486
276.09 -4.4986 516.713 1.80022
276.146 -4.39537 516.464 1.86157
276.202 -4.2886 516.22 1.92544
276.258 -4.17852 515.983 1.97735
276.315 -4.06528 515.752 2.04086
276.371 -3.94851 515.528 2.10148
276.427 -3.82802 515.31 2.17722
276.483 -3.70416 515.099 2.22403
276.539 -3.57701 514.895 2.29208
276.596 -3.44611 514.699 2.35588
276.652 -3.3114 514.51 2.42551
276.708 -3.173 514.328 2.48272
276.764 -3.03248 514.155 2.5155
276.82 -2.8902 513.989 2.53387
276.876 -2.74652 513.832 2.56814
276.933 -2.60185 513.682 2.57652
276.989 -2.45621 513.541 2.60362
277.045 -2.30875 513.408 2.6429
277.101 -2.15892 513.283 2.68599
277.157 -2.00571 513.167 2.7514
277.213 -1.84882 513.06 2.82251
277.27 -1.68797 512.961 2.88834
277.326 -1.52429 512.872 2.92637
277.382 -1.35859 512.792 2.96198
277.438 -1.1922 512.721 2.95724
277.494 -1.02782 512.66 2.90136
277.551 -0.868075 512.607 2.79482
277.607 -0.716337 512.564 2.64875
277.663 -0.575057 512.528 2.42608
277.719 -0.447442 512.5 2.16099
277.775 -0.336229 512.479 1.84415
277.831 -0.243963 512.463 1.49916
277.888 -0.171994 512.452 1.13341
277.944 -0.122368 512.444 0.716906
278 -0.0964396 512.438 0.290499
278.056 -0.0952843 512.433 -0.157402
278.112 -0.119785 512.427 -0.626178
278.169 -0.171238 512.419 -1.11435
278.225 -0.250185 512.407 -1.60324
