# i t cells coeurs_suggere(~100k/coeur)
15120 160.092 1294112 13
15140 160.297 1291963 13
15160 160.519 1290577 13
15180 160.741 1289576 13
15200 160.957 1292103 13
15220 161.18 1290234 13
15240 161.404 1287980 13
15260 161.629 1284326 13
15280 161.854 1279405 13
15300 162.079 1278551 13
15320 162.303 1279433 13
15340 162.528 1273560 13
15360 162.753 1269640 13
15380 162.978 1268394 13
15400 163.202 1269871 13
15420 163.427 1268436 13
15440 163.652 1268030 13
15460 163.876 1273259 13
15480 164.101 1272601 13
15500 164.326 1269437 13
15520 164.551 1264950 13
15540 164.775 1259336 13
15560 165 1259455 13
15580 165.225 1261527 13
15600 165.449 1259840 13
15620 165.674 1257495 13
15640 165.899 1251895 13
15660 166.124 1245063 13
15680 166.348 1245518 13
15700 166.573 1240303 13
15720 166.798 1235543 13
15740 167.022 1229656 13
15760 167.232 1227318 13
15780 167.451 1224462 13
15800 167.675 1229530 13
15820 167.899 1233898 13
15840 168.124 1238238 13
15860 168.348 1241164 13
15880 168.573 1243530 13
15900 168.788 1242767 13
15920 169 1244223 13
15940 169.225 1243593 13
15960 169.449 1239512 13
15980 169.674 1239526 13
16000 169.883 1244265 13
16020 170.101 1245077 13
16040 170.326 1241507 13
16060 170.551 1236761 13
16080 170.775 1231973 13
16100 170.989 1233555 13
16120 171.213 1234087 13
16140 171.438 1236355 13
16160 171.661 1235956 13
16180 171.88 1232043 13
16200 172.101 1227479 13
16220 172.326 1222005 13
16240 172.551 1221718 13
16260 172.775 1220668 13
16280 173 1220003 13
16300 173.225 1212723 13
16320 173.449 1207123 13
16340 173.674 1203273 13
16360 173.899 1208684 13
16380 174.124 1217049 13
16400 174.348 1220976 13
16420 174.573 1224791 13
16440 174.798 1222824 13
16460 175.022 1222782 13
16480 175.247 1226135 13
16500 175.472 1225848 13
16520 175.697 1225939 13
16540 175.921 1224287 13
16560 176.146 1223181 13
16580 176.371 1229866 13
16600 176.596 1236831 13
16620 176.82 1238462 13
16640 177.045 1240968 13
16660 177.27 1245217 13
16680 177.486 1247121 13
16700 177.702 1251706 13
16720 177.915 1249935 13
16740 178.133 1251706 13
16760 178.355 1248598 13
16780 178.577 1245672 13
16800 178.8 1244209 13
16820 179.022 1242060 13
16840 179.247 1240590 13
16860 179.461 1238910 13
16880 179.673 1238217 13
16900 179.891 1238749 13
16920 180.11 1238021 13
16940 180.327 1241171 13
16960 180.544 1243705 13
16980 180.751 1241269 13
17000 180.958 1238924 13
17020 181.179 1232057 13
17040 181.404 1227808 13
17060 181.629 1223412 13
17080 181.854 1218554 13
17100 182.079 1218155 13
17120 182.293 1216090 13
17140 182.514 1219800 13
17160 182.735 1219261 13
17180 182.956 1216839 13
17200 183.18 1215523 13
17220 183.404 1211687 13
17240 183.629 1208544 13
17260 183.854 1208656 13
17280 184.079 1207130 13
17300 184.303 1205513 13
17320 184.528 1208621 13
17340 184.753 1208964 13
17360 184.978 1214746 13
17380 185.202 1220514 13
17400 185.427 1231182 13
17420 185.652 1240289 13
17440 185.876 1249634 13
17460 186.101 1255913 13
17480 186.326 1261254 13
17500 186.551 1261716 13
17520 186.775 1260449 13
17540 186.989 1258503 13
17560 187.213 1252714 13
17580 187.438 1247968 13
17600 187.657 1241605 13
17620 187.871 1233009 13
17640 188.09 1228347 13
17660 188.302 1221753 13
17680 188.474 1215929 13
17700 188.663 1210252 13
17720 188.88 1202244 13
17740 189.101 1195615 12
17760 189.321 1187586 12
17780 189.538 1183652 12
17800 189.758 1180600 12
17820 189.978 1183792 12
17840 190.202 1190659 12
17860 190.427 1194061 12
17880 190.652 1193249 12
17900 190.876 1197127 12
17920 191.101 1199458 12
17940 191.325 1201936 13
17960 191.546 1198821 12
17980 191.768 1191611 12
18000 191.989 1184324 12
18020 192.192 1179508 12
18040 192.383 1174804 12
18060 192.6 1168441 12
18080 192.822 1164962 12
18100 193.022 1162337 12
18120 193.245 1161007 12
18140 193.47 1163597 12
18160 193.696 1164843 12
18180 193.921 1168224 12
18200 194.146 1169967 12
18220 194.371 1171269 12
18240 194.596 1173467 12
18260 194.82 1175420 12
18280 195.045 1182049 12
18300 195.27 1189168 12
18320 195.494 1191947 12
18340 195.719 1196644 12
18360 195.944 1200774 13
18380 196.169 1200956 13
18400 196.393 1206801 13
18420 196.618 1213976 13
18440 196.843 1219800 13
18460 197.067 1227878 13
18480 197.292 1229852 13
18500 197.517 1229243 13
18520 197.742 1230510 13
18540 197.966 1236600 13
18560 198.191 1241941 13
18580 198.416 1247786 13
18600 198.638 1246848 13
18620 198.857 1245378 13
18640 199.079 1245840 13
18660 199.302 1243271 13
18680 199.524 1242781 13
18700 199.745 1242088 13
18720 199.967 1240191 13
18740 200.191 1240282 13
18760 200.416 1240275 13
18780 200.64 1243488 13
18800 200.865 1243068 13
18820 201.09 1241871 13
18840 201.315 1237601 13
18860 201.539 1234521 13
18880 201.764 1227395 13
18900 201.976 1226240 13
18920 202.172 1227164 13
18940 202.392 1228375 13
18960 202.607 1228277 13
18980 202.818 1224623 13
19000 203.034 1221746 13
19020 203.255 1218526 13
19040 203.481 1216846 13
19060 203.707 1214473 13
19080 203.932 1209216 13
19100 204.157 1211407 13
19120 204.382 1217035 13
19140 204.607 1220283 13
19160 204.812 1219604 13
19180 205.022 1218057 13
19200 205.247 1216209 13
19220 205.472 1217553 13
19240 205.697 1210623 13
19260 205.921 1208691 13
19280 206.146 1208691 13
19300 206.371 1210987 13
19320 206.596 1214949 13
19340 206.82 1221046 13
19360 207.045 1228564 13
19380 207.27 1233814 13
19400 207.494 1238119 13
19420 207.719 1246897 13
19440 207.944 1252483 13
19460 208.169 1257642 13
19480 208.393 1262535 13
19500 208.618 1266693 13
19520 208.843 1265818 13
19540 209.067 1261338 13
19560 209.292 1254317 13
19580 209.517 1248794 13
19600 209.742 1244944 13
19620 209.966 1243320 13
19640 210.191 1242004 13
19660 210.416 1242662 13
19680 210.64 1240058 13
19700 210.865 1237741 13
19720 211.09 1231175 13
19740 211.315 1230041 13
19760 211.539 1227339 13
19780 211.764 1221340 13
19800 211.989 1218365 13
19820 212.213 1219548 13
19840 212.438 1220913 13
19860 212.663 1222355 13
19880 212.888 1221732 13
19900 213.112 1225470 13
19920 213.335 1229992 13
19940 213.56 1238196 13
19960 213.786 1245763 13
19980 214.011 1249347 13
20000 214.236 1249466 13
20020 214.461 1247653 13
20040 214.673 1249445 13
20060 214.829 1251629 13
20080 215.011 1252595 13
20100 215.231 1252105 13
20120 215.454 1249823 13
20140 215.677 1245581 13
20160 215.9 1242249 13
20180 216.124 1241185 13
20200 216.348 1240674 13
20220 216.573 1243467 13
20240 216.798 1247289 13
20260 217.022 1253281 13
20280 217.247 1253918 13
20300 217.472 1252686 13
20320 217.697 1248752 13
20340 217.921 1248381 13
20360 218.146 1244692 13
20380 218.371 1246806 13
20400 218.596 1250432 13
20420 218.82 1251930 13
20440 219.032 1250663 13
20460 219.253 1247863 13
20480 219.476 1246435 13
20500 219.699 1248486 13
20520 219.922 1247562 13
20540 220.146 1245196 13
20560 220.371 1240555 13
20580 220.596 1240667 13
20600 220.82 1240625 13
20620 221.045 1241304 13
20640 221.27 1245140 13
20660 221.494 1252378 13
20680 221.719 1253960 13
20700 221.944 1253414 13
20720 222.169 1251006 13
20740 222.393 1244447 13
20760 222.618 1240170 13
20780 222.843 1233905 13
20800 223.064 1231672 13
20820 223.277 1230916 13
20840 223.477 1228578 13
20860 223.667 1221242 13
20880 223.881 1215306 13
20900 224.101 1211029 13
20920 224.326 1212226 13
20940 224.551 1216615 13
20960 224.775 1214508 13
20980 225 1214137 13
21000 225.225 1210581 13
21020 225.449 1205800 13
21040 225.674 1199213 12
21060 225.899 1186487 12
21080 226.124 1177646 12
21100 226.348 1168567 12
21120 226.573 1158396 12
21140 226.798 1154819 12
21160 227 1156037 12
21180 227.224 1159656 12
21200 227.449 1163317 12
21220 227.674 1170163 12
21240 227.899 1175588 12
21260 228.124 1183022 12
21280 228.348 1186837 12
21300 228.573 1185801 12
21320 228.798 1190183 12
21340 229.01 1190449 12
21360 229.218 1195132 12
21380 229.431 1198751 12
21400 229.649 1202629 13
21420 229.859 1201103 13
21440 230.036 1196098 12
21460 230.242 1192234 12
21480 230.464 1193879 12
21500 230.687 1198191 12
21520 230.911 1194439 12
21540 231.135 1193256 12
21560 231.36 1188020 12
21580 231.584 1186018 12
21600 231.809 1184296 12
21620 232.034 1173978 12
21640 232.258 1168644 12
21660 232.48 1165410 12
21680 232.692 1165368 12
21700 232.912 1166922 12
21720 233.135 1172403 12
21740 233.36 1181503 12
21760 233.584 1187999 12
21780 233.809 1195839 12
21800 234.034 1204526 13
21820 234.258 1213556 13
21840 234.483 1221557 13
21860 234.704 1229271 13
21880 234.923 1229824 13
21900 235.146 1229950 13
21920 235.371 1235109 13
21940 235.596 1239008 13
21960 235.82 1243544 13
21980 236.045 1249319 13
22000 236.27 1245889 13
22020 236.494 1243019 13
22040 236.719 1238252 13
22060 236.944 1236411 13
22080 237.169 1234633 13
22100 237.393 1235550 13
22120 237.618 1239463 13
22140 237.843 1247982 13
22160 238.067 1260582 13
22180 238.292 1274379 13
22200 238.517 1282898 13
22220 238.739 1288652 13
22240 238.956 1287469 13
22260 239.18 1286153 13
22280 239.401 1279622 13
22300 239.623 1268604 13
22320 239.845 1258867 13
22340 240.067 1246043 13
22360 240.292 1236439 13
22380 240.517 1236278 13
22400 240.742 1239582 13
22420 240.966 1240926 13
22440 241.191 1245455 13
22460 241.411 1251020 13
22480 241.634 1258286 13
22500 241.856 1258090 13
22520 242.079 1260603 13
22540 242.303 1260561 13
22560 242.528 1263634 13
22580 242.753 1263578 13
22600 242.978 1260169 13
22620 243.202 1259399 13
22640 243.427 1258601 13
22660 243.652 1257866 13
22680 243.873 1258062 13
22700 244.061 1257075 13
22720 244.279 1256249 13
22740 244.501 1257999 13
22760 244.719 1262927 13
22780 244.935 1262500 13
22800 245.157 1261646 13
22820 245.382 1257061 13
22840 245.603 1248563 13
22860 245.824 1243866 13
22880 246.045 1235613 13
22900 246.27 1232701 13
22920 246.494 1230748 13
22940 246.719 1229971 13
22960 246.944 1227983 13
22980 247.169 1225750 13
23000 247.393 1224427 13
23020 247.614 1222222 13
23040 247.834 1218148 13
23060 248.056 1212310 13
23080 248.281 1205975 13
23100 248.506 1203217 13
23120 248.725 1197064 12
23140 248.945 1191597 12
23160 249.169 1188601 12
23180 249.393 1185822 12
23200 249.618 1184114 12
23220 249.843 1182245 12
23240 250.067 1184954 12
23260 250.292 1189161 12
23280 250.517 1189763 12
23300 250.742 1189182 12
23320 250.966 1194096 12
23340 251.191 1197750 12
23360 251.416 1199675 12
23380 251.64 1203336 13
23400 251.851 1207333 13
23420 252.029 1210371 13
23440 252.234 1216398 13
23460 252.455 1219128 13
23480 252.677 1223979 13
23500 252.9 1229761 13
23520 253.124 1236789 13
23540 253.348 1241269 13
23560 253.573 1248045 13
23580 253.798 1253344 13
23600 254.022 1252609 13
23620 254.247 1249809 13
23640 254.472 1246757 13
23660 254.697 1243481 13
23680 254.921 1241549 13
23700 255.135 1243544 13
23720 255.359 1249004 13
23740 255.584 1249494 13
23760 255.809 1252392 13
23780 256.034 1253505 13
23800 256.258 1251426 13
23820 256.483 1254604 13
23840 256.708 1257012 13
23860 256.933 1260974 13
23880 257.157 1264565 13
23900 257.382 1270053 13
23920 257.607 1271649 13
23940 257.831 1265580 13
23960 258.056 1261744 13
23980 258.281 1256991 13
24000 258.506 1250187 13
24020 258.73 1242452 13
24040 258.955 1238763 13
24060 259.18 1238063 13
24080 259.404 1245182 13
24100 259.627 1249214 13
24120 259.84 1254436 13
24140 260.056 1262283 13
24160 260.281 1262451 13
24180 260.506 1262115 13
24200 260.73 1262402 13
24220 260.931 1263858 13
24240 261.145 1263221 13
24260 261.37 1261786 13
24280 261.573 1260323 13
24300 261.764 1261226 13
24320 261.979 1261940 13
24340 262.202 1263333 13
24360 262.427 1257593 13
24380 262.636 1257005 13
24400 262.85 1256340 13
24420 263.067 1250124 13
24440 263.292 1243467 13
24460 263.517 1242921 13
24480 263.742 1240611 13
24500 263.966 1241283 13
24520 264.191 1244790 13
24540 264.416 1249200 13
24560 264.64 1255451 13
24580 264.865 1260043 13
24600 265.09 1260414 13
