# t frame_uz frame_z ub_dans_repere
160.001 -0.000773324 -7.9642e-07 -0.750898
160.019 -0.200633 -0.00216244 -11.2113
160.051 -0.542516 -0.0153856 -10.1297
160.092 -0.928883 -0.0476857 -8.78238
160.14 -1.30106 -0.10226 -7.31366
160.19 -1.62464 -0.178116 -5.80737
160.243 -1.88446 -0.272362 -4.3538
160.297 -2.07568 -0.380502 -3.03065
160.352 -2.20428 -0.49904 -1.91443
160.407 -2.27985 -0.622824 -1.069
160.463 -2.32025 -0.751922 -0.538115
160.519 -2.34292 -0.882594 -0.367147
160.575 -2.36495 -1.01446 -0.436072
160.631 -2.39539 -1.14781 -0.631368
160.687 -2.43647 -1.28323 -0.786619
160.741 -2.48285 -1.41809 -0.872171
160.795 -2.53133 -1.55348 -0.925806
160.849 -2.58094 -1.69153 -0.922733
160.903 -2.63003 -1.83224 -0.894683
160.957 -2.67801 -1.97556 -0.880214
161.011 -2.7243 -2.12266 -0.833077
161.067 -2.76924 -2.27724 -0.77474
161.124 -2.81022 -2.43421 -0.695753
161.18 -2.84569 -2.59331 -0.590512
161.236 -2.87482 -2.75419 -0.465164
161.292 -2.89718 -2.91648 -0.349119
161.348 -2.9125 -3.0798 -0.22571
161.404 -2.92045 -3.24372 -0.0899255
161.461 -2.92126 -3.40785 0.036962
161.517 -2.91482 -3.57178 0.15986
161.573 -2.90162 -3.73512 0.286762
161.629 -2.88185 -3.8975 0.398087
161.685 -2.85577 -4.05854 0.499052
161.742 -2.82501 -4.21796 0.580241
161.798 -2.79048 -4.37552 0.634979
161.854 -2.75351 -4.53105 0.671655
161.91 -2.71534 -4.68446 0.684947
161.966 -2.67743 -4.83572 0.662034
162.022 -2.64125 -4.98491 0.628674
162.079 -2.60781 -5.13215 0.568307
162.135 -2.57803 -5.27764 0.498849
162.191 -2.55171 -5.42157 0.448534
162.247 -2.52839 -5.56412 0.396915
162.303 -2.50704 -5.70544 0.364421
162.36 -2.48648 -5.84559 0.362765
162.416 -2.46623 -5.9846 0.370641
162.472 -2.44447 -6.12243 0.397197
162.528 -2.42048 -6.25896 0.449782
162.584 -2.39311 -6.39404 0.518413
162.64 -2.3619 -6.52745 0.588057
162.697 -2.3264 -6.65896 0.662429
162.753 -2.28616 -6.78833 0.752288
162.809 -2.24092 -6.91526 0.837376
162.865 -2.19005 -7.03947 0.946486
162.921 -2.13285 -7.1606 1.06601
162.978 -2.06918 -7.27831 1.17748
163.034 -1.99881 -7.39221 1.29679
163.09 -1.92113 -7.50192 1.43296
163.146 -1.83628 -7.60702 1.5638
163.202 -1.74413 -7.70711 1.69704
163.258 -1.64471 -7.80177 1.81819
163.315 -1.53895 -7.89063 1.91989
163.371 -1.42686 -7.97334 2.03374
163.427 -1.31011 -8.04958 2.10502
163.483 -1.18988 -8.11914 2.15734
163.539 -1.06779 -8.18188 2.1763
163.596 -0.946491 -8.23777 2.14526
163.652 -0.828116 -8.28693 2.07691
163.708 -0.714648 -8.3296 1.97608
163.764 -0.607571 -8.36611 1.85409
163.82 -0.508413 -8.39686 1.71038
163.876 -0.417457 -8.42232 1.55514
163.933 -0.335434 -8.44297 1.40171
163.989 -0.261775 -8.4593 1.25595
164.045 -0.195566 -8.47174 1.13202
164.101 -0.135406 -8.48068 1.0326
164.157 -0.0804482 -8.48641 0.94934
164.213 -0.0291154 -8.48919 0.900354
164.27 0.0204416 -8.48915 0.880261
164.326 0.069691 -8.48634 0.875999
164.382 0.119586 -8.48075 0.887896
164.438 0.171717 -8.47228 0.942998
164.494 0.226484 -8.4608 1.00585
164.551 0.284357 -8.44614 1.05556
164.607 0.345533 -8.42812 1.11546
164.663 0.409976 -8.40655 1.16006
164.719 0.477486 -8.38125 1.2219
164.775 0.547604 -8.35207 1.26299
164.831 0.619483 -8.3189 1.29632
164.888 0.693267 -8.28161 1.32328
164.944 0.76788 -8.24015 1.32486
165 0.841623 -8.19452 1.29754
165.056 0.913165 -8.14481 1.25203
165.112 0.980382 -8.09122 1.16163
165.169 1.04178 -8.03404 1.04649
165.225 1.09622 -7.97364 0.91272
165.281 1.1425 -7.91046 0.769047
165.337 1.1809 -7.84495 0.624616
165.393 1.21153 -7.77754 0.49775
165.449 1.23532 -7.70864 0.375992
165.506 1.25341 -7.63861 0.291728
165.562 1.26774 -7.5677 0.236105
165.618 1.28033 -7.49605 0.223674
165.674 1.29354 -7.42369 0.249065
165.73 1.30914 -7.3505 0.302468
165.787 1.32868 -7.27632 0.38104
165.843 1.35338 -7.20086 0.476384
165.899 1.38431 -7.12382 0.597019
165.955 1.42141 -7.04482 0.70211
166.011 1.46417 -6.96355 0.799376
166.067 1.51194 -6.87971 0.879287
166.124 1.56305 -6.79306 0.929367
166.18 1.61568 -6.70347 0.937162
166.236 1.66818 -6.61093 0.923432
166.292 1.7191 -6.51548 0.891024
166.348 1.76684 -6.41728 0.819037
166.404 1.80998 -6.31654 0.72996
166.461 1.84721 -6.21357 0.617778
166.517 1.87778 -6.10873 0.490322
166.573 1.90042 -6.00244 0.334898
166.629 1.91549 -5.89513 0.206193
166.685 1.92185 -5.78726 0.0496681
166.742 1.91961 -5.67933 -0.103248
166.798 1.9085 -5.57182 -0.257005
166.854 1.88839 -5.46524 -0.422607
166.91 1.85924 -5.36009 -0.581894
166.966 1.82162 -5.25687 -0.730932
167.022 1.77552 -5.15605 -0.880282
167.079 1.72139 -5.05809 -1.01634
167.129 1.66652 -4.97235 -1.12155
167.179 1.6075 -4.89066 -1.2122
167.232 1.54116 -4.80855 -1.29767
167.286 1.46852 -4.72795 -1.38505
167.34 1.39053 -4.65004 -1.44775
167.395 1.3097 -4.57627 -1.48757
167.451 1.22553 -4.50601 -1.52239
167.507 1.13956 -4.44026 -1.54104
167.563 1.05294 -4.37936 -1.5405
167.619 0.967265 -4.32328 -1.52182
167.675 0.883272 -4.27195 -1.47637
167.731 0.803053 -4.2252 -1.40043
167.787 0.728301 -4.18278 -1.28308
167.843 0.661588 -4.14428 -1.11751
167.899 0.605675 -4.10916 -0.907475
167.955 0.562576 -4.07675 -0.668554
168.011 0.535123 -4.04623 -0.360026
168.067 0.527268 -4.01653 0.0126293
168.124 0.541864 -3.98652 0.432183
168.18 0.58221 -3.95484 0.909536
168.236 0.65086 -3.91995 1.4226
168.292 0.748938 -3.88021 1.96324
168.348 0.877494 -3.83395 2.51608
168.404 1.03728 -3.7794 3.06572
168.461 1.22811 -3.71483 3.60642
168.517 1.44641 -3.63859 4.05446
168.573 1.68698 -3.54931 4.42357
168.629 1.94506 -3.4459 4.68901
168.682 2.19902 -3.33432 4.80185
168.735 2.45399 -3.20983 4.8098
168.788 2.70498 -3.07194 4.68035
168.841 2.94699 -2.92103 4.48184
168.894 3.17569 -2.75772 4.20025
168.947 3.38697 -2.58284 3.84643
169 3.57771 -2.39741 3.43661
169.056 3.75404 -2.19034 2.92817
169.112 3.89905 -1.97441 2.34527
169.169 4.01005 -1.75146 1.72808
169.225 4.08477 -1.52349 1.0615
169.281 4.12121 -1.29261 0.376341
169.337 4.12058 -1.06093 -0.271683
169.393 4.08428 -0.830514 -0.874497
169.449 4.01849 -0.603165 -1.34438
169.506 3.93242 -0.380244 -1.62365
169.562 3.83744 -0.162508 -1.70744
169.618 3.74429 0.049911 -1.60952
169.674 3.66132 0.256072 -1.39464
169.726 3.59716 0.445091 -1.10723
169.777 3.5504 0.627776 -0.78456
169.83 3.52019 0.815075 -0.412097
169.883 3.51142 1.00145 -0.00418306
169.936 3.52414 1.18804 0.402298
169.989 3.55748 1.37597 0.775716
170.045 3.61249 1.57536 1.1157
170.101 3.68431 1.78066 1.37704
170.157 3.76636 1.99039 1.49729
170.213 3.85054 2.20483 1.47752
170.27 3.92728 2.42379 1.26727
170.326 3.98699 2.64654 0.900519
170.382 4.02183 2.87183 0.406363
170.438 4.02424 3.09802 -0.209893
170.494 3.98893 3.32309 -0.915134
170.551 3.91139 3.54477 -1.69812
170.607 3.78899 3.76059 -2.50027
170.663 3.62103 3.968 -3.31093
170.719 3.40883 4.16447 -4.08823
170.775 3.15631 4.34598 -4.83076
170.828 2.87513 4.50635 -5.51369
170.882 2.55939 4.65052 -6.13453
170.936 2.21147 4.7767 -6.71269
170.989 1.83469 4.88329 -7.23418
171.045 1.41505 4.97154 -7.74322
171.101 0.963817 5.03594 -8.20924
171.157 0.489841 5.0742 -8.58462
171.213 -0.00325862 5.08518 -8.89412
171.27 -0.509896 5.06796 -9.08671
171.326 -1.02491 5.02198 -9.20882
171.382 -1.54287 4.94695 -9.21481
171.438 -2.05795 4.84288 -9.12246
171.494 -2.56549 4.71011 -8.95618
171.551 -3.05956 4.54925 -8.67646
171.607 -3.5352 4.36124 -8.30459
171.661 -3.97373 4.15367 -7.84823
171.716 -4.38556 3.923 -7.32484
171.771 -4.76503 3.67088 -6.67615
171.825 -5.10659 3.39924 -5.95321
171.88 -5.40516 3.11034 -5.13871
171.934 -5.65818 2.80662 -4.29389
171.989 -5.86831 2.49052 -3.56557
172.045 -6.0461 2.15656 -2.9422
172.101 -6.19314 1.81181 -2.41555
172.157 -6.31385 1.4597 -1.97791
172.213 -6.4115 1.1016 -1.57841
172.27 -6.48803 0.738731 -1.2233
172.326 -6.5462 0.372199 -0.916826
172.382 -6.58824 0.00294863 -0.639532
172.438 -6.61574 -0.368165 -0.392561
172.494 -6.62961 -0.740365 -0.151175
172.551 -6.63046 -1.1129 0.0720419
172.607 -6.61965 -1.48508 0.269546
172.663 -6.59915 -1.85632 0.423596
172.719 -6.57135 -2.22615 0.539289
172.775 -6.53772 -2.59421 0.6241
172.831 -6.50175 -2.96029 0.651103
172.888 -6.46488 -3.32432 0.652643
172.944 -6.42825 -3.68628 0.650211
173 -6.39223 -4.0462 0.634201
173.056 -6.35711 -4.40412 0.618769
173.112 -6.32335 -4.76012 0.592787
173.169 -6.29037 -5.11425 0.583539
173.225 -6.25786 -5.46654 0.574961
173.281 -6.22562 -5.81703 0.582709
173.337 -6.19127 -6.16564 0.632125
173.393 -6.15367 -6.51221 0.696918
173.449 -6.11186 -6.85653 0.777997
173.506 -6.06404 -7.19832 0.903997
173.562 -6.00788 -7.53714 1.06717
173.618 -5.94109 -7.87247 1.27672
173.674 -5.86093 -8.2036 1.53276
173.73 -5.76507 -8.52971 1.82385
173.787 -5.6523 -8.84987 2.13676
173.843 -5.52171 -9.16309 2.4488
173.899 -5.3737 -9.46838 2.75557
173.955 -5.21024 -9.76483 3.00671
174.011 -5.03446 -10.0517 3.20295
174.067 -4.84986 -10.3283 3.32701
174.124 -4.66123 -10.5944 3.37035
174.18 -4.47273 -10.8499 3.34028
174.236 -4.28802 -11.0949 3.24285
174.292 -4.11075 -11.3298 3.09144
174.348 -3.9441 -11.5551 2.87839
174.404 -3.79082 -11.7715 2.62547
174.461 -3.6531 -11.9797 2.3358
174.517 -3.53306 -12.1808 2.01007
174.573 -3.4319 -12.3758 1.66744
174.629 -3.34961 -12.5657 1.33359
174.685 -3.28578 -12.7517 0.995351
174.742 -3.2389 -12.9346 0.713763
174.798 -3.20869 -13.1155 0.428521
174.854 -3.19401 -13.2952 0.158322
174.91 -3.19397 -13.4746 -0.0999759
174.966 -3.20843 -13.6544 -0.357078
175.022 -3.23681 -13.8356 -0.611883
175.079 -3.27813 -14.0188 -0.827755
175.135 -3.33277 -14.2047 -1.07117
175.191 -3.40085 -14.3942 -1.30424
175.247 -3.48265 -14.5879 -1.55688
175.303 -3.57907 -14.7868 -1.8196
175.36 -3.69026 -14.9915 -2.08879
175.416 -3.81737 -15.203 -2.38214
175.472 -3.9608 -15.4223 -2.66794
175.528 -4.12023 -15.6501 -2.94795
175.584 -4.29466 -15.8874 -3.20423
175.64 -4.48278 -16.1349 -3.4388
175.697 -4.6829 -16.3935 -3.6368
175.753 -4.89198 -16.6636 -3.76969
175.809 -5.10609 -16.9456 -3.82715
175.865 -5.32075 -17.2397 -3.80389
175.921 -5.53114 -17.5457 -3.68838
175.978 -5.73173 -17.8633 -3.47443
176.034 -5.91656 -18.1916 -3.15595
176.09 -6.08066 -18.5296 -2.75316
176.146 -6.21891 -18.876 -2.25204
176.202 -6.3265 -19.2292 -1.68355
176.258 -6.40025 -19.5873 -1.05625
176.315 -6.43682 -19.9482 -0.379129
176.371 -6.43458 -20.3099 0.325449
176.427 -6.39265 -20.6702 1.0256
176.483 -6.31148 -21.0268 1.72097
176.539 -6.19179 -21.3775 2.39882
176.596 -6.0351 -21.7202 3.04033
176.652 -5.84381 -22.053 3.64434
176.708 -5.62012 -22.3739 4.20096
176.764 -5.36627 -22.6812 4.72445
176.82 -5.08494 -22.9733 5.19342
176.876 -4.77852 -23.2488 5.62481
176.933 -4.44881 -23.5062 6.024
176.989 -4.09798 -23.7444 6.38837
177.045 -3.72761 -23.9622 6.72581
177.101 -3.33903 -24.1586 7.04645
177.157 -2.93267 -24.3326 7.34873
177.213 -2.51075 -24.4832 7.61498
177.27 -2.07404 -24.6096 7.87274
177.324 -1.6414 -24.7079 8.06062
177.378 -1.20203 -24.7821 8.21451
177.432 -0.751888 -24.8328 8.30846
177.486 -0.303271 -24.8588 8.35109
177.541 0.152285 -24.8604 8.31029
177.595 0.603653 -24.8373 8.21014
177.649 1.0398 -24.7907 8.03183
177.702 1.46017 -24.7219 7.82668
177.755 1.86663 -24.6313 7.50733
177.809 2.2558 -24.5195 7.18199
177.862 2.62541 -24.3877 6.78566
177.915 2.97355 -24.2369 6.3805
177.968 3.29936 -24.0682 5.95568
178.022 3.6085 -23.8786 5.504
178.078 3.89956 -23.668 5.05296
178.133 4.16327 -23.4446 4.62578
178.189 4.40654 -23.2051 4.21848
178.244 4.62819 -22.9527 3.84015
178.299 4.82829 -22.691 3.49487
178.355 5.01225 -22.4163 3.19007
178.411 5.17946 -22.132 2.88572
178.466 5.33105 -21.8389 2.62131
178.522 5.46838 -21.5378 2.37453
178.577 5.59216 -21.2295 2.12816
178.633 5.7028 -20.9148 1.89793
178.689 5.80068 -20.5944 1.66697
178.744 5.88611 -20.2689 1.4425
178.8 5.95833 -19.9392 1.20467
178.855 6.01635 -19.6059 0.937113
178.911 6.05965 -19.2698 0.667111
178.967 6.08566 -18.9319 0.338459
179.022 6.09322 -18.5918 -0.000927084
179.079 6.08143 -18.2498 -0.353057
179.135 6.04923 -17.9091 -0.724308
179.191 5.99529 -17.571 -1.11657
179.247 5.91943 -17.2366 -1.50656
179.302 5.82489 -16.9177 -1.89346
179.356 5.71082 -16.6063 -2.2521
179.409 5.57941 -16.3039 -2.57413
179.461 5.43777 -16.0173 -2.80026
179.513 5.28846 -15.7403 -2.93136
179.566 5.13429 -15.4676 -2.93128
179.619 4.98194 -15.1991 -2.8074
179.673 4.83669 -14.9328 -2.56526
179.728 4.70677 -14.6738 -2.25409
179.782 4.59593 -14.4214 -1.8887
179.837 4.50544 -14.1743 -1.51414
179.891 4.43481 -13.9314 -1.15975
179.946 4.38233 -13.6919 -0.834515
180 4.34681 -13.4546 -0.53143
180.056 4.32545 -13.2112 -0.280955
180.11 4.3171 -12.9777 -0.0762057
180.163 4.31749 -12.7511 0.0613451
180.217 4.32515 -12.5179 0.185128
180.271 4.34098 -12.2808 0.356587
180.327 4.36505 -12.0404 0.490386
180.382 4.39743 -11.7985 0.666373
180.438 4.44051 -11.5499 0.827269
180.494 4.49111 -11.2987 0.941592
180.544 4.54169 -11.0717 1.04108
180.597 4.59757 -10.8324 1.09213
180.65 4.65625 -10.5851 1.08728
180.704 4.71322 -10.3336 1.04278
180.751 4.75985 -10.1097 0.952333
180.8 4.80279 -9.87278 0.80665
180.853 4.83797 -9.62133 0.569047
180.905 4.85813 -9.36581 0.25414
180.958 4.85953 -9.10981 -0.128932
181.011 4.83931 -8.8516 -0.549179
181.067 4.79459 -8.58414 -0.968724
181.123 4.72654 -8.31676 -1.36175
181.179 4.63752 -8.05393 -1.71812
181.235 4.53152 -7.7967 -1.98674
181.292 4.41257 -7.54587 -2.20049
181.348 4.28135 -7.30215 -2.42192
181.404 4.13961 -7.06617 -2.58177
181.46 3.9888 -6.83847 -2.74417
181.516 3.8279 -6.61957 -2.94592
181.573 3.6575 -6.41007 -3.07793
181.629 3.47944 -6.2104 -3.22156
181.685 3.29394 -6.021 -3.3369
181.741 3.10449 -5.84217 -3.38511
181.798 2.91258 -5.67409 -3.41876
181.854 2.72146 -5.51679 -3.38414
181.91 2.53421 -5.37011 -3.28915
181.966 2.35386 -5.23375 -3.14754
182.022 2.1826 -5.10727 -2.97047
182.079 2.02366 -4.99007 -2.72367
182.135 1.88048 -4.88129 -2.42457
182.186 1.76634 -4.78843 -2.08948
182.239 1.66754 -4.69781 -1.69534
182.293 1.58958 -4.61007 -1.26387
182.348 1.53528 -4.52449 -0.800596
182.404 1.50662 -4.44079 -0.32472
182.459 1.50429 -4.35779 0.141339
182.514 1.5275 -4.27408 0.599362
182.569 1.57505 -4.18827 1.03259
182.625 1.64542 -4.09908 1.43397
182.68 1.73693 -4.00529 1.80456
182.735 1.84835 -3.90578 2.15745
182.79 1.97915 -3.79948 2.50915
182.845 2.12907 -3.68532 2.85266
182.901 2.29801 -3.56226 3.19349
182.956 2.48554 -3.42924 3.52419
183.011 2.69203 -3.28474 3.85371
183.067 2.91866 -3.12594 4.14945
183.124 3.16176 -2.95385 4.4448
183.18 3.42066 -2.76757 4.71676
183.236 3.69241 -2.56628 4.90895
183.292 3.972 -2.34944 5.01161
183.348 4.25459 -2.11677 5.03123
183.404 4.53468 -1.86828 4.93684
183.461 4.8064 -1.60432 4.75984
183.517 5.06511 -1.32551 4.49121
183.573 5.3069 -1.03272 4.17312
183.629 5.52885 -0.726998 3.7977
183.685 5.73014 -0.409516 3.44488
183.742 5.9122 -0.0813772 3.10857
183.798 6.07631 0.256377 2.79935
183.854 6.22429 0.602802 2.52464
183.91 6.35767 0.957038 2.27932
183.966 6.47897 1.31835 2.08512
184.022 6.5892 1.6861 1.88721
184.079 6.68909 2.05969 1.71182
184.135 6.77879 2.43855 1.53828
184.191 6.86005 2.82215 1.38779
184.247 6.93438 3.21008 1.2798
184.303 7.00407 3.60202 1.22001
184.36 7.07076 3.99776 1.18029
184.416 7.13621 4.39721 1.14906
184.472 7.19998 4.80028 1.12176
184.528 7.26117 5.20685 1.06736
184.584 7.31912 5.61675 1.00162
184.64 7.37095 6.02972 0.866583
184.697 7.41362 6.4453 0.675286
184.753 7.44278 6.86285 0.409307
184.809 7.45483 7.28147 0.0746054
184.865 7.44673 7.70011 -0.294368
184.921 7.41595 8.11753 -0.716628
184.978 7.36116 8.53241 -1.13285
185.034 7.28209 8.9434 -1.57984
185.09 7.17872 9.34913 -2.00657
185.146 7.05267 9.74828 -2.39906
185.202 6.90623 10.1396 -2.7358
185.258 6.74244 10.5222 -3.03508
185.315 6.56294 10.895 -3.29389
185.371 6.37253 11.2573 -3.44996
185.427 6.17429 11.6087 -3.57421
185.483 5.9713 11.9487 -3.63143
185.539 5.76766 12.2773 -3.62583
185.596 5.56598 12.5945 -3.55722
185.652 5.37028 12.9006 -3.43303
185.708 5.18278 13.1959 -3.26655
185.764 5.006 13.4811 -3.0727
185.82 4.84236 13.7567 -2.80946
185.876 4.69454 14.0237 -2.50463
185.933 4.56467 14.283 -2.17729
185.989 4.45513 14.5357 -1.80149
186.045 4.36748 14.7829 -1.3909
186.101 4.30362 15.026 -0.967973
186.157 4.26523 15.2664 -0.49894
186.213 4.25321 15.5055 -0.0225702
186.27 4.26853 15.7448 0.474284
186.326 4.31215 15.9859 0.978706
186.382 4.38387 16.2305 1.4737
186.438 4.48309 16.48 1.95946
186.494 4.60868 16.736 2.41971
186.551 4.75965 16.9999 2.86038
186.607 4.93443 17.273 3.27234
186.663 5.13009 17.5568 3.61755
186.719 5.34482 17.8521 3.94877
186.775 5.57658 18.1601 4.23498
186.829 5.81067 18.466 4.45883
186.882 6.05492 18.7847 4.62779
186.936 6.30804 19.1167 4.78913
186.989 6.56714 19.4625 4.87658
187.045 6.84042 19.8371 4.93039
187.101 7.11829 20.2307 4.95218
187.157 7.39603 20.64 4.93779
187.213 7.67233 21.0648 4.89378
187.27 7.94431 21.5051 4.80536
187.326 8.21054 21.9604 4.69101
187.382 8.46932 22.4304 4.54616
187.438 8.7195 22.9147 4.3826
187.494 8.95926 23.4127 4.19127
187.551 9.18818 23.9238 4.00563
187.605 9.4019 24.4342 3.83655
187.657 9.59692 24.9254 3.75279
187.709 9.79045 25.4303 3.71341
187.763 9.99139 25.9645 3.74536
187.817 10.1968 26.5097 3.86695
187.871 10.41 27.0662 4.01552
187.925 10.6307 27.6344 4.14751
187.978 10.8576 28.2147 4.24288
188.034 11.0924 28.8226 4.24278
188.09 11.3273 29.4537 4.12401
188.146 11.5516 30.0977 3.89571
188.202 11.7597 30.7538 3.56794
188.257 11.9445 31.4082 3.2001
188.302 12.0793 31.9471 2.87325
188.351 12.2104 32.5435 2.54728
188.392 12.3087 33.0448 2.31238
188.432 12.3955 33.5392 2.08313
188.474 12.4774 34.0548 1.90291
188.515 12.5506 34.572 1.7035
188.561 12.624 35.1539 1.52865
188.611 12.6955 35.7839 1.38268
188.663 12.7643 36.4474 1.29483
188.716 12.8318 37.127 1.26153
188.771 12.9018 37.8303 1.2935
188.825 12.9741 38.5376 1.34401
188.88 13.0485 39.2488 1.36816
188.934 13.1224 39.9641 1.33283
188.989 13.1918 40.6833 1.21891
189.045 13.2526 41.4225 0.980247
189.101 13.2957 42.1686 0.600753
189.157 13.3121 42.9125 0.0662794
189.213 13.2926 43.6601 -0.644806
189.269 13.2285 44.4052 -1.48386
189.321 13.1257 45.0867 -2.32433
189.374 12.9754 45.7786 -3.16847
189.428 12.7767 46.4723 -4.02461
189.483 12.5282 47.1668 -4.83085
189.538 12.2387 47.8463 -5.53615
189.593 11.9136 48.5086 -6.15903
189.648 11.5561 49.152 -6.72859
189.703 11.1695 49.7748 -7.2268
189.758 10.7574 50.3754 -7.67273
189.813 10.3211 50.9526 -8.10287
189.868 9.86392 51.5051 -8.43856
189.923 9.39169 52.0319 -8.67959
189.978 8.90968 52.5324 -8.80423
190.034 8.41872 53.0123 -8.80443
190.09 7.92723 53.4687 -8.69501
190.146 7.44576 53.8977 -8.46672
190.202 6.9797 54.3002 -8.1727
190.258 6.53303 54.6772 -7.78862
190.315 6.10895 55.0298 -7.38137
190.371 5.70947 55.3594 -6.92172
190.427 5.33715 55.6675 -6.43163
190.483 4.99283 55.9556 -5.92365
190.539 4.67761 56.2254 -5.39895
190.596 4.39298 56.4784 -4.8498
190.652 4.13973 56.7165 -4.27699
190.708 3.91882 56.9415 -3.69762
190.764 3.73066 57.1552 -3.12073
190.82 3.57403 57.3594 -2.56678
190.876 3.44791 57.5558 -2.0314
190.933 3.35113 57.7461 -1.52168
190.989 3.28246 57.9319 -1.02613
191.045 3.24048 58.1148 -0.563316
191.101 3.22435 58.2962 -0.106136
191.157 3.23342 58.4775 0.34152
191.213 3.26744 58.6602 0.783079
191.27 3.32604 58.8456 1.2119
191.325 3.40743 59.0328 1.63076
191.38 3.51142 59.2246 2.04363
191.436 3.63717 59.4229 2.41013
191.491 3.78114 59.6288 2.72863
191.546 3.94169 59.8432 3.01417
191.602 4.11812 60.0671 3.30663
191.657 4.31042 60.3012 3.5932
191.712 4.51949 60.5465 3.9064
191.768 4.74572 60.8039 4.20514
191.823 4.98714 61.0744 4.45646
191.878 5.23963 61.3586 4.62488
191.934 5.49764 61.657 4.67139
191.989 5.75351 61.9696 4.57572
192.043 5.9923 62.2873 4.31527
192.095 6.20543 62.6058 3.93319
192.145 6.38917 62.9226 3.46894
192.192 6.53691 63.2258 2.93974
192.236 6.65291 63.5184 2.39414
192.283 6.74835 63.8327 1.79597
192.331 6.81696 64.1622 1.15859
192.383 6.85607 64.5123 0.497714
192.436 6.86169 64.8764 -0.144865
192.49 6.83308 65.248 -0.771351
192.545 6.77141 65.6204 -1.36005
192.6 6.67571 65.9934 -1.97065
192.656 6.54519 66.3599 -2.60238
192.711 6.37995 66.718 -3.22975
192.767 6.17966 67.0658 -3.85053
192.822 5.95002 67.3977 -4.39786
192.87 5.72367 67.6808 -4.8125
192.92 5.47193 67.9587 -5.19107
192.97 5.20345 68.2236 -5.50702
193.022 4.90928 68.4845 -5.76891
193.077 4.58047 68.7458 -6.03465
193.133 4.23635 68.989 -6.29099
193.189 3.87703 69.2131 -6.54852
193.245 3.50009 69.4189 -6.77175
193.301 3.11376 69.603 -6.90757
193.358 2.72266 69.7652 -6.94069
193.414 2.33723 69.9055 -6.74934
193.47 1.96863 70.0247 -6.38948
193.527 1.62369 70.1238 -5.92834
193.583 1.30658 70.2044 -5.42329
193.639 1.01843 70.2682 -4.9161
193.696 0.760009 70.3167 -4.3764
193.752 0.530949 70.3516 -3.85468
193.808 0.332041 70.3747 -3.31361
193.865 0.165123 70.3876 -2.72764
193.921 0.0311099 70.3922 -2.14142
193.977 -0.0694677 70.3904 -1.54765
194.034 -0.136979 70.3841 -0.973616
194.09 -0.173659 70.375 -0.444465
194.146 -0.181757 70.3649 0.0495904
194.202 -0.164569 70.3551 0.471765
194.258 -0.125401 70.3471 0.836941
194.315 -0.0674292 70.3419 1.1537
194.371 0.00639324 70.3406 1.41296
194.427 0.0927599 70.3438 1.61349
194.483 0.190025 70.3522 1.80844
194.539 0.297996 70.3665 1.99848
194.596 0.415152 70.3872 2.14438
194.652 0.540495 70.4147 2.28688
194.708 0.673208 70.4495 2.40812
194.764 0.812603 70.492 2.527
194.82 0.95776 70.5425 2.62665
194.876 1.10884 70.6014 2.73049
194.933 1.26642 70.6689 2.85761
194.989 1.43181 70.7456 3.00218
195.045 1.60558 70.8319 3.15453
195.101 1.78738 70.9282 3.29793
195.157 1.97763 71.035 3.44608
195.213 2.1757 71.1527 3.56969
195.27 2.37919 71.2818 3.64928
195.326 2.58502 71.4224 3.66217
195.382 2.78939 71.5745 3.61431
195.438 2.9891 71.738 3.51011
195.494 3.18061 71.9124 3.33428
195.551 3.35952 72.0972 3.08177
195.607 3.52345 72.2915 2.80698
195.663 3.67183 72.4945 2.53021
195.719 3.80344 72.7053 2.21296
195.775 3.91685 72.9229 1.88818
195.831 4.01158 73.1462 1.54601
195.888 4.08694 73.3742 1.201
195.944 4.14257 73.6058 0.852213
196 4.17846 73.8398 0.495208
196.056 4.19458 74.0752 0.144191
196.112 4.19031 74.3108 -0.216407
196.169 4.16653 74.5455 -0.558518
196.225 4.12425 74.7782 -0.878693
196.281 4.06456 75.008 -1.18164
196.337 3.98828 75.2338 -1.46932
196.393 3.89848 75.4549 -1.67799
196.449 3.79739 75.6706 -1.87934
196.506 3.68478 75.8802 -2.09235
196.562 3.56153 76.0831 -2.25245
196.618 3.43043 76.2788 -2.38375
196.674 3.29331 76.4669 -2.47527
196.73 3.15226 76.6472 -2.52531
196.787 3.00974 76.8195 -2.54105
196.843 2.86772 76.9838 -2.51385
196.899 2.72835 77.1402 -2.45796
196.955 2.59277 77.2888 -2.37782
197.011 2.46193 77.4301 -2.29787
197.067 2.33512 77.5641 -2.22756
197.124 2.21216 77.6911 -2.16701
197.18 2.09181 77.8113 -2.12736
197.236 1.97272 77.9248 -2.11834
197.292 1.8531 78.0316 -2.14358
197.348 1.73098 78.1316 -2.19383
197.404 1.60498 78.2247 -2.28069
197.461 1.47313 78.3104 -2.39067
197.517 1.33473 78.3885 -2.51875
197.573 1.18905 78.4586 -2.64318
197.629 1.03619 78.5203 -2.76721
197.685 0.876425 78.5732 -2.8926
197.742 0.711009 78.6169 -2.97999
197.798 0.54103 78.6511 -3.04982
197.854 0.368799 78.6757 -3.07353
197.91 0.19632 78.6906 -3.05893
197.966 0.0262096 78.6959 -2.99751
198.022 -0.138802 78.6917 -2.88902
198.079 -0.296256 78.6786 -2.73743
198.135 -0.443484 78.6569 -2.53364
198.191 -0.578057 78.6274 -2.29773
198.247 -0.698325 78.5908 -2.03001
198.303 -0.802823 78.548 -1.74188
198.36 -0.89038 78.4999 -1.43587
198.416 -0.960633 78.4474 -1.1262
198.472 -1.01286 78.3916 -0.801016
198.528 -1.04739 78.3335 -0.490094
198.583 -1.06383 78.2754 -0.174909
198.638 -1.0636 78.2169 0.120526
198.693 -1.04759 78.159 0.407262
198.748 -1.01627 78.1025 0.675875
198.802 -0.970975 78.0482 0.925726
198.857 -0.912497 77.9968 1.15518
198.912 -0.841646 77.949 1.37881
198.967 -0.759513 77.9054 1.57511
199.022 -0.66581 77.8665 1.77553
199.079 -0.559447 77.8326 1.96923
199.135 -0.442156 77.8051 2.17065
199.191 -0.312991 77.7846 2.38623
199.246 -0.173233 77.7718 2.59567
199.302 -0.0221403 77.7672 2.81952
199.357 0.142103 77.7713 3.06433
199.413 0.319989 77.7851 3.30809
199.468 0.511892 77.8091 3.56082
199.524 0.717308 77.8442 3.80492
199.579 0.935616 77.8912 4.03239
199.634 1.16663 77.9506 4.25659
199.69 1.40869 78.0233 4.44261
199.745 1.65946 78.1096 4.56866
199.801 1.91546 78.2101 4.64447
199.856 2.17296 78.3248 4.63961
199.911 2.42697 78.4536 4.53593
199.967 2.67221 78.5963 4.33396
200.022 2.90319 78.753 4.00534
200.079 3.11394 78.9233 3.57126
200.135 3.29671 79.1046 3.02877
200.191 3.44458 79.2949 2.35741
200.247 3.55155 79.4922 1.59205
200.303 3.61272 79.6941 0.738734
200.36 3.62367 79.8976 -0.180429
200.416 3.57931 80.1 -1.21281
200.472 3.47683 80.2979 -2.24202
200.528 3.31691 80.488 -3.23673
200.584 3.10407 80.6674 -4.12821
200.64 2.84671 80.8333 -4.85475
200.697 2.55481 80.9835 -5.40146
200.753 2.23841 81.1165 -5.75929
200.809 1.90952 81.2312 -5.90312
200.865 1.57808 81.3273 -5.87578
200.921 1.25418 81.405 -5.67698
200.978 0.94604 81.465 -5.33907
201.034 0.659638 81.5083 -4.93399
201.09 0.398037 81.5365 -4.46945
201.146 0.16316 81.5508 -3.98614
201.202 -0.0434542 81.5529 -3.45519
201.258 -0.218566 81.5444 -2.88005
201.315 -0.358986 81.5272 -2.24654
201.371 -0.463771 81.5033 -1.6113
201.427 -0.533478 81.4748 -0.997817
201.483 -0.56985 81.4434 -0.41586
201.539 -0.57389 81.4111 0.153008
201.596 -0.54659 81.3797 0.707445
201.652 -0.48814 81.3508 1.26049
201.708 -0.399528 81.3262 1.78861
201.764 -0.281198 81.3076 2.31962
201.82 -0.134049 81.2967 2.81327
201.876 0.0391511 81.2949 3.25534
201.93 0.226596 81.3029 3.64429
201.976 0.401969 81.3181 3.93593
202.019 0.579448 81.3402 4.18655
202.068 0.788766 81.374 4.45952
202.119 1.02452 81.4216 4.70927
202.172 1.28224 81.484 4.96555
202.226 1.559 81.5625 5.18885
202.281 1.85087 81.6578 5.38254
202.336 2.15512 81.7702 5.58138
202.392 2.47032 81.8999 5.76473
202.447 2.79471 82.0472 5.92526
202.502 3.12757 82.2128 6.08118
202.557 3.46657 82.3962 6.19889
202.607 3.78061 82.5799 6.27625
202.658 4.10186 82.7821 6.33184
202.711 4.43659 83.0093 6.34218
202.765 4.77531 83.2575 6.31718
202.818 5.11038 83.5237 6.23073
202.872 5.43845 83.8076 6.06863
202.925 5.75652 84.1087 5.85691
202.979 6.06083 84.4264 5.57063
203.034 6.35697 84.7703 5.23448
203.089 6.63219 85.1285 4.8575
203.144 6.88931 85.5057 4.45895
203.2 7.12298 85.8964 4.04058
203.255 7.3344 86.2994 3.64639
203.312 7.52615 86.7186 3.25153
203.368 7.6966 87.1492 2.86666
203.424 7.84592 87.5886 2.50534
203.481 7.97606 88.0358 2.18412
203.537 8.08786 88.4898 1.84834
203.594 8.18254 88.9494 1.56164
203.65 8.2621 89.4139 1.3103
203.707 8.32845 89.8824 1.09485
203.763 8.38394 90.3543 0.904224
203.819 8.43047 90.829 0.777775
203.876 8.47143 91.3061 0.69902
203.932 8.50895 91.7854 0.655856
203.989 8.54625 92.2668 0.669216
204.045 8.58621 92.7487 0.750818
204.101 8.63164 93.2325 0.860795
204.157 8.68542 93.7192 1.02241
204.213 8.74882 94.2093 1.2053
204.27 8.82355 94.7032 1.41706
204.326 8.9099 95.2018 1.61533
204.382 9.00674 95.7056 1.78975
204.438 9.11264 96.2151 1.94453
204.494 9.22561 96.7308 2.04436
204.551 9.34198 97.2531 2.07421
204.607 9.4575 97.7818 2.04156
204.662 9.56771 98.3074 1.95863
204.709 9.65623 98.7627 1.81151
204.76 9.74332 99.2534 1.66798
204.812 9.82493 99.7648 1.48148
204.864 9.8972 100.28 1.33284
204.916 9.9626 100.799 1.20077
204.969 10.0224 101.321 1.12194
205.022 10.081 101.862 1.05898
205.079 10.1389 102.431 1.02088
205.135 10.195 103.002 0.983859
205.191 10.2488 103.577 0.940078
205.247 10.2996 104.154 0.873429
205.303 10.3452 104.734 0.756453
205.36 10.3815 105.317 0.562684
205.416 10.4045 105.901 0.295175
205.472 10.409 106.486 -0.0715067
205.528 10.3895 107.07 -0.545017
205.584 10.3396 107.652 -1.12973
205.64 10.2536 108.23 -1.79983
205.697 10.1287 108.802 -2.51621
205.753 9.96305 109.366 -3.23646
205.809 9.75756 109.919 -3.93365
205.865 9.51448 110.459 -4.572
205.921 9.23922 110.984 -5.09788
205.978 8.93798 111.493 -5.51995
206.034 8.61809 111.985 -5.79357
206.09 8.28611 112.458 -5.96288
206.146 7.94842 112.912 -6.02257
206.202 7.61052 113.347 -6.0025
206.258 7.27516 113.763 -5.93505
206.315 6.94537 114.161 -5.82144
206.371 6.62345 114.54 -5.66383
206.427 6.31117 114.902 -5.48679
206.483 6.00958 115.246 -5.27754
206.539 5.72115 115.574 -5.03173
206.596 5.44749 115.886 -4.75923
206.652 5.18999 116.183 -4.4636
206.708 4.95031 116.467 -4.12853
206.764 4.72973 116.737 -3.79799
206.82 4.52688 116.996 -3.48206
206.876 4.34273 117.244 -3.14332
206.933 4.17655 117.482 -2.8379
206.989 4.02751 117.712 -2.53037
207.045 3.89518 117.934 -2.23843
207.101 3.77881 118.149 -1.96447
207.157 3.67721 118.357 -1.70471
207.213 3.59012 118.561 -1.44904
207.27 3.51702 118.76 -1.20463
207.326 3.45722 118.956 -0.973353
207.382 3.41085 119.148 -0.731639
207.438 3.3774 119.339 -0.512121
207.494 3.35513 119.528 -0.326035
207.551 3.34175 119.716 -0.187213
207.607 3.33449 119.903 -0.0985731
207.663 3.3296 120.09 -0.0850841
207.719 3.32346 120.277 -0.135357
207.775 3.31282 120.463 -0.230727
207.831 3.29554 120.649 -0.36406
207.888 3.27049 120.833 -0.503743
207.944 3.23782 121.016 -0.628259
208 3.19831 121.197 -0.750324
208.056 3.15261 121.375 -0.856278
208.112 3.10217 121.55 -0.924461
208.169 3.04808 121.723 -0.987617
208.225 2.99101 121.892 -1.02984
208.281 2.93251 122.058 -1.04792
208.337 2.87289 122.221 -1.06937
208.393 2.81204 122.38 -1.08824
208.449 2.75033 122.536 -1.10918
208.506 2.68726 122.688 -1.13101
208.562 2.62305 122.837 -1.15398
208.618 2.55694 122.982 -1.19345
208.674 2.48844 123.124 -1.23896
208.73 2.41667 123.261 -1.30916
208.787 2.34031 123.394 -1.39502
208.843 2.25858 123.523 -1.49652
208.899 2.17022 123.647 -1.62304
208.955 2.0751 123.766 -1.74042
209.011 1.9733 123.879 -1.85916
209.067 1.8655 123.986 -1.96087
209.124 1.7526 124.087 -2.0427
209.18 1.63571 124.182 -2.10176
209.236 1.51638 124.27 -2.13343
209.292 1.39678 124.351 -2.12247
209.348 1.27872 124.425 -2.085
209.404 1.16359 124.493 -2.02156
209.461 1.05252 124.555 -1.94375
209.517 0.946419 124.61 -1.85113
209.573 0.845875 124.66 -1.75033
209.629 0.751126 124.704 -1.64216
209.685 0.662252 124.744 -1.54158
209.742 0.578942 124.778 -1.4479
209.798 0.500024 124.808 -1.37289
209.854 0.426032 124.833 -1.27799
209.91 0.35737 124.855 -1.1821
209.966 0.294984 124.873 -1.05709
210.022 0.240135 124.888 -0.91463
210.079 0.193888 124.9 -0.75872
210.135 0.156811 124.909 -0.589978
210.191 0.129738 124.917 -0.409246
210.247 0.113623 124.924 -0.205892
210.303 0.108955 124.93 -0.000354527
210.36 0.11614 124.936 0.213624
210.416 0.135357 124.943 0.429837
210.472 0.166966 124.952 0.652589
210.528 0.211703 124.963 0.894431
210.584 0.269702 124.977 1.12415
210.64 0.340024 124.994 1.33681
210.697 0.421502 125.016 1.52451
210.753 0.513251 125.043 1.69874
210.809 0.613991 125.075 1.85031
210.865 0.722214 125.113 1.97227
210.921 0.836272 125.157 2.07417
210.978 0.955583 125.208 2.15282
211.034 1.0781 125.266 2.19753
211.09 1.2032 125.331 2.23561
211.146 1.32883 125.403 2.23637
211.202 1.4543 125.481 2.22001
211.258 1.5775 125.567 2.17443
211.315 1.69854 125.66 2.13303
211.371 1.81573 125.759 2.05031
211.427 1.92776 125.865 1.95529
211.483 2.03383 125.977 1.8409
211.539 2.13283 126.095 1.7066
211.596 2.22462 126.218 1.57996
211.652 2.3088 126.346 1.44633
211.708 2.38506 126.478 1.30171
211.764 2.45349 126.614 1.15963
211.82 2.51401 126.754 1.02248
211.876 2.5668 126.897 0.873705
211.933 2.61266 127.043 0.76983
211.989 2.65199 127.191 0.65451
212.045 2.6855 127.341 0.558129
212.101 2.71347 127.493 0.457915
212.157 2.7364 127.646 0.380455
212.213 2.75566 127.801 0.319998
212.27 2.77191 127.956 0.271162
212.326 2.78532 128.112 0.223351
212.382 2.79626 128.269 0.164587
212.438 2.8054 128.427 0.147053
212.494 2.81177 128.584 0.0909868
212.551 2.81481 128.742 0.0331609
212.607 2.81447 128.901 -0.0356859
212.663 2.80963 129.059 -0.120644
212.719 2.79927 129.216 -0.226604
212.775 2.7832 129.373 -0.331836
212.831 2.76114 129.529 -0.43306
212.888 2.73311 129.683 -0.539792
212.944 2.69963 129.835 -0.637792
213 2.66075 129.986 -0.726399
213.056 2.61781 130.134 -0.793425
213.112 2.57158 130.279 -0.831159
213.169 2.52403 130.422 -0.843895
213.225 2.47721 130.562 -0.823123
213.28 2.43332 130.698 -0.764619
213.335 2.39352 130.831 -0.680116
213.391 2.35884 130.964 -0.575839
213.448 2.3307 131.096 -0.441166
213.504 2.31084 131.226 -0.286775
213.56 2.29935 131.356 -0.142146
213.617 2.29648 131.486 0.0132996
213.673 2.3035 131.615 0.199987
213.729 2.32182 131.746 0.423522
213.786 2.35448 131.878 0.69347
213.842 2.4036 132.012 0.996865
213.899 2.47151 132.149 1.34094
213.955 2.56053 132.292 1.74027
214.011 2.67285 132.44 2.17213
214.067 2.80943 132.594 2.60156
214.124 2.969 132.757 2.99204
214.18 3.14897 132.93 3.31953
214.236 3.34255 133.114 3.50949
214.292 3.54107 133.308 3.53286
214.348 3.73388 133.514 3.33147
214.404 3.90719 133.729 2.89645
214.461 4.04917 133.954 2.25801
214.517 4.14987 134.185 1.47425
214.573 4.20551 134.42 0.668844
214.627 4.21641 134.649 -0.109253
214.673 4.19492 134.841 -0.707356
214.711 4.15679 135 -1.17987
214.75 4.10117 135.159 -1.60506
214.788 4.03164 135.313 -1.99574
214.829 3.9377 135.479 -2.40852
214.871 3.83014 135.639 -2.74318
214.916 3.69636 135.809 -3.08967
214.963 3.54381 135.977 -3.36675
215.011 3.37598 136.143 -3.57747
215.065 3.17643 136.319 -3.74866
215.12 2.96761 136.486 -3.82616
215.175 2.7561 136.644 -3.78959
215.231 2.54866 136.79 -3.66603
215.286 2.35105 136.926 -3.45449
215.342 2.16867 137.051 -3.14386
215.398 2.00558 137.166 -2.78795
215.454 1.86272 137.273 -2.4207
215.509 1.73896 137.372 -2.10168
215.565 1.63129 137.466 -1.82247
215.621 1.5381 137.553 -1.57553
215.677 1.45792 137.636 -1.34703
215.732 1.39051 137.715 -1.11848
215.788 1.33628 137.791 -0.872929
215.844 1.29641 137.864 -0.602155
215.9 1.2723 137.936 -0.320066
215.955 1.26409 138.006 -0.0294872
216.011 1.27201 138.077 0.252907
216.067 1.29455 138.149 0.491298
216.124 1.32809 138.223 0.655728
216.18 1.36828 138.299 0.745535
216.236 1.41174 138.377 0.783533
216.292 1.45568 138.458 0.776638
216.348 1.49778 138.541 0.725752
216.404 1.53627 138.627 0.655669
216.461 1.57038 138.714 0.573051
216.517 1.59948 138.803 0.482312
216.573 1.62295 138.894 0.376858
216.629 1.64084 138.986 0.284059
216.685 1.65475 139.078 0.222283
216.742 1.66602 139.172 0.198551
216.798 1.67768 139.266 0.223285
216.854 1.69257 139.36 0.293137
216.91 1.71204 139.456 0.391979
216.966 1.73802 139.553 0.5168
217.022 1.77165 139.652 0.656586
217.079 1.81358 139.753 0.810552
217.135 1.86321 139.856 0.933935
217.191 1.91918 139.963 1.03348
217.247 1.9793 140.073 1.08673
217.303 2.04045 140.186 1.08212
217.36 2.0997 140.303 1.02128
217.416 2.15324 140.422 0.900742
217.472 2.19796 140.545 0.7189
217.528 2.23128 140.67 0.506564
217.584 2.25219 140.796 0.277042
217.64 2.25975 140.923 0.036882
217.697 2.25511 141.049 -0.158309
217.753 2.24054 141.176 -0.322511
217.809 2.21891 141.301 -0.422089
217.865 2.19365 141.425 -0.46303
217.921 2.1677 141.547 -0.454973
217.978 2.14407 141.668 -0.394226
218.034 2.12574 141.788 -0.279987
218.09 2.11464 141.907 -0.135684
218.146 2.11334 142.026 0.0537116
218.202 2.12425 142.145 0.290789
218.258 2.14861 142.265 0.533072
218.315 2.18767 142.387 0.802023
218.371 2.24171 142.511 1.07448
218.427 2.3116 142.64 1.35742
218.483 2.39706 142.772 1.6252
218.539 2.49722 142.91 1.88192
218.596 2.61074 143.054 2.11171
218.652 2.73643 143.205 2.3174
218.708 2.87353 143.363 2.51643
218.764 3.02149 143.53 2.70929
218.82 3.17971 143.705 2.88616
218.876 3.34795 143.889 3.06708
218.933 3.52616 144.083 3.24864
218.981 3.68896 144.26 3.41067
219.032 3.86757 144.453 3.56971
219.087 4.06867 144.671 3.75134
219.142 4.28164 144.902 3.92927
219.198 4.50645 145.148 4.10257
219.253 4.74081 145.407 4.28401
219.309 4.98332 145.679 4.40004
219.365 5.23226 145.965 4.51012
219.421 5.48594 146.265 4.57698
219.476 5.74143 146.579 4.58009
219.532 5.99406 146.908 4.49749
219.588 6.2406 147.25 4.37196
219.643 6.47683 147.606 4.14066
219.699 6.69762 147.974 3.8314
219.755 6.89939 148.354 3.48252
219.811 7.07886 148.744 3.0462
219.866 7.23291 149.144 2.57485
219.922 7.36003 149.551 2.0849
219.978 7.45919 149.965 1.58308
220.034 7.53041 150.385 1.06905
220.09 7.57295 150.81 0.558511
220.146 7.58769 151.236 0.0712903
220.202 7.5753 151.662 -0.411638
220.258 7.53718 152.086 -0.849513
220.315 7.47625 152.507 -1.23209
220.371 7.39652 152.925 -1.5389
220.427 7.30149 153.337 -1.77564
220.483 7.19544 153.744 -1.94985
220.539 7.08269 154.144 -2.02994
220.596 6.96807 154.538 -2.0381
220.652 6.85556 154.926 -1.96403
220.708 6.74759 155.308 -1.88196
220.764 6.64675 155.683 -1.73295
220.82 6.55575 156.054 -1.54942
220.876 6.47528 156.419 -1.34199
220.933 6.40602 156.78 -1.14965
220.989 6.34822 157.138 -0.948255
221.045 6.30145 157.493 -0.76272
221.101 6.26361 157.846 -0.619888
221.157 6.23325 158.197 -0.493399
221.213 6.20869 158.546 -0.405882
221.27 6.18711 158.894 -0.367514
221.326 6.16606 159.241 -0.386772
221.382 6.14269 159.587 -0.438538
221.438 6.11525 159.931 -0.523528
221.494 6.08222 160.273 -0.638266
221.551 6.04196 160.614 -0.761805
221.607 5.9945 160.952 -0.901813
221.663 5.93949 161.287 -1.02733
221.719 5.87775 161.618 -1.1454
221.775 5.80981 161.946 -1.24743
221.831 5.73686 162.27 -1.33289
221.888 5.65934 162.59 -1.40812
221.944 5.57805 162.905 -1.46974
222 5.49397 163.216 -1.51381
222.056 5.40849 163.521 -1.53359
222.112 5.32374 163.822 -1.48853
222.169 5.24229 164.119 -1.41911
222.225 5.16786 164.411 -1.2668
222.281 5.10296 164.699 -1.0618
222.337 5.05267 164.984 -0.76893
222.393 5.02247 165.266 -0.372436
222.449 5.01786 165.548 0.128288
222.506 5.04512 165.831 0.734447
222.562 5.10933 166.116 1.41859
222.618 5.2113 166.407 2.07577
222.674 5.34845 166.704 2.67247
222.73 5.51476 167.01 3.13627
222.787 5.70239 167.326 3.4459
222.843 5.90029 167.653 3.55272
222.899 6.09881 167.991 3.48914
222.955 6.28675 168.34 3.22482
223.011 6.45435 168.699 2.80425
223.064 6.58789 169.046 2.30967
223.118 6.6936 169.402 1.75246
223.172 6.76926 169.77 1.14206
223.226 6.81143 170.137 0.53709
223.277 6.81896 170.482 -0.110363
223.33 6.79061 170.841 -0.825773
223.384 6.72119 171.205 -1.60573
223.431 6.62421 171.524 -2.30458
223.477 6.49885 171.825 -3.01082
223.525 6.33496 172.129 -3.73433
223.569 6.15379 172.402 -4.3938
223.616 5.92497 172.689 -5.0704
223.667 5.64909 172.98 -5.69755
223.719 5.33313 173.266 -6.23499
223.773 4.98055 173.543 -6.70486
223.827 4.60786 173.8 -7.0296
223.881 4.2205 174.036 -7.25889
223.935 3.82383 174.251 -7.40495
223.989 3.42081 174.444 -7.50986
224.045 2.99995 174.621 -7.58172
224.101 2.57162 174.775 -7.65435
224.157 2.13847 174.905 -7.75071
224.213 1.69877 175.01 -7.88785
224.27 1.24845 175.09 -8.10031
224.326 0.785399 175.145 -8.34344
224.382 0.307288 175.173 -8.61557
224.438 -0.187358 175.174 -8.93802
224.494 -0.699687 175.146 -9.2505
224.551 -1.23045 175.089 -9.57702
224.607 -1.77855 175.001 -9.86485
224.663 -2.34152 174.883 -10.1181
224.719 -2.91601 174.732 -10.2893
224.775 -3.49704 174.548 -10.3604
224.831 -4.0778 174.332 -10.313
224.888 -4.65102 174.084 -10.105
224.944 -5.20796 173.804 -9.77008
225 -5.73998 173.493 -9.25248
225.056 -6.23909 173.154 -8.62823
225.112 -6.69916 172.787 -7.90388
225.169 -7.11624 172.397 -7.10136
225.225 -7.48694 171.984 -6.26722
225.281 -7.81091 171.552 -5.43447
225.337 -8.08886 171.104 -4.62845
225.393 -8.32292 170.642 -3.86464
225.449 -8.51547 170.167 -3.14259
225.506 -8.6699 169.684 -2.49453
225.562 -8.78956 169.192 -1.89415
225.618 -8.87812 168.695 -1.37108
225.674 -8.93943 168.194 -0.909128
225.73 -8.97636 167.691 -0.49793
225.787 -8.99225 167.186 -0.148271
225.843 -8.99023 166.681 0.152821
225.899 -8.97248 166.176 0.4176
225.955 -8.94183 165.673 0.622194
226.011 -8.90105 165.172 0.788019
226.067 -8.85225 164.674 0.915166
226.124 -8.79759 164.178 1.00789
226.18 -8.73893 163.686 1.06677
226.236 -8.67796 163.197 1.09707
226.292 -8.61577 162.712 1.10679
226.348 -8.55451 162.23 1.07475
226.404 -8.49536 161.751 1.03236
226.461 -8.43948 161.276 0.966508
226.517 -8.38798 160.803 0.88948
226.573 -8.34144 160.334 0.783873
226.629 -8.30135 159.866 0.669562
226.685 -8.26804 159.401 0.540212
226.742 -8.24273 158.938 0.385595
226.798 -8.22615 158.475 0.23773
226.849 -8.21835 158.052 0.0974609
226.899 -8.21785 157.639 -0.0454877
226.95 -8.22438 157.226 -0.194176
227 -8.23855 156.812 -0.332883
227.056 -8.26238 156.354 -0.486388
227.112 -8.2946 155.889 -0.620288
227.168 -8.33291 155.421 -0.721221
227.224 -8.37585 154.952 -0.786268
227.28 -8.42064 154.479 -0.798481
227.337 -8.46445 154.004 -0.761315
227.393 -8.50482 153.527 -0.683301
227.449 -8.53904 153.047 -0.551018
227.505 -8.56514 152.566 -0.398576
227.561 -8.58165 152.084 -0.211726
227.618 -8.58668 151.602 -0.00556446
227.674 -8.57922 151.119 0.229162
227.73 -8.55894 150.637 0.458022
227.786 -8.52511 150.157 0.689258
227.843 -8.47864 149.679 0.92024
227.899 -8.42063 149.204 1.10582
227.955 -8.35239 148.733 1.28609
228.011 -8.27575 148.266 1.40997
228.067 -8.19307 147.804 1.50977
228.124 -8.10413 147.347 1.6325
228.18 -8.00842 146.895 1.76183
228.236 -7.90387 146.448 1.93799
228.292 -7.78755 146.008 2.1692
228.348 -7.65548 145.575 2.48468
228.404 -7.50252 145.15 2.89557
228.461 -7.32228 144.734 3.43357
228.517 -7.10785 144.33 4.08863
228.573 -6.85168 143.939 4.88965
228.629 -6.5462 143.564 5.81415
228.685 -6.18445 143.208 6.87973
228.742 -5.75963 142.875 8.02784
228.798 -5.26775 142.568 9.23916
228.854 -4.70813 142.29 10.4541
228.91 -4.08084 142.047 11.615
228.964 -3.42035 141.848 12.6346
229.01 -2.8143 141.706 13.4109
229.063 -2.08258 141.581 14.147
229.114 -1.34864 141.497 14.6738
229.166 -0.571162 141.451 15.044
229.218 0.226536 141.446 15.25
229.271 1.02815 141.483 15.2822
229.325 1.84655 141.565 15.1519
229.378 2.64596 141.689 14.8168
229.431 3.41285 141.853 14.3573
229.484 4.16255 142.061 13.6935
229.539 4.88253 142.312 12.818
229.594 5.55215 142.602 11.772
229.649 6.15697 142.927 10.5067
229.704 6.68606 143.283 9.04422
229.758 7.12529 143.658 7.50809
229.808 7.45877 144.028 6.00969
229.859 7.71593 144.413 4.47306
229.909 7.89404 144.808 2.89787
229.954 7.98661 145.162 1.55262
229.992 8.02109 145.472 0.45823
230.036 8.0091 145.826 -0.747374
230.084 7.9395 146.205 -1.92298
230.135 7.80815 146.605 -3.01239
230.188 7.61669 147.012 -4.00129
230.242 7.37134 147.416 -4.8832
230.297 7.07767 147.811 -5.63289
230.352 6.7455 148.192 -6.22386
230.408 6.38225 148.556 -6.67864
230.464 5.99938 148.9 -6.94725
230.52 5.60784 149.222 -7.02652
230.575 5.21623 149.522 -6.98828
230.631 4.83059 149.801 -6.83259
230.687 4.45694 150.058 -6.56894
230.743 4.1019 150.295 -6.19777
230.799 3.77048 150.513 -5.74419
230.855 3.46696 150.713 -5.21172
230.911 3.1964 150.898 -4.5924
230.966 2.96476 151.068 -3.84032
231.022 2.7791 151.228 -2.96029
231.079 2.64495 151.379 -1.98955
231.135 2.56788 151.525 -0.960458
231.191 2.54633 151.668 -0.0113561
231.247 2.57114 151.812 0.70017
231.303 2.62451 151.958 1.07356
231.36 2.68781 152.108 1.13989
231.416 2.74931 152.261 1.0537
231.472 2.8027 152.417 0.870423
231.528 2.84481 152.576 0.666235
231.584 2.87403 152.737 0.422069
231.64 2.88907 152.899 0.167015
231.697 2.88974 153.061 -0.0909359
231.753 2.87584 153.223 -0.354384
231.809 2.84653 153.384 -0.640559
231.865 2.79991 153.542 -0.959161
231.921 2.73499 153.697 -1.2898
231.978 2.65088 153.848 -1.63611
232.034 2.54676 153.994 -2.00089
232.09 2.42214 154.133 -2.3707
232.146 2.27573 154.264 -2.76382
232.202 2.10745 154.386 -3.14072
232.258 1.91876 154.499 -3.49703
232.315 1.71169 154.599 -3.81243
232.371 1.48925 154.688 -4.05691
232.427 1.25561 154.764 -4.2424
232.48 1.0251 154.824 -4.32396
232.532 0.799231 154.87 -4.34812
232.584 0.575256 154.904 -4.28238
232.638 0.351931 154.928 -4.11771
232.692 0.138185 154.94 -3.84173
232.747 -0.0621479 154.941 -3.49245
232.802 -0.24083 154.931 -3.05876
232.857 -0.394164 154.913 -2.58889
232.912 -0.520189 154.887 -2.08275
232.967 -0.617112 154.855 -1.55427
233.022 -0.685382 154.818 -1.01667
233.079 -0.72488 154.778 -0.517225
233.135 -0.73604 154.737 -0.00395558
233.191 -0.720963 154.696 0.44739
233.247 -0.682409 154.657 0.844742
233.303 -0.623627 154.62 1.17594
233.36 -0.547502 154.588 1.47094
233.416 -0.456618 154.56 1.70989
233.472 -0.354216 154.538 1.89306
233.528 -0.242863 154.522 2.03683
233.584 -0.125369 154.512 2.13119
233.64 -0.0034718 154.509 2.18825
233.697 0.119972 154.513 2.20092
233.753 0.24329 154.524 2.18936
233.809 0.365285 154.542 2.15975
233.865 0.485236 154.566 2.11839
233.921 0.602566 154.597 2.06885
233.978 0.717166 154.635 2.01986
234.034 0.828948 154.679 1.96739
234.09 0.937656 154.73 1.90971
234.146 1.04423 154.786 1.88018
234.202 1.14853 154.848 1.84145
234.258 1.2508 154.916 1.80381
234.315 1.35052 154.99 1.75087
234.371 1.44701 155.069 1.69241
234.427 1.54016 155.153 1.64269
234.483 1.62934 155.243 1.54389
234.539 1.71362 155.337 1.47056
234.595 1.79145 155.436 1.34527
234.649 1.86002 155.534 1.22424
234.704 1.92228 155.638 1.08186
234.758 1.97704 155.745 0.937455
234.813 2.02335 155.855 0.779914
234.868 2.06072 155.968 0.610953
234.923 2.08872 156.082 0.442769
234.978 2.1074 156.197 0.272016
235.034 2.11673 156.315 0.0963093
235.09 2.11659 156.434 -0.0633707
235.146 2.1079 156.552 -0.213922
235.202 2.09048 156.67 -0.369978
235.258 2.06531 156.787 -0.498908
235.315 2.03291 156.902 -0.62426
235.371 1.99347 157.015 -0.752784
235.427 1.94699 157.125 -0.881469
235.483 1.89318 157.233 -1.00949
235.539 1.83145 157.337 -1.16166
235.596 1.76012 157.437 -1.34649
235.652 1.67728 157.534 -1.56567
235.708 1.58035 157.625 -1.83616
235.764 1.46738 157.71 -2.131
235.82 1.33628 157.788 -2.46842
235.876 1.18597 157.858 -2.811
235.933 1.01652 157.919 -3.15125
235.989 0.828589 157.97 -3.46909
236.045 0.623711 158.009 -3.75364
236.101 0.404698 158.037 -3.98749
236.157 0.174609 158.052 -4.15724
236.213 -0.0624767 158.054 -4.24546
236.27 -0.300876 158.043 -4.23682
236.326 -0.53734 158.018 -4.18761
236.382 -0.769217 157.98 -4.08024
236.438 -0.99389 157.929 -3.94227
236.494 -1.20994 157.866 -3.78208
236.551 -1.41585 157.791 -3.59115
236.607 -1.60984 157.705 -3.36306
236.663 -1.78971 157.608 -3.09403
236.719 -1.95329 157.502 -2.78896
236.775 -2.09885 157.387 -2.44825
236.831 -2.22452 157.265 -2.0885
236.888 -2.32913 157.136 -1.703
236.944 -2.41197 157.002 -1.32123
237 -2.47316 156.865 -0.933566
237.056 -2.51313 156.724 -0.566108
237.112 -2.53311 156.583 -0.21856
237.169 -2.53478 156.44 0.0896681
237.225 -2.52074 156.298 0.349669
237.281 -2.4937 156.157 0.564055
237.337 -2.45602 156.018 0.736121
237.393 -2.41015 155.882 0.867023
237.449 -2.35775 155.748 0.975607
237.506 -2.29993 155.618 1.06142
237.562 -2.23751 155.491 1.14489
237.618 -2.17047 155.367 1.23125
237.674 -2.09756 155.248 1.34661
237.73 -2.01774 155.132 1.47839
237.787 -1.92939 155.022 1.63224
237.843 -1.83159 154.917 1.82137
237.899 -1.72167 154.818 2.05029
237.955 -1.59808 154.725 2.30595
238.011 -1.45827 154.64 2.61482
238.067 -1.29996 154.563 2.96326
238.124 -1.12038 154.496 3.35642
238.18 -0.917395 154.44 3.78783
238.236 -0.688452 154.396 4.27291
238.292 -0.431628 154.366 4.77257
238.348 -0.146481 154.351 5.28113
238.404 0.167909 154.353 5.80675
238.461 0.511607 154.374 6.31727
238.517 0.882337 154.415 6.78172
238.573 1.2779 154.478 7.21093
238.629 1.6941 154.564 7.52451
238.684 2.11427 154.671 7.74717
238.739 2.54005 154.8 7.83968
238.793 2.96729 154.952 7.83031
238.847 3.39 155.127 7.69327
238.902 3.801 155.326 7.43417
238.956 4.19465 155.546 7.05777
239.011 4.56765 155.788 6.61652
239.067 4.92189 156.057 6.09702
239.124 5.24615 156.344 5.5481
239.18 5.5389 156.649 4.98774
239.236 5.79956 156.967 4.45337
239.29 6.02666 157.292 3.94751
239.346 6.22841 157.633 3.44995
239.401 6.40401 157.985 2.97978
239.457 6.55431 158.345 2.52998
239.512 6.67955 158.712 2.08224
239.568 6.78046 159.086 1.64956
239.623 6.85778 159.465 1.22656
239.678 6.91206 159.847 0.817219
239.734 6.9439 160.231 0.415315
239.789 6.95415 160.617 0.0382341
239.845 6.94451 161.002 -0.314182
239.9 6.91578 161.386 -0.649303
239.956 6.86931 161.768 -0.95915
240.011 6.80688 162.148 -1.22414
240.067 6.72989 162.528 -1.45831
240.124 6.64126 162.903 -1.65888
240.18 6.54251 163.272 -1.81824
240.236 6.43626 163.636 -1.93071
240.292 6.32485 163.994 -2.01858
240.348 6.209 164.346 -2.08358
240.404 6.08987 164.691 -2.15157
240.461 5.96759 165.029 -2.19472
240.517 5.84312 165.36 -2.22526
240.573 5.7177 165.684 -2.23607
240.629 5.59204 166.001 -2.23123
240.685 5.4679 166.311 -2.19958
240.742 5.34576 166.614 -2.15779
240.798 5.22635 166.91 -2.10272
240.854 5.11121 167.2 -2.0154
240.91 5.00093 167.483 -1.92924
240.966 4.89559 167.761 -1.84015
241.022 4.79505 168.032 -1.7549
241.079 4.69874 168.298 -1.6864
241.135 4.60658 168.559 -1.61236
241.191 4.51854 168.815 -1.53757
241.247 4.43503 169.065 -1.45943
241.302 4.35773 169.305 -1.38484
241.356 4.28394 169.541 -1.3337
241.411 4.21168 169.774 -1.3013
241.467 4.13943 170.006 -1.30164
241.522 4.06674 170.233 -1.31782
241.578 3.99196 170.457 -1.36594
241.634 3.91407 170.676 -1.43423
241.689 3.83158 170.89 -1.52469
241.745 3.744 171.1 -1.60831
241.8 3.65112 171.305 -1.71102
241.856 3.55305 171.504 -1.80072
241.911 3.45033 171.698 -1.88178
241.967 3.34406 171.886 -1.93499
242.022 3.23441 172.069 -1.98163
242.079 3.12193 172.247 -2.01192
242.135 3.00831 172.419 -2.03485
242.191 2.89495 172.584 -2.01261
242.247 2.78245 172.743 -1.99629
242.303 2.67184 172.895 -1.96229
242.36 2.56343 173.042 -1.91552
242.416 2.45925 173.182 -1.8273
242.472 2.35913 173.317 -1.75131
242.528 2.26392 173.446 -1.66066
242.584 2.17435 173.571 -1.55453
242.64 2.0912 173.69 -1.43225
242.697 2.01479 173.805 -1.32122
242.753 1.94598 173.916 -1.17291
242.809 1.88488 174.023 -1.03311
242.865 1.83184 174.127 -0.881273
242.921 1.7863 174.228 -0.760001
242.978 1.74798 174.327 -0.631534
243.034 1.71646 174.424 -0.518504
243.09 1.69086 174.52 -0.417835
243.146 1.66939 174.614 -0.357936
243.202 1.65033 174.707 -0.3367
243.258 1.63077 174.799 -0.363005
243.315 1.60741 174.89 -0.461994
243.371 1.57666 174.979 -0.614308
243.427 1.53635 175.067 -0.794065
243.483 1.48453 175.151 -1.00926
243.539 1.42085 175.233 -1.20591
243.596 1.3478 175.31 -1.3561
243.652 1.26814 175.383 -1.44162
243.708 1.18697 175.452 -1.43246
243.764 1.11055 175.516 -1.29692
243.82 1.04529 175.576 -1.06473
243.873 0.997156 175.63 -0.787215
243.922 0.967558 175.677 -0.482864
243.967 0.953696 175.72 -0.191836
244.01 0.95379 175.761 0.119294
244.061 0.972197 175.811 0.529208
244.115 1.01367 175.864 0.953389
244.169 1.08114 175.921 1.43523
244.224 1.17551 175.984 1.88528
244.279 1.29359 176.053 2.27587
244.335 1.42859 176.129 2.51503
244.39 1.57156 176.213 2.59767
244.446 1.71139 176.304 2.45113
244.501 1.83844 176.404 2.17294
244.557 1.94576 176.509 1.76758
244.612 2.02807 176.62 1.28267
244.666 2.08027 176.73 0.772685
244.719 2.10525 176.842 0.26787
244.773 2.10262 176.956 -0.250723
244.827 2.07306 177.069 -0.740762
244.881 2.01791 177.179 -1.20474
244.935 1.93759 177.286 -1.67478
244.989 1.83285 177.387 -2.11072
245.045 1.70032 177.485 -2.5439
245.101 1.54402 177.575 -2.93918
245.157 1.36562 177.656 -3.32346
245.213 1.16708 177.726 -3.68801
245.27 0.950833 177.785 -3.96507
245.326 0.71922 177.83 -4.22579
245.382 0.474731 177.863 -4.43049
245.438 0.22377 177.881 -4.57108
245.493 -0.0308452 177.885 -4.63938
245.548 -0.287411 177.874 -4.65401
245.603 -0.541443 177.85 -4.5815
245.658 -0.790833 177.812 -4.47847
245.713 -1.03295 177.76 -4.32498
245.768 -1.26534 177.696 -4.13721
245.824 -1.48575 177.619 -3.89293
245.879 -1.6931 177.53 -3.66554
245.934 -1.88775 177.43 -3.43798
245.989 -2.06984 177.32 -3.21791
246.045 -2.2428 177.198 -3.00139
246.101 -2.4041 177.067 -2.78688
246.157 -2.55264 176.926 -2.54844
246.213 -2.68804 176.778 -2.31777
246.27 -2.81033 176.623 -2.0831
246.326 -2.91901 176.462 -1.83313
246.382 -3.01365 176.294 -1.581
246.438 -3.09422 176.122 -1.34013
246.494 -3.16094 175.946 -1.08775
246.551 -3.21383 175.767 -0.84515
246.607 -3.2526 175.585 -0.582472
246.663 -3.27612 175.401 -0.3093
246.719 -3.28447 175.217 -0.0343842
246.775 -3.27734 175.032 0.23143
246.831 -3.2555 174.849 0.49919
246.888 -3.21791 174.667 0.777788
246.944 -3.16532 174.488 1.03887
247 -3.09887 174.313 1.27686
247.056 -3.01989 174.141 1.48363
247.112 -2.93075 173.974 1.64777
247.169 -2.83417 173.813 1.76222
247.225 -2.73222 173.657 1.84338
247.281 -2.62674 173.507 1.89116
247.337 -2.52008 173.363 1.89281
247.393 -2.41311 173.226 1.91369
247.448 -2.30796 173.096 1.90512
247.503 -2.20373 172.972 1.8766
247.559 -2.10166 172.854 1.83172
247.614 -2.00307 172.741 1.75374
247.669 -1.9099 172.634 1.64053
247.724 -1.82396 172.531 1.49397
247.779 -1.74762 172.433 1.30146
247.834 -1.68301 172.339 1.08282
247.89 -1.6306 172.248 0.866686
247.945 -1.59055 172.159 0.631834
248 -1.56308 172.073 0.408212
248.056 -1.54738 171.985 0.198446
248.112 -1.54255 171.899 0.0169286
248.169 -1.54711 171.812 -0.144157
248.225 -1.55992 171.725 -0.28692
248.281 -1.58049 171.636 -0.415856
248.337 -1.60777 171.547 -0.528697
248.393 -1.64125 171.455 -0.634836
248.449 -1.68004 171.362 -0.726809
248.506 -1.72409 171.266 -0.810375
248.561 -1.77156 171.17 -0.894981
248.615 -1.82342 171.071 -0.977779
248.67 -1.88017 170.969 -1.07047
248.725 -1.9418 170.863 -1.1579
248.78 -2.0085 170.754 -1.25145
248.835 -2.07999 170.642 -1.33769
248.89 -2.15665 170.525 -1.43397
248.945 -2.23859 170.404 -1.53082
249 -2.32539 170.278 -1.6124
249.056 -2.41856 170.144 -1.68657
249.112 -2.51552 170.005 -1.74679
249.169 -2.61517 169.86 -1.7908
249.225 -2.71685 169.71 -1.82417
249.281 -2.81991 169.554 -1.8426
249.337 -2.92336 169.392 -1.83697
249.393 -3.02602 169.224 -1.81755
249.449 -3.1268 169.051 -1.77281
249.506 -3.22469 168.872 -1.71737
249.562 -3.31881 168.688 -1.65362
249.618 -3.40916 168.498 -1.578
249.674 -3.4949 168.304 -1.48682
249.73 -3.57479 168.105 -1.37758
249.787 -3.64809 167.901 -1.25948
249.843 -3.71465 167.694 -1.1357
249.899 -3.77412 167.483 -1.00981
249.955 -3.82644 167.27 -0.875461
250.011 -3.87089 167.053 -0.732897
250.067 -3.90663 166.834 -0.572148
250.124 -3.9334 166.614 -0.411412
250.18 -3.95057 166.392 -0.234543
250.236 -3.95777 166.17 -0.0592656
250.292 -3.95539 165.948 0.107744
250.348 -3.94366 165.726 0.273631
250.404 -3.92274 165.505 0.437528
250.461 -3.89326 165.286 0.582547
250.517 -3.85572 165.068 0.715953
250.573 -3.81153 164.853 0.829304
250.629 -3.76208 164.64 0.911286
250.685 -3.70965 164.431 0.946878
250.742 -3.65603 164.224 0.953941
250.798 -3.60324 164.021 0.92769
250.854 -3.55246 163.82 0.885888
250.91 -3.50431 163.622 0.841826
250.966 -3.4582 163.427 0.810933
251.022 -3.41298 163.234 0.805281
251.079 -3.36613 163.044 0.859218
251.135 -3.31467 162.856 0.968143
251.191 -3.25427 162.672 1.16286
251.247 -3.18076 162.492 1.41211
251.303 -3.09113 162.316 1.73259
251.36 -2.98069 162.146 2.13653
251.416 -2.84556 161.983 2.59891
251.472 -2.68279 161.828 3.09894
251.528 -2.49207 161.684 3.58308
251.584 -2.27443 161.551 4.06151
251.64 -2.02975 161.432 4.55367
251.697 -1.75893 161.327 4.99151
251.753 -1.46597 161.238 5.35483
251.804 -1.18321 161.171 5.65454
251.851 -0.911323 161.123 5.81148
251.897 -0.638412 161.089 5.94907
251.94 -0.383762 161.068 5.95428
251.983 -0.128712 161.058 5.94908
252.029 0.142394 161.059 5.90353
252.077 0.421717 161.074 5.77709
252.127 0.711742 161.105 5.6921
252.18 1.00645 161.151 5.56682
252.234 1.30079 161.215 5.40063
252.288 1.58948 161.296 5.17465
252.344 1.86763 161.393 4.90112
252.399 2.12759 161.506 4.51974
252.455 2.36423 161.632 4.06226
252.511 2.57223 161.771 3.5163
252.566 2.74705 161.92 2.88189
252.622 2.88316 162.077 2.14413
252.677 2.97461 162.241 1.30481
252.733 3.0176 162.408 0.419083
252.789 3.01234 162.576 -0.42811
252.844 2.96132 162.742 -1.23465
252.9 2.86777 162.903 -1.97355
252.956 2.73424 163.059 -2.67757
253.011 2.56369 163.205 -3.31323
253.067 2.3562 163.343 -3.94375
253.124 2.11479 163.467 -4.53558
253.18 1.83954 163.577 -5.13565
253.236 1.53136 163.67 -5.71071
253.292 1.19315 163.744 -6.21545
253.348 0.829475 163.799 -6.63064
253.404 0.445722 163.833 -6.95941
253.461 0.0481108 163.845 -7.14663
253.517 -0.358165 163.834 -7.27377
253.573 -0.768108 163.8 -7.30029
253.629 -1.1762 163.743 -7.23628
253.685 -1.57944 163.663 -7.13684
253.742 -1.97467 163.561 -6.96266
253.798 -2.35926 163.437 -6.76604
253.854 -2.73059 163.292 -6.49792
253.91 -3.08527 163.127 -6.18417
253.966 -3.42066 162.942 -5.81018
254.022 -3.73121 162.739 -5.33785
254.079 -4.01275 162.52 -4.78471
254.135 -4.26138 162.286 -4.16656
254.191 -4.47162 162.039 -3.45489
254.247 -4.64084 161.782 -2.7167
254.303 -4.76965 161.517 -2.01586
254.36 -4.86101 161.246 -1.38031
254.416 -4.91907 160.971 -0.807411
254.472 -4.9457 160.693 -0.250714
254.528 -4.94185 160.415 0.275906
254.584 -4.90981 160.139 0.758984
254.64 -4.85258 159.865 1.18319
254.697 -4.77371 159.595 1.53957
254.753 -4.67773 159.33 1.81449
254.809 -4.56816 159.07 2.03516
254.865 -4.44784 158.818 2.20755
254.921 -4.31871 158.572 2.35307
254.972 -4.19594 158.358 2.47451
255.022 -4.06864 158.15 2.56638
255.078 -3.92078 157.927 2.6681
255.135 -3.76892 157.711 2.72065
255.191 -3.61511 157.505 2.73845
255.247 -3.4619 157.307 2.71239
255.303 -3.31074 157.117 2.673
255.359 -3.1634 156.936 2.5803
255.416 -3.02245 156.763 2.45636
255.472 -2.88906 156.598 2.31408
255.528 -2.7645 156.44 2.15083
255.584 -2.64931 156.288 1.98148
255.64 -2.54377 156.143 1.80797
255.697 -2.44777 156.004 1.64368
255.753 -2.36089 155.869 1.48089
255.809 -2.28304 155.739 1.32072
255.865 -2.2141 155.613 1.16716
255.921 -2.15352 155.491 1.02184
255.978 -2.10071 155.371 0.887056
256.034 -2.055 155.255 0.767891
256.09 -2.01571 155.141 0.659305
256.146 -1.98159 155.029 0.57521
256.202 -1.95155 154.919 0.512409
256.258 -1.92406 154.81 0.477893
256.315 -1.89823 154.703 0.453484
256.371 -1.87232 154.597 0.465731
256.427 -1.8457 154.493 0.485141
256.483 -1.81769 154.39 0.509338
256.539 -1.78853 154.289 0.525196
256.596 -1.75944 154.189 0.509079
256.652 -1.732 154.091 0.467429
256.708 -1.70854 153.995 0.37757
256.764 -1.69204 153.899 0.231206
256.82 -1.68586 153.805 0.023828
256.876 -1.69339 153.71 -0.247822
256.933 -1.71768 153.614 -0.567591
256.989 -1.7618 153.516 -0.939999
257.045 -1.82677 153.415 -1.31315
257.101 -1.91413 153.309 -1.72032
257.157 -2.02364 153.198 -2.09762
257.213 -2.15379 153.08 -2.46033
257.27 -2.30277 152.954 -2.77194
257.326 -2.46761 152.82 -3.03141
257.382 -2.64491 152.675 -3.22927
257.438 -2.8316 152.52 -3.37814
257.494 -3.02453 152.355 -3.46591
257.551 -3.22134 152.178 -3.52269
257.607 -3.41962 151.99 -3.52719
257.663 -3.61723 151.792 -3.50249
257.719 -3.81187 151.582 -3.43698
257.775 -4.00248 151.361 -3.35328
257.831 -4.18704 151.13 -3.23401
257.888 -4.36332 150.889 -3.07803
257.944 -4.53071 150.638 -2.91602
258 -4.6889 150.378 -2.75074
258.056 -4.83852 150.11 -2.61067
258.112 -4.98118 149.833 -2.48694
258.169 -5.11759 149.549 -2.40003
258.225 -5.24984 149.257 -2.31885
258.281 -5.37694 148.957 -2.22062
258.337 -5.49881 148.651 -2.13548
258.393 -5.6153 148.338 -2.03032
258.449 -5.72606 148.019 -1.92891
258.506 -5.83043 147.694 -1.81399
258.562 -5.9282 147.363 -1.69269
258.618 -6.019 147.027 -1.56565
258.674 -6.10344 146.686 -1.45998
258.73 -6.18218 146.34 -1.36256
258.787 -6.25539 145.99 -1.2586
258.843 -6.32304 145.637 -1.16693
258.899 -6.38448 145.279 -1.04138
258.955 -6.43814 144.919 -0.887492
259.011 -6.48174 144.556 -0.693371
259.067 -6.51241 144.19 -0.440304
259.124 -6.52663 143.824 -0.131258
259.18 -6.52257 143.457 0.209643
259.236 -6.49795 143.092 0.596004
259.292 -6.45138 142.728 0.986003
259.348 -6.3841 142.368 1.34026
259.404 -6.29798 142.012 1.66131
259.461 -6.19576 141.661 1.91573
259.517 -6.08202 141.317 2.09228
259.573 -5.96015 140.98 2.21166
259.627 -5.83923 140.664 2.28462
259.68 -5.7172 140.358 2.30915
259.733 -5.59297 140.057 2.33642
259.786 -5.46812 139.762 2.33657
259.84 -5.34303 139.474 2.34275
259.893 -5.21829 139.193 2.33071
259.947 -5.09435 138.918 2.30135
260 -4.97372 138.65 2.23467
260.056 -4.84957 138.375 2.19412
260.112 -4.72652 138.107 2.18608
260.169 -4.60329 137.845 2.20288
260.225 -4.4786 137.591 2.24142
260.281 -4.34989 137.344 2.31287
260.337 -4.21834 137.104 2.36083
260.393 -4.08395 136.871 2.41912
260.449 -3.94537 136.647 2.49814
260.506 -3.80226 136.43 2.58853
260.562 -3.65325 136.221 2.69882
260.618 -3.49821 136.021 2.80464
260.674 -3.33623 135.83 2.93705
260.73 -3.16738 135.648 3.05035
260.784 -3.00081 135.483 3.12479
260.833 -2.84624 135.34 3.15921
260.882 -2.68892 135.205 3.222
260.931 -2.53097 135.078 3.22635
260.98 -2.3722 134.959 3.24899
261.033 -2.20015 134.838 3.23851
261.089 -2.01961 134.722 3.24128
261.145 -1.83661 134.616 3.30037
261.201 -1.64991 134.519 3.33147
261.257 -1.46082 134.432 3.37708
261.313 -1.26921 134.357 3.41774
261.37 -1.07803 134.292 3.37245
261.426 -0.891933 134.237 3.2528
261.482 -0.715018 134.193 3.0579
261.525 -0.589117 134.166 2.86261
261.573 -0.45972 134.141 2.59692
261.616 -0.353525 134.124 2.3481
261.663 -0.252727 134.111 2.04521
261.713 -0.160548 134.101 1.69301
261.764 -0.0824574 134.095 1.37225
261.818 -0.0194966 134.093 1.04076
261.871 0.0263508 134.093 0.736947
261.925 0.0562344 134.096 0.445977
261.979 0.0730082 134.099 0.227746
262.034 0.0793601 134.104 0.0444737
262.09 0.0770298 134.108 -0.0893699
262.146 0.0687005 134.112 -0.180121
262.202 0.0569585 134.116 -0.223815
262.258 0.044843 134.118 -0.205737
262.315 0.0352557 134.121 -0.149884
262.371 0.0291284 134.122 -0.0739847
262.427 0.0294516 134.124 0.0627619
262.48 0.0380316 134.126 0.233099
262.532 0.0562531 134.128 0.426403
262.584 0.0846407 134.132 0.622292
262.636 0.122891 134.138 0.814805
262.689 0.172746 134.146 1.01517
262.743 0.233164 134.157 1.20106
262.796 0.302825 134.171 1.3651
262.85 0.380996 134.19 1.51547
262.904 0.466447 134.213 1.64483
262.957 0.558154 134.241 1.75738
263.011 0.6565 134.275 1.85895
263.067 0.763892 134.315 1.94446
263.124 0.875299 134.362 2.00795
263.18 0.989769 134.415 2.05241
263.236 1.10541 134.474 2.05733
263.292 1.22004 134.54 2.02747
263.348 1.3321 134.612 1.96256
263.404 1.43881 134.691 1.85065
263.461 1.53764 134.775 1.69549
263.517 1.6263 134.865 1.49637
263.573 1.70285 134.959 1.26455
263.629 1.76514 135.056 1.00085
263.685 1.81108 135.157 0.69723
263.742 1.84062 135.26 0.408191
263.798 1.85316 135.364 0.0954788
263.854 1.84781 135.468 -0.215911
263.91 1.82541 135.571 -0.522058
263.966 1.786 135.672 -0.820775
264.022 1.73077 135.771 -1.08873
264.079 1.66079 135.866 -1.34497
264.135 1.57708 135.956 -1.58597
264.191 1.48093 136.042 -1.79434
264.247 1.37314 136.121 -1.99623
264.303 1.25414 136.195 -2.19011
264.36 1.12446 136.261 -2.38166
264.416 0.984087 136.319 -2.5777
264.472 0.833304 136.369 -2.7543
264.528 0.671596 136.411 -2.96302
264.584 0.498626 136.443 -3.16295
264.64 0.313737 136.465 -3.36762
264.697 0.116412 136.476 -3.6128
264.753 -0.094808 136.475 -3.85995
264.809 -0.32048 136.462 -4.13146
264.865 -0.561316 136.436 -4.40005
264.921 -0.81789 136.396 -4.68243
264.978 -1.09131 136.341 -4.98661
265.034 -1.38145 136.27 -5.27646
265.09 -1.68725 136.182 -5.55819
