# t frame_uz frame_z ub_dans_repere
160.001 -2.82865e-05 -2.91313e-08 -0.0274662
160.019 -0.00606129 -6.85655e-05 -0.29421
160.051 -0.0106099 -0.000374652 -0.0382569
160.092 -0.00473484 -0.000708459 0.257141
160.14 0.0163849 -0.000390342 0.57404
160.19 0.0551614 0.00154903 0.89057
160.243 0.11211 0.00619356 1.20122
160.297 0.186423 0.014579 1.49044
160.352 0.277476 0.027758 1.76218
160.407 0.382558 0.0464064 2.01048
160.463 0.503183 0.0718129 2.24804
160.519 0.636072 0.104393 2.44941
160.575 0.779022 0.144757 2.62145
160.631 0.930937 0.193427 2.77519
160.687 1.09102 0.250879 2.91285
160.743 1.25807 0.317532 3.02788
160.798 1.43046 0.393722 3.11295
160.854 1.60727 0.479711 3.19201
160.91 1.78809 0.575737 3.25464
160.966 1.97202 0.681992 3.30337
161.022 2.15831 0.798796 3.33621
161.079 2.34666 0.926393 3.36
161.135 2.53595 1.0646 3.37548
161.191 2.72549 1.21346 3.37454
161.247 2.91492 1.37297 3.36425
161.303 3.10365 1.54309 3.35493
161.36 3.29153 1.72379 3.33828
161.416 3.47838 1.91501 3.31716
161.472 3.66382 2.11669 3.28776
161.528 3.84723 2.32871 3.25198
161.584 4.02918 2.55099 3.23154
161.64 4.20998 2.78344 3.20881
161.697 4.38916 3.02601 3.17758
161.753 4.56683 3.27859 3.15093
161.809 4.74269 3.54109 3.11745
161.865 4.91681 3.8134 3.08996
161.921 5.0892 4.09545 3.05346
161.978 5.25938 4.38711 3.01514
162.034 5.42713 4.68824 2.96671
162.09 5.59243 4.99872 2.9243
162.146 5.75493 5.31839 2.87257
162.202 5.91468 5.6471 2.82474
162.258 6.07157 5.98469 2.77119
162.315 6.2257 6.33099 2.72546
162.371 6.37715 6.68587 2.676
162.427 6.52584 7.04916 2.62934
162.483 6.67176 7.42071 2.57559
162.539 6.81491 7.80037 2.52749
162.596 6.95528 8.18797 2.48119
162.652 7.09328 8.58338 2.44417
162.708 7.22887 8.98646 2.39435
162.764 7.36225 9.39708 2.35704
162.82 7.49333 9.81512 2.31704
162.876 7.62198 10.2404 2.27041
162.933 7.74807 10.6729 2.22727
162.989 7.87164 11.1124 2.18343
163.045 7.99302 11.5587 2.14269
163.101 8.11225 12.0118 2.10694
163.157 8.22943 12.4715 2.0724
163.213 8.34486 12.9377 2.0423
163.27 8.45848 13.4103 2.00733
163.326 8.57012 13.8893 1.9741
163.382 8.67951 14.3745 1.93257
163.438 8.78692 14.8657 1.89606
163.494 8.89202 15.3629 1.8528
163.551 8.995 15.866 1.81677
163.607 9.0959 16.3747 1.7804
163.663 9.19489 16.8891 1.7463
163.719 9.2918 17.4089 1.71072
163.775 9.38636 17.9341 1.66469
163.831 9.47857 18.4645 1.62505
163.888 9.56828 19.0001 1.57746
163.944 9.65525 19.5406 1.52695
164 9.73945 20.0859 1.48058
164.056 9.82115 20.6358 1.43694
164.112 9.90052 21.1902 1.3957
164.169 9.97778 21.749 1.36215
164.225 10.0531 22.3121 1.32689
164.281 10.1265 22.8794 1.29249
164.337 10.198 23.4507 1.25926
164.393 10.2674 24.026 1.21975
164.449 10.3347 24.6051 1.18194
164.506 10.4 25.1879 1.14961
164.562 10.4633 25.7743 1.11089
164.618 10.5246 26.3642 1.07647
164.674 10.584 26.9575 1.04665
164.73 10.6419 27.5541 1.01962
164.787 10.6984 28.1538 0.996299
164.843 10.7537 28.7567 0.978114
164.899 10.8079 29.3627 0.952877
164.955 10.8606 29.9717 0.927196
165.011 10.912 30.5836 0.907349
165.067 10.9622 31.1983 0.887096
165.124 11.0116 31.8158 0.871624
165.18 11.0601 32.4361 0.861352
165.236 11.1082 33.059 0.852566
165.292 11.1557 33.6847 0.839122
165.348 11.2024 34.313 0.825167
165.404 11.2482 34.9439 0.812422
165.461 11.2938 35.5774 0.807021
165.517 11.3388 36.2134 0.796167
165.573 11.3831 36.8519 0.780816
165.629 11.4267 37.4929 0.773885
165.685 11.4702 38.1363 0.773121
165.742 11.5136 38.7821 0.773807
165.798 11.557 39.4304 0.772753
165.854 11.6005 40.0812 0.776171
165.91 11.6441 40.7343 0.774792
165.966 11.6877 41.39 0.774987
166.022 11.7312 42.048 0.777281
166.079 11.775 42.7086 0.780557
166.135 11.8191 43.3716 0.788944
166.191 11.864 44.0371 0.805199
166.247 11.9096 44.7051 0.818753
166.303 11.956 45.3758 0.830141
166.36 12.003 46.049 0.839458
166.416 12.0501 46.725 0.837136
166.472 12.0972 47.4035 0.838108
166.528 12.1443 48.0847 0.839833
166.584 12.1914 48.7686 0.836218
166.64 12.2384 49.4551 0.837434
166.697 12.2852 50.1442 0.82877
166.753 12.3316 50.8359 0.825488
166.809 12.3779 51.5303 0.82477
166.865 12.4241 52.2272 0.821941
166.921 12.4701 52.9268 0.817909
166.978 12.5161 53.6289 0.819052
167.034 12.5619 54.3336 0.812893
167.09 12.6074 55.0409 0.806859
167.146 12.6526 55.7507 0.80094
167.202 12.6976 56.463 0.800182
167.258 12.7423 57.1778 0.795116
167.315 12.7867 57.8952 0.78915
167.371 12.8311 58.6151 0.787622
167.427 12.8752 59.3374 0.782246
167.483 12.919 60.0622 0.777648
167.539 12.9623 60.7894 0.765542
167.596 13.0049 61.5191 0.752241
167.652 13.0466 62.2511 0.732282
167.708 13.0869 62.9854 0.707549
167.764 13.1258 63.722 0.680268
167.82 13.1635 64.4607 0.657606
167.876 13.1998 65.2014 0.637146
167.933 13.2346 65.9442 0.60939
167.989 13.2678 66.6888 0.578913
168.045 13.2996 67.4353 0.558258
168.101 13.3297 68.1835 0.522104
168.157 13.3578 68.9333 0.483369
168.213 13.3838 69.6846 0.448882
168.27 13.4077 70.4373 0.408671
168.326 13.4291 71.1913 0.363033
168.382 13.4482 71.9464 0.322846
168.438 13.4649 72.7025 0.280655
168.494 13.479 73.4594 0.232541
168.551 13.4904 74.2171 0.178838
168.607 13.4984 74.9752 0.120376
168.663 13.5032 75.7337 0.0620643
168.719 13.5048 76.4924 0.00382552
168.775 13.5029 77.2511 -0.0584743
168.831 13.4975 78.0095 -0.121887
168.888 13.4886 78.7675 -0.182961
168.944 13.476 79.5249 -0.250335
169 13.4595 80.2814 -0.322199
169.056 13.4392 81.0369 -0.387797
169.112 13.4152 81.7911 -0.451827
169.169 13.3876 82.5439 -0.518325
169.225 13.3562 83.2949 -0.582258
169.281 13.321 84.0441 -0.652877
169.337 13.2823 84.7912 -0.71027
169.393 13.2403 85.536 -0.764973
169.449 13.1954 86.2783 -0.821073
169.506 13.1477 87.018 -0.867762
169.562 13.0976 87.755 -0.907052
169.618 13.0451 88.4891 -0.946778
169.674 12.9907 89.2201 -0.986615
169.73 12.9345 89.948 -1.00773
169.787 12.8768 90.6728 -1.03324
169.843 12.8182 91.3942 -1.04506
169.899 12.7595 92.1123 -1.03758
169.955 12.7017 92.8272 -1.02308
170.011 12.6449 93.5389 -1.00085
170.067 12.5896 94.2474 -0.974276
170.124 12.5357 94.9528 -0.9456
170.18 12.4837 95.6553 -0.917502
170.236 12.4338 96.355 -0.873769
170.292 12.3855 97.0519 -0.848037
170.348 12.3389 97.7461 -0.815026
170.404 12.2946 98.4378 -0.772877
170.461 12.2526 99.1271 -0.730914
170.517 12.2129 99.8141 -0.69193
170.573 12.1752 100.499 -0.661732
170.629 12.1389 101.182 -0.634392
170.685 12.1045 101.862 -0.597803
170.742 12.0721 102.541 -0.562672
170.798 12.0414 103.219 -0.533287
170.854 12.0125 103.894 -0.503505
170.91 11.9853 104.568 -0.469403
170.966 11.9597 105.24 -0.447124
171.022 11.9353 105.912 -0.425747
171.079 11.9122 106.581 -0.40031
171.135 11.8906 107.25 -0.374215
171.191 11.8705 107.917 -0.347584
171.247 11.852 108.583 -0.31752
171.303 11.8352 109.249 -0.285071
171.36 11.8202 109.913 -0.256983
171.416 11.8068 110.577 -0.225621
171.472 11.795 111.239 -0.198155
171.528 11.7848 111.902 -0.169235
171.584 11.7764 112.564 -0.136291
171.64 11.7698 113.225 -0.105181
171.697 11.765 113.886 -0.076388
171.753 11.7617 114.547 -0.0436352
171.809 11.7601 115.208 -0.0179649
171.865 11.76 115.868 0.00633788
171.921 11.7613 116.529 0.0386378
171.978 11.7636 117.19 0.0448724
172.034 11.7667 117.851 0.062651
172.09 11.7707 118.512 0.0759329
172.146 11.7754 119.173 0.0889702
172.202 11.7808 119.835 0.0994818
172.258 11.7867 120.497 0.110564
172.315 11.7931 121.159 0.114717
172.371 11.7999 121.822 0.124119
172.427 11.8072 122.485 0.133587
172.483 11.8148 123.149 0.136819
172.539 11.8228 123.813 0.144342
172.596 11.8312 124.477 0.151699
172.652 11.8403 125.142 0.172044
172.708 11.8502 125.808 0.176407
172.764 11.8605 126.474 0.188945
172.82 11.8713 127.141 0.192835
172.876 11.8825 127.808 0.203265
172.933 11.8942 128.476 0.214065
172.989 11.9066 129.145 0.226445
173.045 11.92 129.814 0.244371
173.101 11.9342 130.484 0.259319
173.157 11.9491 131.155 0.268653
173.213 11.9646 131.827 0.27885
173.27 11.9806 132.5 0.288805
173.326 11.9972 133.173 0.29997
173.382 12.0147 133.848 0.317066
173.438 12.033 134.523 0.333075
173.494 12.0519 135.2 0.341707
173.551 12.0715 135.878 0.35453
173.607 12.0917 136.557 0.362109
173.663 12.1121 137.237 0.367084
173.719 12.1329 137.918 0.369198
173.775 12.1537 138.6 0.372719
173.831 12.1747 139.284 0.372859
173.888 12.1957 139.968 0.378236
173.944 12.2171 140.654 0.381282
174 12.2383 141.341 0.376411
174.056 12.2597 142.029 0.38215
174.112 12.2809 142.719 0.373956
174.169 12.3016 143.41 0.368015
174.225 12.3223 144.101 0.365422
174.281 12.3428 144.794 0.367242
174.337 12.3632 145.488 0.362254
174.393 12.3833 146.184 0.352126
174.449 12.403 146.88 0.351049
174.506 12.4226 147.577 0.345822
174.562 12.4417 148.276 0.33465
174.618 12.4602 148.976 0.325722
174.674 12.4781 149.676 0.313181
174.73 12.4954 150.378 0.304514
174.787 12.5121 151.08 0.293591
174.843 12.5281 151.784 0.279474
174.899 12.5434 152.488 0.267104
174.955 12.5584 153.193 0.262687
175.011 12.5725 153.899 0.244805
175.067 12.5856 154.606 0.224755
175.124 12.5976 155.314 0.206561
175.18 12.6085 156.022 0.18681
175.236 12.6184 156.73 0.169711
175.292 12.6271 157.44 0.144746
175.348 12.6346 158.149 0.126013
175.404 12.6408 158.859 0.100661
175.461 12.6459 159.57 0.0841469
175.517 12.6499 160.28 0.0625274
175.573 12.6529 160.991 0.0466534
175.629 12.6551 161.702 0.0352233
175.685 12.6565 162.413 0.0170437
175.742 12.6569 163.124 0.001159
175.798 12.6564 163.835 -0.0165774
175.854 12.6548 164.546 -0.0340791
175.91 12.6524 165.257 -0.0490685
175.966 12.6492 165.968 -0.066001
176.022 12.6448 166.678 -0.0822542
176.079 12.6399 167.388 -0.09344
176.135 12.6341 168.098 -0.108722
176.191 12.6275 168.808 -0.122434
176.247 12.6203 169.517 -0.134003
176.303 12.6122 170.226 -0.151045
176.36 12.6034 170.934 -0.157076
176.416 12.5944 171.642 -0.16247
176.472 12.5849 172.349 -0.172351
176.528 12.575 173.056 -0.178759
176.584 12.5648 173.762 -0.186063
176.64 12.5542 174.467 -0.190895
176.697 12.543 175.172 -0.203405
176.753 12.5315 175.876 -0.208974
176.809 12.5197 176.58 -0.210208
176.865 12.5077 177.283 -0.216344
176.921 12.4955 177.985 -0.216505
176.978 12.4832 178.687 -0.221739
177.034 12.4706 179.388 -0.229349
177.09 12.4578 180.088 -0.226591
177.146 12.445 180.787 -0.230647
177.202 12.4318 181.486 -0.236705
177.258 12.4183 182.184 -0.2435
177.315 12.4044 182.881 -0.247304
177.371 12.3902 183.578 -0.255133
177.427 12.3758 184.273 -0.257085
177.483 12.3613 184.968 -0.257578
177.539 12.3468 185.662 -0.257765
177.596 12.3324 186.355 -0.259607
177.652 12.3178 187.047 -0.258957
177.708 12.303 187.739 -0.26693
177.764 12.288 188.43 -0.269476
177.82 12.2727 189.119 -0.272892
177.876 12.257 189.808 -0.28372
177.933 12.2407 190.496 -0.297154
177.989 12.2238 191.184 -0.30253
178.045 12.2064 191.87 -0.312204
178.101 12.1888 192.555 -0.314985
178.157 12.171 193.239 -0.316152
178.213 12.153 193.922 -0.324065
178.27 12.1345 194.604 -0.332444
178.326 12.1155 195.285 -0.342088
178.382 12.096 195.965 -0.352487
178.438 12.0759 196.644 -0.359376
178.494 12.0555 197.322 -0.367967
178.551 12.0343 197.999 -0.382503
178.607 12.013 198.674 -0.381953
178.663 11.9912 199.348 -0.388622
178.719 11.9692 200.021 -0.397752
178.775 11.9467 200.693 -0.404919
178.831 11.9235 201.363 -0.415647
178.888 11.8998 202.032 -0.42632
178.944 11.8758 202.7 -0.428219
179 11.8516 203.366 -0.430703
179.056 11.8273 204.031 -0.435417
179.112 11.8028 204.695 -0.437711
179.169 11.778 205.357 -0.441559
179.225 11.7529 206.018 -0.451843
179.281 11.7272 206.677 -0.462622
179.337 11.7011 207.335 -0.462284
179.393 11.6753 207.992 -0.458125
179.449 11.6496 208.647 -0.456454
179.506 11.6241 209.3 -0.453325
179.562 11.5986 209.953 -0.453623
179.618 11.5732 210.603 -0.450576
179.674 11.5481 211.253 -0.442355
179.73 11.5237 211.901 -0.430685
179.787 11.4999 212.547 -0.41845
179.843 11.4769 213.193 -0.401172
179.899 11.455 213.837 -0.382228
179.955 11.4345 214.479 -0.352013
180.011 11.4157 215.121 -0.324313
180.067 11.3983 215.762 -0.297663
180.124 11.3824 216.402 -0.275672
180.18 11.3678 217.041 -0.249033
180.236 11.3546 217.679 -0.225687
180.292 11.3428 218.316 -0.198423
180.348 11.3325 218.953 -0.169753
180.404 11.3238 219.59 -0.14572
180.461 11.3164 220.225 -0.123301
180.517 11.3102 220.861 -0.105202
180.573 11.3048 221.496 -0.0877529
180.629 11.3007 222.131 -0.0625862
180.685 11.2982 222.766 -0.031624
180.742 11.2973 223.401 -0.00964482
180.798 11.2973 224.035 0.00536945
180.854 11.2979 224.67 0.015324
180.91 11.2993 225.305 0.0330348
180.966 11.3019 225.94 0.0528323
181.022 11.3053 226.575 0.0645381
181.079 11.3092 227.21 0.0715235
181.135 11.3134 227.845 0.0768552
181.191 11.318 228.481 0.0859939
181.247 11.3228 229.117 0.0864399
181.303 11.3275 229.753 0.0825739
181.36 11.3322 230.39 0.0840603
181.416 11.3369 231.027 0.0828615
181.472 11.3416 231.664 0.079615
181.528 11.3458 232.301 0.0746001
181.584 11.3498 232.939 0.0681031
181.64 11.3535 233.577 0.0666791
181.697 11.3571 234.214 0.0637279
181.753 11.3605 234.853 0.057287
181.809 11.3639 235.491 0.0608117
181.865 11.3676 236.13 0.0684488
181.921 11.3711 236.768 0.0617883
181.978 11.3746 237.407 0.0586039
182.034 11.378 238.046 0.0634529
182.09 11.3817 238.686 0.0694304
182.146 11.3856 239.325 0.0677434
182.202 11.3894 239.965 0.0663945
182.258 11.3935 240.605 0.0777578
182.315 11.3982 241.245 0.0875397
182.371 11.4032 241.886 0.0921012
182.427 11.4084 242.527 0.0910396
182.483 11.4136 243.168 0.09398
182.539 11.419 243.809 0.0965153
182.596 11.4243 244.451 0.0908596
182.652 11.4293 245.093 0.0868553
182.708 11.4342 245.735 0.0913279
182.764 11.4387 246.377 0.0718275
182.82 11.4425 247.02 0.0650605
182.876 11.4458 247.663 0.0534341
182.933 11.448 248.306 0.0316883
182.989 11.4493 248.949 0.0156936
183.045 11.4494 249.593 -0.00586677
183.101 11.4483 250.236 -0.0302595
183.157 11.4457 250.879 -0.055196
183.213 11.4419 251.522 -0.0796103
183.27 11.4361 252.165 -0.116312
183.326 11.4286 252.807 -0.14666
183.382 11.4192 253.448 -0.181634
183.438 11.4076 254.09 -0.222191
183.494 11.3937 254.73 -0.263472
183.551 11.3774 255.37 -0.310834
183.607 11.3584 256.008 -0.35829
183.663 11.3367 256.646 -0.404008
183.719 11.3124 257.282 -0.453656
183.775 11.2851 257.916 -0.505237
183.831 11.2549 258.549 -0.562305
183.888 11.2215 259.18 -0.616785
183.944 11.185 259.81 -0.668006
184 11.146 260.437 -0.713023
184.056 11.1039 261.061 -0.774216
184.112 11.0584 261.684 -0.83283
184.169 11.0097 262.303 -0.890843
184.225 10.958 262.92 -0.938421
184.281 10.9037 263.534 -0.988399
184.337 10.8461 264.145 -1.04797
184.393 10.7856 264.752 -1.0949
184.449 10.7223 265.356 -1.14625
184.506 10.6567 265.956 -1.18545
184.562 10.5889 266.552 -1.21664
184.618 10.5193 267.145 -1.25477
184.674 10.448 267.733 -1.27963
184.73 10.3753 268.318 -1.29862
184.787 10.3017 268.898 -1.31817
184.843 10.2271 269.475 -1.33515
184.899 10.1518 270.047 -1.34066
184.955 10.0762 270.614 -1.34973
185.011 10.0001 271.178 -1.36049
185.067 9.92376 271.737 -1.35385
185.124 9.84759 272.292 -1.35742
185.18 9.77154 272.843 -1.35215
185.236 9.69562 273.389 -1.34896
185.292 9.61999 273.931 -1.34603
185.348 9.54469 274.469 -1.33469
185.404 9.47003 275.003 -1.32039
185.461 9.39648 275.532 -1.3055
185.517 9.32385 276.058 -1.28259
185.573 9.25272 276.579 -1.2568
185.629 9.18291 277.097 -1.23397
185.685 9.11448 277.61 -1.20599
185.742 9.04782 278.12 -1.17309
185.798 8.9832 278.626 -1.1352
185.854 8.92064 279.129 -1.09935
185.91 8.86015 279.628 -1.06266
185.966 8.80179 280.124 -1.02233
186.022 8.74577 280.616 -0.980303
186.079 8.69186 281.106 -0.945281
186.135 8.6399 281.592 -0.908515
186.191 8.5908 282.076 -0.851722
186.247 8.54427 282.557 -0.809596
186.303 8.50055 283.036 -0.758633
186.36 8.45944 283.512 -0.713356
186.416 8.42092 283.986 -0.661253
186.472 8.38544 284.458 -0.60654
186.528 8.35296 284.928 -0.564175
186.584 8.32304 285.396 -0.509927
186.64 8.29636 285.863 -0.453018
186.697 8.2727 286.328 -0.401724
186.753 8.25219 286.792 -0.341577
186.809 8.23482 287.255 -0.289696
186.865 8.22016 287.717 -0.239836
186.921 8.20835 288.178 -0.186155
186.978 8.19928 288.639 -0.145261
187.034 8.19271 289.1 -0.10316
187.09 8.18886 289.56 -0.0465274
187.146 8.18757 290.02 -0.00420131
187.202 8.18863 290.48 0.0322493
187.258 8.19197 290.94 0.0791254
187.315 8.19784 291.4 0.12028
187.371 8.20592 291.861 0.15909
187.427 8.21599 292.322 0.193593
187.483 8.22811 292.784 0.229427
187.539 8.24223 293.247 0.263446
187.596 8.2579 293.711 0.287924
187.652 8.27449 294.175 0.30401
187.708 8.2924 294.641 0.32635
187.764 8.31169 295.107 0.353216
187.82 8.33189 295.575 0.362601
187.876 8.35281 296.044 0.378205
187.933 8.37445 296.514 0.391652
187.989 8.39698 296.985 0.407623
188.045 8.42019 297.457 0.413091
188.101 8.44374 297.931 0.422111
188.157 8.46765 298.406 0.427752
188.213 8.4918 298.883 0.428689
188.27 8.51585 299.361 0.427009
188.326 8.53989 299.84 0.42888
188.382 8.56411 300.321 0.43299
188.438 8.58829 300.802 0.429987
188.494 8.61206 301.286 0.419109
188.551 8.63525 301.77 0.406167
188.607 8.65759 302.256 0.392987
188.663 8.67914 302.743 0.377176
188.719 8.69973 303.232 0.358709
188.775 8.71938 303.721 0.34083
188.831 8.73826 304.212 0.329273
188.888 8.75637 304.703 0.318285
188.944 8.77392 305.196 0.308218
189 8.79058 305.689 0.288581
189.056 8.80622 306.184 0.270151
189.112 8.82102 306.679 0.257701
189.169 8.83496 307.175 0.244425
189.225 8.84831 307.672 0.231921
189.281 8.86079 308.169 0.215989
189.337 8.87235 308.667 0.200013
189.393 8.88325 309.166 0.188205
189.449 8.89355 309.666 0.180396
189.506 8.9035 310.165 0.177066
189.562 8.9135 310.666 0.172304
189.618 8.92287 311.167 0.163393
189.674 8.93167 311.669 0.151218
189.73 8.93995 312.171 0.144773
189.787 8.94832 312.673 0.146855
189.843 8.95643 313.176 0.143635
189.899 8.96457 313.68 0.14565
189.955 8.97283 314.184 0.14751
190.011 8.98113 314.688 0.150107
190.067 8.9898 315.193 0.154823
190.124 8.99882 315.698 0.164044
190.18 9.00821 316.204 0.171278
190.236 9.01821 316.71 0.181745
190.292 9.02874 317.217 0.189962
190.348 9.03966 317.725 0.199763
190.404 9.05156 318.233 0.219228
190.461 9.06444 318.742 0.235261
190.517 9.07819 319.252 0.251146
190.573 9.09291 319.762 0.268041
190.629 9.1086 320.274 0.287269
190.685 9.12538 320.786 0.307201
190.742 9.14311 321.299 0.32104
190.798 9.16202 321.814 0.347392
190.854 9.18217 322.329 0.368327
190.91 9.20367 322.846 0.391432
190.966 9.22634 323.363 0.412015
191.022 9.25003 323.883 0.429505
191.079 9.275 324.403 0.452928
191.135 9.30147 324.925 0.482918
191.191 9.32933 325.448 0.505407
191.247 9.35848 325.974 0.526393
191.303 9.38873 326.5 0.547445
191.36 9.41995 327.029 0.560186
191.416 9.45205 327.559 0.581137
191.472 9.48573 328.091 0.6108
191.528 9.52099 328.625 0.639418
191.584 9.55786 329.161 0.664552
191.64 9.59608 329.7 0.690302
191.697 9.63543 330.24 0.706165
191.753 9.67556 330.783 0.719992
191.809 9.71668 331.328 0.740458
191.865 9.75897 331.875 0.762258
191.921 9.80254 332.425 0.783797
191.978 9.84738 332.977 0.808293
192.034 9.89339 333.532 0.824645
192.09 9.94021 334.089 0.838653
192.146 9.98764 334.649 0.847002
192.202 10.0354 335.212 0.852103
192.258 10.0836 335.777 0.863652
192.315 10.1327 336.345 0.879289
192.371 10.1824 336.916 0.886302
192.427 10.2321 337.49 0.882907
192.483 10.2818 338.067 0.884
192.539 10.3314 338.646 0.881596
192.596 10.3808 339.228 0.876679
192.652 10.4301 339.813 0.879624
192.708 10.479 340.4 0.863443
192.764 10.527 340.991 0.846505
192.82 10.5742 341.584 0.836425
192.876 10.6209 342.179 0.829595
192.933 10.6673 342.778 0.822474
192.989 10.7132 343.378 0.813115
193.045 10.7586 343.982 0.803323
193.101 10.8034 344.588 0.794865
193.157 10.8478 345.196 0.785683
193.213 10.8911 345.807 0.76539
193.27 10.9337 346.42 0.75067
193.326 10.9752 347.036 0.731236
193.382 11.0157 347.654 0.711532
193.438 11.0549 348.274 0.689813
193.494 11.093 348.897 0.670688
193.551 11.1296 349.521 0.641668
193.607 11.1647 350.147 0.610723
193.663 11.198 350.776 0.582403
193.719 11.2298 351.406 0.557023
193.775 11.2603 352.038 0.530796
193.831 11.289 352.672 0.4989
193.888 11.3158 353.307 0.462165
193.944 11.3406 353.943 0.428542
194 11.3633 354.581 0.388844
194.056 11.3834 355.22 0.337578
194.112 11.4007 355.86 0.287465
194.169 11.4152 356.501 0.238775
194.225 11.427 357.143 0.189676
194.281 11.436 357.785 0.135616
194.337 11.4416 358.428 0.0786486
194.393 11.444 359.071 0.0175718
194.449 11.4428 359.714 -0.0479401
194.506 11.438 360.356 -0.107063
194.562 11.43 360.999 -0.16734
194.618 11.4185 361.641 -0.23021
194.674 11.4034 362.282 -0.29407
194.73 11.3847 362.922 -0.357164
194.787 11.3626 363.56 -0.418031
194.843 11.3373 364.198 -0.469742
194.899 11.3091 364.834 -0.525639
194.955 11.2778 365.468 -0.578101
195.011 11.2436 366.101 -0.631144
195.067 11.2065 366.731 -0.676237
195.124 11.1674 367.359 -0.712709
195.18 11.1263 367.985 -0.741545
195.236 11.0837 368.609 -0.770285
195.292 11.0397 369.23 -0.791996
195.348 10.9946 369.849 -0.811161
195.404 10.9482 370.465 -0.836587
195.461 10.9003 371.078 -0.861818
195.517 10.8514 371.689 -0.875201
195.573 10.8019 372.297 -0.883083
195.629 10.7521 372.902 -0.890141
195.685 10.7018 373.505 -0.895509
195.742 10.6514 374.104 -0.898909
195.798 10.6007 374.701 -0.905198
195.854 10.5502 375.295 -0.89563
195.91 10.4997 375.886 -0.898668
195.966 10.4494 376.474 -0.894639
196.022 10.3994 377.059 -0.889343
196.079 10.3494 377.642 -0.890514
196.135 10.2993 378.222 -0.888123
196.191 10.2493 378.798 -0.891114
196.247 10.1992 379.373 -0.894403
196.303 10.1491 379.944 -0.894633
196.36 10.099 380.512 -0.8875
196.416 10.0488 381.078 -0.898061
196.472 9.99822 381.641 -0.901277
196.528 9.94775 382.201 -0.897865
196.584 9.89699 382.758 -0.905025
196.64 9.8463 383.312 -0.901791
196.697 9.79561 383.864 -0.902918
196.753 9.74491 384.412 -0.899137
196.809 9.6945 384.958 -0.896948
196.865 9.64429 385.501 -0.889772
196.921 9.59445 386.041 -0.884316
196.978 9.54514 386.579 -0.874954
197.034 9.49634 387.113 -0.863475
197.09 9.44819 387.645 -0.850086
197.146 9.40065 388.174 -0.839145
197.202 9.35416 388.701 -0.820661
197.258 9.30847 389.225 -0.804905
197.315 9.26408 389.746 -0.781415
197.371 9.22133 390.265 -0.748268
197.427 9.18032 390.782 -0.717068
197.483 9.14123 391.296 -0.68351
197.539 9.10358 391.809 -0.659481
197.596 9.06757 392.319 -0.628867
197.652 9.03322 392.827 -0.599415
197.708 9.00059 393.333 -0.567853
197.764 8.96975 393.838 -0.535435
197.82 8.94083 394.341 -0.499508
197.876 8.91417 394.842 -0.459072
197.933 8.88929 395.342 -0.432834
197.989 8.86605 395.841 -0.402154
198.045 8.84459 396.338 -0.367982
198.101 8.82496 396.834 -0.338766
198.157 8.80686 397.33 -0.312147
198.213 8.79079 397.824 -0.269407
198.27 8.77697 398.317 -0.238883
198.326 8.76437 398.81 -0.213721
198.382 8.75353 399.302 -0.179616
198.438 8.74457 399.793 -0.147424
198.494 8.73739 400.284 -0.115334
198.551 8.7321 400.775 -0.0801374
198.607 8.72843 401.266 -0.0536951
198.663 8.72618 401.756 -0.02895
198.719 8.7254 402.246 -0.00169879
198.775 8.72621 402.736 0.0222536
198.831 8.72832 403.227 0.0507202
198.888 8.73206 403.717 0.07886
198.944 8.73739 404.208 0.104044
199 8.74391 404.699 0.123468
199.056 8.75163 405.19 0.14417
199.112 8.76031 405.682 0.162243
199.169 8.77016 406.175 0.181816
199.225 8.78122 406.668 0.205753
199.281 8.79329 407.162 0.221469
199.337 8.8062 407.656 0.235007
199.393 8.81997 408.151 0.251195
199.449 8.83463 408.647 0.267675
199.506 8.85012 409.144 0.279847
199.562 8.86627 409.642 0.292535
199.618 8.88304 410.14 0.30132
199.674 8.9002 410.64 0.308662
199.73 8.91771 411.141 0.314607
199.787 8.93538 411.642 0.318409
199.843 8.95333 412.145 0.318499
199.899 8.97139 412.648 0.314937
199.955 8.98864 413.153 0.30789
200.011 9.00579 413.659 0.303511
200.067 9.02249 414.165 0.294071
200.124 9.0386 414.673 0.282867
200.18 9.05403 415.181 0.269901
200.236 9.06864 415.69 0.250818
200.292 9.08205 416.2 0.230378
200.348 9.09448 416.711 0.214747
200.404 9.1061 417.222 0.200486
200.461 9.11672 417.734 0.18233
200.517 9.12639 418.246 0.165211
200.573 9.13498 418.759 0.14527
200.629 9.14244 419.273 0.125275
200.685 9.14868 419.787 0.099992
200.742 9.15347 420.301 0.0744554
200.798 9.15672 420.815 0.0475164
200.854 9.15879 421.33 0.028344
200.91 9.15938 421.844 -0.00181704
200.966 9.15848 422.359 -0.0278511
201.022 9.15608 422.873 -0.0503178
201.079 9.15272 423.387 -0.067441
201.135 9.14784 423.901 -0.0960092
201.191 9.14175 424.415 -0.119022
201.247 9.13444 424.929 -0.134908
201.303 9.12632 425.441 -0.152363
201.36 9.11726 425.954 -0.167385
201.416 9.10742 426.466 -0.179919
201.472 9.09672 426.977 -0.196655
201.528 9.08523 427.488 -0.212047
201.584 9.0733 427.998 -0.208724
201.64 9.06182 428.507 -0.20271
201.697 9.05066 429.016 -0.19533
201.753 9.04005 429.524 -0.184496
201.809 9.03014 430.031 -0.173025
201.865 9.02136 430.538 -0.146975
201.921 9.01403 431.045 -0.114506
201.978 9.00905 431.551 -0.0725178
202.034 9.0059 432.057 -0.0457433
202.09 9.00465 432.563 -0.00758923
202.146 9.00551 433.069 0.034009
202.202 9.00916 433.575 0.0854725
202.258 9.01547 434.081 0.129424
202.315 9.02469 434.588 0.187698
202.371 9.03729 435.096 0.246484
202.427 9.05291 435.604 0.299553
202.483 9.07156 436.113 0.352784
202.539 9.0934 436.623 0.410154
202.596 9.11825 437.135 0.464291
202.652 9.14585 437.648 0.510449
202.708 9.17649 438.163 0.569881
202.764 9.21028 438.68 0.621142
202.82 9.24669 439.198 0.66754
202.876 9.28569 439.719 0.71511
202.933 9.32763 440.242 0.765909
202.989 9.37246 440.768 0.817101
203.045 9.42001 441.296 0.864496
203.101 9.47008 441.827 0.909955
203.157 9.52264 442.361 0.951509
203.213 9.57701 442.897 0.977581
203.27 9.63312 443.437 1.01469
203.326 9.69118 443.98 1.04461
203.382 9.75096 444.527 1.07777
203.438 9.81247 445.077 1.10471
203.494 9.87502 445.63 1.12036
203.551 9.93861 446.187 1.13803
203.607 10.0031 446.748 1.15778
203.663 10.0688 447.312 1.17392
203.719 10.1352 447.88 1.18343
203.775 10.2021 448.451 1.18803
203.831 10.2686 449.027 1.18002
203.888 10.3347 449.606 1.17562
203.944 10.4008 450.189 1.17601
204 10.4666 450.775 1.1673
204.056 10.532 451.365 1.1611
204.112 10.597 451.959 1.15362
204.169 10.6614 452.557 1.14104
204.225 10.725 453.158 1.12522
204.281 10.7877 453.763 1.11036
204.337 10.8495 454.371 1.09384
204.393 10.9103 454.982 1.07368
204.449 10.9698 455.597 1.04907
204.506 11.0278 456.215 1.02163
204.562 11.0843 456.837 0.992593
204.618 11.1392 457.461 0.968685
204.674 11.1927 458.089 0.940722
204.73 11.2442 458.72 0.898088
204.787 11.2932 459.353 0.857422
204.843 11.3401 459.989 0.818407
204.899 11.3848 460.628 0.782611
204.955 11.4276 461.269 0.746156
205.011 11.4684 461.912 0.71263
205.067 11.5074 462.558 0.681795
205.124 11.5448 463.205 0.656238
205.18 11.5806 463.855 0.627137
205.236 11.6152 464.507 0.60885
205.292 11.649 465.161 0.593125
205.348 11.6816 465.816 0.57218
205.404 11.7133 466.474 0.56076
205.461 11.7447 467.133 0.561548
205.517 11.7757 467.794 0.545075
205.573 11.8061 468.456 0.533583
205.629 11.8359 469.12 0.528117
205.685 11.8653 469.786 0.520572
205.742 11.8942 470.454 0.509191
205.798 11.9226 471.123 0.505994
205.854 11.9507 471.794 0.496377
205.91 11.9784 472.466 0.489256
205.966 12.0053 473.14 0.474033
206.022 12.0313 473.815 0.455495
206.079 12.0563 474.492 0.435512
206.135 12.0798 475.17 0.409512
206.191 12.1018 475.85 0.37827
206.247 12.1219 476.53 0.344894
206.303 12.1401 477.212 0.308932
206.36 12.156 477.894 0.266823
206.416 12.1695 478.578 0.221595
206.472 12.1805 479.262 0.176688
206.528 12.1889 479.946 0.132551
206.584 12.1947 480.631 0.0793817
206.64 12.1976 481.317 0.0319384
206.697 12.1975 482.002 -0.0225259
206.753 12.1948 482.687 -0.0683439
206.809 12.1892 483.372 -0.120354
206.865 12.1803 484.056 -0.183579
206.921 12.1681 484.74 -0.239851
206.978 12.1531 485.423 -0.284143
207.034 12.1355 486.106 -0.335876
207.09 12.1149 486.787 -0.386243
207.146 12.0917 487.467 -0.428863
207.202 12.0662 488.145 -0.470466
207.258 12.0382 488.822 -0.516134
207.315 12.008 489.497 -0.55621
207.371 11.9749 490.171 -0.607848
207.427 11.9396 490.842 -0.641885
207.483 11.9025 491.512 -0.675222
207.539 11.863 492.179 -0.71726
207.596 11.8217 492.844 -0.745295
207.652 11.7791 493.507 -0.76737
207.708 11.7349 494.167 -0.796179
207.764 11.6892 494.825 -0.825833
207.82 11.6418 495.48 -0.85475
207.876 11.5928 496.132 -0.88272
207.933 11.5423 496.782 -0.906531
207.989 11.4906 497.429 -0.927956
208.045 11.4376 498.073 -0.9537
208.101 11.3833 498.713 -0.972693
208.157 11.3281 499.351 -0.990627
208.213 11.2717 499.985 -1.00885
208.27 11.2146 500.617 -1.02501
208.326 11.1564 501.245 -1.04056
208.382 11.0973 501.87 -1.05623
208.438 11.0377 502.491 -1.06434
208.494 10.9779 503.109 -1.06226
208.551 10.9178 503.724 -1.0738
208.607 10.8572 504.335 -1.08377
208.663 10.7962 504.943 -1.08654
208.719 10.7351 505.548 -1.08802
208.775 10.6741 506.149 -1.083
208.831 10.6136 506.746 -1.07266
208.888 10.5535 507.34 -1.06632
208.944 10.494 507.931 -1.05396
209 10.4354 508.519 -1.03624
209.056 10.3777 509.103 -1.01728
209.112 10.3216 509.684 -0.988614
209.169 10.267 510.262 -0.963917
209.225 10.2135 510.837 -0.941668
209.281 10.1617 511.409 -0.907616
209.337 10.112 511.979 -0.869708
209.393 10.064 512.545 -0.842526
209.449 10.0179 513.109 -0.808052
209.506 9.9738 513.67 -0.767478
209.562 9.93188 514.229 -0.731533
209.618 9.89198 514.786 -0.698476
209.674 9.85401 515.34 -0.65963
209.73 9.81804 515.892 -0.623477
209.787 9.7843 516.443 -0.587439
209.843 9.75248 516.991 -0.552922
209.899 9.7225 517.538 -0.520179
209.955 9.69468 518.084 -0.477736
210.011 9.6695 518.627 -0.428626
210.067 9.64678 519.17 -0.389568
210.124 9.62627 519.711 -0.349482
210.18 9.60802 520.251 -0.308863
210.236 9.59198 520.791 -0.267037
210.292 9.57842 521.329 -0.224898
210.348 9.56712 521.867 -0.186352
210.404 9.55792 522.404 -0.147355
210.461 9.55116 522.941 -0.104091
210.517 9.54692 523.477 -0.053109
210.573 9.54535 524.013 -0.0115378
210.629 9.54593 524.55 0.0247783
210.685 9.54868 525.086 0.0670927
210.742 9.55382 525.622 0.108419
210.798 9.56123 526.159 0.1492
210.854 9.5711 526.697 0.191689
210.91 9.58333 527.235 0.235403
210.966 9.59787 527.774 0.274368
211.022 9.61451 528.314 0.308467
211.079 9.63286 528.854 0.337962
211.135 9.653 529.396 0.373121
211.191 9.67517 529.939 0.408938
211.247 9.69906 530.484 0.439039
211.303 9.72466 531.029 0.46764
211.36 9.75201 531.577 0.497614
211.416 9.78083 532.125 0.522855
211.472 9.81118 532.676 0.550986
211.528 9.84276 533.228 0.570338
211.584 9.87544 533.782 0.590177
211.64 9.90957 534.338 0.615938
211.697 9.94489 534.896 0.638606
211.753 9.98165 535.456 0.664349
211.809 10.0195 536.018 0.68071
211.865 10.0584 536.582 0.699974
211.921 10.0984 537.149 0.720702
211.978 10.1393 537.717 0.732165
212.034 10.1809 538.288 0.746482
212.09 10.2234 538.862 0.761367
212.146 10.2667 539.438 0.773814
212.202 10.3104 540.016 0.781298
212.258 10.3546 540.597 0.790223
212.315 10.3991 541.18 0.792927
212.371 10.4439 541.766 0.802344
212.427 10.4891 542.354 0.803538
212.483 10.5345 542.945 0.810482
212.539 10.58 543.538 0.811391
212.596 10.6255 544.134 0.810765
212.652 10.671 544.732 0.805031
212.708 10.7159 545.333 0.79512
212.764 10.7602 545.937 0.785229
212.82 10.804 546.543 0.775896
212.876 10.8473 547.151 0.767102
212.933 10.8902 547.762 0.760708
212.989 10.9325 548.375 0.746607
213.045 10.9741 548.991 0.73814
213.101 11.0155 549.609 0.733127
213.157 11.0564 550.229 0.725238
213.213 11.0972 550.852 0.728131
213.27 11.1382 551.476 0.728868
213.326 11.1791 552.104 0.727308
213.382 11.2199 552.733 0.722869
213.438 11.2604 553.365 0.719438
213.494 11.3008 553.999 0.719159
213.551 11.3413 554.635 0.720988
213.607 11.3819 555.273 0.725296
213.663 11.4227 555.914 0.723694
213.719 11.4634 556.557 0.725275
213.775 11.5039 557.203 0.720808
213.831 11.5443 557.85 0.717718
213.888 11.5847 558.5 0.720594
213.944 11.6251 559.152 0.721695
214 11.6657 559.807 0.721787
214.056 11.7062 560.464 0.722314
214.112 11.7462 561.123 0.707026
214.169 11.7857 561.784 0.699419
214.225 11.8244 562.447 0.678914
214.281 11.8619 563.113 0.659952
214.337 11.8982 563.781 0.639175
214.393 11.9334 564.45 0.616013
214.449 11.9667 565.122 0.580452
214.506 11.9979 565.795 0.537378
214.562 12.0267 566.47 0.498912
214.618 12.0534 567.147 0.459743
214.674 12.0779 567.825 0.418914
214.73 12.1 568.504 0.3744
214.787 12.1194 569.184 0.326421
214.843 12.1361 569.866 0.27955
214.899 12.1503 570.548 0.233726
214.955 12.162 571.231 0.189721
215.011 12.1709 571.915 0.139678
215.067 12.1775 572.599 0.101251
215.124 12.1816 573.283 0.0552803
215.18 12.1832 573.967 0.0112237
215.236 12.1823 574.652 -0.035303
215.292 12.1788 575.336 -0.0822206
215.348 12.1723 576.02 -0.136278
215.404 12.1628 576.704 -0.191361
215.461 12.1501 577.387 -0.249927
215.517 12.1341 578.069 -0.309969
215.573 12.1146 578.75 -0.370029
215.629 12.0917 579.429 -0.431142
215.685 12.0656 580.108 -0.489546
215.742 12.036 580.785 -0.549807
215.798 12.0031 581.46 -0.610468
215.854 11.9668 582.133 -0.669069
215.91 11.9275 582.804 -0.720102
215.966 11.8851 583.473 -0.775519
216.022 11.8399 584.139 -0.821871
216.079 11.792 584.802 -0.871357
216.135 11.7412 585.463 -0.924814
216.191 11.6879 586.121 -0.962521
216.247 11.6327 586.776 -0.993406
216.303 11.576 587.427 -1.02165
216.36 11.5179 588.076 -1.04391
216.416 11.4587 588.721 -1.05659
216.472 11.3991 589.363 -1.06488
216.528 11.339 590.001 -1.07179
216.584 11.2787 590.636 -1.07263
216.64 11.2184 591.268 -1.07252
216.697 11.1583 591.896 -1.07483
216.753 11.098 592.521 -1.06824
216.809 11.038 593.142 -1.06758
216.865 10.9784 593.76 -1.05697
216.921 10.9197 594.375 -1.04141
216.978 10.8615 594.986 -1.03272
217.034 10.8038 595.595 -1.02032
217.09 10.7472 596.2 -0.999259
217.146 10.6915 596.802 -0.988435
217.202 10.636 597.4 -0.985844
217.258 10.581 597.996 -0.976296
217.315 10.5261 598.589 -0.973922
217.371 10.4717 599.178 -0.961533
217.427 10.418 599.765 -0.953393
217.483 10.3644 600.348 -0.954052
217.539 10.3107 600.929 -0.956204
217.596 10.2571 601.506 -0.953362
217.652 10.2036 602.08 -0.951179
217.708 10.1504 602.652 -0.943259
217.764 10.0978 603.22 -0.931267
217.82 10.0458 603.786 -0.916479
217.876 9.99505 604.349 -0.896724
217.933 9.94562 604.908 -0.866257
217.989 9.89811 605.466 -0.83062
218.045 9.85271 606.02 -0.79535
218.101 9.80922 606.572 -0.758654
218.157 9.76794 607.122 -0.719654
218.213 9.72911 607.669 -0.673639
218.27 9.69267 608.215 -0.632104
218.326 9.65842 608.758 -0.594929
218.382 9.62625 609.299 -0.561148
218.438 9.59578 609.839 -0.528653
218.494 9.56698 610.377 -0.501224
218.551 9.53973 610.914 -0.476492
218.607 9.51402 611.449 -0.444985
218.663 9.48978 611.983 -0.421333
218.719 9.46691 612.515 -0.400546
218.775 9.44509 613.046 -0.380076
218.831 9.42397 613.576 -0.371199
218.888 9.4036 614.105 -0.357745
218.944 9.38458 614.632 -0.325987
219 9.36686 615.159 -0.308632
219.056 9.35021 615.685 -0.286676
219.112 9.33495 616.209 -0.262055
219.169 9.32084 616.733 -0.244802
219.225 9.30782 617.257 -0.222553
219.281 9.29652 617.779 -0.186752
219.337 9.2871 618.301 -0.153293
219.393 9.27962 618.823 -0.118774
219.449 9.27458 619.344 -0.0696481
219.506 9.27213 619.865 -0.0261245
219.562 9.27215 620.386 0.0164558
219.618 9.27467 620.907 0.0641278
219.674 9.27949 621.428 0.101889
219.73 9.28636 621.949 0.135803
219.787 9.29524 622.471 0.174737
219.843 9.30602 622.994 0.203734
219.899 9.3186 623.517 0.238335
219.955 9.33323 624.041 0.276329
220.011 9.34947 624.566 0.300452
220.067 9.36727 625.092 0.326578
220.124 9.38648 625.619 0.352942
220.18 9.40702 626.147 0.375804
220.236 9.42905 626.676 0.4015
220.292 9.45251 627.206 0.428933
220.348 9.47724 627.738 0.44983
220.404 9.50296 628.272 0.461883
220.461 9.52956 628.806 0.480942
220.517 9.55697 629.343 0.49565
220.573 9.58528 629.881 0.50804
220.629 9.61455 630.42 0.529325
220.685 9.64488 630.961 0.549527
220.742 9.67632 631.504 0.56441
220.798 9.70879 632.049 0.5878
220.854 9.74248 632.595 0.609167
220.91 9.77736 633.144 0.6302
220.966 9.8134 633.694 0.648874
221.022 9.85046 634.247 0.663685
221.079 9.88844 634.802 0.681758
221.135 9.92717 635.358 0.692965
221.191 9.96632 635.917 0.699391
221.247 10.0058 636.479 0.704586
221.303 10.0458 637.042 0.717805
221.36 10.0865 637.608 0.728991
221.416 10.1279 638.176 0.742672
221.472 10.1703 638.746 0.759458
221.528 10.2133 639.319 0.769644
221.584 10.2566 639.894 0.769021
221.64 10.2998 640.472 0.77302
221.697 10.3433 641.052 0.773594
221.753 10.3869 641.635 0.774423
221.809 10.4307 642.22 0.78149
221.865 10.4744 642.807 0.778945
221.921 10.5182 643.397 0.779816
221.978 10.5622 643.989 0.785706
222.034 10.6066 644.584 0.7919
222.09 10.6511 645.182 0.791753
222.146 10.6956 645.782 0.792022
222.202 10.7401 646.384 0.79081
222.258 10.7845 646.989 0.792669
222.315 10.8292 647.596 0.798047
222.371 10.8741 648.206 0.801304
222.427 10.919 648.819 0.797112
222.483 10.9638 649.434 0.797217
222.539 11.0084 650.051 0.792113
222.596 11.0529 650.671 0.790399
222.652 11.0972 651.293 0.788194
222.708 11.1412 651.918 0.778962
222.764 11.1849 652.546 0.776012
222.82 11.2284 653.175 0.774282
222.876 11.2719 653.808 0.772261
222.933 11.3152 654.442 0.767936
222.989 11.3579 655.08 0.755382
223.045 11.3999 655.719 0.742719
223.101 11.4415 656.361 0.737434
223.157 11.4825 657.005 0.723784
223.213 11.5227 657.652 0.711351
223.27 11.5619 658.3 0.689774
223.326 11.6001 658.951 0.675535
223.382 11.637 659.604 0.646314
223.438 11.6725 660.259 0.623311
223.494 11.7068 660.916 0.602829
223.551 11.7398 661.575 0.575876
223.607 11.7713 662.235 0.551102
223.663 11.8014 662.898 0.522716
223.719 11.8295 663.562 0.487933
223.775 11.8559 664.227 0.457459
223.831 11.8806 664.894 0.42797
223.888 11.9036 665.562 0.39786
223.944 11.9249 666.232 0.36413
224 11.9442 666.902 0.328866
224.056 11.9615 667.574 0.294498
224.112 11.977 668.246 0.262425
224.169 11.9907 668.92 0.234334
224.225 12.0027 669.594 0.198192
224.281 12.0127 670.268 0.163274
224.337 12.0205 670.944 0.124861
224.393 12.0263 671.619 0.0881487
224.449 12.03 672.295 0.0500087
224.506 12.0319 672.971 0.0225512
224.562 12.0321 673.647 -0.00993438
224.618 12.0305 674.323 -0.041459
224.674 12.0271 674.998 -0.0740433
224.73 12.0217 675.674 -0.109308
224.787 12.0145 676.349 -0.143737
224.843 12.0054 677.024 -0.170014
224.899 11.9952 677.698 -0.191085
224.955 11.9839 678.371 -0.206858
225.011 11.9719 679.044 -0.219851
225.067 11.9591 679.716 -0.229414
225.124 11.946 680.388 -0.238039
225.18 11.9324 681.058 -0.246244
225.236 11.9184 681.728 -0.249597
225.292 11.9045 682.397 -0.246594
225.348 11.8909 683.066 -0.239065
225.404 11.8774 683.733 -0.241124
225.461 11.864 684.4 -0.24063
225.517 11.8505 685.066 -0.238966
225.573 11.837 685.732 -0.242614
225.629 11.8236 686.396 -0.234658
225.685 11.8104 687.06 -0.230485
225.742 11.7974 687.723 -0.23393
225.798 11.784 688.385 -0.242646
225.854 11.77 689.047 -0.254653
225.91 11.7553 689.708 -0.267651
225.966 11.7398 690.367 -0.280233
226.022 11.7235 691.026 -0.294626
226.079 11.7061 691.685 -0.32062
226.135 11.6873 692.342 -0.344446
226.191 11.667 692.997 -0.371907
226.247 11.6454 693.652 -0.393304
226.303 11.6221 694.306 -0.426916
226.36 11.5968 694.958 -0.46309
226.416 11.5698 695.608 -0.493908
226.472 11.5409 696.257 -0.525895
226.528 11.5104 696.905 -0.556521
226.584 11.4778 697.55 -0.595232
226.64 11.443 698.194 -0.634434
226.697 11.4063 698.836 -0.665274
226.753 11.3674 699.475 -0.710462
226.809 11.3263 700.112 -0.7469
226.865 11.2831 700.747 -0.782149
226.921 11.2381 701.38 -0.811973
226.978 11.1916 702.009 -0.839751
227.034 11.1435 702.636 -0.86774
227.09 11.0941 703.261 -0.886861
227.146 11.0435 703.882 -0.909751
227.202 10.9918 704.501 -0.925378
227.258 10.9392 705.117 -0.944592
227.315 10.8858 705.73 -0.957492
227.371 10.8315 706.339 -0.968751
227.427 10.7768 706.946 -0.975007
227.483 10.722 707.55 -0.97594
227.539 10.6671 708.15 -0.979795
227.596 10.6119 708.748 -0.982199
227.652 10.5568 709.342 -0.978863
227.708 10.5021 709.933 -0.97158
227.764 10.4477 710.521 -0.963369
227.82 10.3944 711.106 -0.941043
227.876 10.3421 711.689 -0.926361
227.933 10.2906 712.268 -0.905526
227.989 10.2408 712.844 -0.876371
228.045 10.1927 713.418 -0.841673
228.101 10.1464 713.989 -0.810851
228.157 10.1022 714.558 -0.773384
228.213 10.06 715.124 -0.734405
228.27 10.0199 715.687 -0.696914
228.326 9.98246 716.249 -0.648763
228.382 9.94768 716.809 -0.596741
228.438 9.91591 717.367 -0.546834
228.494 9.88692 717.923 -0.496578
228.551 9.86099 718.477 -0.43557
228.607 9.83855 719.03 -0.377195
228.663 9.81924 719.582 -0.323353
228.719 9.80295 720.134 -0.264501
228.775 9.79028 720.684 -0.197312
228.831 9.78128 721.233 -0.138495
228.888 9.7754 721.783 -0.0823487
228.944 9.77239 722.332 -0.0339648
229 9.77218 722.881 0.0155843
229.056 9.77471 723.43 0.0647654
229.112 9.77992 723.979 0.109705
229.169 9.78756 724.529 0.151608
229.225 9.79726 725.079 0.187715
229.281 9.80895 725.63 0.221226
229.337 9.8227 726.181 0.258135
229.393 9.83853 726.734 0.298355
229.449 9.85636 727.287 0.330372
229.506 9.87579 727.841 0.356186
229.562 9.89668 728.397 0.38242
229.618 9.91885 728.954 0.404182
229.674 9.94224 729.512 0.423397
229.73 9.96684 730.071 0.44516
229.787 9.99236 730.632 0.463528
229.843 10.0189 731.194 0.476569
229.899 10.0464 731.758 0.496738
229.955 10.0745 732.323 0.506985
230.011 10.1033 732.89 0.517593
230.067 10.1328 733.459 0.529526
230.124 10.1621 734.029 0.523307
230.18 10.1913 734.601 0.521929
230.236 10.2207 735.174 0.526033
230.292 10.25 735.75 0.518284
230.348 10.2789 736.326 0.508107
230.404 10.307 736.905 0.495703
230.461 10.3343 737.485 0.479383
230.517 10.3605 738.066 0.459823
230.573 10.3858 738.649 0.445262
230.629 10.4101 739.234 0.424175
230.685 10.4331 739.819 0.394635
230.742 10.454 740.406 0.359393
230.798 10.473 740.994 0.323879
230.854 10.4902 741.583 0.289897
230.91 10.5053 742.173 0.25771
230.966 10.5186 742.763 0.222383
231.022 10.53 743.355 0.186368
231.079 10.5392 743.947 0.151526
231.135 10.5464 744.539 0.110427
231.191 10.5513 745.132 0.0726256
231.247 10.5539 745.725 0.0288152
231.303 10.554 746.317 -0.0148963
231.36 10.5518 746.91 -0.0577198
231.416 10.5472 747.503 -0.0987019
231.472 10.5404 748.095 -0.136477
231.528 10.5318 748.687 -0.165268
231.584 10.5215 749.278 -0.193919
231.64 10.5095 749.869 -0.226705
231.697 10.4959 750.459 -0.250534
231.753 10.4811 751.048 -0.275944
231.809 10.4646 751.637 -0.301881
231.865 10.447 752.224 -0.320777
231.921 10.4287 752.81 -0.327079
231.978 10.4099 753.395 -0.340388
232.034 10.3907 753.98 -0.340777
232.09 10.3717 754.563 -0.336992
232.146 10.3525 755.145 -0.342124
232.202 10.3333 755.726 -0.344065
232.258 10.314 756.306 -0.338419
232.315 10.2956 756.884 -0.323199
232.371 10.2777 757.462 -0.31288
232.427 10.2608 758.039 -0.29221
232.483 10.2451 758.615 -0.272077
232.539 10.2306 759.19 -0.247201
232.596 10.2175 759.764 -0.22084
232.652 10.206 760.338 -0.198626
232.708 10.1956 760.911 -0.174411
232.764 10.1869 761.483 -0.143542
232.82 10.1798 762.055 -0.112087
232.876 10.1746 762.627 -0.0830627
232.933 10.171 763.199 -0.0506214
232.989 10.1692 763.77 -0.0182242
233.045 10.1695 764.341 0.0175941
233.101 10.1716 764.913 0.0527332
233.157 10.1759 765.484 0.0926393
233.213 10.1823 766.056 0.12718
233.27 10.1908 766.628 0.167681
233.326 10.2015 767.201 0.206781
233.382 10.2146 767.775 0.250383
233.438 10.2301 768.349 0.293814
233.494 10.2479 768.925 0.333794
233.551 10.2682 769.501 0.379596
233.607 10.291 770.079 0.423259
233.663 10.3163 770.658 0.46712
233.719 10.3439 771.238 0.508549
233.775 10.3738 771.82 0.547806
233.831 10.406 772.404 0.589492
233.888 10.4405 772.99 0.629732
233.944 10.4773 773.578 0.671226
234 10.5163 774.168 0.71068
234.056 10.5574 774.76 0.746388
234.112 10.6006 775.354 0.783314
234.169 10.6457 775.951 0.814047
234.225 10.6923 776.551 0.841347
234.281 10.7405 777.153 0.869633
234.337 10.7903 777.758 0.896457
234.393 10.8418 778.366 0.926914
234.449 10.8944 778.977 0.944161
234.506 10.948 779.591 0.958191
234.562 11.0021 780.208 0.966429
234.618 11.0567 780.828 0.975619
234.674 11.1118 781.451 0.982857
234.73 11.167 782.077 0.98261
234.787 11.2222 782.706 0.982487
234.843 11.2771 783.338 0.974547
234.899 11.3316 783.974 0.965434
234.955 11.3854 784.612 0.951113
235.011 11.4382 785.254 0.934416
235.067 11.4899 785.898 0.910265
235.124 11.5405 786.545 0.89138
235.18 11.5896 787.195 0.864937
235.236 11.6372 787.848 0.833336
235.292 11.6827 788.503 0.792415
235.348 11.7256 789.161 0.748827
235.404 11.7664 789.821 0.704702
235.461 11.8044 790.483 0.658449
235.517 11.84 791.148 0.617045
235.573 11.873 791.814 0.564939
235.629 11.9031 792.482 0.516722
235.685 11.9304 793.152 0.462369
235.742 11.9545 793.823 0.408781
235.798 11.9757 794.495 0.35508
235.854 11.9936 795.169 0.294912
235.91 12.0084 795.843 0.242029
235.966 12.0201 796.518 0.187769
236.022 12.0286 797.194 0.131764
236.079 12.0342 797.87 0.0770883
236.135 12.0369 798.546 0.0236067
236.191 12.0364 799.222 -0.0297557
236.247 12.0328 799.898 -0.0901853
236.303 12.0258 800.574 -0.145181
236.36 12.0155 801.249 -0.20655
236.416 12.002 801.924 -0.265511
236.472 11.9852 802.597 -0.320639
236.528 11.9651 803.27 -0.383731
236.584 11.9415 803.942 -0.445968
236.64 11.9146 804.611 -0.50174
236.697 11.8844 805.28 -0.55569
236.753 11.8515 805.946 -0.609867
236.809 11.8153 806.611 -0.667325
236.865 11.7757 807.273 -0.729574
236.921 11.7331 807.934 -0.776036
236.978 11.688 808.591 -0.823042
237.034 11.6399 809.246 -0.876192
237.09 11.5892 809.899 -0.9254
237.146 11.5358 810.548 -0.963389
237.202 11.4801 811.194 -1.01005
237.258 11.4222 811.837 -1.04602
237.315 11.3622 812.477 -1.08051
237.371 11.3005 813.113 -1.11307
237.427 11.2366 813.746 -1.15014
237.483 11.171 814.375 -1.17805
237.539 11.104 815 -1.19878
237.596 11.0358 815.622 -1.22537
237.652 10.9661 816.239 -1.24965
237.708 10.8955 816.853 -1.26265
237.764 10.8239 817.463 -1.28209
237.82 10.7513 818.068 -1.29329
237.876 10.6786 818.67 -1.29425
237.933 10.606 819.267 -1.29319
237.989 10.5335 819.861 -1.2853
238.045 10.4617 820.45 -1.27429
238.101 10.3907 821.035 -1.25682
238.157 10.321 821.617 -1.22968
238.213 10.2535 822.194 -1.18319
238.27 10.1883 822.768 -1.14439
238.326 10.1255 823.338 -1.09606
238.382 10.0657 823.905 -1.04279
238.438 10.0089 824.469 -0.991999
238.494 9.95539 825.029 -0.923803
238.551 9.90577 825.587 -0.857199
238.607 9.85961 826.142 -0.797352
238.663 9.817 826.694 -0.731954
238.719 9.77804 827.244 -0.667612
238.775 9.74233 827.793 -0.614088
238.831 9.71016 828.339 -0.543652
238.888 9.68184 828.883 -0.477263
238.944 9.65707 829.426 -0.419381
239 9.63547 829.968 -0.360045
239.056 9.61749 830.509 -0.294595
239.112 9.60303 831.049 -0.235325
239.169 9.59171 831.588 -0.179745
239.225 9.58344 832.126 -0.126155
239.281 9.57821 832.665 -0.0720058
239.337 9.57581 833.203 -0.0238857
239.393 9.57592 833.741 0.0199045
239.449 9.57856 834.279 0.0648826
239.506 9.58381 834.817 0.111519
239.562 9.59142 835.356 0.150282
239.618 9.60097 835.895 0.182995
239.674 9.6124 836.434 0.218044
239.73 9.62584 836.975 0.254102
239.787 9.64118 837.516 0.284079
239.843 9.6581 838.058 0.312036
239.899 9.67637 838.602 0.33528
239.955 9.69608 839.146 0.360119
240.011 9.71714 839.691 0.386178
240.067 9.73952 840.238 0.407193
240.124 9.76316 840.786 0.42804
240.18 9.78792 841.335 0.448457
240.236 9.81357 841.886 0.462181
240.292 9.84009 842.438 0.473368
240.348 9.86748 842.992 0.494559
240.404 9.89551 843.547 0.50115
240.461 9.92378 844.104 0.500788
240.517 9.95198 844.663 0.502509
240.573 9.98012 845.223 0.500376
240.629 10.0081 845.784 0.494552
240.685 10.0354 846.347 0.483095
240.742 10.0623 846.912 0.473237
240.798 10.0884 847.478 0.455889
240.854 10.1135 848.046 0.442469
240.91 10.1381 848.615 0.434075
240.966 10.162 849.185 0.419444
241.022 10.1853 849.757 0.407643
241.079 10.2075 850.33 0.385635
241.135 10.2283 850.904 0.363847
241.191 10.2483 851.479 0.351956
241.247 10.2674 852.056 0.333196
241.303 10.2852 852.633 0.304369
241.36 10.3015 853.212 0.282552
241.416 10.3164 853.791 0.25246
241.472 10.3297 854.371 0.226417
241.528 10.3416 854.952 0.202418
241.584 10.3519 855.533 0.172799
241.64 10.3608 856.115 0.145748
241.697 10.3679 856.697 0.11141
241.753 10.3728 857.28 0.0723273
241.809 10.3757 857.863 0.0397451
241.865 10.3768 858.446 0.00650378
241.921 10.376 859.029 -0.0297659
241.978 10.3729 859.611 -0.0744783
242.034 10.3672 860.194 -0.118004
242.09 10.3591 860.776 -0.162078
242.146 10.3486 861.358 -0.203125
242.202 10.3359 861.939 -0.2411
242.258 10.3209 862.519 -0.283208
242.315 10.3037 863.098 -0.321668
242.371 10.2844 863.676 -0.357661
242.427 10.2631 864.253 -0.394558
242.483 10.2397 864.829 -0.433792
242.539 10.2141 865.404 -0.465645
242.596 10.1868 865.976 -0.498885
242.652 10.1577 866.548 -0.537812
242.708 10.1263 867.117 -0.570041
242.764 10.0933 867.685 -0.598101
242.82 10.059 868.251 -0.620419
242.876 10.0234 868.815 -0.640861
242.933 9.98639 869.377 -0.669349
242.989 9.94826 869.937 -0.684324
243.045 9.90944 870.494 -0.696479
243.101 9.86971 871.05 -0.712234
243.157 9.82935 871.603 -0.722035
243.213 9.78883 872.154 -0.718978
243.27 9.74832 872.702 -0.721478
243.326 9.70776 873.248 -0.722818
243.382 9.66701 873.792 -0.721601
243.438 9.62662 874.334 -0.715538
243.494 9.58684 874.874 -0.703549
243.551 9.54753 875.411 -0.694389
243.607 9.5092 875.946 -0.674844
243.663 9.47191 876.479 -0.657687
243.719 9.43571 877.01 -0.634955
243.775 9.40086 877.539 -0.609502
243.831 9.36765 878.066 -0.578157
243.888 9.33629 878.591 -0.543972
243.944 9.30688 879.114 -0.507246
244 9.27964 879.636 -0.472523
244.056 9.25461 880.157 -0.425305
244.112 9.23232 880.676 -0.378589
244.169 9.21269 881.194 -0.329684
244.225 9.19601 881.711 -0.275117
244.281 9.18208 882.227 -0.226296
244.337 9.17161 882.743 -0.163115
244.393 9.16436 883.258 -0.106531
244.449 9.16022 883.772 -0.0501714
244.506 9.15952 884.287 0.0134759
244.562 9.16251 884.802 0.0804062
244.618 9.16909 885.317 0.141179
244.674 9.17925 885.832 0.206259
244.73 9.19297 886.348 0.268219
244.787 9.21019 886.865 0.331577
244.843 9.23084 887.383 0.391125
244.899 9.25494 887.903 0.453262
244.955 9.28199 888.423 0.500129
245.011 9.31175 888.946 0.549976
245.067 9.34439 889.47 0.602594
245.124 9.37985 889.996 0.65075
245.18 9.41746 890.525 0.678549
245.236 9.45631 891.055 0.700798
245.292 9.49627 891.587 0.718286
245.348 9.53721 892.122 0.734295
245.404 9.57893 892.66 0.74846
245.461 9.62125 893.199 0.755536
245.517 9.6641 893.741 0.768711
245.573 9.70759 894.285 0.779508
245.629 9.75131 894.832 0.776869
245.685 9.79483 895.382 0.770598
245.742 9.83793 895.933 0.763871
245.798 9.88049 896.487 0.755026
245.854 9.92259 897.044 0.743204
245.91 9.9639 897.603 0.72977
245.966 10.0041 898.164 0.706343
246.022 10.043 898.727 0.681776
246.079 10.0808 899.293 0.665388
246.135 10.1174 899.86 0.64367
246.191 10.1528 900.43 0.621087
246.247 10.1868 901.002 0.593729
246.303 10.2192 901.575 0.567367
246.36 10.2503 902.15 0.543235
246.416 10.2799 902.727 0.514514
246.472 10.3078 903.305 0.483124
246.528 10.3339 903.885 0.450999
246.584 10.3581 904.467 0.419357
246.64 10.3807 905.049 0.392537
246.697 10.4021 905.633 0.370286
246.753 10.4221 906.218 0.349398
246.809 10.4408 906.805 0.324704
246.865 10.4582 907.392 0.299114
246.921 10.4742 907.98 0.278678
246.978 10.4893 908.569 0.262766
247.034 10.5038 909.159 0.252875
247.09 10.5175 909.749 0.23853
247.146 10.5305 910.34 0.225785
247.202 10.5426 910.932 0.209289
247.258 10.5542 911.525 0.205154
247.315 10.5655 912.118 0.19959
247.371 10.5763 912.712 0.187596
247.427 10.5863 913.307 0.173416
247.483 10.5957 913.902 0.165063
247.539 10.6051 914.498 0.16541
247.596 10.6141 915.094 0.156559
247.652 10.6226 915.69 0.147216
247.708 10.6307 916.287 0.142386
247.764 10.6386 916.885 0.139579
247.82 10.6461 917.483 0.130459
247.876 10.6532 918.081 0.122379
247.933 10.6599 918.68 0.11926
247.989 10.6664 919.279 0.110065
248.045 10.6721 919.878 0.0965598
248.101 10.6772 920.478 0.0877074
248.157 10.6817 921.078 0.0766647
248.213 10.6855 921.678 0.0611635
248.27 10.6884 922.279 0.0458073
248.326 10.6903 922.879 0.0298599
248.382 10.6914 923.48 0.0107834
248.438 10.6915 924.08 -0.00536738
248.494 10.6903 924.681 -0.0319443
248.551 10.6878 925.282 -0.0550458
248.607 10.6838 925.882 -0.0797473
248.663 10.6785 926.482 -0.105677
248.719 10.6715 927.082 -0.137636
248.775 10.6627 927.681 -0.168541
248.831 10.6524 928.279 -0.193262
248.888 10.6405 928.878 -0.222171
248.944 10.6274 929.475 -0.244042
249 10.6127 930.071 -0.271305
249.056 10.5966 930.667 -0.296274
249.112 10.5794 931.262 -0.310552
249.169 10.5612 931.856 -0.33427
249.225 10.5417 932.448 -0.356589
249.281 10.5212 933.04 -0.368888
249.337 10.5002 933.63 -0.38003
249.393 10.4783 934.219 -0.396336
249.449 10.4557 934.807 -0.406379
249.506 10.4323 935.394 -0.418039
249.562 10.4088 935.979 -0.420192
249.618 10.3851 936.563 -0.422082
249.674 10.3614 937.146 -0.426025
249.73 10.3373 937.727 -0.43056
249.787 10.3132 938.307 -0.424188
249.843 10.2898 938.886 -0.413678
249.899 10.2669 939.463 -0.400101
249.955 10.2448 940.039 -0.388751
250.011 10.2233 940.614 -0.377836
250.067 10.2026 941.187 -0.362508
250.124 10.1828 941.76 -0.344526
250.18 10.1641 942.331 -0.323201
250.236 10.1469 942.902 -0.295097
250.292 10.1313 943.471 -0.266889
250.348 10.1174 944.04 -0.235296
250.404 10.1052 944.608 -0.205146
250.461 10.0946 945.175 -0.177254
250.517 10.0857 945.742 -0.142818
250.573 10.0788 946.308 -0.110442
250.629 10.0739 946.875 -0.072604
250.685 10.0711 947.44 -0.0337995
250.742 10.0704 948.006 0.00101672
250.798 10.0716 948.572 0.0354614
250.854 10.0747 949.138 0.0685739
250.91 10.0797 949.704 0.101516
250.966 10.0866 950.27 0.137356
251.022 10.0956 950.837 0.177013
251.079 10.1069 951.405 0.214904
251.135 10.1201 951.973 0.249842
251.191 10.1351 952.542 0.27909
251.247 10.1519 953.112 0.308988
251.303 10.1702 953.683 0.339589
251.36 10.1903 954.255 0.368733
251.416 10.212 954.828 0.398942
251.472 10.2353 955.403 0.425735
251.528 10.26 955.979 0.447827
251.584 10.286 956.556 0.471754
251.64 10.3131 957.135 0.487677
251.697 10.341 957.715 0.5033
251.753 10.3699 958.297 0.523655
251.809 10.4001 958.881 0.54722
251.865 10.4314 959.466 0.5631
251.921 10.4636 960.053 0.577052
251.978 10.4965 960.642 0.593869
252.034 10.5304 961.233 0.609282
252.09 10.5652 961.826 0.62399
252.146 10.6006 962.42 0.635875
252.202 10.6366 963.017 0.643203
252.258 10.6729 963.616 0.646811
252.315 10.7093 964.217 0.649067
252.371 10.7457 964.82 0.649114
252.427 10.7821 965.424 0.643336
252.483 10.8183 966.031 0.643667
252.539 10.8542 966.64 0.640095
252.596 10.8898 967.251 0.632403
252.652 10.9252 967.864 0.628522
252.708 10.96 968.479 0.611612
252.764 10.9938 969.096 0.595337
252.82 11.0267 969.715 0.581716
252.876 11.0583 970.336 0.553987
252.933 11.0887 970.958 0.527097
252.989 11.1175 971.582 0.50068
253.045 11.1445 972.207 0.468313
253.101 11.1697 972.834 0.431372
253.157 11.1925 973.462 0.391138
253.213 11.2131 974.092 0.350052
253.27 11.2315 974.723 0.310462
253.326 11.2477 975.354 0.275082
253.382 11.2615 975.986 0.228087
253.438 11.2729 976.62 0.183886
253.494 11.2818 977.253 0.138993
253.551 11.288 977.887 0.0899073
253.607 11.2915 978.521 0.0449379
253.663 11.2926 979.156 0.00165614
253.719 11.2909 979.79 -0.0504452
253.775 11.2862 980.424 -0.106413
253.831 11.2784 981.058 -0.157338
253.888 11.2677 981.691 -0.21185
253.944 11.2542 982.324 -0.256637
254 11.2383 982.956 -0.30206
254.056 11.2195 983.587 -0.357525
254.112 11.1976 984.216 -0.410492
254.169 11.173 984.844 -0.456569
254.225 11.1459 985.471 -0.498183
254.281 11.1166 986.096 -0.538402
254.337 11.0851 986.72 -0.574424
254.393 11.0516 987.341 -0.609405
254.449 11.0164 987.961 -0.637843
254.506 10.9798 988.579 -0.661638
254.562 10.9418 989.194 -0.684534
254.618 10.9026 989.808 -0.703741
254.674 10.8628 990.419 -0.711529
254.73 10.8227 991.028 -0.713818
254.787 10.7827 991.635 -0.708512
254.843 10.7433 992.239 -0.697048
254.899 10.7044 992.841 -0.686312
254.955 10.6663 993.441 -0.674524
255.011 10.6288 994.039 -0.662497
255.067 10.592 994.635 -0.645417
255.124 10.5567 995.229 -0.617847
255.18 10.523 995.821 -0.587287
255.236 10.4908 996.411 -0.563707
255.292 10.4601 996.999 -0.534569
255.348 10.431 997.586 -0.50629
255.404 10.4033 998.171 -0.483711
255.461 10.3767 998.755 -0.465092
255.517 10.3516 999.337 -0.434026
255.573 10.3282 999.918 -0.402997
255.629 10.3064 1000.5 -0.378375
255.685 10.2859 1001.08 -0.35436
255.742 10.2668 1001.65 -0.328992
255.798 10.2492 1002.23 -0.302702
255.854 10.2333 1002.8 -0.269848
255.91 10.2191 1003.38 -0.239198
255.966 10.2069 1003.95 -0.203382
256.022 10.1966 1004.53 -0.170913
256.079 10.1879 1005.1 -0.143234
256.135 10.1811 1005.67 -0.107689
256.191 10.1763 1006.24 -0.0685552
256.247 10.1735 1006.81 -0.0383383
256.303 10.1723 1007.38 -0.00946932
256.36 10.1734 1007.96 0.034519
256.416 10.1765 1008.53 0.0685854
256.472 10.1815 1009.1 0.105392
256.528 10.1884 1009.67 0.137335
256.584 10.1971 1010.24 0.166907
256.64 10.2078 1010.82 0.20621
256.697 10.2208 1011.39 0.248564
256.753 10.2359 1011.97 0.281622
256.809 10.2529 1012.54 0.313846
256.865 10.2717 1013.12 0.350659
256.921 10.2928 1013.7 0.392196
256.978 10.3162 1014.28 0.431839
257.034 10.3416 1014.86 0.466019
257.09 10.3689 1015.44 0.499827
257.146 10.3981 1016.02 0.531288
257.202 10.4292 1016.61 0.569192
257.258 10.4624 1017.19 0.604949
257.315 10.4977 1017.78 0.640938
257.371 10.535 1018.37 0.681694
257.427 10.5746 1018.97 0.718742
257.483 10.6164 1019.56 0.759654
257.539 10.6606 1020.16 0.802754
257.596 10.7068 1020.76 0.837335
257.652 10.7551 1021.36 0.871712
257.708 10.8053 1021.97 0.909232
257.764 10.8576 1022.58 0.947176
257.82 10.9124 1023.19 0.989323
257.876 10.9685 1023.81 1.00586
257.933 11.0258 1024.42 1.02982
257.989 11.0845 1025.04 1.04995
258.045 11.1439 1025.67 1.06283
258.101 11.204 1026.3 1.07454
258.157 11.2646 1026.93 1.08004
258.213 11.3254 1027.56 1.0873
258.27 11.3867 1028.2 1.09123
258.326 11.448 1028.84 1.09122
258.382 11.5095 1029.49 1.09242
258.438 11.5703 1030.14 1.07915
258.494 11.6309 1030.79 1.07414
258.551 11.6909 1031.45 1.06453
258.607 11.7502 1032.1 1.04998
258.663 11.8087 1032.77 1.03273
258.719 11.866 1033.43 1.0114
258.775 11.922 1034.1 0.987158
258.831 11.9765 1034.77 0.959933
258.888 12.0296 1035.45 0.936573
258.944 12.081 1036.12 0.899405
259 12.1304 1036.8 0.863422
259.056 12.1776 1037.49 0.82484
259.112 12.2224 1038.17 0.781401
259.169 12.2646 1038.86 0.730258
259.225 12.3042 1039.55 0.687055
259.281 12.3414 1040.24 0.646937
259.337 12.3763 1040.94 0.601066
259.393 12.4087 1041.63 0.561406
259.449 12.4386 1042.33 0.510979
259.506 12.4657 1043.03 0.461937
259.562 12.4901 1043.73 0.415203
259.618 12.5116 1044.44 0.360237
259.674 12.5302 1045.14 0.309871
259.73 12.5461 1045.84 0.266773
259.787 12.5594 1046.55 0.215672
259.843 12.5698 1047.26 0.164729
259.899 12.5773 1047.96 0.114163
259.955 12.5819 1048.67 0.0585542
260.011 12.5834 1049.38 0.00503172
260.067 12.5819 1050.08 -0.0464052
260.124 12.5776 1050.79 -0.0972277
260.18 12.5703 1051.5 -0.152051
260.236 12.5601 1052.2 -0.203031
260.292 12.5469 1052.91 -0.255707
260.348 12.5305 1053.61 -0.314804
260.404 12.5111 1054.31 -0.366153
260.461 12.4885 1055.02 -0.424077
260.517 12.4631 1055.72 -0.470339
260.573 12.4351 1056.42 -0.515686
260.629 12.4047 1057.11 -0.553516
260.685 12.3724 1057.81 -0.592073
260.742 12.3376 1058.5 -0.633928
260.798 12.3005 1059.2 -0.67672
260.854 12.261 1059.89 -0.719814
260.91 12.2194 1060.57 -0.753829
260.966 12.176 1061.26 -0.788157
261.022 12.1306 1061.94 -0.821993
261.079 12.0834 1062.62 -0.851643
261.135 12.0345 1063.3 -0.881615
261.191 11.9842 1063.97 -0.90763
261.247 11.9326 1064.64 -0.922454
261.303 11.8806 1065.31 -0.926882
261.36 11.8285 1065.98 -0.927518
261.416 11.7763 1066.64 -0.928056
261.472 11.7244 1067.3 -0.919744
261.528 11.6735 1067.96 -0.897161
261.584 11.6241 1068.61 -0.865083
261.64 11.5764 1069.26 -0.840249
261.697 11.53 1069.91 -0.813065
261.753 11.4857 1070.56 -0.774129
261.809 11.4434 1071.2 -0.733095
261.865 11.4038 1071.84 -0.683649
261.921 11.3673 1072.48 -0.630217
261.978 11.3332 1073.12 -0.588808
262.034 11.3019 1073.76 -0.536768
262.09 11.2735 1074.39 -0.486891
262.146 11.2476 1075.02 -0.444288
262.202 11.2241 1075.65 -0.396556
262.258 11.2034 1076.28 -0.349385
262.315 11.1852 1076.91 -0.309057
262.371 11.1696 1077.54 -0.258937
262.427 11.1566 1078.17 -0.214219
262.483 11.1459 1078.79 -0.175392
262.539 11.1377 1079.42 -0.129506
262.596 11.1316 1080.04 -0.0914849
262.652 11.1277 1080.67 -0.0539881
262.708 11.1259 1081.29 -0.017286
262.764 11.1261 1081.92 0.0206135
262.82 11.1285 1082.55 0.0566469
262.876 11.1329 1083.17 0.0927121
262.933 11.1391 1083.8 0.123913
262.989 11.1473 1084.42 0.158474
263.045 11.1574 1085.05 0.194009
263.101 11.1694 1085.68 0.223982
263.157 11.1829 1086.3 0.254373
263.213 11.1984 1086.93 0.285905
263.27 11.215 1087.56 0.304709
263.326 11.233 1088.19 0.329203
263.382 11.2522 1088.82 0.348221
263.438 11.2722 1089.46 0.360817
263.494 11.2926 1090.09 0.366837
263.551 11.3135 1090.73 0.371142
263.607 11.3343 1091.36 0.368369
263.663 11.3545 1092 0.354454
263.719 11.3741 1092.64 0.342019
263.775 11.3929 1093.28 0.330556
263.831 11.4106 1093.92 0.308773
263.888 11.4273 1094.56 0.288731
263.944 11.443 1095.2 0.269404
264 11.4571 1095.85 0.242747
264.056 11.47 1096.49 0.220011
264.112 11.4816 1097.14 0.194846
264.169 11.4917 1097.78 0.172435
264.225 11.5008 1098.43 0.152603
264.281 11.5087 1099.07 0.131834
264.337 11.5154 1099.72 0.114943
264.393 11.5212 1100.37 0.0977275
264.449 11.5266 1101.01 0.0948924
264.506 11.5317 1101.66 0.0882347
264.562 11.5364 1102.31 0.080788
264.618 11.5406 1102.96 0.0754572
264.674 11.5447 1103.61 0.0696855
264.73 11.5488 1104.26 0.0728378
264.787 11.5529 1104.9 0.0721436
264.843 11.5568 1105.55 0.0678385
264.899 11.5605 1106.2 0.0645884
264.955 11.564 1106.85 0.0614918
265.011 11.5673 1107.5 0.0554868
265.067 11.5701 1108.15 0.0457413
265.124 11.5723 1108.8 0.0347757
265.18 11.5738 1109.45 0.0234454
265.236 11.5747 1110.1 0.00963471
265.292 11.575 1110.75 0.00087436
265.348 11.5747 1111.4 -0.0115054
265.404 11.5737 1112.05 -0.0234108
265.461 11.572 1112.7 -0.0354316
265.517 11.5696 1113.35 -0.0462894
265.573 11.5667 1114 -0.0577424
265.629 11.5631 1114.65 -0.0680569
265.685 11.5588 1115.3 -0.0820735
265.742 11.5539 1115.95 -0.09046
265.798 11.5487 1116.6 -0.0947079
265.854 11.5431 1117.25 -0.101399
265.91 11.5373 1117.9 -0.10646
265.966 11.531 1118.55 -0.11593
266.022 11.524 1119.19 -0.130388
266.079 11.5164 1119.84 -0.138348
266.135 11.5086 1120.49 -0.140948
266.191 11.5004 1121.13 -0.152691
266.247 11.4916 1121.78 -0.159067
266.303 11.4824 1122.42 -0.167631
266.36 11.4727 1123.07 -0.173574
266.416 11.4627 1123.71 -0.184632
266.472 11.4521 1124.36 -0.191428
266.528 11.4408 1125 -0.207
266.584 11.429 1125.64 -0.213661
266.64 11.4167 1126.28 -0.223485
266.697 11.4038 1126.93 -0.231912
266.753 11.3906 1127.57 -0.237741
266.809 11.3773 1128.21 -0.235637
266.865 11.3638 1128.84 -0.243401
266.921 11.3502 1129.48 -0.245871
266.978 11.3364 1130.12 -0.24142
267.034 11.3229 1130.76 -0.238296
267.09 11.3097 1131.39 -0.232941
267.146 11.2969 1132.03 -0.223984
267.202 11.2848 1132.66 -0.210019
267.258 11.2735 1133.29 -0.1951
267.315 11.263 1133.93 -0.183758
267.371 11.2529 1134.56 -0.17398
267.427 11.2437 1135.19 -0.159163
267.483 11.2355 1135.82 -0.136563
267.539 11.2284 1136.45 -0.122655
267.596 11.2219 1137.08 -0.108569
267.652 11.2164 1137.71 -0.0932729
267.708 11.2119 1138.34 -0.0690697
267.764 11.2088 1138.97 -0.0481992
267.82 11.2065 1139.6 -0.0352929
267.876 11.2052 1140.23 -0.0155145
267.933 11.2049 1140.86 0.00379307
267.989 11.2059 1141.49 0.0305725
268.045 11.2083 1142.12 0.0481301
268.101 11.2115 1142.75 0.0647372
268.157 11.216 1143.38 0.0902999
268.213 11.2218 1144.01 0.115895
268.27 11.2292 1144.64 0.139519
268.326 11.2377 1145.27 0.159705
268.382 11.2473 1145.91 0.177164
268.438 11.2579 1146.54 0.197016
268.494 11.2697 1147.17 0.218225
268.551 11.2826 1147.8 0.234972
268.607 11.2964 1148.44 0.253652
268.663 11.3114 1149.07 0.273865
268.719 11.3271 1149.71 0.286734
268.775 11.3438 1150.35 0.300905
268.831 11.3611 1150.98 0.314851
268.888 11.379 1151.62 0.321492
268.944 11.3972 1152.26 0.32474
269 11.4158 1152.9 0.336316
269.056 11.4345 1153.55 0.331454
269.112 11.4531 1154.19 0.330011
269.169 11.4712 1154.83 0.318413
269.225 11.4886 1155.48 0.302103
269.281 11.505 1156.12 0.285432
269.337 11.5204 1156.77 0.267542
269.393 11.5344 1157.42 0.243073
269.449 11.5472 1158.07 0.214741
269.506 11.5584 1158.72 0.187273
269.562 11.5677 1159.37 0.154723
269.618 11.5751 1160.02 0.114368
269.674 11.5801 1160.67 0.0702393
269.73 11.5823 1161.32 0.021886
269.787 11.5817 1161.97 -0.0359362
269.843 11.5779 1162.62 -0.0865391
269.899 11.5711 1163.27 -0.147559
269.955 11.5605 1163.92 -0.216335
270.011 11.5463 1164.57 -0.278321
270.067 11.5284 1165.22 -0.341595
270.124 11.5073 1165.86 -0.399929
270.18 11.4828 1166.51 -0.461066
270.236 11.4548 1167.15 -0.524354
270.292 11.4232 1167.79 -0.582796
270.348 11.3888 1168.44 -0.630935
270.404 11.3517 1169.07 -0.680502
270.461 11.3118 1169.71 -0.73099
270.517 11.2692 1170.34 -0.776109
270.573 11.2239 1170.98 -0.822695
270.629 11.1768 1171.6 -0.847411
270.685 11.1283 1172.23 -0.873626
270.742 11.0784 1172.85 -0.895211
270.798 11.0277 1173.48 -0.906006
270.854 10.9767 1174.09 -0.907333
270.91 10.9257 1174.71 -0.909481
270.966 10.8748 1175.32 -0.902153
271.022 10.8245 1175.93 -0.891272
271.079 10.7748 1176.54 -0.880001
271.135 10.726 1177.14 -0.85999
271.191 10.6783 1177.74 -0.841425
271.247 10.6318 1178.34 -0.816943
271.303 10.5868 1178.93 -0.792685
271.36 10.5431 1179.53 -0.763239
271.416 10.5014 1180.12 -0.731233
271.472 10.4613 1180.71 -0.703731
271.528 10.4228 1181.29 -0.668345
271.584 10.3865 1181.88 -0.635247
271.64 10.3519 1182.46 -0.603619
271.697 10.3191 1183.04 -0.568772
271.753 10.2884 1183.62 -0.534229
271.809 10.2595 1184.2 -0.498568
271.865 10.2329 1184.77 -0.45372
271.921 10.2089 1185.35 -0.409957
271.978 10.1873 1185.92 -0.369394
272.034 10.1679 1186.49 -0.326842
272.09 10.1514 1187.06 -0.272296
272.146 10.1378 1187.63 -0.222855
272.202 10.127 1188.2 -0.172614
272.258 10.1191 1188.77 -0.117004
272.315 10.1146 1189.34 -0.0594347
272.371 10.1131 1189.91 -0.00339761
272.427 10.1148 1190.47 0.0525474
272.483 10.1197 1191.04 0.111219
272.539 10.1279 1191.61 0.168969
272.596 10.1393 1192.18 0.225649
272.652 10.1539 1192.75 0.284771
272.708 10.172 1193.32 0.345089
272.764 10.1931 1193.89 0.395915
272.82 10.2171 1194.47 0.448267
272.876 10.2442 1195.04 0.505344
272.933 10.2743 1195.62 0.557228
272.989 10.3074 1196.2 0.608926
273.045 10.3431 1196.78 0.652646
273.101 10.3812 1197.36 0.697083
273.157 10.4217 1197.94 0.73447
273.213 10.4639 1198.53 0.763285
273.27 10.5076 1199.12 0.788866
273.326 10.5529 1199.71 0.816633
273.382 10.5997 1200.31 0.843034
273.438 10.648 1200.9 0.871188
273.494 10.6976 1201.5 0.890453
273.551 10.7488 1202.11 0.926928
273.607 10.8013 1202.71 0.943773
273.663 10.8549 1203.32 0.959621
273.719 10.9093 1203.93 0.973951
273.775 10.9643 1204.55 0.986368
273.831 11.0203 1205.16 1.00212
273.888 11.0771 1205.79 1.01351
273.944 11.1341 1206.41 1.01556
274 11.1915 1207.04 1.02405
274.056 11.2492 1207.67 1.02729
274.112 11.3068 1208.3 1.02214
274.169 11.364 1208.94 1.01517
274.225 11.4206 1209.58 1.00169
274.281 11.4763 1210.22 0.98379
274.337 11.5309 1210.87 0.961232
274.393 11.5838 1211.52 0.930336
274.449 11.6348 1212.17 0.889546
274.506 11.6832 1212.83 0.840923
274.562 11.7287 1213.48 0.789214
274.618 11.7709 1214.14 0.726786
274.674 11.8097 1214.81 0.666199
274.73 11.845 1215.47 0.605669
274.787 11.8767 1216.14 0.537528
274.843 11.9047 1216.81 0.469638
274.899 11.9284 1217.48 0.389416
274.955 11.9471 1218.15 0.292048
275.011 11.9602 1218.82 0.191986
275.067 11.9676 1219.49 0.0933887
275.124 11.9698 1220.16 0.00174713
275.18 11.9668 1220.84 -0.0901957
275.236 11.9586 1221.51 -0.184386
275.292 11.9444 1222.18 -0.296213
275.348 11.9238 1222.85 -0.413743
275.404 11.8969 1223.52 -0.521406
275.461 11.8638 1224.19 -0.632918
275.517 11.8247 1224.85 -0.736305
275.573 11.7798 1225.51 -0.842353
275.629 11.7286 1226.17 -0.958777
275.685 11.6711 1226.83 -1.06561
275.742 11.6077 1227.48 -1.16887
275.798 11.5387 1228.13 -1.26773
275.854 11.4641 1228.78 -1.37021
275.91 11.3841 1229.42 -1.45677
275.966 11.2994 1230.06 -1.54078
276.022 11.2104 1230.69 -1.61614
276.079 11.1172 1231.32 -1.68427
276.135 11.0209 1231.94 -1.73587
276.191 10.9214 1232.55 -1.79521
276.247 10.8188 1233.16 -1.84185
276.303 10.7138 1233.77 -1.88859
276.36 10.6065 1234.37 -1.92474
276.416 10.4977 1234.96 -1.94091
276.472 10.3886 1235.55 -1.94093
276.528 10.2795 1236.12 -1.94283
276.584 10.1708 1236.7 -1.92615
276.64 10.0634 1237.27 -1.90111
276.697 9.95747 1237.83 -1.87565
276.753 9.85323 1238.38 -1.84404
276.809 9.75124 1238.93 -1.79572
276.865 9.65206 1239.48 -1.74708
276.921 9.55584 1240.02 -1.69263
276.978 9.46243 1240.55 -1.64261
277.034 9.37208 1241.08 -1.58522
277.09 9.28493 1241.6 -1.52811
277.146 9.20114 1242.12 -1.46564
277.202 9.12064 1242.64 -1.40959
277.258 9.04361 1243.15 -1.34537
277.315 8.97021 1243.65 -1.28138
277.371 8.90037 1244.15 -1.21794
277.427 8.83433 1244.65 -1.14707
277.483 8.77218 1245.15 -1.08031
277.539 8.71377 1245.64 -1.01113
277.596 8.65946 1246.12 -0.936719
277.652 8.60889 1246.61 -0.87533
277.708 8.56187 1247.09 -0.813611
277.764 8.51828 1247.57 -0.748457
277.82 8.47833 1248.05 -0.686507
277.876 8.44187 1248.52 -0.622251
277.933 8.4093 1249 -0.552242
277.989 8.38055 1249.47 -0.482679
278.045 8.35569 1249.94 -0.418205
278.101 8.33436 1250.41 -0.352011
278.157 8.31711 1250.87 -0.277685
278.213 8.30383 1251.34 -0.208576
278.27 8.29432 1251.81 -0.144013
278.326 8.28806 1252.27 -0.0898434
278.382 8.28466 1252.74 -0.0419279
278.438 8.2842 1253.2 0.0146998
278.494 8.28671 1253.67 0.0638715
278.551 8.29173 1254.13 0.103154
278.607 8.29902 1254.6 0.148313
278.663 8.30862 1255.07 0.186104
278.719 8.32025 1255.53 0.219459
278.775 8.33349 1256 0.244476
278.831 8.3479 1256.47 0.264638
278.888 8.36338 1256.94 0.281187
278.944 8.37975 1257.41 0.298693
279 8.39687 1257.88 0.309605
279.056 8.41441 1258.35 0.313759
279.112 8.43246 1258.83 0.326683
279.169 8.45117 1259.3 0.336853
279.225 8.47055 1259.78 0.349582
279.281 8.49074 1260.25 0.368173
279.337 8.51149 1260.73 0.37059
279.393 8.53242 1261.21 0.372926
279.449 8.55365 1261.69 0.380972
279.506 8.57509 1262.17 0.383949
279.562 8.59674 1262.65 0.385741
279.618 8.6186 1263.14 0.39237
279.674 8.64077 1263.62 0.39824
279.73 8.66358 1264.11 0.409821
279.787 8.68706 1264.6 0.422732
279.843 8.71106 1265.09 0.430882
279.899 8.73549 1265.58 0.437587
279.955 8.76024 1266.07 0.44293
